0 0
-0.00448074 -0.00893997
-0.00914013 -0.01788
-0.013978 -0.0268202
-0.0189943 -0.0357606
-0.0241888 -0.0447013
-0.0295614 -0.0536423
-0.035112 -0.0625838
-0.0408404 -0.0715258
-0.0467465 -0.0804683
-0.0528301 -0.0894115
-0.0590911 -0.0983555
-0.0655295 -0.1073
-0.072145 -0.116246
-0.0789375 -0.125192
-0.0859069 -0.13414
-0.0930531 -0.143089
-0.100376 -0.152038
-0.107875 -0.160989
-0.115551 -0.169942
-0.123403 -0.178895
-0.131431 -0.187851
-0.139635 -0.196807
-0.148015 -0.205766
-0.156571 -0.214726
-0.165303 -0.223687
-0.17421 -0.232651
-0.183292 -0.241617
-0.19255 -0.250584
-0.201983 -0.259554
-0.211591 -0.268525
-0.221374 -0.277499
-0.231332 -0.286475
-0.241464 -0.295454
-0.251771 -0.304435
-0.262253 -0.313418
-0.272909 -0.322404
-0.283739 -0.331393
-0.294744 -0.340384
-0.305923 -0.349378
-0.317275 -0.358375
-0.328802 -0.367375
-0.340502 -0.376378
-0.352376 -0.385384
-0.364423 -0.394394
-0.376644 -0.403406
-0.389038 -0.412422
-0.401605 -0.421441
-0.414346 -0.430464
-0.427259 -0.43949
-0.440346 -0.44852
-0.453605 -0.457554
-0.467037 -0.466591
-0.480641 -0.475632
-0.494418 -0.484677
-0.508368 -0.493727
-0.52249 -0.50278
-0.536784 -0.511837
-0.55125 -0.520899
-0.565888 -0.529965
-0.580698 -0.539035
-0.59568 -0.54811
-0.610833 -0.557189
-0.626159 -0.566273
-0.641655 -0.575361
-0.657324 -0.584454
-0.673163 -0.593552
-0.689174 -0.602655
-0.705356 -0.611763
-0.721709 -0.620876
-0.738233 -0.629994
-0.754927 -0.639117
-0.771793 -0.648245
-0.788829 -0.657379
-0.806036 -0.666518
-0.823413 -0.675663
-0.840961 -0.684813
-0.858679 -0.693969
-0.876567 -0.70313
-0.894625 -0.712297
-0.912853 -0.72147
-0.931251 -0.730649
-0.949819 -0.739833
-0.968557 -0.749024
-0.987464 -0.758221
-1.00654 -0.767424
-1.02579 -0.776633
-1.0452 -0.785848
-1.06479 -0.79507
-1.08454 -0.804299
-1.10446 -0.813533
-1.12455 -0.822774
-1.14481 -0.832022
-1.16524 -0.841277
-1.18584 -0.850538
-1.20661 -0.859806
-1.22754 -0.869081
-1.24865 -0.878363
-1.26992 -0.887652
-1.29136 -0.896947
-1.31296 -0.90625
-1.33474 -0.91556
-1.35668 -0.924878
-1.37879 -0.934202
-1.40107 -0.943534
-1.42351 -0.952873
-1.44613 -0.96222
-1.46891 -0.971574
-1.49185 -0.980936
-1.51497 -0.990305
-1.53825 -0.999682
-1.5617 -1.00907
-1.58531 -1.01846
-1.60909 -1.02786
-1.63304 -1.03727
-1.65715 -1.04668
-1.68143 -1.05611
-1.70588 -1.06554
-1.73049 -1.07498
-1.75527 -1.08442
-1.78021 -1.09388
-1.80532 -1.10334
-1.83059 -1.11282
-1.85603 -1.1223
-1.88164 -1.13178
-1.90741 -1.14128
-1.93334 -1.15078
-1.95944 -1.1603
-1.9857 -1.16982
-2.01213 -1.17935
-2.03872 -1.18889
-2.06548 -1.19843
-2.0924 -1.20799
-2.11948 -1.21755
-2.14673 -1.22712
-2.17414 -1.2367
-2.20171 -1.24629
-2.22945 -1.25589
-2.25735 -1.26549
-2.28541 -1.2751
-2.31364 -1.28473
-2.34203 -1.29436
-2.37058 -1.30399
-2.39929 -1.31364
-2.42817 -1.3233
-2.4572 -1.33296
-2.4864 -1.34263
-2.51576 -1.35231
-2.54528 -1.362
-2.57497 -1.3717
-2.60481 -1.38141
-2.63481 -1.39112
-2.66498 -1.40084
-2.6953 -1.41057
-2.72578 -1.42031
-2.75643 -1.43006
-2.78723 -1.43981
-2.81819 -1.44957
-2.84932 -1.45934
-2.8806 -1.46912
-2.91204 -1.47891
-2.94364 -1.4887
-2.97539 -1.4985
-3.00731 -1.50831
-3.03938 -1.51813
-3.07161 -1.52795
-3.104 -1.53778
-3.13654 -1.54762
-3.16925 -1.55747
-3.2021 -1.56732
-3.23512 -1.57718
-3.26829 -1.58705
-3.30162 -1.59692
-3.3351 -1.6068
-3.36873 -1.61669
-3.40253 -1.62658
-3.43647 -1.63648
-3.47058 -1.64639
-3.50483 -1.6563
-3.53924 -1.66622
-3.5738 -1.67614
-3.60852 -1.68607
-3.64339 -1.696
-3.67841 -1.70594
-3.71359 -1.71588
-3.74891 -1.72583
-3.78439 -1.73579
-3.82002 -1.74575
-3.8558 -1.75571
-3.89174 -1.76567
-3.92782 -1.77564
-3.96405 -1.78562
-4.00044 -1.7956
-4.03697 -1.80558
-4.07365 -1.81556
-4.11048 -1.82555
-4.14746 -1.83554
-4.18459 -1.84553
-4.22187 -1.85552
-4.25929 -1.86552
-4.29686 -1.87551
-4.33458 -1.88551
-4.37244 -1.89551
-4.41045 -1.90551
-4.44861 -1.91551
-4.48691 -1.92551
-4.52535 -1.93551
-4.56395 -1.94551
-4.60268 -1.95551
-4.64156 -1.9655
-4.68058 -1.9755
-4.71975 -1.98549
-4.75906 -1.99548
-4.79851 -2.00547
-4.83811 -2.01546
-4.87784 -2.02544
-4.91772 -2.03542
-4.95774 -2.0454
-4.9979 -2.05537
-5.0382 -2.06534
-5.07863 -2.0753
-5.11921 -2.08526
-5.15993 -2.09521
-5.20079 -2.10516
-5.24178 -2.11509
-5.28292 -2.12503
-5.32419 -2.13495
-5.36559 -2.14487
-5.40714 -2.15477
-5.44882 -2.16467
-5.49064 -2.17456
-5.53259 -2.18444
-5.57468 -2.19432
-5.6169 -2.20418
-5.65926 -2.21403
-5.70175 -2.22386
-5.74437 -2.23369
-5.78713 -2.24351
-5.83002 -2.25331
-5.87305 -2.2631
-5.91621 -2.27287
-5.9595 -2.28264
-6.00292 -2.29238
-6.04647 -2.30212
-6.09015 -2.31184
-6.13396 -2.32154
-6.17791 -2.33122
-6.22198 -2.34089
-6.26618 -2.35054
-6.31052 -2.36018
-6.35498 -2.36979
-6.39956 -2.37939
-6.44428 -2.38897
-6.48913 -2.39853
-6.5341 -2.40807
-6.5792 -2.41759
-6.62442 -2.42709
-6.66977 -2.43657
-6.71525 -2.44602
-6.76085 -2.45546
-6.80658 -2.46487
-6.85244 -2.47426
-6.89841 -2.48362
-6.94452 -2.49296
-6.99074 -2.50228
-7.03709 -2.51157
-7.08357 -2.52084
-7.13017 -2.53008
-7.17688 -2.5393
-7.22373 -2.54848
-7.27069 -2.55765
-7.31778 -2.56678
-7.36498 -2.57589
-7.41231 -2.58497
-7.45976 -2.59402
-7.50733 -2.60305
-7.55503 -2.61204
-7.60284 -2.62101
-7.65077 -2.62994
-7.69882 -2.63885
-7.74699 -2.64773
-7.79528 -2.65657
-7.84368 -2.66538
-7.89221 -2.67417
-7.94085 -2.68292
-7.98962 -2.69164
-8.0385 -2.70032
-8.08749 -2.70898
-8.13661 -2.7176
-8.18584 -2.72619
-8.23518 -2.73475
-8.28465 -2.74327
-8.33423 -2.75176
-8.38392 -2.76021
-8.43373 -2.76863
-8.48366 -2.77702
-8.5337 -2.78537
-8.58385 -2.79369
-8.63412 -2.80197
-8.68451 -2.81022
-8.735 -2.81843
-8.78561 -2.8266
-8.83634 -2.83474
-8.88718 -2.84285
-8.93813 -2.85092
-8.98919 -2.85895
-9.04036 -2.86695
-9.09165 -2.87491
-9.14305 -2.88283
-9.19456 -2.89072
-9.24618 -2.89857
-9.29791 -2.90639
-9.34975 -2.91417
-9.40171 -2.92191
-9.45377 -2.92961
-9.50594 -2.93728
-9.55823 -2.94491
-9.61062 -2.9525
-9.66312 -2.96006
-9.71573 -2.96758
-9.76845 -2.97506
-9.82127 -2.98251
-9.87421 -2.98992
-9.92725 -2.99729
-9.9804 -3.00463
-10.0337 -3.01192
-10.087 -3.01919
-10.1405 -3.02641
-10.1941 -3.0336
-10.2477 -3.04075
-10.3015 -3.04786
-10.3554 -3.05494
-10.4094 -3.06198
-10.4635 -3.06898
-10.5177 -3.07595
-10.572 -3.08288
-10.6265 -3.08978
-10.681 -3.09664
-10.7356 -3.10346
-10.7903 -3.11025
-10.8451 -3.117
-10.9001 -3.12371
-10.9551 -3.13039
-11.0102 -3.13703
-11.0655 -3.14364
-11.1208 -3.15021
-11.1762 -3.15675
-11.2318 -3.16325
-11.2874 -3.16972
-11.3432 -3.17615
-11.399 -3.18254
-11.4549 -3.18891
-11.511 -3.19523
-11.5671 -3.20153
-11.6233 -3.20779
-11.6797 -3.21401
-11.7361 -3.2202
-11.7926 -3.22636
-11.8492 -3.23248
-11.9059 -3.23857
-11.9628 -3.24463
-12.0197 -3.25065
-12.0767 -3.25664
-12.1338 -3.2626
-12.191 -3.26853
-12.2483 -3.27442
-12.3057 -3.28028
-12.3631 -3.28611
-12.4207 -3.29191
-12.4784 -3.29767
-12.5361 -3.3034
-12.594 -3.30911
-12.6519 -3.31478
-12.71 -3.32042
-12.7681 -3.32602
-12.8263 -3.3316
-12.8846 -3.33715
-12.943 -3.34266
-13.0015 -3.34815
-13.0601 -3.35361
-13.1188 -3.35903
-13.1775 -3.36443
-13.2364 -3.3698
-13.2953 -3.37514
-13.3544 -3.38045
-13.4135 -3.38573
-13.4727 -3.39098
-13.532 -3.3962
-13.5914 -3.4014
-13.6508 -3.40656
-13.7104 -3.4117
-13.77 -3.41681
-13.8297 -3.4219
-13.8895 -3.42695
-13.9494 -3.43198
-14.0094 -3.43698
-14.0695 -3.44195
-14.1296 -3.4469
-14.1899 -3.45182
-14.2502 -3.45672
-14.3106 -3.46159
-14.3711 -3.46643
-14.4316 -3.47124
-14.4923 -3.47603
-14.553 -3.4808
-14.6138 -3.48554
-14.6747 -3.49025
-14.7357 -3.49494
-14.7967 -3.49961
-14.8579 -3.50425
-14.9191 -3.50886
-14.9804 -3.51345
-15.0418 -3.51802
-15.1032 -3.52257
-15.1647 -3.52708
-15.2263 -3.53158
-15.288 -3.53605
-15.3498 -3.5405
-15.4116 -3.54493
-15.4736 -3.54933
-15.5356 -3.55371
-15.5976 -3.55807
-15.6598 -3.5624
-15.722 -3.56672
-15.7843 -3.57101
-15.8467 -3.57527
-15.9091 -3.57952
-15.9717 -3.58375
-16.0343 -3.58795
-16.0969 -3.59213
-16.1597 -3.59629
-16.2225 -3.60043
-16.2854 -3.60455
-16.3484 -3.60865
-16.4114 -3.61272
-16.4745 -3.61678
-16.5377 -3.62082
-16.601 -3.62483
-16.6643 -3.62883
-16.7277 -3.63281
-16.7912 -3.63676
-16.8547 -3.6407
-16.9183 -3.64462
-16.982 -3.64851
-17.0458 -3.65239
-17.1096 -3.65625
-17.1735 -3.66009
-17.2374 -3.66391
-17.3015 -3.66772
-17.3656 -3.6715
-17.4297 -3.67527
-17.494 -3.67902
-17.5583 -3.68275
-17.6227 -3.68646
-17.6871 -3.69015
-17.7516 -3.69383
-17.8162 -3.69749
-17.8808 -3.70113
-17.9455 -3.70475
-18.0103 -3.70836
-18.0751 -3.71195
-18.14 -3.71552
-18.205 -3.71908
-18.27 -3.72262
-18.3351 -3.72614
-18.4002 -3.72964
-18.4655 -3.73313
-18.5307 -3.73661
-18.5961 -3.74006
-18.6615 -3.7435
-18.727 -3.74693
-18.7925 -3.75034
-18.8581 -3.75373
-18.9238 -3.75711
-18.9895 -3.76047
-19.0553 -3.76382
-19.1211 -3.76715
-19.187 -3.77046
-19.253 -3.77377
-19.319 -3.77705
-19.3851 -3.78032
-19.4513 -3.78358
-19.5175 -3.78682
-19.5838 -3.79005
-19.6501 -3.79326
-19.7165 -3.79646
-19.7829 -3.79964
-19.8495 -3.80282
-19.916 -3.80597
-19.9826 -3.80911
-20.0493 -3.81224
-20.1161 -3.81536
-20.1829 -3.81846
-20.2497 -3.82154
-20.3166 -3.82462
-20.3836 -3.82768
-20.4507 -3.83073
-20.5177 -3.83376
-20.5849 -3.83678
-20.6521 -3.83979
-20.7193 -3.84278
-20.7866 -3.84577
-20.854 -3.84873
-20.9214 -3.85169
-20.9889 -3.85464
-21.0564 -3.85757
-21.124 -3.86049
-21.1917 -3.86339
-21.2594 -3.86629
-21.3271 -3.86917
-21.3949 -3.87204
-21.4628 -3.8749
-21.5307 -3.87774
-21.5986 -3.88058
-21.6667 -3.8834
-21.7347 -3.88621
-21.8029 -3.88901
-21.871 -3.8918
-21.9393 -3.89457
-22.0076 -3.89734
-22.0759 -3.90009
-22.1443 -3.90284
-22.2127 -3.90557
-22.2812 -3.90829
-22.3497 -3.911
-22.4183 -3.91369
-22.487 -3.91638
-22.5557 -3.91906
-22.6244 -3.92172
-22.6932 -3.92438
-22.762 -3.92702
-22.8309 -3.92966
-22.8999 -3.93228
-22.9689 -3.93489
-23.0379 -3.9375
-23.107 -3.94009
-23.1761 -3.94267
-23.2453 -3.94524
-23.3146 -3.94781
-23.3839 -3.95036
-23.4532 -3.9529
-23.5226 -3.95543
-23.592 -3.95796
-23.6615 -3.96047
-23.731 -3.96297
-23.8006 -3.96546
-23.8702 -3.96795
-23.9399 -3.97042
-24.0096 -3.97289
-24.0794 -3.97534
-24.1492 -3.97779
-24.219 -3.98023
-24.2889 -3.98265
-24.3589 -3.98507
-24.4289 -3.98748
-24.4989 -3.98988
-24.569 -3.99227
-24.6391 -3.99466
-24.7093 -3.99703
-24.7796 -3.9994
-24.8498 -4.00175
-24.9201 -4.0041
-24.9905 -4.00644
-25.0609 -4.00877
-25.1313 -4.01109
-25.2018 -4.0134
-25.2724 -4.01571
-25.343 -4.018
-25.4136 -4.02029
-25.4843 -4.02257
-25.555 -4.02484
-25.6257 -4.02711
-25.6965 -4.02936
-25.7674 -4.03161
-25.8383 -4.03385
-25.9092 -4.03608
-25.9802 -4.0383
-26.0512 -4.04051
-26.1222 -4.04272
-26.1933 -4.04492
-26.2645 -4.04711
-26.3357 -4.0493
-26.4069 -4.05147
-26.4781 -4.05364
-26.5495 -4.0558
-26.6208 -4.05796
-26.6922 -4.0601
-26.7636 -4.06224
-26.8351 -4.06437
-26.9066 -4.06649
-26.9782 -4.06861
-27.0498 -4.07072
-27.1214 -4.07282
-27.1931 -4.07492
-27.2648 -4.077
-27.3366 -4.07908
-27.4084 -4.08116
-27.4802 -4.08322
-27.5521 -4.08528
-27.624 -4.08733
-27.696 -4.08938
-27.768 -4.09142
-27.84 -4.09345
-27.9121 -4.09547
-27.9842 -4.09749
-28.0563 -4.0995
-28.1285 -4.10151
-28.2008 -4.10351
-28.273 -4.1055
-28.3453 -4.10748
-28.4177 -4.10946
-28.4901 -4.11143
-28.5625 -4.1134
-28.635 -4.11536
-28.7075 -4.11731
-28.78 -4.11925
-28.8526 -4.12119
-28.9252 -4.12313
-28.9978 -4.12505
-29.0705 -4.12697
-29.1432 -4.12889
-29.216 -4.1308
-29.2888 -4.1327
-29.3616 -4.1346
-29.4345 -4.13649
-29.5074 -4.13837
-29.5804 -4.14025
-29.6534 -4.14212
-29.7264 -4.14399
-29.7994 -4.14585
-29.8725 -4.1477
-29.9456 -4.14955
-30.0188 -4.15139
-30.092 -4.15323
-30.1652 -4.15506
-30.2385 -4.15689
-30.3118 -4.15871
-30.3851 -4.16052
-30.4585 -4.16233
-30.5319 -4.16414
-30.6054 -4.16593
-30.6789 -4.16773
-30.7524 -4.16951
-30.8259 -4.17129
-30.8995 -4.17307
-30.9731 -4.17484
-31.0468 -4.1766
-31.1205 -4.17836
-31.1942 -4.18012
-31.268 -4.18187
-31.3417 -4.18361
-31.4156 -4.18535
-31.4894 -4.18708
-31.5633 -4.18881
-31.6372 -4.19053
-31.7112 -4.19225
-31.7852 -4.19396
-31.8592 -4.19567
-31.9333 -4.19737
-32.0074 -4.19907
-32.0815 -4.20076
-32.1557 -4.20245
-32.2299 -4.20413
-32.3041 -4.20581
-32.3783 -4.20748
-32.4526 -4.20915
-32.5269 -4.21081
-32.6013 -4.21247
-32.6757 -4.21412
-32.7501 -4.21577
-32.8246 -4.21742
-32.899 -4.21905
-32.9736 -4.22069
-33.0481 -4.22232
-33.1227 -4.22394
-33.1973 -4.22556
-33.2719 -4.22718
-33.3466 -4.22879
-33.4213 -4.23039
-33.4961 -4.232
-33.5708 -4.23359
-33.6456 -4.23519
-33.7204 -4.23677
-33.7953 -4.23836
-33.8702 -4.23994
-33.9451 -4.24151
-34.0201 -4.24308
-34.0951 -4.24465
-34.1701 -4.24621
-34.2451 -4.24777
-34.3202 -4.24932
-34.3953 -4.25087
-34.4705 -4.25241
-34.5456 -4.25395
-34.6208 -4.25549
-34.6961 -4.25702
-34.7713 -4.25855
-34.8466 -4.26007
-34.9219 -4.26159
-34.9973 -4.2631
-35.0726 -4.26462
-35.148 -4.26612
-35.2235 -4.26762
-35.2989 -4.26912
-35.3744 -4.27062
-35.45 -4.27211
-35.5255 -4.27359
-35.6011 -4.27508
-35.6767 -4.27656
-35.7524 -4.27803
-35.828 -4.2795
-35.9037 -4.28097
-35.9794 -4.28243
-36.0552 -4.28389
-36.131 -4.28534
-36.2068 -4.2868
-36.2826 -4.28824
-36.3585 -4.28969
-36.4344 -4.29113
-36.5103 -4.29256
-36.5863 -4.29399
-36.6623 -4.29542
-36.7383 -4.29685
-36.8143 -4.29827
-36.8904 -4.29968
-36.9665 -4.3011
-37.0426 -4.30251
-37.1188 -4.30391
-37.1949 -4.30532
-37.2711 -4.30672
-37.3474 -4.30811
-37.4236 -4.3095
-37.4999 -4.31089
-37.5762 -4.31228
-37.6526 -4.31366
-37.7289 -4.31504
-37.8053 -4.31641
-37.8818 -4.31778
-37.9582 -4.31915
-38.0347 -4.32051
-38.1112 -4.32187
-38.1877 -4.32323
-38.2643 -4.32458
-38.3409 -4.32593
-38.4175 -4.32728
-38.4941 -4.32862
-38.5708 -4.32996
-38.6475 -4.3313
-38.7242 -4.33263
-38.8009 -4.33396
-38.8777 -4.33529
-38.9545 -4.33661
-39.0313 -4.33793
-39.1081 -4.33925
-39.185 -4.34057
-39.2619 -4.34188
-39.3388 -4.34318
-39.4158 -4.34449
-39.4928 -4.34579
-39.5698 -4.34709
-39.6468 -4.34838
-39.7238 -4.34967
-39.8009 -4.35096
-39.878 -4.35225
-39.9551 -4.35353
-40.0323 -4.35481
-40.1095 -4.35608
-40.1867 -4.35736
-40.2639 -4.35863
-40.3412 -4.35989
-40.4184 -4.36116
-40.4957 -4.36242
-40.5731 -4.36368
-40.6504 -4.36493
-40.7278 -4.36618
-40.8052 -4.36743
-40.8826 -4.36868
-40.9601 -4.36992
-41.0376 -4.37116
-41.1151 -4.3724
-41.1926 -4.37363
-41.2701 -4.37487
-41.3477 -4.37609
-41.4253 -4.37732
-41.5029 -4.37854
-41.5806 -4.37976
-41.6582 -4.38098
-41.7359 -4.38219
-41.8136 -4.38341
-41.8914 -4.38461
-41.9692 -4.38582
-42.0469 -4.38702
-42.1248 -4.38822
-42.2026 -4.38942
-42.2804 -4.39062
-42.3583 -4.39181
-42.4362 -4.393
-42.5142 -4.39418
-42.5921 -4.39537
-42.6701 -4.39655
-42.7481 -4.39773
-42.8261 -4.3989
-42.9042 -4.40008
-42.9822 -4.40125
-43.0603 -4.40242
-43.1385 -4.40358
-43.2166 -4.40475
-43.2948 -4.40591
-43.3729 -4.40706
-43.4512 -4.40822
-43.5294 -4.40937
-43.6076 -4.41052
-43.6859 -4.41167
-43.7642 -4.41281
-43.8425 -4.41396
-43.9209 -4.4151
-43.9993 -4.41623
-44.0776 -4.41737
-44.1561 -4.4185
-44.2345 -4.41963
-44.3129 -4.42076
-44.3914 -4.42188
-44.4699 -4.423
-44.5484 -4.42412
-44.627 -4.42524
-44.7056 -4.42636
-44.7841 -4.42747
-44.8628 -4.42858
-44.9414 -4.42969
-45.02 -4.43079
-45.0987 -4.4319
-45.1774 -4.433
-45.2561 -4.43409
-45.3349 -4.43519
-45.4136 -4.43628
-45.4924 -4.43738
-45.5712 -4.43846
-45.6501 -4.43955
-45.7289 -4.44064
-45.8078 -4.44172
-45.8867 -4.4428
-45.9656 -4.44387
-46.0445 -4.44495
-46.1235 -4.44602
-46.2025 -4.44709
-46.2815 -4.44816
-46.3605 -4.44923
-46.4395 -4.45029
-46.5186 -4.45135
-46.5977 -4.45241
-46.6768 -4.45347
-46.7559 -4.45453
-46.835 -4.45558
-46.9142 -4.45663
-46.9934 -4.45768
-47.0726 -4.45872
-47.1518 -4.45977
-47.2311 -4.46081
-47.3104 -4.46185
-47.3897 -4.46289
-47.469 -4.46392
-47.5483 -4.46496
-47.6276 -4.46599
-47.707 -4.46702
-47.7864 -4.46804
-47.8658 -4.46907
-47.9453 -4.47009
-48.0247 -4.47111
-48.1042 -4.47213
-48.1837 -4.47315
-48.2632 -4.47416
-48.3427 -4.47518
-48.4223 -4.47619
-48.5019 -4.4772
-48.5815 -4.4782
-48.6611 -4.47921
-48.7407 -4.48021
-48.8204 -4.48121
-48.9 -4.48221
-48.9797 -4.48321
-49.0594 -4.4842
-49.1392 -4.48519
-49.2189 -4.48618
-49.2987 -4.48717
-49.3785 -4.48816
-49.4583 -4.48914
-49.5381 -4.49013
-49.618 -4.49111
-49.6978 -4.49209
-49.7777 -4.49306
-49.8577 -4.49404
-49.9376 -4.49501
-50.0175 -4.49598
-50.0975 -4.49695
-50.1775 -4.49792
-50.2575 -4.49888
-50.3375 -4.49985
-50.4176 -4.50081
-50.4976 -4.50177
-50.5777 -4.50273
-50.6578 -4.50368
-50.7379 -4.50464
-50.8181 -4.50559
-50.8982 -4.50654
-50.9784 -4.50749
-51.0586 -4.50844
-51.1388 -4.50938
-51.219 -4.51033
-51.2993 -4.51127
-51.3796 -4.51221
-51.4598 -4.51315
-51.5402 -4.51408
-51.6205 -4.51502
-51.7008 -4.51595
-51.7812 -4.51688
-51.8616 -4.51781
-51.942 -4.51874
-52.0224 -4.51967
-52.1028 -4.52059
-52.1833 -4.52151
-52.2637 -4.52243
-52.3442 -4.52335
-52.4247 -4.52427
-52.5053 -4.52518
-52.5858 -4.5261
-52.6664 -4.52701
-52.747 -4.52792
-52.8276 -4.52883
-52.9082 -4.52974
-52.9888 -4.53064
-53.0695 -4.53154
-53.1501 -4.53245
-53.2308 -4.53335
-53.3115 -4.53424
-53.3923 -4.53514
-53.473 -4.53604
-53.5538 -4.53693
-53.6346 -4.53782
-53.7153 -4.53871
-53.7962 -4.5396
-53.877 -4.54049
-53.9578 -4.54137
-54.0387 -4.54226
-54.1196 -4.54314
-54.2005 -4.54402
-54.2814 -4.5449
-54.3623 -4.54578
-54.4433 -4.54665
-54.5243 -4.54753
-54.6053 -4.5484
-54.6863 -4.54927
-54.7673 -4.55014
-54.8483 -4.55101
-54.9294 -4.55188
-55.0105 -4.55274
-55.0916 -4.55361
-55.1727 -4.55447
-55.2538 -4.55533
-55.3349 -4.55619
-55.4161 -4.55704
-55.4973 -4.5579
-55.5785 -4.55875
-55.6597 -4.55961
-55.7409 -4.56046
-55.8222 -4.56131
-55.9034 -4.56216
-55.9847 -4.563
-56.066 -4.56385
-56.1473 -4.56469
-56.2286 -4.56553
-56.31 -4.56637
-56.3913 -4.56721
-56.4727 -4.56805
-56.5541 -4.56889
-56.6355 -4.56972
-56.717 -4.57056
-56.7984 -4.57139
-56.8799 -4.57222
-56.9613 -4.57305
-57.0428 -4.57388
-57.1244 -4.5747
-57.2059 -4.57553
-57.2874 -4.57635
-57.369 -4.57717
-57.4506 -4.57799
-57.5322 -4.57881
-57.6138 -4.57963
-57.6954 -4.58045
-57.777 -4.58126
-57.8587 -4.58208
-57.9404 -4.58289
-58.0221 -4.5837
-58.1038 -4.58451
-58.1855 -4.58532
-58.2672 -4.58612
-58.349 -4.58693
-58.4308 -4.58773
-58.5125 -4.58854
-58.5943 -4.58934
-58.6762 -4.59014
-58.758 -4.59094
-58.8398 -4.59173
-58.9217 -4.59253
-59.0036 -4.59332
-59.0855 -4.59412
-59.1674 -4.59491
-59.2493 -4.5957
-59.3313 -4.59649
-59.4132 -4.59728
-59.4952 -4.59806
-59.5772 -4.59885
-59.6592 -4.59963
-59.7412 -4.60042
-59.8233 -4.6012
-59.9053 -4.60198
-59.9874 -4.60276
-60.0695 -4.60354
-60.1516 -4.60431
-60.2337 -4.60509
-60.3158 -4.60586
-60.398 -4.60663
-60.4801 -4.60741
-60.5623 -4.60818
-60.6445 -4.60894
-60.7267 -4.60971
-60.8089 -4.61048
-60.8912 -4.61124
-60.9734 -4.61201
-61.0557 -4.61277
-61.138 -4.61353
-61.2203 -4.61429
-61.3026 -4.61505
-61.3849 -4.61581
-61.4673 -4.61656
-61.5496 -4.61732
-61.632 -4.61807
-61.7144 -4.61883
-61.7968 -4.61958
-61.8792 -4.62033
-61.9617 -4.62108
-62.0441 -4.62183
-62.1266 -4.62257
-62.209 -4.62332
-62.2915 -4.62406
-62.374 -4.62481
-62.4566 -4.62555
-62.5391 -4.62629
-62.6217 -4.62703
-62.7042 -4.62777
-62.7868 -4.6285
-62.8694 -4.62924
-62.952 -4.62998
-63.0346 -4.63071
-63.1173 -4.63144
-63.1999 -4.63217
-63.2826 -4.63291
-63.3653 -4.63363
-63.448 -4.63436
-63.5307 -4.63509
-63.6134 -4.63582
-63.6962 -4.63654
-63.7789 -4.63726
-63.8617 -4.63799
-63.9445 -4.63871
-64.0273 -4.63943
-64.1101 -4.64015
-64.1929 -4.64087
-64.2758 -4.64158
-64.3586 -4.6423
-64.4415 -4.64301
-64.5244 -4.64373
-64.6073 -4.64444
-64.6902 -4.64515
-64.7731 -4.64586
-64.8561 -4.64657
-64.939 -4.64728
-65.022 -4.64799
-65.105 -4.64869
-65.188 -4.6494
-65.271 -4.6501
-65.354 -4.6508
-65.4371 -4.65151
-65.5201 -4.65221
-65.6032 -4.65291
-65.6863 -4.65361
-65.7694 -4.6543
-65.8525 -4.655
-65.9356 -4.65569
-66.0187 -4.65639
-66.1019 -4.65708
-66.1851 -4.65777
-66.2682 -4.65847
-66.3514 -4.65916
-66.4346 -4.65985
-66.5179 -4.66053
-66.6011 -4.66122
-66.6843 -4.66191
-66.7676 -4.66259
-66.8509 -4.66328
-66.9342 -4.66396
-67.0175 -4.66464
-67.1008 -4.66532
-67.1841 -4.666
-67.2675 -4.66668
-67.3508 -4.66736
-67.4342 -4.66804
-67.5176 -4.66871
-67.601 -4.66939
-67.6844 -4.67006
-67.7678 -4.67074
-67.8512 -4.67141
-67.9347 -4.67208
-68.0182 -4.67275
-68.1016 -4.67342
-68.1851 -4.67409
-68.2686 -4.67475
-68.3521 -4.67542
-68.4357 -4.67608
-68.5192 -4.67675
-68.6028 -4.67741
-68.6863 -4.67807
-68.7699 -4.67873
-68.8535 -4.6794
-68.9371 -4.68005
-69.0208 -4.68071
-69.1044 -4.68137
-69.188 -4.68203
-69.2717 -4.68268
-69.3554 -4.68334
-69.4391 -4.68399
-69.5228 -4.68464
-69.6065 -4.6853
-69.6902 -4.68595
-69.7739 -4.6866
-69.8577 -4.68725
-69.9415 -4.68789
-70.0252 -4.68854
-70.109 -4.68919
-70.1928 -4.68983
-70.2767 -4.69048
-70.3605 -4.69112
-70.4443 -4.69176
-70.5282 -4.69241
-70.6121 -4.69305
-70.6959 -4.69369
-70.7798 -4.69433
-70.8637 -4.69496
-70.9477 -4.6956
-71.0316 -4.69624
-71.1155 -4.69687
-71.1995 -4.69751
-71.2835 -4.69814
-71.3674 -4.69877
-71.4514 -4.69941
-71.5354 -4.70004
-71.6195 -4.70067
-71.7035 -4.7013
-71.7875 -4.70192
-71.8716 -4.70255
-71.9557 -4.70318
-72.0398 -4.7038
-72.1239 -4.70443
-72.208 -4.70505
-72.2921 -4.70568
-72.3762 -4.7063
-72.4604 -4.70692
-72.5445 -4.70754
-72.6287 -4.70816
-72.7129 -4.70878
-72.7971 -4.7094
-72.8813 -4.71002
-72.9655 -4.71063
-73.0497 -4.71125
-73.134 -4.71186
-73.2182 -4.71248
-73.3025 -4.71309
-73.3868 -4.7137
-73.4711 -4.71431
-73.5554 -4.71492
-73.6397 -4.71553
-73.724 -4.71614
-73.8084 -4.71675
-73.8927 -4.71736
-73.9771 -4.71796
-74.0615 -4.71857
-74.1458 -4.71917
-74.2302 -4.71978
-74.3147 -4.72038
-74.3991 -4.72098
-74.4835 -4.72158
-74.568 -4.72219
-74.6524 -4.72278
-74.7369 -4.72338
-74.8214 -4.72398
-74.9059 -4.72458
-74.9904 -4.72518
-75.0749 -4.72577
-75.1595 -4.72637
-75.244 -4.72696
-75.3286 -4.72756
-75.4131 -4.72815
-75.4977 -4.72874
-75.5823 -4.72933
-75.6669 -4.72992
-75.7515 -4.73051
-75.8361 -4.7311
-75.9208 -4.73169
-76.0054 -4.73228
-76.0901 -4.73286
-76.1748 -4.73345
-76.2595 -4.73403
-76.3441 -4.73462
-76.4289 -4.7352
-76.5136 -4.73578
-76.5983 -4.73636
-76.6831 -4.73695
-76.7678 -4.73753
-76.8526 -4.73811
-76.9374 -4.73868
-77.0222 -4.73926
-77.107 -4.73984
-77.1918 -4.74042
-77.2766 -4.74099
-77.3614 -4.74157
-77.4463 -4.74214
-77.5311 -4.74272
-77.616 -4.74329
-77.7009 -4.74386
-77.7858 -4.74443
-77.8707 -4.745
-77.9556 -4.74557
-78.0405 -4.74614
-78.1255 -4.74671
-78.2104 -4.74728
-78.2954 -4.74785
-78.3804 -4.74841
-78.4654 -4.74898
-78.5504 -4.74954
-78.6354 -4.75011
-78.7204 -4.75067
-78.8054 -4.75123
-78.8904 -4.75179
-78.9755 -4.75236
-79.0606 -4.75292
-79.1456 -4.75348
-79.2307 -4.75404
-79.3158 -4.75459
-79.4009 -4.75515
-79.486 -4.75571
-79.5712 -4.75627
-79.6563 -4.75682
-79.7415 -4.75738
-79.8266 -4.75793
-79.9118 -4.75848
-79.997 -4.75904
-80.0822 -4.75959
-80.1674 -4.76014
-80.2526 -4.76069
-80.3378 -4.76124
-80.4231 -4.76179
-80.5083 -4.76234
-80.5936 -4.76289
-80.6789 -4.76343
-80.7641 -4.76398
-80.8494 -4.76453
-80.9347 -4.76507
-81.0201 -4.76562
-81.1054 -4.76616
-81.1907 -4.7667
-81.2761 -4.76725
-81.3614 -4.76779
-81.4468 -4.76833
-81.5322 -4.76887
-81.6176 -4.76941
-81.703 -4.76995
-81.7884 -4.77049
-81.8738 -4.77103
-81.9592 -4.77156
-82.0447 -4.7721
-82.1301 -4.77263
-82.2156 -4.77317
-82.3011 -4.77371
-82.3866 -4.77424
-82.4721 -4.77477
-82.5576 -4.7753
-82.6431 -4.77584
-82.7286 -4.77637
-82.8142 -4.7769
-82.8997 -4.77743
-82.9853 -4.77796
-83.0709 -4.77849
-83.1565 -4.77902
-83.2421 -4.77954
-83.3277 -4.78007
-83.4133 -4.7806
-83.4989 -4.78112
-83.5845 -4.78165
-83.6702 -4.78217
-83.7558 -4.78269
-83.8415 -4.78322
-83.9272 -4.78374
-84.0129 -4.78426
-84.0986 -4.78478
-84.1843 -4.7853
-84.27 -4.78582
-84.3557 -4.78634
-84.4415 -4.78686
-84.5272 -4.78738
-84.613 -4.7879
-84.6988 -4.78841
-84.7845 -4.78893
-84.8703 -4.78945
-84.9561 -4.78996
-85.0419 -4.79048
-85.1278 -4.79099
-85.2136 -4.7915
-85.2994 -4.79201
-85.3853 -4.79253
-85.4712 -4.79304
-85.557 -4.79355
-85.6429 -4.79406
-85.7288 -4.79457
-85.8147 -4.79508
-85.9006 -4.79559
-85.9866 -4.79609
-86.0725 -4.7966
-86.1584 -4.79711
-86.2444 -4.79761
-86.3304 -4.79812
-86.4163 -4.79862
-86.5023 -4.79913
-86.5883 -4.79963
-86.6743 -4.80013
-86.7603 -4.80064
-86.8464 -4.80114
-86.9324 -4.80164
-87.0184 -4.80214
-87.1045 -4.80264
-87.1906 -4.80314
-87.2766 -4.80364
-87.3627 -4.80414
-87.4488 -4.80464
-87.5349 -4.80513
-87.621 -4.80563
-87.7072 -4.80613
-87.7933 -4.80662
-87.8794 -4.80712
-87.9656 -4.80761
-88.0518 -4.8081
-88.1379 -4.8086
-88.2241 -4.80909
-88.3103 -4.80958
-88.3965 -4.81007
-88.4827 -4.81056
-88.569 -4.81106
-88.6552 -4.81154
-88.7414 -4.81203
-88.8277 -4.81252
-88.9139 -4.81301
-89.0002 -4.8135
-89.0865 -4.81399
-89.1728 -4.81447
-89.2591 -4.81496
-89.3454 -4.81544
-89.4317 -4.81593
-89.5181 -4.81641
-89.6044 -4.8169
-89.6907 -4.81738
-89.7771 -4.81786
-89.8635 -4.81835
-89.9499 -4.81883
-90.0362 -4.81931
-90.1226 -4.81979
-90.209 -4.82027
-90.2955 -4.82075
-90.3819 -4.82123
-90.4683 -4.82171
-90.5548 -4.82218
-90.6412 -4.82266
-90.7277 -4.82314
-90.8142 -4.82361
-90.9007 -4.82409
-90.9871 -4.82456
-91.0736 -4.82504
-91.1602 -4.82551
-91.2467 -4.82599
-91.3332 -4.82646
-91.4198 -4.82693
-91.5063 -4.8274
-91.5929 -4.82788
-91.6794 -4.82835
-91.766 -4.82882
-91.8526 -4.82929
-91.9392 -4.82976
-92.0258 -4.83023
-92.1124 -4.83069
-92.199 -4.83116
-92.2857 -4.83163
-92.3723 -4.8321
-92.459 -4.83256
-92.5456 -4.83303
-92.6323 -4.83349
-92.719 -4.83396
-92.8057 -4.83442
-92.8924 -4.83489
-92.9791 -4.83535
-93.0658 -4.83581
-93.1525 -4.83628
-93.2393 -4.83674
-93.326 -4.8372
-93.4128 -4.83766
-93.4995 -4.83812
-93.5863 -4.83858
-93.6731 -4.83904
-93.7599 -4.8395
-93.8467 -4.83996
-93.9335 -4.84041
-94.0203 -4.84087
-94.1071 -4.84133
-94.194 -4.84178
-94.2808 -4.84224
-94.3677 -4.84269
-94.4545 -4.84315
-94.5414 -4.8436
-94.6283 -4.84406
-94.7152 -4.84451
-94.8021 -4.84496
-94.889 -4.84542
-94.9759 -4.84587
-95.0628 -4.84632
-95.1498 -4.84677
-95.2367 -4.84722
-95.3237 -4.84767
-95.4106 -4.84812
-95.4976 -4.84857
-95.5846 -4.84902
-95.6716 -4.84947
-95.7586 -4.84992
-95.8456 -4.85036
-95.9326 -4.85081
-96.0196 -4.85126
-96.1067 -4.8517
-96.1937 -4.85215
-96.2808 -4.85259
-96.3678 -4.85304
-96.4549 -4.85348
-96.542 -4.85392
-96.6291 -4.85437
-96.7162 -4.85481
-96.8033 -4.85525
-96.8904 -4.85569
-96.9775 -4.85613
-97.0646 -4.85658
-97.1518 -4.85702
-97.2389 -4.85745
-97.3261 -4.85789
-97.4133 -4.85833
-97.5004 -4.85877
-97.5876 -4.85921
-97.6748 -4.85965
-97.762 -4.86008
-97.8492 -4.86052
-97.9364 -4.86095
-98.0237 -4.86139
-98.1109 -4.86183
-98.1982 -4.86226
-98.2854 -4.8627
-98.3727 -4.86313
-98.46 -4.86356
-98.5472 -4.864
-98.6345 -4.86443
-98.7218 -4.86486
-98.8091 -4.86529
-98.8964 -4.86572
-98.9838 -4.86615
-99.0711 -4.86658
-99.1584 -4.86701
-99.2458 -4.86744
-99.3331 -4.86787
-99.4205 -4.8683
-99.5079 -4.86873
-99.5953 -4.86916
-99.6827 -4.86958
-99.7701 -4.87001
-99.8575 -4.87044
-99.9449 -4.87086
-100.032 -4.87129
-100.12 -4.87171
-100.207 -4.87214
-100.295 -4.87256
-100.382 -4.87298
-100.47 -4.87341
-100.557 -4.87383
-100.645 -4.87425
-100.732 -4.87467
-100.82 -4.8751
-100.907 -4.87552
-100.995 -4.87594
-101.082 -4.87636
-101.17 -4.87678
-101.257 -4.8772
-101.345 -4.87762
-101.432 -4.87804
-101.52 -4.87845
-101.607 -4.87887
-101.695 -4.87929
-101.783 -4.87971
-101.87 -4.88012
-101.958 -4.88054
-102.045 -4.88095
-102.133 -4.88137
-102.221 -4.88178
-102.308 -4.8822
-102.396 -4.88261
-102.484 -4.88303
-102.571 -4.88344
-102.659 -4.88385
-102.747 -4.88426
-102.834 -4.88468
-102.922 -4.88509
-103.01 -4.8855
-103.098 -4.88591
-103.185 -4.88632
-103.273 -4.88673
-103.361 -4.88714
-103.448 -4.88755
-103.536 -4.88796
-103.624 -4.88837
-103.712 -4.88877
-103.8 -4.88918
-103.887 -4.88959
-103.975 -4.89
-104.063 -4.8904
-104.151 -4.89081
-104.239 -4.89121
-104.326 -4.89162
-104.414 -4.89202
-104.502 -4.89243
-104.59 -4.89283
-104.678 -4.89323
-104.766 -4.89364
-104.854 -4.89404
-104.941 -4.89444
-105.029 -4.89484
-105.117 -4.89525
-105.205 -4.89565
-105.293 -4.89605
-105.381 -4.89645
-105.469 -4.89685
-105.557 -4.89725
-105.645 -4.89765
-105.733 -4.89805
-105.821 -4.89845
-105.909 -4.89884
-105.997 -4.89924
-106.085 -4.89964
-106.173 -4.90003
-106.261 -4.90043
-106.349 -4.90083
-106.437 -4.90122
-106.525 -4.90162
-106.613 -4.90201
-106.701 -4.90241
-106.789 -4.9028
-106.877 -4.9032
-106.965 -4.90359
-107.053 -4.90398
-107.141 -4.90438
-107.229 -4.90477
-107.318 -4.90516
-107.406 -4.90555
-107.494 -4.90594
-107.582 -4.90633
-107.67 -4.90673
-107.758 -4.90712
-107.846 -4.90751
-107.934 -4.9079
-108.023 -4.90828
-108.111 -4.90867
-108.199 -4.90906
-108.287 -4.90945
-108.375 -4.90984
-108.464 -4.91022
-108.552 -4.91061
-108.64 -4.911
-108.728 -4.91138
-108.816 -4.91177
-108.905 -4.91215
-108.993 -4.91254
-109.081 -4.91292
-109.169 -4.91331
-109.258 -4.91369
-109.346 -4.91408
-109.434 -4.91446
-109.523 -4.91484
-109.611 -4.91523
-109.699 -4.91561
-109.788 -4.91599
-109.876 -4.91637
-109.964 -4.91675
-110.053 -4.91713
-110.141 -4.91751
-110.229 -4.91789
-110.318 -4.91827
-110.406 -4.91865
-110.494 -4.91903
-110.583 -4.91941
-110.671 -4.91979
-110.76 -4.92017
-110.848 -4.92054
-110.936 -4.92092
-111.025 -4.9213
-111.113 -4.92168
-111.202 -4.92205
-111.29 -4.92243
-111.379 -4.9228
-111.467 -4.92318
-111.555 -4.92355
-111.644 -4.92393
-111.732 -4.9243
-111.821 -4.92468
-111.909 -4.92505
-111.998 -4.92542
-112.086 -4.9258
-112.175 -4.92617
-112.264 -4.92654
-112.352 -4.92691
-112.441 -4.92728
-112.529 -4.92765
-112.618 -4.92802
-112.706 -4.9284
-112.795 -4.92877
-112.883 -4.92913
-112.972 -4.9295
-113.061 -4.92987
-113.149 -4.93024
-113.238 -4.93061
-113.326 -4.93098
-113.415 -4.93135
-113.504 -4.93171
-113.592 -4.93208
-113.681 -4.93245
-113.77 -4.93281
-113.858 -4.93318
-113.947 -4.93355
-114.036 -4.93391
-114.124 -4.93428
-114.213 -4.93464
-114.302 -4.93501
-114.39 -4.93537
-114.479 -4.93573
-114.568 -4.9361
-114.657 -4.93646
-114.745 -4.93682
-114.834 -4.93719
-114.923 -4.93755
-115.012 -4.93791
-115.1 -4.93827
-115.189 -4.93863
-115.278 -4.93899
-115.367 -4.93935
-115.456 -4.93971
-115.544 -4.94007
-115.633 -4.94043
-115.722 -4.94079
-115.811 -4.94115
-115.9 -4.94151
-115.988 -4.94187
-116.077 -4.94223
-116.166 -4.94258
-116.255 -4.94294
-116.344 -4.9433
-116.433 -4.94366
-116.522 -4.94401
-116.611 -4.94437
-116.699 -4.94472
-116.788 -4.94508
-116.877 -4.94543
-116.966 -4.94579
-117.055 -4.94614
-117.144 -4.9465
-117.233 -4.94685
-117.322 -4.94721
-117.411 -4.94756
-117.5 -4.94791
-117.589 -4.94826
-117.678 -4.94862
-117.767 -4.94897
-117.856 -4.94932
-117.945 -4.94967
-118.034 -4.95002
-118.123 -4.95037
-118.212 -4.95072
-118.301 -4.95108
-118.39 -4.95143
-118.479 -4.95177
-118.568 -4.95212
-118.657 -4.95247
-118.746 -4.95282
-118.835 -4.95317
-118.924 -4.95352
-119.013 -4.95387
-119.102 -4.95421
-119.191 -4.95456
-119.28 -4.95491
-119.369 -4.95525
-119.459 -4.9556
-119.548 -4.95595
-119.637 -4.95629
-119.726 -4.95664
-119.815 -4.95698
-119.904 -4.95733
-119.993 -4.95767
-120.083 -4.95802
-120.172 -4.95836
-120.261 -4.9587
-120.35 -4.95905
-120.439 -4.95939
-120.528 -4.95973
-120.618 -4.96008
-120.707 -4.96042
-120.796 -4.96076
-120.885 -4.9611
-120.975 -4.96144
-121.064 -4.96178
-121.153 -4.96212
-121.242 -4.96247
-121.332 -4.96281
-121.421 -4.96315
-121.51 -4.96348
-121.599 -4.96382
-121.689 -4.96416
-121.778 -4.9645
-121.867 -4.96484
-121.956 -4.96518
-122.046 -4.96552
-122.135 -4.96585
-122.224 -4.96619
-122.314 -4.96653
-122.403 -4.96687
-122.492 -4.9672
-122.582 -4.96754
-122.671 -4.96787
-122.761 -4.96821
-122.85 -4.96854
-122.939 -4.96888
-123.029 -4.96921
-123.118 -4.96955
-123.207 -4.96988
-123.297 -4.97022
-123.386 -4.97055
-123.476 -4.97088
-123.565 -4.97122
-123.655 -4.97155
-123.744 -4.97188
-123.833 -4.97221
-123.923 -4.97255
-124.012 -4.97288
-124.102 -4.97321
-124.191 -4.97354
-124.281 -4.97387
-124.37 -4.9742
-124.46 -4.97453
-124.549 -4.97486
-124.639 -4.97519
-124.728 -4.97552
-124.818 -4.97585
-124.907 -4.97618
-124.997 -4.97651
-125.086 -4.97684
-125.176 -4.97717
-125.265 -4.97749
-125.355 -4.97782
-125.444 -4.97815
-125.534 -4.97848
-125.624 -4.9788
-125.713 -4.97913
-125.803 -4.97945
-125.892 -4.97978
-125.982 -4.98011
-126.072 -4.98043
-126.161 -4.98076
-126.251 -4.98108
-126.34 -4.98141
-126.43 -4.98173
-126.52 -4.98206
-126.609 -4.98238
-126.699 -4.9827
-126.789 -4.98303
-126.878 -4.98335
-126.968 -4.98367
-127.058 -4.98399
-127.147 -4.98432
-127.237 -4.98464
-127.327 -4.98496
-127.416 -4.98528
-127.506 -4.9856
-127.596 -4.98592
-127.686 -4.98625
-127.775 -4.98657
-127.865 -4.98689
-127.955 -4.98721
-128.045 -4.98753
-128.134 -4.98784
-128.224 -4.98816
-128.314 -4.98848
-128.404 -4.9888
-128.493 -4.98912
-128.583 -4.98944
-128.673 -4.98976
-128.763 -4.99007
-128.853 -4.99039
-128.942 -4.99071
-129.032 -4.99103
-129.122 -4.99134
-129.212 -4.99166
-129.302 -4.99197
-129.392 -4.99229
-129.481 -4.99261
-129.571 -4.99292
-129.661 -4.99324
-129.751 -4.99355
-129.841 -4.99387
-129.931 -4.99418
-130.021 -4.99449
-130.111 -4.99481
-130.2 -4.99512
-130.29 -4.99544
-130.38 -4.99575
-130.47 -4.99606
-130.56 -4.99637
-130.65 -4.99669
-130.74 -4.997
-130.83 -4.99731
-130.92 -4.99762
-131.01 -4.99793
-131.1 -4.99825
-131.19 -4.99856
-131.28 -4.99887
-131.37 -4.99918
-131.46 -4.99949
-131.55 -4.9998
-131.64 -5.00011
-131.73 -5.00042
-131.82 -5.00073
-131.91 -5.00103
-132 -5.00134
-132.09 -5.00165
-132.18 -5.00196
-132.27 -5.00227
-132.36 -5.00257
-132.45 -5.00288
-132.54 -5.00319
-132.63 -5.0035
-132.72 -5.0038
-132.81 -5.00411
-132.9 -5.00442
-132.991 -5.00472
-133.081 -5.00503
-133.171 -5.00533
-133.261 -5.00564
-133.351 -5.00594
-133.441 -5.00625
-133.531 -5.00655
-133.621 -5.00686
-133.711 -5.00716
-133.802 -5.00747
-133.892 -5.00777
-133.982 -5.00807
-134.072 -5.00838
-134.162 -5.00868
-134.252 -5.00898
-134.343 -5.00928
-134.433 -5.00959
-134.523 -5.00989
-134.613 -5.01019
-134.703 -5.01049
-134.794 -5.01079
-134.884 -5.01109
-134.974 -5.0114
-135.064 -5.0117
-135.155 -5.012
-135.245 -5.0123
-135.335 -5.0126
-135.425 -5.0129
-135.516 -5.0132
-135.606 -5.0135
-135.696 -5.01379
-135.786 -5.01409
-135.877 -5.01439
-135.967 -5.01469
-136.057 -5.01499
-136.148 -5.01529
-136.238 -5.01558
-136.328 -5.01588
-136.419 -5.01618
-136.509 -5.01648
-136.599 -5.01677
-136.69 -5.01707
-136.78 -5.01737
-136.87 -5.01766
-136.961 -5.01796
-137.051 -5.01825
-137.141 -5.01855
-137.232 -5.01884
-137.322 -5.01914
-137.412 -5.01943
-137.503 -5.01973
-137.593 -5.02002
-137.684 -5.02032
-137.774 -5.02061
-137.865 -5.02091
-137.955 -5.0212
-138.045 -5.02149
-138.136 -5.02178
-138.226 -5.02208
-138.317 -5.02237
-138.407 -5.02266
-138.498 -5.02295
-138.588 -5.02325
-138.679 -5.02354
-138.769 -5.02383
-138.859 -5.02412
-138.95 -5.02441
-139.04 -5.0247
-139.131 -5.02499
-139.221 -5.02528
-139.312 -5.02557
-139.402 -5.02586
-139.493 -5.02615
-139.584 -5.02644
-139.674 -5.02673
-139.765 -5.02702
-139.855 -5.02731
-139.946 -5.0276
-140.036 -5.02789
-140.127 -5.02818
-140.217 -5.02846
-140.308 -5.02875
-140.399 -5.02904
-140.489 -5.02933
-140.58 -5.02961
-140.67 -5.0299
-140.761 -5.03019
-140.852 -5.03047
-140.942 -5.03076
-141.033 -5.03105
-141.123 -5.03133
-141.214 -5.03162
-141.305 -5.0319
-141.395 -5.03219
-141.486 -5.03247
-141.577 -5.03276
-141.667 -5.03304
-141.758 -5.03333
-141.849 -5.03361
-141.939 -5.0339
-142.03 -5.03418
-142.121 -5.03446
-142.211 -5.03475
-142.302 -5.03503
-142.393 -5.03531
-142.483 -5.0356
-142.574 -5.03588
-142.665 -5.03616
-142.756 -5.03644
-142.846 -5.03673
-142.937 -5.03701
-143.028 -5.03729
-143.119 -5.03757
-143.209 -5.03785
-143.3 -5.03813
-143.391 -5.03841
-143.482 -5.03869
-143.572 -5.03898
-143.663 -5.03926
-143.754 -5.03954
-143.845 -5.03982
-143.936 -5.04009
-144.026 -5.04037
-144.117 -5.04065
-144.208 -5.04093
-144.299 -5.04121
-144.39 -5.04149
-144.48 -5.04177
-144.571 -5.04205
-144.662 -5.04232
-144.753 -5.0426
-144.844 -5.04288
-144.935 -5.04316
-145.026 -5.04343
-145.116 -5.04371
-145.207 -5.04399
-145.298 -5.04426
-145.389 -5.04454
-145.48 -5.04482
-145.571 -5.04509
-145.662 -5.04537
-145.753 -5.04564
-145.844 -5.04592
