0 0
0.309018 0.951056
1.56036 1.9049
3.74767 2.8642
6.86652 3.83123
10.9139 4.8076
15.8873 5.79376
21.7837 6.78848
28.5986 7.78813
36.324 8.78616
44.9478 9.77288
54.4518 10.7361
64.8114 11.6625
75.9945 12.5401
87.9623 13.3601
100.67 14.1178
114.068 14.8123
128.107 15.4462
142.737 16.0235
157.91 16.5496
173.582 17.0296
189.713 17.4688
206.267 17.8719
223.21 18.243
240.514 18.5859
258.152 18.9038
276.1 19.1996
294.339 19.4755
312.848 19.7338
331.612 19.9762
350.614 20.2043
369.842 20.4194
389.282 20.6229
408.924 20.8158
428.756 20.9989
448.771 21.1731
468.958 21.3392
489.309 21.4977
509.819 21.6493
530.479 21.7945
551.283 21.9337
572.226 22.0675
593.301 22.196
614.505 22.3198
635.832 22.439
657.278 22.5541
678.838 22.6652
700.509 22.7726
722.287 22.8765
744.169 22.9771
766.15 23.0746
788.229 23.1692
810.403 23.261
832.668 23.3501
855.022 23.4367
877.462 23.521
899.986 23.603
922.593 23.6828
945.278 23.7606
968.042 23.8365
990.881 23.9104
1013.79 23.9826
1036.78 24.0531
1059.83 24.1219
1082.96 24.1891
1106.15 24.2549
1129.41 24.3192
1152.73 24.3821
1176.11 24.4437
1199.56 24.504
1223.06 24.5631
1246.63 24.6209
1270.25 24.6777
1293.93 24.7333
1317.66 24.7879
1341.45 24.8414
1365.3 24.894
1389.19 24.9455
1413.14 24.9962
1437.14 25.046
1461.18 25.0948
1485.28 25.1429
1509.42 25.1901
1533.61 25.2366
1557.85 25.2823
1582.14 25.3272
1606.46 25.3714
1630.84 25.4149
1655.25 25.4578
1679.71 25.4999
1704.21 25.5415
1728.75 25.5824
1753.34 25.6227
1777.96 25.6624
1802.62 25.7016
1827.33 25.7401
1852.07 25.7782
1876.85 25.8157
1901.66 25.8527
1926.52 25.8892
1951.41 25.9252
1976.33 25.9607
2001.29 25.9958
2026.29 26.0303
2051.32 26.0645
2076.38 26.0982
2101.48 26.1315
2126.62 26.1644
2151.78 26.1969
2176.98 26.2289
2202.21 26.2606
2227.47 26.2919
2252.76 26.3229
2278.08 26.3535
2303.44 26.3837
2328.82 26.4136
2354.24 26.4431
2379.68 26.4723
2405.15 26.5012
2430.65 26.5298
2456.18 26.558
2481.74 26.586
2507.33 26.6136
2532.94 26.641
2558.58 26.668
2584.25 26.6948
2609.95 26.7213
2635.67 26.7476
2661.42 26.7735
2687.19 26.7992
2712.99 26.8247
2738.82 26.8499
2764.67 26.8748
2790.54 26.8995
2816.44 26.924
2842.37 26.9482
2868.31 26.9722
2894.29 26.996
2920.28 27.0196
2946.3 27.0429
2972.35 27.066
2998.41 27.089
3024.5 27.1117
3050.61 27.1342
3076.75 27.1565
3102.9 27.1786
3129.08 27.2005
3155.28 27.2222
3181.51 27.2438
3207.75 27.2651
3234.02 27.2863
3260.3 27.3073
3286.61 27.3281
3312.94 27.3487
3339.29 27.3692
3365.66 27.3895
3392.05 27.4096
3418.46 27.4296
3444.89 27.4494
3471.34 27.4691
3497.8 27.4886
3524.29 27.5079
3550.8 27.5271
3577.33 27.5462
3603.88 27.5651
3630.44 27.5838
3657.02 27.6024
3683.63 27.6209
3710.25 27.6392
3736.89 27.6574
3763.54 27.6755
3790.22 27.6934
3816.91 27.7112
3843.63 27.7289
3870.35 27.7464
3897.1 27.7638
3923.86 27.7811
3950.65 27.7983
3977.44 27.8153
4004.26 27.8323
4031.09 27.8491
4057.94 27.8658
4084.81 27.8824
4111.69 27.8988
4138.59 27.9152
4165.5 27.9314
4192.44 27.9476
4219.38 27.9636
4246.35 27.9795
4273.33 27.9953
4300.32 28.011
4327.33 28.0267
4354.36 28.0422
4381.4 28.0576
4408.46 28.0729
4435.53 28.0881
4462.62 28.1032
4489.73 28.1182
4516.84 28.1332
4543.98 28.148
4571.13 28.1627
4598.29 28.1774
4625.47 28.192
4652.66 28.2064
4679.86 28.2208
4707.09 28.2351
4734.32 28.2493
4761.57 28.2635
4788.83 28.2775
4816.11 28.2915
4843.4 28.3053
4870.71 28.3191
4898.03 28.3329
4925.36 28.3465
4952.71 28.3601
4980.07 28.3735
5007.44 28.3869
5034.83 28.4003
5062.23 28.4135
5089.64 28.4267
5117.07 28.4398
5144.51 28.4528
5171.96 28.4658
5199.43 28.4787
5226.91 28.4915
5254.4 28.5043
5281.9 28.5169
5309.42 28.5296
5336.95 28.5421
5364.49 28.5546
5392.05 28.567
5419.61 28.5793
5447.19 28.5916
5474.79 28.6038
5502.39 28.616
5530.01 28.6281
5557.63 28.6401
5585.27 28.6521
5612.93 28.664
5640.59 28.6758
5668.27 28.6876
5695.95 28.6993
5723.65 28.711
5751.36 28.7226
5779.09 28.7341
5806.82 28.7456
5834.57 28.757
5862.32 28.7684
5890.09 28.7797
5917.87 28.791
5945.66 28.8022
5973.47 28.8134
6001.28 28.8245
6029.1 28.8355
6056.94 28.8465
6084.79 28.8574
6112.64 28.8683
6140.51 28.8792
6168.39 28.89
6196.28 28.9007
6224.18 28.9114
6252.09 28.922
6280.02 28.9326
6307.95 28.9431
6335.89 28.9536
6363.84 28.9641
6391.81 28.9745
6419.78 28.9848
6447.77 28.9951
6475.76 29.0054
6503.77 29.0156
6531.78 29.0258
6559.81 29.0359
6587.85 29.0459
6615.89 29.056
6643.95 29.066
6672.01 29.0759
6700.09 29.0858
6728.18 29.0957
6756.27 29.1055
6784.38 29.1152
6812.49 29.125
6840.62 29.1347
6868.75 29.1443
6896.9 29.1539
6925.05 29.1635
6953.21 29.173
6981.39 29.1825
7009.57 29.1919
7037.76 29.2013
7065.96 29.2107
7094.17 29.22
7122.39 29.2293
7150.62 29.2386
7178.86 29.2478
7207.11 29.257
7235.37 29.2661
7263.63 29.2752
7291.91 29.2843
7320.19 29.2933
7348.49 29.3023
7376.79 29.3112
7405.1 29.3202
7433.42 29.329
7461.75 29.3379
7490.09 29.3467
7518.43 29.3555
7546.79 29.3642
7575.15 29.373
7603.53 29.3816
7631.91 29.3903
7660.3 29.3989
7688.7 29.4075
7717.11 29.416
7745.52 29.4245
7773.95 29.433
7802.38 29.4415
7830.82 29.4499
7859.27 29.4583
7887.73 29.4666
7916.2 29.4749
7944.67 29.4832
7973.15 29.4915
8001.65 29.4997
8030.15 29.5079
8058.65 29.5161
8087.17 29.5242
8115.69 29.5323
8144.23 29.5404
8172.77 29.5485
8201.32 29.5565
8229.87 29.5645
8258.44 29.5725
8287.01 29.5804
8315.59 29.5883
8344.18 29.5962
8372.77 29.604
8401.38 29.6119
8429.99 29.6197
8458.61 29.6274
8487.24 29.6352
8515.87 29.6429
8544.52 29.6506
8573.17 29.6582
8601.83 29.6659
8630.49 29.6735
8659.17 29.6811
8687.85 29.6886
8716.53 29.6961
8745.23 29.7036
8773.93 29.7111
8802.65 29.7186
8831.36 29.726
8860.09 29.7334
8888.82 29.7408
8917.56 29.7481
8946.31 29.7555
8975.07 29.7628
9003.83 29.7701
9032.6 29.7773
9061.38 29.7846
9090.16 29.7918
9118.96 29.7989
9147.75 29.8061
9176.56 29.8132
9205.37 29.8204
9234.19 29.8275
9263.02 29.8345
9291.86 29.8416
9320.7 29.8486
9349.55 29.8556
9378.4 29.8626
9407.26 29.8695
9436.13 29.8765
9465.01 29.8834
9493.89 29.8903
9522.78 29.8972
9551.68 29.904
9580.59 29.9108
9609.5 29.9176
9638.42 29.9244
9667.34 29.9312
9696.27 29.9379
9725.21 29.9446
9754.15 29.9513
9783.1 29.958
9812.06 29.9647
9841.03 29.9713
9870 29.9779
9898.98 29.9845
9927.96 29.9911
9956.95 29.9977
9985.95 30.0042
10015 30.0107
10044 30.0172
10073 30.0237
10102 30.0302
10131 30.0366
10160.1 30.043
10189.1 30.0495
10218.2 30.0558
10247.2 30.0622
10276.3 30.0686
10305.4 30.0749
10334.4 30.0812
10363.5 30.0875
10392.6 30.0938
10421.7 30.1
10450.8 30.1063
10479.9 30.1125
10509 30.1187
10538.1 30.1249
10567.3 30.131
10596.4 30.1372
10625.5 30.1433
10654.7 30.1494
10683.8 30.1555
10713 30.1616
10742.1 30.1677
10771.3 30.1737
10800.5 30.1797
10829.7 30.1857
10858.8 30.1917
10888 30.1977
10917.2 30.2037
10946.4 30.2096
10975.6 30.2156
11004.9 30.2215
11034.1 30.2274
11063.3 30.2332
11092.5 30.2391
11121.8 30.245
11151 30.2508
11180.3 30.2566
11209.5 30.2624
11238.8 30.2682
11268.1 30.274
11297.3 30.2797
11326.6 30.2854
11355.9 30.2912
11385.2 30.2969
11414.5 30.3026
11443.8 30.3083
11473.1 30.3139
11502.4 30.3196
11531.7 30.3252
11561.1 30.3308
11590.4 30.3364
11619.7 30.342
11649.1 30.3476
11678.4 30.3531
11707.8 30.3587
11737.1 30.3642
11766.5 30.3697
11795.9 30.3752
11825.2 30.3807
11854.6 30.3862
11884 30.3917
11913.4 30.3971
11942.8 30.4025
11972.2 30.4079
12001.6 30.4134
12031 30.4187
12060.4 30.4241
12089.9 30.4295
12119.3 30.4348
12148.7 30.4402
12178.2 30.4455
12207.6 30.4508
12237.1 30.4561
12266.5 30.4614
12296 30.4667
12325.4 30.4719
12354.9 30.4772
12384.4 30.4824
12413.9 30.4876
12443.4 30.4928
12472.9 30.498
12502.4 30.5032
12531.9 30.5083
12561.4 30.5135
12590.9 30.5186
12620.4 30.5238
12649.9 30.5289
12679.5 30.534
12709 30.5391
12738.5 30.5442
12768.1 30.5492
12797.6 30.5543
12827.2 30.5593
12856.7 30.5644
12886.3 30.5694
12915.9 30.5744
12945.4 30.5794
12975 30.5844
13004.6 30.5894
13034.2 30.5943
13063.8 30.5993
13093.4 30.6042
13123 30.6091
13152.6 30.614
13182.2 30.6189
13211.8 30.6238
13241.5 30.6287
13271.1 30.6336
13300.7 30.6384
13330.4 30.6433
13360 30.6481
13389.7 30.653
13419.3 30.6578
13449 30.6626
13478.6 30.6674
13508.3 30.6721
13538 30.6769
13567.6 30.6817
13597.3 30.6864
13627 30.6912
13656.7 30.6959
13686.4 30.7006
13716.1 30.7053
13745.8 30.71
13775.5 30.7147
13805.2 30.7194
13834.9 30.724
13864.7 30.7287
13894.4 30.7333
13924.1 30.738
13953.9 30.7426
13983.6 30.7472
14013.4 30.7518
14043.1 30.7564
14072.9 30.761
14102.6 30.7655
14132.4 30.7701
14162.2 30.7747
14191.9 30.7792
14221.7 30.7837
14251.5 30.7883
14281.3 30.7928
14311.1 30.7973
14340.9 30.8018
14370.7 30.8062
14400.5 30.8107
14430.3 30.8152
14460.1 30.8196
14489.9 30.8241
14519.8 30.8285
14549.6 30.833
14579.4 30.8374
14609.3 30.8418
14639.1 30.8462
14668.9 30.8506
14698.8 30.8549
14728.6 30.8593
14758.5 30.8637
14788.4 30.868
14818.2 30.8724
14848.1 30.8767
14878 30.881
14907.9 30.8854
14937.8 30.8897
14967.6 30.894
14997.5 30.8983
15027.4 30.9025
15057.3 30.9068
15087.2 30.9111
15117.2 30.9153
15147.1 30.9196
15177 30.9238
15206.9 30.928
15236.8 30.9323
15266.8 30.9365
15296.7 30.9407
15326.7 30.9449
15356.6 30.9491
15386.5 30.9532
15416.5 30.9574
15446.5 30.9616
15476.4 30.9657
15506.4 30.9699
15536.4 30.974
15566.3 30.9781
15596.3 30.9822
15626.3 30.9864
15656.3 30.9905
15686.3 30.9946
15716.3 30.9986
15746.3 31.0027
15776.3 31.0068
15806.3 31.0109
15836.3 31.0149
15866.3 31.019
15896.3 31.023
15926.3 31.027
15956.4 31.031
15986.4 31.0351
16016.4 31.0391
16046.5 31.0431
16076.5 31.0471
16106.6 31.051
16136.6 31.055
16166.7 31.059
16196.7 31.063
16226.8 31.0669
16256.9 31.0709
16286.9 31.0748
16317 31.0787
16347.1 31.0826
16377.2 31.0866
16407.2 31.0905
16437.3 31.0944
16467.4 31.0983
16497.5 31.1022
16527.6 31.106
16557.7 31.1099
16587.8 31.1138
16618 31.1176
16648.1 31.1215
16678.2 31.1253
16708.3 31.1292
16738.5 31.133
16768.6 31.1368
16798.7 31.1406
16828.9 31.1444
16859 31.1482
16889.2 31.152
16919.3 31.1558
16949.5 31.1596
16979.6 31.1634
17009.8 31.1671
17040 31.1709
17070.1 31.1746
17100.3 31.1784
17130.5 31.1821
17160.7 31.1859
17190.8 31.1896
17221 31.1933
17251.2 31.197
17281.4 31.2007
17311.6 31.2044
17341.8 31.2081
17372 31.2118
17402.3 31.2155
17432.5 31.2191
17462.7 31.2228
17492.9 31.2265
17523.1 31.2301
17553.4 31.2338
17583.6 31.2374
17613.8 31.241
17644.1 31.2447
17674.3 31.2483
17704.6 31.2519
17734.8 31.2555
17765.1 31.2591
17795.3 31.2627
17825.6 31.2663
17855.9 31.2699
17886.1 31.2734
17916.4 31.277
17946.7 31.2806
17977 31.2841
18007.3 31.2877
18037.5 31.2912
18067.8 31.2948
18098.1 31.2983
18128.4 31.3018
18158.7 31.3053
18189 31.3088
18219.3 31.3124
18249.7 31.3159
18280 31.3194
18310.3 31.3228
18340.6 31.3263
18370.9 31.3298
18401.3 31.3333
18431.6 31.3367
18461.9 31.3402
18492.3 31.3437
18522.6 31.3471
18553 31.3505
18583.3 31.354
18613.7 31.3574
18644 31.3608
18674.4 31.3643
18704.8 31.3677
18735.1 31.3711
18765.5 31.3745
18795.9 31.3779
18826.2 31.3813
18856.6 31.3847
18887 31.388
18917.4 31.3914
18947.8 31.3948
18978.2 31.3981
19008.6 31.4015
19039 31.4048
19069.4 31.4082
19099.8 31.4115
19130.2 31.4149
19160.6 31.4182
19191 31.4215
19221.5 31.4248
19251.9 31.4281
19282.3 31.4315
19312.7 31.4348
19343.2 31.4381
19373.6 31.4413
19404.1 31.4446
19434.5 31.4479
19465 31.4512
19495.4 31.4545
19525.9 31.4577
19556.3 31.461
19586.8 31.4642
19617.2 31.4675
19647.7 31.4707
19678.2 31.474
19708.7 31.4772
19739.1 31.4804
19769.6 31.4837
19800.1 31.4869
19830.6 31.4901
19861.1 31.4933
19891.6 31.4965
19922.1 31.4997
19952.6 31.5029
19983.1 31.5061
20013.6 31.5093
20044.1 31.5124
20074.6 31.5156
20105.1 31.5188
20135.6 31.5219
20166.2 31.5251
20196.7 31.5282
20227.2 31.5314
20257.7 31.5345
20288.3 31.5377
20318.8 31.5408
20349.3 31.5439
20379.9 31.5471
20410.4 31.5502
20441 31.5533
20471.5 31.5564
20502.1 31.5595
20532.7 31.5626
20563.2 31.5657
20593.8 31.5688
20624.4 31.5719
20654.9 31.575
20685.5 31.578
20716.1 31.5811
20746.7 31.5842
20777.2 31.5872
20807.8 31.5903
20838.4 31.5933
20869 31.5964
20899.6 31.5994
20930.2 31.6025
20960.8 31.6055
20991.4 31.6085
21022 31.6116
21052.6 31.6146
21083.3 31.6176
21113.9 31.6206
21144.5 31.6236
21175.1 31.6266
21205.7 31.6296
21236.4 31.6326
21267 31.6356
21297.6 31.6386
21328.3 31.6416
21358.9 31.6445
21389.6 31.6475
21420.2 31.6505
21450.9 31.6534
21481.5 31.6564
21512.2 31.6593
21542.8 31.6623
21573.5 31.6652
21604.2 31.6682
21634.8 31.6711
21665.5 31.674
21696.2 31.677
21726.9 31.6799
21757.5 31.6828
21788.2 31.6857
21818.9 31.6886
21849.6 31.6915
21880.3 31.6945
21911 31.6973
21941.7 31.7002
21972.4 31.7031
22003.1 31.706
22033.8 31.7089
22064.5 31.7118
22095.2 31.7146
22125.9 31.7175
22156.6 31.7204
22187.4 31.7232
22218.1 31.7261
22248.8 31.729
22279.5 31.7318
22310.3 31.7346
22341 31.7375
22371.7 31.7403
22402.5 31.7432
22433.2 31.746
22464 31.7488
22494.7 31.7516
22525.5 31.7544
22556.2 31.7573
22587 31.7601
22617.7 31.7629
22648.5 31.7657
22679.3 31.7685
22710 31.7713
22740.8 31.774
22771.6 31.7768
22802.4 31.7796
22833.1 31.7824
22863.9 31.7852
22894.7 31.7879
22925.5 31.7907
22956.3 31.7935
22987.1 31.7962
23017.9 31.799
23048.7 31.8017
23079.5 31.8045
23110.3 31.8072
23141.1 31.8099
23171.9 31.8127
23202.7 31.8154
23233.5 31.8181
23264.3 31.8209
23295.2 31.8236
23326 31.8263
23356.8 31.829
23387.6 31.8317
23418.5 31.8344
23449.3 31.8371
23480.1 31.8398
23511 31.8425
23541.8 31.8452
23572.7 31.8479
23603.5 31.8506
23634.4 31.8533
23665.2 31.8559
23696.1 31.8586
23726.9 31.8613
23757.8 31.8639
23788.7 31.8666
23819.5 31.8693
23850.4 31.8719
23881.3 31.8746
23912.1 31.8772
23943 31.8799
23973.9 31.8825
24004.8 31.8851
24035.7 31.8878
24066.6 31.8904
24097.4 31.893
24128.3 31.8957
24159.2 31.8983
24190.1 31.9009
24221 31.9035
24251.9 31.9061
24282.8 31.9087
24313.8 31.9113
24344.7 31.9139
24375.6 31.9165
24406.5 31.9191
24437.4 31.9217
24468.3 31.9243
24499.3 31.9269
24530.2 31.9294
24561.1 31.932
24592 31.9346
24623 31.9372
24653.9 31.9397
24684.9 31.9423
24715.8 31.9448
24746.7 31.9474
24777.7 31.95
24808.6 31.9525
24839.6 31.955
24870.6 31.9576
24901.5 31.9601
24932.5 31.9627
24963.4 31.9652
24994.4 31.9677
25025.4 31.9702
25056.3 31.9728
25087.3 31.9753
25118.3 31.9778
25149.3 31.9803
25180.2 31.9828
25211.2 31.9853
25242.2 31.9878
25273.2 31.9903
25304.2 31.9928
25335.2 31.9953
25366.2 31.9978
25397.2 32.0003
25428.2 32.0028
25459.2 32.0053
25490.2 32.0078
25521.2 32.0102
25552.2 32.0127
25583.2 32.0152
25614.2 32.0176
25645.2 32.0201
25676.3 32.0226
25707.3 32.025
25738.3 32.0275
25769.3 32.0299
25800.4 32.0324
25831.4 32.0348
25862.4 32.0373
25893.5 32.0397
25924.5 32.0421
25955.6 32.0446
25986.6 32.047
26017.7 32.0494
26048.7 32.0518
26079.8 32.0543
26110.8 32.0567
26141.9 32.0591
26172.9 32.0615
26204 32.0639
26235 32.0663
26266.1 32.0687
26297.2 32.0711
26328.3 32.0735
26359.3 32.0759
26390.4 32.0783
26421.5 32.0807
26452.6 32.0831
26483.6 32.0855
26514.7 32.0878
26545.8 32.0902
26576.9 32.0926
26608 32.095
26639.1 32.0973
26670.2 32.0997
26701.3 32.1021
26732.4 32.1044
26763.5 32.1068
26794.6 32.1091
26825.7 32.1115
26856.8 32.1138
26887.9 32.1162
26919.1 32.1185
26950.2 32.1209
26981.3 32.1232
27012.4 32.1255
27043.5 32.1279
27074.7 32.1302
27105.8 32.1325
27136.9 32.1348
27168.1 32.1372
27199.2 32.1395
27230.3 32.1418
27261.5 32.1441
27292.6 32.1464
27323.8 32.1487
27354.9 32.151
27386.1 32.1533
27417.2 32.1556
27448.4 32.1579
27479.5 32.1602
27510.7 32.1625
27541.9 32.1648
27573 32.1671
27604.2 32.1694
27635.4 32.1716
27666.5 32.1739
27697.7 32.1762
27728.9 32.1785
27760.1 32.1807
27791.3 32.183
27822.4 32.1853
27853.6 32.1875
27884.8 32.1898
27916 32.192
27947.2 32.1943
27978.4 32.1965
28009.6 32.1988
28040.8 32.201
28072 32.2033
28103.2 32.2055
28134.4 32.2078
28165.6 32.21
28196.8 32.2122
28228 32.2145
28259.2 32.2167
28290.4 32.2189
28321.7 32.2211
28352.9 32.2234
28384.1 32.2256
28415.3 32.2278
28446.6 32.23
28477.8 32.2322
28509 32.2344
28540.3 32.2366
28571.5 32.2388
28602.7 32.241
28634 32.2432
28665.2 32.2454
28696.5 32.2476
28727.7 32.2498
28759 32.252
28790.2 32.2542
28821.5 32.2564
28852.7 32.2585
28884 32.2607
28915.2 32.2629
28946.5 32.2651
28977.8 32.2672
29009 32.2694
29040.3 32.2716
29071.6 32.2737
29102.9 32.2759
29134.1 32.2781
29165.4 32.2802
29196.7 32.2824
29228 32.2845
29259.3 32.2867
29290.5 32.2888
29321.8 32.291
29353.1 32.2931
29384.4 32.2952
29415.7 32.2974
29447 32.2995
29478.3 32.3016
29509.6 32.3038
29540.9 32.3059
29572.2 32.308
29603.5 32.3102
29634.8 32.3123
29666.2 32.3144
29697.5 32.3165
29728.8 32.3186
29760.1 32.3207
29791.4 32.3228
29822.7 32.3249
29854.1 32.3271
29885.4 32.3292
29916.7 32.3313
29948.1 32.3334
29979.4 32.3354
30010.7 32.3375
30042.1 32.3396
30073.4 32.3417
30104.7 32.3438
30136.1 32.3459
30167.4 32.348
30198.8 32.3501
30230.1 32.3521
30261.5 32.3542
30292.8 32.3563
30324.2 32.3584
30355.5 32.3604
30386.9 32.3625
30418.3 32.3646
30449.6 32.3666
30481 32.3687
30512.4 32.3707
30543.7 32.3728
30575.1 32.3748
30606.5 32.3769
30637.9 32.3789
30669.3 32.381
30700.6 32.383
30732 32.3851
30763.4 32.3871
30794.8 32.3892
30826.2 32.3912
30857.6 32.3932
30889 32.3953
30920.4 32.3973
30951.7 32.3993
30983.1 32.4014
31014.5 32.4034
31046 32.4054
31077.4 32.4074
31108.8 32.4094
31140.2 32.4114
31171.6 32.4135
31203 32.4155
31234.4 32.4175
31265.8 32.4195
31297.3 32.4215
31328.7 32.4235
31360.1 32.4255
31391.5 32.4275
31423 32.4295
31454.4 32.4315
31485.8 32.4335
31517.3 32.4355
31548.7 32.4375
31580.1 32.4394
31611.6 32.4414
31643 32.4434
31674.4 32.4454
31705.9 32.4474
31737.3 32.4493
31768.8 32.4513
31800.2 32.4533
31831.7 32.4553
31863.1 32.4572
31894.6 32.4592
31926.1 32.4612
31957.5 32.4631
31989 32.4651
32020.5 32.467
32051.9 32.469
32083.4 32.471
32114.9 32.4729
32146.3 32.4749
32177.8 32.4768
32209.3 32.4787
32240.8 32.4807
32272.2 32.4826
32303.7 32.4846
32335.2 32.4865
32366.7 32.4885
32398.2 32.4904
32429.7 32.4923
32461.2 32.4943
32492.7 32.4962
32524.2 32.4981
32555.7 32.5
32587.2 32.502
32618.7 32.5039
32650.2 32.5058
32681.7 32.5077
32713.2 32.5096
32744.7 32.5115
32776.2 32.5135
32807.7 32.5154
32839.2 32.5173
32870.7 32.5192
32902.3 32.5211
32933.8 32.523
32965.3 32.5249
32996.8 32.5268
33028.4 32.5287
33059.9 32.5306
33091.4 32.5325
33122.9 32.5344
33154.5 32.5363
33186 32.5381
33217.6 32.54
33249.1 32.5419
33280.6 32.5438
33312.2 32.5457
33343.7 32.5476
33375.3 32.5494
33406.8 32.5513
33438.4 32.5532
33469.9 32.555
33501.5 32.5569
33533 32.5588
33564.6 32.5606
33596.2 32.5625
33627.7 32.5644
33659.3 32.5662
33690.9 32.5681
33722.4 32.5699
33754 32.5718
33785.6 32.5737
33817.1 32.5755
33848.7 32.5774
33880.3 32.5792
33911.9 32.581
33943.4 32.5829
33975 32.5847
34006.6 32.5866
34038.2 32.5884
34069.8 32.5902
34101.4 32.5921
34133 32.5939
34164.6 32.5957
34196.2 32.5976
34227.8 32.5994
34259.4 32.6012
34291 32.6031
34322.6 32.6049
34354.2 32.6067
34385.8 32.6085
34417.4 32.6103
34449 32.6121
34480.6 32.614
34512.2 32.6158
34543.8 32.6176
34575.5 32.6194
34607.1 32.6212
34638.7 32.623
34670.3 32.6248
34701.9 32.6266
34733.6 32.6284
34765.2 32.6302
34796.8 32.632
34828.5 32.6338
34860.1 32.6356
34891.7 32.6374
34923.4 32.6392
34955 32.641
34986.6 32.6428
35018.3 32.6445
35049.9 32.6463
35081.6 32.6481
35113.2 32.6499
35144.9 32.6517
35176.5 32.6534
35208.2 32.6552
35239.8 32.657
35271.5 32.6588
35303.2 32.6605
35334.8 32.6623
35366.5 32.6641
35398.1 32.6658
35429.8 32.6676
35461.5 32.6694
35493.1 32.6711
35524.8 32.6729
35556.5 32.6746
35588.2 32.6764
35619.8 32.6782
35651.5 32.6799
35683.2 32.6817
35714.9 32.6834
35746.6 32.6852
35778.2 32.6869
35809.9 32.6886
35841.6 32.6904
35873.3 32.6921
35905 32.6939
35936.7 32.6956
35968.4 32.6973
36000.1 32.6991
36031.8 32.7008
36063.5 32.7025
36095.2 32.7043
36126.9 32.706
36158.6 32.7077
36190.3 32.7094
36222 32.7112
36253.7 32.7129
36285.4 32.7146
36317.2 32.7163
36348.9 32.7181
36380.6 32.7198
36412.3 32.7215
36444 32.7232
36475.8 32.7249
36507.5 32.7266
36539.2 32.7283
36570.9 32.73
36602.7 32.7317
36634.4 32.7334
36666.1 32.7351
36697.9 32.7369
36729.6 32.7385
36761.3 32.7402
36793.1 32.7419
36824.8 32.7436
36856.6 32.7453
36888.3 32.747
36920.1 32.7487
36951.8 32.7504
36983.6 32.7521
37015.3 32.7538
37047.1 32.7555
37078.8 32.7571
37110.6 32.7588
37142.3 32.7605
37174.1 32.7622
37205.9 32.7639
37237.6 32.7655
37269.4 32.7672
37301.2 32.7689
37332.9 32.7706
37364.7 32.7722
37396.5 32.7739
37428.3 32.7756
37460 32.7772
37491.8 32.7789
37523.6 32.7806
37555.4 32.7822
37587.1 32.7839
37618.9 32.7855
37650.7 32.7872
37682.5 32.7888
37714.3 32.7905
37746.1 32.7921
37777.9 32.7938
37809.7 32.7954
37841.5 32.7971
37873.3 32.7987
37905.1 32.8004
37936.9 32.802
37968.7 32.8037
38000.5 32.8053
38032.3 32.8069
38064.1 32.8086
38095.9 32.8102
38127.7 32.8119
38159.5 32.8135
38191.3 32.8151
38223.1 32.8168
38255 32.8184
38286.8 32.82
38318.6 32.8216
38350.4 32.8233
38382.2 32.8249
38414.1 32.8265
38445.9 32.8281
38477.7 32.8298
38509.5 32.8314
38541.4 32.833
38573.2 32.8346
38605 32.8362
38636.9 32.8378
38668.7 32.8394
38700.6 32.8411
38732.4 32.8427
38764.2 32.8443
38796.1 32.8459
38827.9 32.8475
38859.8 32.8491
38891.6 32.8507
38923.5 32.8523
38955.3 32.8539
38987.2 32.8555
39019 32.8571
39050.9 32.8587
39082.8 32.8603
39114.6 32.8619
39146.5 32.8635
39178.3 32.865
39210.2 32.8666
39242.1 32.8682
39273.9 32.8698
39305.8 32.8714
39337.7 32.873
39369.6 32.8746
39401.4 32.8761
39433.3 32.8777
39465.2 32.8793
39497.1 32.8809
39528.9 32.8824
39560.8 32.884
39592.7 32.8856
39624.6 32.8872
39656.5 32.8887
39688.4 32.8903
39720.3 32.8919
39752.2 32.8934
39784.1 32.895
39815.9 32.8966
39847.8 32.8981
39879.7 32.8997
39911.6 32.9012
39943.5 32.9028
39975.4 32.9044
40007.4 32.9059
40039.3 32.9075
40071.2 32.909
40103.1 32.9106
40135 32.9121
40166.9 32.9137
40198.8 32.9152
40230.7 32.9168
40262.6 32.9183
40294.6 32.9199
40326.5 32.9214
40358.4 32.923
40390.3 32.9245
40422.3 32.926
40454.2 32.9276
40486.1 32.9291
40518 32.9307
40550 32.9322
40581.9 32.9337
40613.8 32.9353
40645.8 32.9368
40677.7 32.9383
40709.6 32.9398
40741.6 32.9414
40773.5 32.9429
40805.5 32.9444
40837.4 32.9459
40869.4 32.9475
40901.3 32.949
40933.3 32.9505
40965.2 32.952
40997.2 32.9535
41029.1 32.9551
41061.1 32.9566
41093 32.9581
41125 32.9596
41156.9 32.9611
41188.9 32.9626
41220.9 32.9641
41252.8 32.9656
41284.8 32.9671
41316.8 32.9686
41348.7 32.9701
41380.7 32.9716
41412.7 32.9732
41444.6 32.9747
41476.6 32.9762
41508.6 32.9776
41540.6 32.9791
41572.5 32.9806
41604.5 32.9821
41636.5 32.9836
41668.5 32.9851
41700.5 32.9866
41732.5 32.9881
41764.5 32.9896
41796.4 32.9911
41828.4 32.9926
41860.4 32.994
41892.4 32.9955
41924.4 32.997
41956.4 32.9985
41988.4 33
42020.4 33.0015
42052.4 33.0029
42084.4 33.0044
42116.4 33.0059
42148.4 33.0074
42180.4 33.0088
42212.4 33.0103
42244.5 33.0118
42276.5 33.0132
42308.5 33.0147
42340.5 33.0162
42372.5 33.0176
42404.5 33.0191
42436.5 33.0206
42468.6 33.022
42500.6 33.0235
42532.6 33.025
42564.6 33.0264
42596.7 33.0279
42628.7 33.0293
42660.7 33.0308
42692.8 33.0322
42724.8 33.0337
42756.8 33.0352
42788.9 33.0366
42820.9 33.0381
42852.9 33.0395
42885 33.041
42917 33.0424
42949.1 33.0438
42981.1 33.0453
43013.1 33.0467
43045.2 33.0482
43077.2 33.0496
43109.3 33.0511
43141.3 33.0525
43173.4 33.0539
43205.4 33.0554
43237.5 33.0568
43269.6 33.0582
43301.6 33.0597
43333.7 33.0611
43365.7 33.0625
43397.8 33.064
43429.9 33.0654
43461.9 33.0668
43494 33.0683
43526.1 33.0697
43558.1 33.0711
43590.2 33.0725
43622.3 33.074
43654.3 33.0754
43686.4 33.0768
43718.5 33.0782
43750.6 33.0796
43782.7 33.0811
43814.7 33.0825
43846.8 33.0839
43878.9 33.0853
43911 33.0867
43943.1 33.0881
43975.2 33.0895
44007.3 33.091
44039.3 33.0924
44071.4 33.0938
44103.5 33.0952
44135.6 33.0966
44167.7 33.098
44199.8 33.0994
44231.9 33.1008
44264 33.1022
44296.1 33.1036
44328.2 33.105
44360.3 33.1064
44392.4 33.1078
44424.5 33.1092
44456.7 33.1106
44488.8 33.112
44520.9 33.1134
44553 33.1148
44585.1 33.1162
44617.2 33.1175
44649.3 33.1189
44681.5 33.1203
44713.6 33.1217
44745.7 33.1231
44777.8 33.1245
44809.9 33.1259
44842.1 33.1272
44874.2 33.1286
44906.3 33.13
44938.5 33.1314
44970.6 33.1328
45002.7 33.1341
45034.9 33.1355
45067 33.1369
45099.1 33.1383
45131.3 33.1396
45163.4 33.141
45195.6 33.1424
45227.7 33.1438
45259.8 33.1451
45292 33.1465
45324.1 33.1479
45356.3 33.1492
45388.4 33.1506
45420.6 33.152
45452.7 33.1533
45484.9 33.1547
45517 33.1561
45549.2 33.1574
45581.4 33.1588
45613.5 33.1601
45645.7 33.1615
45677.8 33.1629
45710 33.1642
45742.2 33.1656
45774.3 33.1669
45806.5 33.1683
45838.7 33.1696
45870.8 33.171
45903 33.1723
45935.2 33.1737
45967.3 33.175
45999.5 33.1764
46031.7 33.1777
46063.9 33.1791
46096.1 33.1804
46128.2 33.1817
46160.4 33.1831
46192.6 33.1844
46224.8 33.1858
46257 33.1871
46289.2 33.1884
46321.3 33.1898
46353.5 33.1911
46385.7 33.1925
46417.9 33.1938
46450.1 33.1951
46482.3 33.1965
46514.5 33.1978
46546.7 33.1991
46578.9 33.2005
46611.1 33.2018
46643.3 33.2031
46675.5 33.2044
46707.7 33.2058
46739.9 33.2071
46772.1 33.2084
46804.3 33.2097
46836.5 33.2111
46868.8 33.2124
46901 33.2137
46933.2 33.215
46965.4 33.2163
46997.6 33.2177
47029.8 33.219
47062 33.2203
47094.3 33.2216
47126.5 33.2229
47158.7 33.2242
47190.9 33.2255
47223.2 33.2269
47255.4 33.2282
47287.6 33.2295
47319.8 33.2308
47352.1 33.2321
47384.3 33.2334
47416.5 33.2347
47448.8 33.236
47481 33.2373
47513.2 33.2386
47545.5 33.2399
47577.7 33.2412
47610 33.2425
47642.2 33.2438
47674.4 33.2451
47706.7 33.2464
47738.9 33.2477
47771.2 33.249
47803.4 33.2503
47835.7 33.2516
47867.9 33.2529
47900.2 33.2542
47932.4 33.2555
47964.7 33.2568
47997 33.258
48029.2 33.2593
48061.5 33.2606
48093.7 33.2619
48126 33.2632
48158.3 33.2645
48190.5 33.2658
48222.8 33.267
48255.1 33.2683
48287.3 33.2696
48319.6 33.2709
48351.9 33.2722
48384.1 33.2734
48416.4 33.2747
48448.7 33.276
48481 33.2773
48513.2 33.2786
48545.5 33.2798
48577.8 33.2811
48610.1 33.2824
48642.4 33.2836
48674.6 33.2849
48706.9 33.2862
48739.2 33.2875
48771.5 33.2887
48803.8 33.29
48836.1 33.2913
48868.4 33.2925
48900.7 33.2938
48933 33.2951
48965.3 33.2963
48997.6 33.2976
49029.9 33.2988
49062.2 33.3001
49094.5 33.3014
49126.8 33.3026
49159.1 33.3039
49191.4 33.3051
49223.7 33.3064
49256 33.3076
49288.3 33.3089
49320.6 33.3102
49352.9 33.3114
49385.2 33.3127
49417.5 33.3139
49449.8 33.3152
49482.1 33.3164
49514.5 33.3177
49546.8 33.3189
49579.1 33.3202
49611.4 33.3214
49643.7 33.3226
49676.1 33.3239
49708.4 33.3251
49740.7 33.3264
49773 33.3276
49805.4 33.3289
49837.7 33.3301
49870 33.3313
49902.4 33.3326
49934.7 33.3338
49967 33.3351
49999.4 33.3363
50031.7 33.3375
50064 33.3388
50096.4 33.34
50128.7 33.3412
50161.1 33.3425
50193.4 33.3437
50225.7 33.3449
50258.1 33.3461
50290.4 33.3474
50322.8 33.3486
50355.1 33.3498
50387.5 33.3511
50419.8 33.3523
50452.2 33.3535
50484.5 33.3547
50516.9 33.356
50549.2 33.3572
50581.6 33.3584
50614 33.3596
50646.3 33.3608
50678.7 33.3621
50711 33.3633
50743.4 33.3645
50775.8 33.3657
50808.1 33.3669
50840.5 33.3681
50872.9 33.3694
50905.2 33.3706
50937.6 33.3718
50970 33.373
51002.4 33.3742
51034.7 33.3754
51067.1 33.3766
51099.5 33.3778
51131.9 33.379
51164.2 33.3802
51196.6 33.3815
51229 33.3827
51261.4 33.3839
51293.8 33.3851
51326.2 33.3863
51358.5 33.3875
51390.9 33.3887
51423.3 33.3899
51455.7 33.3911
51488.1 33.3923
51520.5 33.3935
51552.9 33.3947
51585.3 33.3959
51617.7 33.3971
51650.1 33.3983
51682.5 33.3995
51714.9 33.4007
51747.3 33.4018
51779.7 33.403
51812.1 33.4042
51844.5 33.4054
51876.9 33.4066
51909.3 33.4078
51941.7 33.409
51974.1 33.4102
52006.5 33.4114
52038.9 33.4125
52071.3 33.4137
52103.8 33.4149
52136.2 33.4161
52168.6 33.4173
52201 33.4185
52233.4 33.4197
52265.8 33.4208
52298.3 33.422
52330.7 33.4232
52363.1 33.4244
52395.5 33.4255
52428 33.4267
52460.4 33.4279
52492.8 33.4291
52525.2 33.4303
52557.7 33.4314
52590.1 33.4326
52622.5 33.4338
52655 33.4349
52687.4 33.4361
52719.8 33.4373
52752.3 33.4385
52784.7 33.4396
52817.2 33.4408
52849.6 33.442
52882 33.4431
52914.5 33.4443
52946.9 33.4455
52979.4 33.4466
53011.8 33.4478
53044.3 33.4489
53076.7 33.4501
53109.2 33.4513
53141.6 33.4524
53174.1 33.4536
53206.5 33.4548
53239 33.4559
53271.4 33.4571
53303.9 33.4582
53336.3 33.4594
53368.8 33.4605
53401.3 33.4617
53433.7 33.4628
53466.2 33.464
53498.7 33.4652
53531.1 33.4663
53563.6 33.4675
53596.1 33.4686
53628.5 33.4698
53661 33.4709
53693.5 33.4721
53725.9 33.4732
53758.4 33.4743
53790.9 33.4755
53823.4 33.4766
53855.8 33.4778
53888.3 33.4789
53920.8 33.4801
53953.3 33.4812
53985.8 33.4824
54018.2 33.4835
54050.7 33.4846
54083.2 33.4858
54115.7 33.4869
54148.2 33.4881
54180.7 33.4892
54213.2 33.4903
54245.6 33.4915
54278.1 33.4926
54310.6 33.4937
54343.1 33.4949
54375.6 33.496
54408.1 33.4971
54440.6 33.4983
54473.1 33.4994
54505.6 33.5005
54538.1 33.5017
54570.6 33.5028
54603.1 33.5039
54635.6 33.5051
54668.1 33.5062
54700.6 33.5073
54733.1 33.5084
54765.6 33.5096
54798.2 33.5107
54830.7 33.5118
54863.2 33.5129
54895.7 33.5141
54928.2 33.5152
54960.7 33.5163
54993.2 33.5174
55025.8 33.5185
55058.3 33.5197
55090.8 33.5208
55123.3 33.5219
55155.8 33.523
55188.4 33.5241
55220.9 33.5252
55253.4 33.5264
55285.9 33.5275
55318.5 33.5286
55351 33.5297
55383.5 33.5308
55416 33.5319
55448.6 33.533
55481.1 33.5341
55513.6 33.5353
55546.2 33.5364
55578.7 33.5375
55611.3 33.5386
55643.8 33.5397
55676.3 33.5408
55708.9 33.5419
55741.4 33.543
55774 33.5441
55806.5 33.5452
55839 33.5463
55871.6 33.5474
55904.1 33.5485
55936.7 33.5496
55969.2 33.5507
56001.8 33.5518
56034.3 33.5529
56066.9 33.554
56099.4 33.5551
56132 33.5562
56164.6 33.5573
56197.1 33.5584
56229.7 33.5595
56262.2 33.5606
56294.8 33.5617
56327.4 33.5628
56359.9 33.5639
56392.5 33.565
56425.1 33.5661
56457.6 33.5671
56490.2 33.5682
56522.8 33.5693
56555.3 33.5704
56587.9 33.5715
56620.5 33.5726
56653 33.5737
56685.6 33.5748
56718.2 33.5759
56750.8 33.5769
56783.3 33.578
56815.9 33.5791
56848.5 33.5802
56881.1 33.5813
56913.7 33.5824
56946.2 33.5834
56978.8 33.5845
57011.4 33.5856
57044 33.5867
57076.6 33.5877
57109.2 33.5888
57141.8 33.5899
57174.3 33.591
57206.9 33.5921
57239.5 33.5931
57272.1 33.5942
57304.7 33.5953
57337.3 33.5964
57369.9 33.5974
57402.5 33.5985
57435.1 33.5996
57467.7 33.6006
57500.3 33.6017
57532.9 33.6028
57565.5 33.6039
57598.1 33.6049
57630.7 33.606
57663.3 33.6071
57695.9 33.6081
57728.5 33.6092
57761.1 33.6103
57793.8 33.6113
57826.4 33.6124
57859 33.6134
57891.6 33.6145
57924.2 33.6156
57956.8 33.6166
57989.4 33.6177
58022.1 33.6188
58054.7 33.6198
58087.3 33.6209
58119.9 33.6219
58152.5 33.623
58185.2 33.624
58217.8 33.6251
58250.4 33.6262
58283 33.6272
58315.7 33.6283
58348.3 33.6293
58380.9 33.6304
58413.5 33.6314
58446.2 33.6325
58478.8 33.6335
58511.4 33.6346
58544.1 33.6356
58576.7 33.6367
58609.4 33.6377
58642 33.6388
58674.6 33.6398
58707.3 33.6409
58739.9 33.6419
58772.6 33.643
58805.2 33.644
58837.8 33.6451
58870.5 33.6461
58903.1 33.6472
58935.8 33.6482
58968.4 33.6492
59001.1 33.6503
59033.7 33.6513
59066.4 33.6524
59099 33.6534
59131.7 33.6544
59164.3 33.6555
59197 33.6565
59229.6 33.6576
59262.3 33.6586
59295 33.6596
59327.6 33.6607
59360.3 33.6617
59392.9 33.6627
59425.6 33.6638
59458.3 33.6648
59490.9 33.6658
59523.6 33.6669
59556.3 33.6679
59588.9 33.6689
59621.6 33.67
59654.3 33.671
59686.9 33.672
59719.6 33.6731
59752.3 33.6741
59785 33.6751
59817.6 33.6761
59850.3 33.6772
59883 33.6782
59915.7 33.6792
59948.4 33.6802
59981 33.6813
60013.7 33.6823
60046.4 33.6833
60079.1 33.6843
60111.8 33.6854
60144.4 33.6864
60177.1 33.6874
60209.8 33.6884
60242.5 33.6894
60275.2 33.6905
60307.9 33.6915
60340.6 33.6925
60373.3 33.6935
60406 33.6945
60438.7 33.6956
60471.4 33.6966
60504.1 33.6976
60536.8 33.6986
60569.5 33.6996
60602.2 33.7006
60634.9 33.7016
60667.6 33.7027
60700.3 33.7037
60733 33.7047
60765.7 33.7057
60798.4 33.7067
60831.1 33.7077
60863.8 33.7087
60896.5 33.7097
60929.2 33.7107
60961.9 33.7117
60994.6 33.7127
61027.3 33.7138
61060.1 33.7148
61092.8 33.7158
61125.5 33.7168
61158.2 33.7178
61190.9 33.7188
61223.6 33.7198
61256.4 33.7208
61289.1 33.7218
61321.8 33.7228
61354.5 33.7238
61387.2 33.7248
61420 33.7258
61452.7 33.7268
61485.4 33.7278
61518.1 33.7288
61550.9 33.7298
61583.6 33.7308
61616.3 33.7318
61649.1 33.7328
61681.8 33.7338
61714.5 33.7348
61747.3 33.7358
61780 33.7368
61812.7 33.7377
61845.5 33.7387
61878.2 33.7397
61911 33.7407
61943.7 33.7417
61976.4 33.7427
62009.2 33.7437
62041.9 33.7447
62074.7 33.7457
62107.4 33.7467
62140.2 33.7477
62172.9 33.7486
62205.7 33.7496
62238.4 33.7506
62271.2 33.7516
62303.9 33.7526
62336.7 33.7536
62369.4 33.7546
62402.2 33.7555
62434.9 33.7565
62467.7 33.7575
62500.4 33.7585
62533.2 33.7595
62566 33.7604
62598.7 33.7614
62631.5 33.7624
62664.2 33.7634
62697 33.7644
62729.8 33.7653
62762.5 33.7663
62795.3 33.7673
62828.1 33.7683
62860.8 33.7692
62893.6 33.7702
62926.4 33.7712
62959.1 33.7722
62991.9 33.7732
63024.7 33.7741
63057.5 33.7751
63090.2 33.7761
63123 33.777
63155.8 33.778
63188.6 33.779
63221.4 33.78
63254.1 33.7809
63286.9 33.7819
63319.7 33.7829
63352.5 33.7838
63385.3 33.7848
63418 33.7858
63450.8 33.7867
63483.6 33.7877
63516.4 33.7887
63549.2 33.7896
63582 33.7906
63614.8 33.7916
63647.6 33.7925
63680.4 33.7935
63713.2 33.7945
63745.9 33.7954
63778.7 33.7964
63811.5 33.7973
63844.3 33.7983
63877.1 33.7993
63909.9 33.8002
63942.7 33.8012
63975.5 33.8021
64008.3 33.8031
64041.1 33.8041
64073.9 33.805
64106.8 33.806
64139.6 33.8069
64172.4 33.8079
64205.2 33.8088
64238 33.8098
64270.8 33.8107
64303.6 33.8117
64336.4 33.8126
64369.2 33.8136
64402 33.8146
64434.9 33.8155
64467.7 33.8165
64500.5 33.8174
64533.3 33.8184
64566.1 33.8193
64598.9 33.8203
64631.8 33.8212
64664.6 33.8222
64697.4 33.8231
64730.2 33.824
64763.1 33.825
64795.9 33.8259
64828.7 33.8269
64861.5 33.8278
64894.4 33.8288
64927.2 33.8297
64960 33.8307
64992.8 33.8316
65025.7 33.8326
65058.5 33.8335
65091.3 33.8344
65124.2 33.8354
65157 33.8363
65189.8 33.8373
65222.7 33.8382
65255.5 33.8391
65288.4 33.8401
65321.2 33.841
65354 33.8419
65386.9 33.8429
65419.7 33.8438
65452.6 33.8448
65485.4 33.8457
65518.3 33.8466
65551.1 33.8476
65584 33.8485
65616.8 33.8494
65649.7 33.8504
65682.5 33.8513
65715.4 33.8522
65748.2 33.8532
65781.1 33.8541
65813.9 33.855
65846.8 33.856
65879.6 33.8569
65912.5 33.8578
65945.3 33.8587
65978.2 33.8597
66011.1 33.8606
66043.9 33.8615
66076.8 33.8625
66109.6 33.8634
66142.5 33.8643
66175.4 33.8652
66208.2 33.8662
66241.1 33.8671
66274 33.868
66306.8 33.8689
66339.7 33.8699
66372.6 33.8708
66405.4 33.8717
66438.3 33.8726
66471.2 33.8736
66504.1 33.8745
66536.9 33.8754
66569.8 33.8763
66602.7 33.8772
66635.6 33.8781
66668.4 33.8791
66701.3 33.88
66734.2 33.8809
66767.1 33.8818
66800 33.8827
66832.9 33.8837
66865.7 33.8846
66898.6 33.8855
66931.5 33.8864
66964.4 33.8873
66997.3 33.8882
67030.2 33.8891
67063.1 33.8901
67096 33.891
67128.8 33.8919
67161.7 33.8928
67194.6 33.8937
67227.5 33.8946
67260.4 33.8955
67293.3 33.8964
67326.2 33.8973
67359.1 33.8983
67392 33.8992
67424.9 33.9001
67457.8 33.901
67490.7 33.9019
67523.6 33.9028
67556.5 33.9037
67589.4 33.9046
67622.3 33.9055
67655.2 33.9064
67688.1 33.9073
67721 33.9082
67753.9 33.9091
67786.9 33.91
67819.8 33.9109
67852.7 33.9118
67885.6 33.9127
67918.5 33.9136
67951.4 33.9145
67984.3 33.9154
68017.2 33.9163
68050.2 33.9172
68083.1 33.9181
68116 33.919
68148.9 33.9199
68181.8 33.9208
68214.8 33.9217
68247.7 33.9226
68280.6 33.9235
68313.5 33.9244
68346.4 33.9253
68379.4 33.9262
68412.3 33.9271
68445.2 33.928
68478.2 33.9289
68511.1 33.9298
68544 33.9307
68576.9 33.9316
68609.9 33.9325
68642.8 33.9334
68675.7 33.9342
68708.7 33.9351
68741.6 33.936
68774.5 33.9369
68807.5 33.9378
68840.4 33.9387
68873.4 33.9396
68906.3 33.9405
68939.2 33.9414
68972.2 33.9422
69005.1 33.9431
69038.1 33.944
69071 33.9449
69104 33.9458
69136.9 33.9467
69169.8 33.9476
69202.8 33.9484
69235.7 33.9493
69268.7 33.9502
69301.6 33.9511
69334.6 33.952
69367.5 33.9529
69400.5 33.9537
69433.5 33.9546
69466.4 33.9555
69499.4 33.9564
69532.3 33.9573
69565.3 33.9581
69598.2 33.959
69631.2 33.9599
69664.2 33.9608
69697.1 33.9617
69730.1 33.9625
69763 33.9634
69796 33.9643
69829 33.9652
69861.9 33.966
69894.9 33.9669
69927.9 33.9678
69960.8 33.9687
69993.8 33.9695
70026.8 33.9704
70059.7 33.9713
70092.7 33.9722
70125.7 33.973
70158.7 33.9739
70191.6 33.9748
70224.6 33.9756
70257.6 33.9765
70290.6 33.9774
70323.5 33.9783
70356.5 33.9791
70389.5 33.98
70422.5 33.9809
70455.5 33.9817
70488.4 33.9826
70521.4 33.9835
70554.4 33.9843
70587.4 33.9852
70620.4 33.9861
70653.4 33.9869
70686.3 33.9878
70719.3 33.9887
70752.3 33.9895
70785.3 33.9904
70818.3 33.9912
70851.3 33.9921
70884.3 33.993
70917.3 33.9938
70950.3 33.9947
70983.3 33.9956
71016.3 33.9964
71049.3 33.9973
71082.3 33.9981
71115.3 33.999
71148.3 33.9999
71181.3 34.0007
71214.3 34.0016
71247.3 34.0024
71280.3 34.0033
71313.3 34.0042
71346.3 34.005
71379.3 34.0059
71412.3 34.0067
71445.3 34.0076
71478.3 34.0084
71511.3 34.0093
71544.3 34.0101
71577.3 34.011
71610.3 34.0118
71643.3 34.0127
71676.4 34.0136
71709.4 34.0144
71742.4 34.0153
71775.4 34.0161
71808.4 34.017
71841.4 34.0178
71874.5 34.0187
71907.5 34.0195
71940.5 34.0204
71973.5 34.0212
72006.5 34.0221
72039.6 34.0229
72072.6 34.0238
72105.6 34.0246
72138.6 34.0254
72171.6 34.0263
72204.7 34.0271
72237.7 34.028
72270.7 34.0288
72303.8 34.0297
72336.8 34.0305
72369.8 34.0314
72402.9 34.0322
72435.9 34.0331
72468.9 34.0339
72501.9 34.0347
72535 34.0356
72568 34.0364
72601.1 34.0373
72634.1 34.0381
72667.1 34.0389
72700.2 34.0398
72733.2 34.0406
72766.3 34.0415
72799.3 34.0423
72832.3 34.0431
72865.4 34.044
72898.4 34.0448
72931.5 34.0457
72964.5 34.0465
72997.6 34.0473
73030.6 34.0482
73063.7 34.049
73096.7 34.0498
73129.8 34.0507
73162.8 34.0515
73195.9 34.0523
73228.9 34.0532
73262 34.054
73295 34.0548
73328.1 34.0557
73361.1 34.0565
73394.2 34.0573
73427.2 34.0582
73460.3 34.059
73493.4 34.0598
73526.4 34.0607
73559.5 34.0615
73592.5 34.0623
73625.6 34.0632
73658.7 34.064
73691.7 34.0648
73724.8 34.0656
73757.9 34.0665
73790.9 34.0673
73824 34.0681
73857.1 34.069
73890.1 34.0698
73923.2 34.0706
73956.3 34.0714
73989.3 34.0723
74022.4 34.0731
74055.5 34.0739
74088.6 34.0747
74121.6 34.0756
74154.7 34.0764
74187.8 34.0772
74220.9 34.078
74253.9 34.0788
74287 34.0797
74320.1 34.0805
74353.2 34.0813
74386.3 34.0821
74419.3 34.0829
74452.4 34.0838
74485.5 34.0846
74518.6 34.0854
74551.7 34.0862
74584.8 34.087
74617.9 34.0879
74650.9 34.0887
74684 34.0895
74717.1 34.0903
74750.2 34.0911
74783.3 34.0919
74816.4 34.0928
74849.5 34.0936
74882.6 34.0944
74915.7 34.0952
74948.8 34.096
74981.9 34.0968
75015 34.0976
75048.1 34.0985
75081.2 34.0993
75114.3 34.1001
75147.4 34.1009
75180.5 34.1017
75213.6 34.1025
75246.7 34.1033
75279.8 34.1041
75312.9 34.105
75346 34.1058
75379.1 34.1066
75412.2 34.1074
75445.3 34.1082
75478.4 34.109
75511.5 34.1098
75544.6 34.1106
75577.7 34.1114
75610.8 34.1122
75644 34.113
75677.1 34.1138
75710.2 34.1147
75743.3 34.1155
75776.4 34.1163
75809.5 34.1171
75842.6 34.1179
75875.8 34.1187
75908.9 34.1195
75942 34.1203
75975.1 34.1211
76008.2 34.1219
76041.4 34.1227
76074.5 34.1235
76107.6 34.1243
76140.7 34.1251
76173.9 34.1259
76207 34.1267
76240.1 34.1275
76273.2 34.1283
76306.4 34.1291
76339.5 34.1299
76372.6 34.1307
76405.8 34.1315
76438.9 34.1323
76472 34.1331
76505.2 34.1339
76538.3 34.1347
76571.4 34.1355
76604.6 34.1363
76637.7 34.1371
76670.8 34.1379
76704 34.1387
76737.1 34.1395
76770.3 34.1403
76803.4 34.141
76836.5 34.1418
76869.7 34.1426
76902.8 34.1434
76936 34.1442
76969.1 34.145
77002.2 34.1458
77035.4 34.1466
77068.5 34.1474
77101.7 34.1482
77134.8 34.149
77168 34.1498
77201.1 34.1505
77234.3 34.1513
77267.4 34.1521
77300.6 34.1529
77333.7 34.1537
77366.9 34.1545
77400 34.1553
77433.2 34.1561
77466.4 34.1569
77499.5 34.1576
77532.7 34.1584
77565.8 34.1592
77599 34.16
77632.1 34.1608
77665.3 34.1616
77698.5 34.1624
77731.6 34.1631
77764.8 34.1639
77798 34.1647
77831.1 34.1655
77864.3 34.1663
77897.5 34.1671
77930.6 34.1678
77963.8 34.1686
77997 34.1694
78030.1 34.1702
78063.3 34.171
78096.5 34.1717
78129.6 34.1725
78162.8 34.1733
78196 34.1741
78229.2 34.1749
78262.3 34.1756
78295.5 34.1764
78328.7 34.1772
78361.9 34.178
78395 34.1788
78428.2 34.1795
78461.4 34.1803
78494.6 34.1811
78527.8 34.1819
78560.9 34.1826
78594.1 34.1834
78627.3 34.1842
78660.5 34.185
78693.7 34.1857
78726.9 34.1865
78760 34.1873
78793.2 34.1881
78826.4 34.1888
78859.6 34.1896
78892.8 34.1904
78926 34.1912
78959.2 34.1919
78992.4 34.1927
79025.6 34.1935
79058.8 34.1942
79092 34.195
79125.1 34.1958
79158.3 34.1965
79191.5 34.1973
79224.7 34.1981
79257.9 34.1989
79291.1 34.1996
79324.3 34.2004
79357.5 34.2012
79390.7 34.2019
79423.9 34.2027
79457.1 34.2035
79490.3 34.2042
79523.5 34.205
79556.8 34.2058
79590 34.2065
79623.2 34.2073
79656.4 34.2081
79689.6 34.2088
79722.8 34.2096
79756 34.2103
79789.2 34.2111
79822.4 34.2119
79855.6 34.2126
79888.8 34.2134
79922.1 34.2142
79955.3 34.2149
79988.5 34.2157
80021.7 34.2164
80054.9 34.2172
80088.1 34.218
80121.4 34.2187
80154.6 34.2195
80187.8 34.2202
80221 34.221
80254.2 34.2218
80287.5 34.2225
80320.7 34.2233
80353.9 34.224
80387.1 34.2248
80420.4 34.2256
80453.6 34.2263
80486.8 34.2271
80520 34.2278
80553.3 34.2286
80586.5 34.2293
80619.7 34.2301
80652.9 34.2308
80686.2 34.2316
80719.4 34.2324
80752.6 34.2331
80785.9 34.2339
80819.1 34.2346
80852.3 34.2354
80885.6 34.2361
80918.8 34.2369
80952 34.2376
80985.3 34.2384
81018.5 34.2391
81051.8 34.2399
81085 34.2406
81118.3 34.2414
81151.5 34.2421
81184.7 34.2429
81218 34.2436
81251.2 34.2444
81284.5 34.2451
81317.7 34.2459
81350.9 34.2466
81384.2 34.2474
81417.4 34.2481
81450.7 34.2489
81483.9 34.2496
81517.2 34.2504
81550.4 34.2511
81583.7 34.2519
81616.9 34.2526
81650.2 34.2534
81683.4 34.2541
81716.7 34.2548
81750 34.2556
81783.2 34.2563
81816.5 34.2571
81849.7 34.2578
81883 34.2586
81916.3 34.2593
81949.5 34.26
81982.8 34.2608
82016 34.2615
82049.3 34.2623
82082.5 34.263
82115.8 34.2638
82149.1 34.2645
82182.3 34.2652
82215.6 34.266
82248.9 34.2667
82282.1 34.2675
82315.4 34.2682
82348.7 34.2689
82381.9 34.2697
82415.2 34.2704
82448.5 34.2712
82481.8 34.2719
82515 34.2726
82548.3 34.2734
82581.6 34.2741
82614.9 34.2748
82648.1 34.2756
82681.4 34.2763
82714.7 34.277
82747.9 34.2778
82781.2 34.2785
82814.5 34.2793
82847.8 34.28
82881.1 34.2807
82914.4 34.2815
82947.6 34.2822
82980.9 34.2829
83014.2 34.2836
83047.5 34.2844
83080.8 34.2851
83114 34.2858
83147.3 34.2866
83180.6 34.2873
83213.9 34.288
83247.2 34.2888
83280.5 34.2895
83313.8 34.2902
83347.1 34.291
83380.4 34.2917
83413.6 34.2924
83446.9 34.2932
83480.2 34.2939
83513.5 34.2946
83546.8 34.2953
83580.1 34.2961
83613.4 34.2968
83646.7 34.2975
83680 34.2983
83713.3 34.299
83746.6 34.2997
83779.9 34.3004
83813.2 34.3012
83846.5 34.3019
83879.8 34.3026
83913.1 34.3033
83946.4 34.3041
83979.7 34.3048
84013 34.3055
84046.3 34.3062
84079.6 34.3069
84112.9 34.3077
84146.2 34.3084
84179.5 34.3091
84212.9 34.3098
84246.2 34.3106
84279.5 34.3113
84312.8 34.312
84346.1 34.3127
84379.4 34.3134
84412.7 34.3142
84446 34.3149
84479.4 34.3156
84512.7 34.3163
84546 34.317
84579.3 34.3178
84612.6 34.3185
84645.9 34.3192
84679.3 34.3199
84712.6 34.3206
84745.9 34.3214
84779.2 34.3221
84812.5 34.3228
84845.9 34.3235
84879.2 34.3242
84912.5 34.3249
84945.8 34.3257
84979.2 34.3264
85012.5 34.3271
85045.8 34.3278
85079.2 34.3285
85112.5 34.3292
85145.8 34.3299
85179.1 34.3307
85212.5 34.3314
85245.8 34.3321
85279.1 34.3328
85312.5 34.3335
85345.8 34.3342
85379.1 34.3349
85412.5 34.3356
85445.8 34.3364
85479.1 34.3371
85512.5 34.3378
85545.8 34.3385
85579.2 34.3392
85612.5 34.3399
85645.8 34.3406
85679.2 34.3413
85712.5 34.342
85745.9 34.3427
85779.2 34.3435
85812.6 34.3442
85845.9 34.3449
85879.2 34.3456
85912.6 34.3463
85945.9 34.347
85979.3 34.3477
86012.6 34.3484
86046 34.3491
86079.3 34.3498
86112.7 34.3505
86146 34.3512
86179.4 34.3519
86212.7 34.3526
86246.1 34.3533
86279.4 34.354
86312.8 34.3548
86346.1 34.3555
86379.5 34.3562
86412.9 34.3569
86446.2 34.3576
86479.6 34.3583
86512.9 34.359
86546.3 34.3597
86579.6 34.3604
86613 34.3611
86646.4 34.3618
86679.7 34.3625
86713.1 34.3632
86746.4 34.3639
86779.8 34.3646
86813.2 34.3653
86846.5 34.366
86879.9 34.3667
86913.3 34.3674
86946.6 34.3681
86980 34.3688
87013.4 34.3695
87046.8 34.3702
87080.1 34.3709
87113.5 34.3716
87146.9 34.3723
87180.2 34.373
87213.6 34.3737
87247 34.3744
87280.4 34.3751
87313.7 34.3757
87347.1 34.3764
87380.5 34.3771
87413.9 34.3778
87447.2 34.3785
87480.6 34.3792
87514 34.3799
87547.4 34.3806
87580.8 34.3813
87614.1 34.382
87647.5 34.3827
87680.9 34.3834
87714.3 34.3841
87747.7 34.3848
87781.1 34.3855
87814.4 34.3862
87847.8 34.3868
87881.2 34.3875
87914.6 34.3882
87948 34.3889
87981.4 34.3896
88014.8 34.3903
88048.2 34.391
88081.6 34.3917
88114.9 34.3924
88148.3 34.3931
88181.7 34.3937
88215.1 34.3944
88248.5 34.3951
88281.9 34.3958
88315.3 34.3965
88348.7 34.3972
88382.1 34.3979
88415.5 34.3986
88448.9 34.3992
88482.3 34.3999
88515.7 34.4006
88549.1 34.4013
88582.5 34.402
88615.9 34.4027
88649.3 34.4034
88682.7 34.404
88716.1 34.4047
88749.5 34.4054
88782.9 34.4061
88816.3 34.4068
88849.7 34.4075
88883.1 34.4081
88916.5 34.4088
88950 34.4095
88983.4 34.4102
89016.8 34.4109
89050.2 34.4116
89083.6 34.4122
89117 34.4129
89150.4 34.4136
89183.8 34.4143
89217.3 34.415
89250.7 34.4156
89284.1 34.4163
89317.5 34.417
89350.9 34.4177
89384.3 34.4184
89417.8 34.419
89451.2 34.4197
89484.6 34.4204
89518 34.4211
89551.4 34.4217
89584.9 34.4224
89618.3 34.4231
89651.7 34.4238
89685.1 34.4245
89718.5 34.4251
89752 34.4258
89785.4 34.4265
89818.8 34.4272
89852.3 34.4278
89885.7 34.4285
89919.1 34.4292
89952.5 34.4299
89986 34.4305
90019.4 34.4312
90052.8 34.4319
90086.3 34.4326
90119.7 34.4332
90153.1 34.4339
90186.6 34.4346
90220 34.4352
90253.4 34.4359
90286.9 34.4366
90320.3 34.4373
90353.8 34.4379
90387.2 34.4386
90420.6 34.4393
90454.1 34.4399
90487.5 34.4406
90520.9 34.4413
90554.4 34.442
90587.8 34.4426
90621.3 34.4433
90654.7 34.444
90688.2 34.4446
90721.6 34.4453
90755 34.446
90788.5 34.4466
90821.9 34.4473
90855.4 34.448
90888.8 34.4486
90922.3 34.4493
90955.7 34.45
90989.2 34.4506
91022.6 34.4513
91056.1 34.452
91089.5 34.4527
91123 34.4533
91156.4 34.454
91189.9 34.4546
91223.4 34.4553
91256.8 34.456
91290.3 34.4566
91323.7 34.4573
91357.2 34.458
91390.6 34.4586
91424.1 34.4593
91457.6 34.46
91491 34.4606
91524.5 34.4613
91557.9 34.4619
91591.4 34.4626
91624.9 34.4633
91658.3 34.4639
91691.8 34.4646
91725.2 34.4653
91758.7 34.4659
91792.2 34.4666
91825.6 34.4672
91859.1 34.4679
91892.6 34.4686
91926.1 34.4692
91959.5 34.4699
91993 34.4705
92026.5 34.4712
92059.9 34.4719
92093.4 34.4725
92126.9 34.4732
92160.3 34.4738
92193.8 34.4745
92227.3 34.4751
92260.8 34.4758
92294.3 34.4765
92327.7 34.4771
92361.2 34.4778
92394.7 34.4784
92428.2 34.4791
92461.6 34.4797
92495.1 34.4804
92528.6 34.4811
92562.1 34.4817
92595.6 34.4824
92629 34.483
92662.5 34.4837
92696 34.4843
92729.5 34.485
92763 34.4856
92796.5 34.4863
92829.9 34.4869
92863.4 34.4876
92896.9 34.4882
92930.4 34.4889
92963.9 34.4895
92997.4 34.4902
93030.9 34.4909
93064.4 34.4915
93097.9 34.4922
93131.4 34.4928
93164.8 34.4935
93198.3 34.4941
93231.8 34.4948
93265.3 34.4954
93298.8 34.4961
93332.3 34.4967
93365.8 34.4974
93399.3 34.498
93432.8 34.4987
93466.3 34.4993
93499.8 34.5
93533.3 34.5006
93566.8 34.5012
93600.3 34.5019
93633.8 34.5025
93667.3 34.5032
93700.8 34.5038
93734.3 34.5045
93767.8 34.5051
93801.3 34.5058
93834.8 34.5064
93868.3 34.5071
93901.8 34.5077
93935.4 34.5084
93968.9 34.509
94002.4 34.5096
94035.9 34.5103
94069.4 34.5109
94102.9 34.5116
94136.4 34.5122
94169.9 34.5129
94203.4 34.5135
94236.9 34.5142
94270.5 34.5148
94304 34.5154
94337.5 34.5161
94371 34.5167
94404.5 34.5174
94438 34.518
94471.6 34.5187
94505.1 34.5193
94538.6 34.5199
94572.1 34.5206
94605.6 34.5212
94639.2 34.5219
94672.7 34.5225
94706.2 34.5231
94739.7 34.5238
94773.3 34.5244
94806.8 34.5251
94840.3 34.5257
94873.8 34.5263
94907.3 34.527
94940.9 34.5276
94974.4 34.5282
95007.9 34.5289
95041.5 34.5295
95075 34.5302
95108.5 34.5308
95142.1 34.5314
95175.6 34.5321
95209.1 34.5327
95242.6 34.5333
95276.2 34.534
95309.7 34.5346
95343.2 34.5353
95376.8 34.5359
95410.3 34.5365
95443.9 34.5372
95477.4 34.5378
95510.9 34.5384
95544.5 34.5391
95578 34.5397
95611.6 34.5403
95645.1 34.541
95678.6 34.5416
95712.2 34.5422
95745.7 34.5429
95779.3 34.5435
95812.8 34.5441
95846.3 34.5448
95879.9 34.5454
95913.4 34.546
95947 34.5467
95980.5 34.5473
96014.1 34.5479
96047.6 34.5485
96081.2 34.5492
96114.7 34.5498
96148.3 34.5504
96181.8 34.5511
96215.4 34.5517
96248.9 34.5523
96282.5 34.553
96316 34.5536
96349.6 34.5542
96383.1 34.5548
96416.7 34.5555
96450.3 34.5561
96483.8 34.5567
96517.4 34.5574
96550.9 34.558
96584.5 34.5586
96618 34.5592
96651.6 34.5599
96685.2 34.5605
96718.7 34.5611
96752.3 34.5617
96785.8 34.5624
96819.4 34.563
96853 34.5636
96886.5 34.5642
96920.1 34.5649
96953.7 34.5655
96987.2 34.5661
97020.8 34.5667
97054.4 34.5674
97087.9 34.568
97121.5 34.5686
97155.1 34.5692
97188.6 34.5699
97222.2 34.5705
97255.8 34.5711
97289.3 34.5717
97322.9 34.5723
97356.5 34.573
97390.1 34.5736
97423.6 34.5742
97457.2 34.5748
97490.8 34.5755
97524.4 34.5761
97557.9 34.5767
97591.5 34.5773
97625.1 34.5779
97658.7 34.5786
97692.2 34.5792
97725.8 34.5798
97759.4 34.5804
97793 34.581
97826.6 34.5817
97860.1 34.5823
97893.7 34.5829
97927.3 34.5835
97960.9 34.5841
97994.5 34.5847
98028.1 34.5854
98061.6 34.586
98095.2 34.5866
98128.8 34.5872
98162.4 34.5878
98196 34.5885
98229.6 34.5891
98263.2 34.5897
98296.8 34.5903
98330.3 34.5909
98363.9 34.5915
98397.5 34.5921
98431.1 34.5928
98464.7 34.5934
98498.3 34.594
98531.9 34.5946
98565.5 34.5952
98599.1 34.5958
98632.7 34.5964
98666.3 34.5971
98699.9 34.5977
98733.5 34.5983
98767.1 34.5989
98800.7 34.5995
98834.3 34.6001
98867.9 34.6007
98901.5 34.6013
98935.1 34.602
98968.7 34.6026
99002.3 34.6032
99035.9 34.6038
99069.5 34.6044
99103.1 34.605
99136.7 34.6056
99170.3 34.6062
99203.9 34.6068
99237.5 34.6074
99271.1 34.6081
99304.7 34.6087
99338.4 34.6093
99372 34.6099
99405.6 34.6105
99439.2 34.6111
99472.8 34.6117
99506.4 34.6123
99540 34.6129
99573.6 34.6135
99607.2 34.6141
99640.9 34.6147
99674.5 34.6154
99708.1 34.616
99741.7 34.6166
99775.3 34.6172
99808.9 34.6178
99842.6 34.6184
99876.2 34.619
99909.8 34.6196
99943.4 34.6202
99977 34.6208
100011 34.6214
100044 34.622
100078 34.6226
100112 34.6232
100145 34.6238
100179 34.6244
100212 34.625
100246 34.6256
100280 34.6262
100313 34.6269
100347 34.6275
100381 34.6281
100414 34.6287
100448 34.6293
100481 34.6299
100515 34.6305
100549 34.6311
100582 34.6317
100616 34.6323
100650 34.6329
100683 34.6335
100717 34.6341
100750 34.6347
100784 34.6353
100818 34.6359
100851 34.6365
100885 34.6371
100919 34.6377
100952 34.6383
100986 34.6389
101020 34.6395
101053 34.6401
101087 34.6407
101120 34.6413
101154 34.6419
101188 34.6425
101221 34.6431
101255 34.6437
101289 34.6443
101322 34.6449
101356 34.6454
101390 34.646
101423 34.6466
101457 34.6472
101491 34.6478
101524 34.6484
101558 34.649
101592 34.6496
101625 34.6502
101659 34.6508
101692 34.6514
101726 34.652
101760 34.6526
101793 34.6532
101827 34.6538
101861 34.6544
101894 34.655
101928 34.6556
101962 34.6562
101995 34.6567
102029 34.6573
102063 34.6579
102096 34.6585
102130 34.6591
102164 34.6597
102197 34.6603
102231 34.6609
102265 34.6615
102298 34.6621
102332 34.6627
102366 34.6632
102399 34.6638
102433 34.6644
102467 34.665
102500 34.6656
102534 34.6662
102568 34.6668
102601 34.6674
102635 34.668
102669 34.6686
102702 34.6691
102736 34.6697
102770 34.6703
102803 34.6709
102837 34.6715
102871 34.6721
102904 34.6727
102938 34.6733
102972 34.6738
103005 34.6744
103039 34.675
103073 34.6756
103106 34.6762
103140 34.6768
103174 34.6774
103207 34.678
103241 34.6785
103275 34.6791
103308 34.6797
103342 34.6803
103376 34.6809
103409 34.6815
103443 34.682
103477 34.6826
103510 34.6832
103544 34.6838
103578 34.6844
103612 34.685
103645 34.6855
103679 34.6861
103713 34.6867
103746 34.6873
103780 34.6879
103814 34.6885
103847 34.689
103881 34.6896
103915 34.6902
103948 34.6908
103982 34.6914
104016 34.692
104049 34.6925
104083 34.6931
104117 34.6937
104151 34.6943
104184 34.6949
104218 34.6954
104252 34.696
104285 34.6966
104319 34.6972
104353 34.6978
104386 34.6983
104420 34.6989
104454 34.6995
104488 34.7001
104521 34.7006
104555 34.7012
104589 34.7018
104622 34.7024
104656 34.703
104690 34.7035
104723 34.7041
104757 34.7047
104791 34.7053
104825 34.7058
104858 34.7064
104892 34.707
104926 34.7076
104959 34.7081
104993 34.7087
105027 34.7093
105061 34.7099
105094 34.7104
105128 34.711
105162 34.7116
105195 34.7122
105229 34.7127
105263 34.7133
105296 34.7139
105330 34.7145
105364 34.715
105398 34.7156
105431 34.7162
105465 34.7167
105499 34.7173
105533 34.7179
105566 34.7185
105600 34.719
105634 34.7196
105667 34.7202
105701 34.7208
105735 34.7213
105769 34.7219
105802 34.7225
105836 34.723
105870 34.7236
105903 34.7242
105937 34.7248
105971 34.7253
106005 34.7259
106038 34.7265
106072 34.727
106106 34.7276
106140 34.7282
106173 34.7287
106207 34.7293
106241 34.7299
106274 34.7304
106308 34.731
106342 34.7316
106376 34.7321
106409 34.7327
106443 34.7333
106477 34.7338
106511 34.7344
106544 34.735
106578 34.7356
106612 34.7361
106645 34.7367
106679 34.7372
106713 34.7378
106747 34.7384
106780 34.7389
106814 34.7395
106848 34.7401
106882 34.7406
106915 34.7412
106949 34.7418
106983 34.7423
107017 34.7429
107050 34.7435
107084 34.744
107118 34.7446
107152 34.7452
107185 34.7457
107219 34.7463
107253 34.7468
107287 34.7474
107320 34.748
107354 34.7485
107388 34.7491
107422 34.7497
107455 34.7502
107489 34.7508
107523 34.7513
107557 34.7519
107590 34.7525
107624 34.753
107658 34.7536
107692 34.7541
107725 34.7547
107759 34.7553
107793 34.7558
107827 34.7564
107860 34.7569
107894 34.7575
107928 34.7581
107962 34.7586
107995 34.7592
108029 34.7597
108063 34.7603
108097 34.7609
108130 34.7614
108164 34.762
108198 34.7625
108232 34.7631
108265 34.7636
108299 34.7642
108333 34.7648
108367 34.7653
108401 34.7659
108434 34.7664
108468 34.767
108502 34.7675
108536 34.7681
108569 34.7687
108603 34.7692
108637 34.7698
108671 34.7703
108704 34.7709
108738 34.7714
108772 34.772
108806 34.7725
108840 34.7731
108873 34.7736
108907 34.7742
108941 34.7748
108975 34.7753
109008 34.7759
109042 34.7764
109076 34.777
109110 34.7775
109144 34.7781
109177 34.7786
109211 34.7792
109245 34.7797
109279 34.7803
109312 34.7808
109346 34.7814
109380 34.7819
109414 34.7825
109448 34.7831
109481 34.7836
109515 34.7841
109549 34.7847
109583 34.7852
109616 34.7858
109650 34.7863
109684 34.7869
109718 34.7874
109752 34.788
109785 34.7885
109819 34.7891
109853 34.7896
109887 34.7902
109921 34.7907
109954 34.7913
109988 34.7918
110022 34.7924
110056 34.7929
110090 34.7935
110123 34.794
110157 34.7946
110191 34.7951
110225 34.7957
110258 34.7962
110292 34.7968
110326 34.7973
110360 34.7979
110394 34.7984
110427 34.799
110461 34.7995
110495 34.8
110529 34.8006
110563 34.8011
110596 34.8017
110630 34.8022
110664 34.8028
110698 34.8033
110732 34.8039
110765 34.8044
110799 34.805
110833 34.8055
110867 34.806
110901 34.8066
110935 34.8071
110968 34.8077
111002 34.8082
111036 34.8088
111070 34.8093
111104 34.8098
111137 34.8104
111171 34.8109
111205 34.8115
111239 34.812
111273 34.8126
111306 34.8131
111340 34.8136
111374 34.8142
111408 34.8147
111442 34.8153
111475 34.8158
111509 34.8163
111543 34.8169
111577 34.8174
111611 34.818
111645 34.8185
111678 34.8191
111712 34.8196
111746 34.8201
111780 34.8207
111814 34.8212
111848 34.8217
111881 34.8223
111915 34.8228
111949 34.8234
111983 34.8239
112017 34.8244
112050 34.825
112084 34.8255
112118 34.826
112152 34.8266
112186 34.8271
112220 34.8277
112253 34.8282
112287 34.8287
112321 34.8293
112355 34.8298
112389 34.8304
112423 34.8309
112456 34.8314
112490 34.832
112524 34.8325
112558 34.833
112592 34.8336
112626 34.8341
112659 34.8346
112693 34.8352
112727 34.8357
112761 34.8362
112795 34.8368
112829 34.8373
112862 34.8378
112896 34.8384
112930 34.8389
112964 34.8394
112998 34.84
113032 34.8405
113065 34.841
113099 34.8416
113133 34.8421
113167 34.8426
113201 34.8432
113235 34.8437
113268 34.8442
113302 34.8448
113336 34.8453
113370 34.8458
113404 34.8464
113438 34.8469
113472 34.8474
113505 34.848
113539 34.8485
113573 34.849
113607 34.8495
113641 34.8501
113675 34.8506
113708 34.8511
113742 34.8517
113776 34.8522
113810 34.8527
113844 34.8533
113878 34.8538
113912 34.8543
113945 34.8549
113979 34.8554
114013 34.8559
114047 34.8564
114081 34.857
114115 34.8575
114149 34.858
114182 34.8585
114216 34.8591
114250 34.8596
114284 34.8601
114318 34.8607
114352 34.8612
114386 34.8617
114419 34.8622
114453 34.8628
114487 34.8633
114521 34.8638
114555 34.8643
114589 34.8649
114623 34.8654
114657 34.8659
114690 34.8664
114724 34.867
114758 34.8675
114792 34.868
114826 34.8685
114860 34.8691
114894 34.8696
114927 34.8701
114961 34.8706
114995 34.8712
115029 34.8717
115063 34.8722
115097 34.8727
115131 34.8733
115165 34.8738
115198 34.8743
115232 34.8748
115266 34.8753
115300 34.8759
115334 34.8764
115368 34.8769
115402 34.8774
115436 34.878
115469 34.8785
115503 34.879
115537 34.8795
115571 34.8801
115605 34.8806
115639 34.8811
115673 34.8816
115707 34.8821
115741 34.8827
115774 34.8832
115808 34.8837
115842 34.8842
115876 34.8847
115910 34.8853
115944 34.8858
115978 34.8863
116012 34.8868
116045 34.8873
116079 34.8878
116113 34.8884
116147 34.8889
116181 34.8894
116215 34.8899
116249 34.8904
116283 34.891
116317 34.8915
116350 34.892
116384 34.8925
116418 34.893
116452 34.8936
116486 34.8941
116520 34.8946
116554 34.8951
116588 34.8956
116622 34.8961
116656 34.8966
116689 34.8972
116723 34.8977
116757 34.8982
116791 34.8987
116825 34.8992
116859 34.8997
116893 34.9002
116927 34.9008
116961 34.9013
116995 34.9018
117028 34.9023
117062 34.9028
117096 34.9033
117130 34.9039
117164 34.9044
117198 34.9049
117232 34.9054
117266 34.9059
117300 34.9064
117334 34.9069
117367 34.9075
117401 34.908
117435 34.9085
117469 34.909
117503 34.9095
117537 34.91
117571 34.9105
117605 34.911
117639 34.9115
117673 34.9121
117707 34.9126
117740 34.9131
117774 34.9136
117808 34.9141
117842 34.9146
117876 34.9151
117910 34.9156
117944 34.9161
117978 34.9167
118012 34.9172
118046 34.9177
118080 34.9182
118114 34.9187
118147 34.9192
118181 34.9197
118215 34.9202
118249 34.9207
118283 34.9212
118317 34.9218
118351 34.9223
118385 34.9228
118419 34.9233
118453 34.9238
118487 34.9243
118521 34.9248
118555 34.9253
118588 34.9258
118622 34.9263
118656 34.9268
118690 34.9273
118724 34.9278
118758 34.9283
118792 34.9289
118826 34.9294
118860 34.9299
118894 34.9304
118928 34.9309
118962 34.9314
118996 34.9319
119030 34.9324
119063 34.9329
119097 34.9334
119131 34.9339
119165 34.9344
119199 34.9349
119233 34.9354
119267 34.9359
119301 34.9364
119335 34.9369
119369 34.9374
119403 34.938
119437 34.9385
119471 34.939
119505 34.9395
119539 34.94
119572 34.9405
119606 34.941
119640 34.9415
119674 34.942
119708 34.9425
119742 34.943
119776 34.9435
119810 34.944
119844 34.9445
119878 34.945
119912 34.9455
119946 34.946
119980 34.9465
120014 34.947
120048 34.9475
120082 34.948
120116 34.9485
120150 34.949
120183 34.9495
120217 34.95
120251 34.9505
120285 34.951
120319 34.9515
120353 34.952
120387 34.9525
120421 34.953
120455 34.9535
120489 34.954
120523 34.9545
120557 34.955
120591 34.9555
120625 34.956
120659 34.9565
120693 34.957
120727 34.9575
120761 34.958
120795 34.9585
120829 34.959
120863 34.9595
120897 34.96
120931 34.9605
120964 34.961
120998 34.9615
121032 34.962
121066 34.9625
121100 34.963
121134 34.9635
121168 34.964
121202 34.9645
121236 34.965
121270 34.9654
121304 34.9659
121338 34.9664
121372 34.9669
121406 34.9674
121440 34.9679
121474 34.9684
121508 34.9689
121542 34.9694
121576 34.9699
121610 34.9704
121644 34.9709
121678 34.9714
121712 34.9719
121746 34.9724
121780 34.9729
121814 34.9734
121848 34.9739
121882 34.9744
121916 34.9748
121950 34.9753
121984 34.9758
122017 34.9763
122051 34.9768
122085 34.9773
122119 34.9778
122153 34.9783
122187 34.9788
122221 34.9793
122255 34.9798
122289 34.9803
122323 34.9808
122357 34.9812
122391 34.9817
122425 34.9822
122459 34.9827
122493 34.9832
122527 34.9837
122561 34.9842
122595 34.9847
122629 34.9852
122663 34.9857
122697 34.9862
122731 34.9867
122765 34.9871
122799 34.9876
122833 34.9881
122867 34.9886
122901 34.9891
122935 34.9896
122969 34.9901
123003 34.9906
123037 34.991
123071 34.9915
123105 34.992
123139 34.9925
123173 34.993
123207 34.9935
123241 34.994
123275 34.9945
123309 34.995
123343 34.9954
123377 34.9959
123411 34.9964
123445 34.9969
123479 34.9974
123513 34.9979
123547 34.9984
123581 34.9989
123615 34.9993
123649 34.9998
123683 35.0003
123717 35.0008
123751 35.0013
123785 35.0018
123819 35.0023
123853 35.0027
123887 35.0032
123921 35.0037
123955 35.0042
123989 35.0047
124023 35.0052
124057 35.0056
124091 35.0061
124125 35.0066
124159 35.0071
124193 35.0076
124227 35.0081
124261 35.0085
124295 35.009
124329 35.0095
124363 35.01
124397 35.0105
124431 35.011
124465 35.0115
124499 35.0119
124533 35.0124
124567 35.0129
124601 35.0134
124635 35.0139
124669 35.0143
124703 35.0148
124737 35.0153
124771 35.0158
124805 35.0163
124839 35.0168
124873 35.0172
124907 35.0177
124941 35.0182
124975 35.0187
125009 35.0192
125043 35.0196
125077 35.0201
125111 35.0206
125145 35.0211
125179 35.0216
125213 35.022
125247 35.0225
125281 35.023
125315 35.0235
125349 35.024
125384 35.0244
125418 35.0249
125452 35.0254
125486 35.0259
125520 35.0264
125554 35.0268
125588 35.0273
125622 35.0278
125656 35.0283
125690 35.0287
125724 35.0292
125758 35.0297
125792 35.0302
125826 35.0307
125860 35.0311
125894 35.0316
125928 35.0321
125962 35.0326
125996 35.033
126030 35.0335
126064 35.034
126098 35.0345
126132 35.0349
126166 35.0354
126200 35.0359
126234 35.0364
126268 35.0369
126302 35.0373
126336 35.0378
126370 35.0383
126404 35.0388
126438 35.0392
126473 35.0397
126507 35.0402
126541 35.0407
126575 35.0411
126609 35.0416
126643 35.0421
126677 35.0426
126711 35.043
126745 35.0435
126779 35.044
126813 35.0444
126847 35.0449
126881 35.0454
126915 35.0459
126949 35.0463
126983 35.0468
127017 35.0473
127051 35.0478
127085 35.0482
127119 35.0487
127153 35.0492
127187 35.0496
127222 35.0501
127256 35.0506
127290 35.0511
127324 35.0515
127358 35.052
127392 35.0525
127426 35.053
127460 35.0534
127494 35.0539
127528 35.0544
127562 35.0548
127596 35.0553
127630 35.0558
127664 35.0563
127698 35.0567
127732 35.0572
127766 35.0577
127800 35.0581
127834 35.0586
127869 35.0591
127903 35.0595
127937 35.06
127971 35.0605
128005 35.0609
128039 35.0614
128073 35.0619
128107 35.0624
128141 35.0628
128175 35.0633
128209 35.0638
128243 35.0642
128277 35.0647
128311 35.0652
128345 35.0656
128379 35.0661
128414 35.0666
128448 35.067
128482 35.0675
128516 35.068
128550 35.0684
128584 35.0689
128618 35.0694
128652 35.0698
128686 35.0703
128720 35.0708
128754 35.0712
128788 35.0717
128822 35.0722
128856 35.0726
128891 35.0731
128925 35.0736
128959 35.074
128993 35.0745
129027 35.075
129061 35.0754
129095 35.0759
129129 35.0764
129163 35.0768
129197 35.0773
129231 35.0778
129265 35.0782
129299 35.0787
129334 35.0791
129368 35.0796
129402 35.0801
129436 35.0805
129470 35.081
129504 35.0815
129538 35.0819
129572 35.0824
129606 35.0829
129640 35.0833
129674 35.0838
129708 35.0842
129742 35.0847
129777 35.0852
129811 35.0856
129845 35.0861
129879 35.0866
129913 35.087
129947 35.0875
129981 35.0879
130015 35.0884
130049 35.0889
130083 35.0893
130117 35.0898
130152 35.0902
130186 35.0907
130220 35.0912
130254 35.0916
130288 35.0921
130322 35.0926
130356 35.093
130390 35.0935
130424 35.0939
130458 35.0944
130492 35.0949
130527 35.0953
130561 35.0958
130595 35.0962
130629 35.0967
130663 35.0972
130697 35.0976
130731 35.0981
130765 35.0985
130799 35.099
130833 35.0994
130868 35.0999
130902 35.1004
130936 35.1008
130970 35.1013
131004 35.1017
131038 35.1022
131072 35.1026
131106 35.1031
131140 35.1036
131174 35.104
131209 35.1045
131243 35.1049
131277 35.1054
131311 35.1059
131345 35.1063
131379 35.1068
131413 35.1072
131447 35.1077
131481 35.1081
131516 35.1086
131550 35.1091
131584 35.1095
131618 35.11
131652 35.1104
131686 35.1109
131720 35.1113
131754 35.1118
131788 35.1122
131823 35.1127
131857 35.1132
131891 35.1136
131925 35.1141
131959 35.1145
131993 35.115
132027 35.1154
132061 35.1159
132095 35.1163
132130 35.1168
132164 35.1172
132198 35.1177
132232 35.1181
132266 35.1186
132300 35.1191
132334 35.1195
132368 35.12
132403 35.1204
132437 35.1209
132471 35.1213
132505 35.1218
132539 35.1222
132573 35.1227
132607 35.1231
132641 35.1236
132676 35.124
132710 35.1245
132744 35.125
132778 35.1254
132812 35.1259
132846 35.1263
132880 35.1268
132914 35.1272
132949 35.1277
132983 35.1281
133017 35.1286
133051 35.129
133085 35.1295
133119 35.1299
133153 35.1304
133187 35.1308
133222 35.1313
133256 35.1317
133290 35.1322
133324 35.1326
133358 35.1331
133392 35.1335
133426 35.134
133460 35.1344
133495 35.1349
133529 35.1353
133563 35.1358
133597 35.1362
133631 35.1367
133665 35.1371
133699 35.1376
133734 35.138
133768 35.1385
133802 35.1389
133836 35.1394
133870 35.1398
133904 35.1402
133938 35.1407
133973 35.1411
134007 35.1416
134041 35.142
134075 35.1425
134109 35.1429
134143 35.1434
134177 35.1438
134212 35.1443
134246 35.1447
134280 35.1452
134314 35.1456
134348 35.146
134382 35.1465
134416 35.1469
134451 35.1474
134485 35.1478
134519 35.1483
134553 35.1487
134587 35.1492
134621 35.1496
134655 35.1501
134690 35.1505
134724 35.151
134758 35.1514
134792 35.1518
134826 35.1523
134860 35.1527
134895 35.1532
134929 35.1536
134963 35.1541
134997 35.1545
135031 35.155
135065 35.1554
135099 35.1558
135134 35.1563
135168 35.1567
135202 35.1572
135236 35.1576
135270 35.1581
135304 35.1585
135339 35.1589
135373 35.1594
135407 35.1598
135441 35.1603
135475 35.1607
135509 35.1612
135543 35.1616
135578 35.162
135612 35.1625
135646 35.1629
135680 35.1634
135714 35.1638
135748 35.1643
135783 35.1647
135817 35.1651
135851 35.1656
135885 35.166
135919 35.1665
135953 35.1669
135988 35.1674
136022 35.1678
136056 35.1682
136090 35.1687
136124 35.1691
136158 35.1696
136193 35.17
136227 35.1704
136261 35.1709
136295 35.1713
136329 35.1717
136364 35.1722
136398 35.1726
136432 35.1731
136466 35.1735
136500 35.1739
136534 35.1744
136569 35.1748
136603 35.1753
136637 35.1757
136671 35.1761
136705 35.1766
136739 35.177
136774 35.1774
136808 35.1779
136842 35.1783
136876 35.1788
136910 35.1792
136944 35.1796
136979 35.1801
137013 35.1805
137047 35.181
137081 35.1814
137115 35.1818
137150 35.1823
137184 35.1827
137218 35.1832
137252 35.1836
137286 35.184
137320 35.1845
137355 35.1849
137389 35.1853
137423 35.1858
137457 35.1862
137491 35.1866
137526 35.1871
137560 35.1875
137594 35.1879
137628 35.1884
137662 35.1888
137697 35.1892
137731 35.1897
137765 35.1901
137799 35.1905
137833 35.191
137867 35.1914
137902 35.1918
137936 35.1923
137970 35.1927
138004 35.1932
138038 35.1936
138073 35.194
138107 35.1945
138141 35.1949
138175 35.1953
138209 35.1958
138244 35.1962
138278 35.1966
138312 35.1971
138346 35.1975
138380 35.1979
138415 35.1984
138449 35.1988
138483 35.1992
138517 35.1997
138551 35.2001
138586 35.2005
138620 35.201
138654 35.2014
138688 35.2018
138722 35.2022
138757 35.2027
138791 35.2031
138825 35.2035
138859 35.204
138893 35.2044
138928 35.2048
138962 35.2053
138996 35.2057
139030 35.2061
139064 35.2066
139099 35.207
139133 35.2074
139167 35.2079
139201 35.2083
139235 35.2087
139270 35.2091
139304 35.2096
139338 35.21
139372 35.2104
139406 35.2109
139441 35.2113
139475 35.2117
139509 35.2122
139543 35.2126
139578 35.213
139612 35.2135
139646 35.2139
139680 35.2143
139714 35.2147
139749 35.2152
139783 35.2156
139817 35.216
139851 35.2164
139886 35.2169
139920 35.2173
139954 35.2177
139988 35.2182
140022 35.2186
140057 35.219
140091 35.2194
140125 35.2199
140159 35.2203
140193 35.2207
140228 35.2211
140262 35.2216
140296 35.222
140330 35.2224
140365 35.2229
140399 35.2233
140433 35.2237
140467 35.2241
140501 35.2246
140536 35.225
140570 35.2254
140604 35.2258
140638 35.2263
140673 35.2267
140707 35.2271
140741 35.2276
140775 35.228
140809 35.2284
140844 35.2288
140878 35.2292
140912 35.2297
140946 35.2301
140981 35.2305
141015 35.2309
141049 35.2314
141083 35.2318
141118 35.2322
141152 35.2326
141186 35.2331
141220 35.2335
141255 35.2339
141289 35.2343
141323 35.2348
141357 35.2352
141391 35.2356
141426 35.236
141460 35.2364
141494 35.2369
141528 35.2373
141563 35.2377
141597 35.2381
141631 35.2386
141665 35.239
141700 35.2394
141734 35.2398
141768 35.2403
141802 35.2407
141837 35.2411
141871 35.2415
141905 35.242
141939 35.2424
141973 35.2428
142008 35.2432
142042 35.2436
142076 35.2441
142110 35.2445
142145 35.2449
142179 35.2453
142213 35.2457
142247 35.2462
142282 35.2466
142316 35.247
142350 35.2474
142384 35.2478
142419 35.2483
142453 35.2487
142487 35.2491
142521 35.2495
142556 35.2499
142590 35.2504
142624 35.2508
142658 35.2512
142693 35.2516
142727 35.252
142761 35.2525
142795 35.2529
142830 35.2533
142864 35.2537
142898 35.2541
142932 35.2546
142967 35.255
143001 35.2554
143035 35.2558
143069 35.2562
143104 35.2567
143138 35.2571
143172 35.2575
143206 35.2579
143241 35.2583
143275 35.2588
143309 35.2592
143344 35.2596
143378 35.26
143412 35.2604
143446 35.2608
143481 35.2612
143515 35.2617
143549 35.2621
143583 35.2625
143618 35.2629
143652 35.2633
143686 35.2637
143720 35.2642
143755 35.2646
143789 35.265
143823 35.2654
143858 35.2658
143892 35.2662
143926 35.2667
143960 35.2671
143995 35.2675
144029 35.2679
144063 35.2683
144097 35.2687
144132 35.2691
144166 35.2696
144200 35.27
144234 35.2704
144269 35.2708
144303 35.2712
144337 35.2716
144372 35.2721
144406 35.2725
144440 35.2729
144474 35.2733
144509 35.2737
144543 35.2741
144577 35.2746
144611 35.275
144646 35.2754
144680 35.2758
144714 35.2762
144749 35.2766
144783 35.277
144817 35.2774
144851 35.2778
144886 35.2783
144920 35.2787
144954 35.2791
144989 35.2795
145023 35.2799
145057 35.2803
145091 35.2807
145126 35.2811
145160 35.2816
145194 35.282
145228 35.2824
145263 35.2828
145297 35.2832
145331 35.2836
145366 35.284
145400 35.2844
145434 35.2849
145468 35.2853
145503 35.2857
145537 35.2861
145571 35.2865
145606 35.2869
145640 35.2873
145674 35.2877
145708 35.2881
145743 35.2886
145777 35.289
145811 35.2894
145846 35.2898
145880 35.2902
145914 35.2906
145948 35.291
145983 35.2914
146017 35.2918
146051 35.2922
146086 35.2927
146120 35.2931
146154 35.2935
146189 35.2939
146223 35.2943
146257 35.2947
146291 35.2951
146326 35.2955
146360 35.2959
146394 35.2963
146429 35.2967
146463 35.2971
146497 35.2976
146531 35.298
146566 35.2984
146600 35.2988
146634 35.2992
146669 35.2996
146703 35.3
146737 35.3004
146772 35.3008
146806 35.3012
146840 35.3016
146874 35.302
146909 35.3025
146943 35.3029
146977 35.3033
147012 35.3037
147046 35.3041
147080 35.3045
147115 35.3049
147149 35.3053
147183 35.3057
147217 35.3061
147252 35.3065
147286 35.3069
147320 35.3073
147355 35.3077
147389 35.3081
147423 35.3086
147458 35.309
147492 35.3094
147526 35.3098
147561 35.3102
147595 35.3106
147629 35.311
147664 35.3114
147698 35.3118
147732 35.3122
147766 35.3126
147801 35.313
147835 35.3134
147869 35.3138
147904 35.3142
147938 35.3146
147972 35.315
148007 35.3154
148041 35.3158
148075 35.3162
148110 35.3166
148144 35.317
148178 35.3174
148213 35.3179
148247 35.3183
148281 35.3187
148315 35.3191
148350 35.3195
148384 35.3199
148418 35.3203
148453 35.3207
148487 35.3211
148521 35.3215
148556 35.3219
148590 35.3223
148624 35.3227
148659 35.3231
148693 35.3235
148727 35.3239
148762 35.3243
148796 35.3247
148830 35.3251
148865 35.3255
148899 35.3259
148933 35.3263
148968 35.3267
149002 35.3271
149036 35.3275
149071 35.3279
149105 35.3283
149139 35.3287
149174 35.3291
149208 35.3295
149242 35.3299
149277 35.3303
149311 35.3307
149345 35.3311
149380 35.3315
149414 35.3319
149448 35.3323
149483 35.3327
149517 35.3331
149551 35.3335
149586 35.3339
149620 35.3343
149654 35.3347
149689 35.3351
149723 35.3355
149757 35.3359
149792 35.3363
149826 35.3367
149860 35.3371
149895 35.3375
149929 35.3379
149963 35.3383
149998 35.3387
150032 35.3391
150066 35.3395
150101 35.3399
150135 35.3403
150169 35.3407
150204 35.3411
150238 35.3415
150272 35.3419
150307 35.3423
150341 35.3427
150375 35.3431
150410 35.3435
150444 35.3439
150478 35.3443
150513 35.3447
150547 35.3451
150581 35.3455
150616 35.3459
150650 35.3462
150684 35.3466
150719 35.347
150753 35.3474
150787 35.3478
150822 35.3482
150856 35.3486
150891 35.349
150925 35.3494
150959 35.3498
150994 35.3502
151028 35.3506
151062 35.351
151097 35.3514
151131 35.3518
151165 35.3522
151200 35.3526
151234 35.353
151268 35.3534
151303 35.3538
151337 35.3542
151371 35.3546
151406 35.355
151440 35.3554
151475 35.3558
151509 35.3561
151543 35.3565
151578 35.3569
151612 35.3573
151646 35.3577
151681 35.3581
151715 35.3585
151749 35.3589
151784 35.3593
151818 35.3597
151852 35.3601
151887 35.3605
151921 35.3609
151956 35.3613
151990 35.3616
152024 35.362
152059 35.3624
152093 35.3628
152127 35.3632
152162 35.3636
152196 35.364
152230 35.3644
152265 35.3648
152299 35.3652
152334 35.3656
152368 35.366
152402 35.3664
152437 35.3668
152471 35.3671
152505 35.3675
152540 35.3679
152574 35.3683
152608 35.3687
152643 35.3691
152677 35.3695
152712 35.3699
152746 35.3703
152780 35.3707
152815 35.3711
152849 35.3715
152883 35.3719
152918 35.3722
152952 35.3726
152987 35.373
153021 35.3734
153055 35.3738
153090 35.3742
153124 35.3746
153158 35.375
153193 35.3754
153227 35.3757
153262 35.3761
153296 35.3765
153330 35.3769
153365 35.3773
153399 35.3777
153433 35.3781
153468 35.3785
153502 35.3789
153537 35.3792
153571 35.3796
153605 35.38
153640 35.3804
153674 35.3808
153708 35.3812
153743 35.3816
153777 35.382
153812 35.3824
153846 35.3827
153880 35.3831
153915 35.3835
153949 35.3839
153983 35.3843
154018 35.3847
154052 35.3851
154087 35.3855
154121 35.3859
154155 35.3862
154190 35.3866
154224 35.387
154259 35.3874
154293 35.3878
154327 35.3882
154362 35.3886
154396 35.389
154431 35.3893
154465 35.3897
154499 35.3901
154534 35.3905
154568 35.3909
154603 35.3913
154637 35.3917
154671 35.392
154706 35.3924
154740 35.3928
154774 35.3932
154809 35.3936
154843 35.394
154878 35.3944
154912 35.3947
154946 35.3951
154981 35.3955
155015 35.3959
155050 35.3963
155084 35.3967
155118 35.397
155153 35.3974
155187 35.3978
155222 35.3982
155256 35.3986
155290 35.399
155325 35.3994
155359 35.3997
155394 35.4001
155428 35.4005
155462 35.4009
155497 35.4013
155531 35.4017
155566 35.4021
155600 35.4024
155634 35.4028
155669 35.4032
155703 35.4036
155738 35.404
155772 35.4044
155806 35.4047
155841 35.4051
155875 35.4055
155910 35.4059
155944 35.4063
155978 35.4067
156013 35.407
156047 35.4074
156082 35.4078
156116 35.4082
156150 35.4086
156185 35.4089
156219 35.4093
156254 35.4097
156288 35.4101
156323 35.4105
156357 35.4109
156391 35.4112
156426 35.4116
156460 35.412
156495 35.4124
156529 35.4128
156563 35.4131
156598 35.4135
156632 35.4139
156667 35.4143
156701 35.4147
156735 35.415
156770 35.4154
156804 35.4158
156839 35.4162
156873 35.4166
156908 35.417
156942 35.4173
156976 35.4177
157011 35.4181
157045 35.4185
157080 35.4189
157114 35.4192
157148 35.4196
157183 35.42
157217 35.4204
157252 35.4208
157286 35.4211
157321 35.4215
157355 35.4219
157389 35.4223
157424 35.4227
157458 35.423
157493 35.4234
157527 35.4238
157562 35.4242
157596 35.4245
157630 35.4249
157665 35.4253
157699 35.4257
157734 35.4261
157768 35.4264
157803 35.4268
157837 35.4272
157871 35.4276
157906 35.4279
157940 35.4283
157975 35.4287
158009 35.4291
158043 35.4295
158078 35.4298
158112 35.4302
158147 35.4306
158181 35.431
158216 35.4313
158250 35.4317
158285 35.4321
158319 35.4325
158353 35.4329
158388 35.4332
158422 35.4336
158457 35.434
158491 35.4344
158526 35.4347
158560 35.4351
158594 35.4355
158629 35.4359
158663 35.4363
158698 35.4366
158732 35.437
158767 35.4374
158801 35.4378
158836 35.4381
158870 35.4385
158904 35.4389
158939 35.4393
158973 35.4396
159008 35.44
159042 35.4404
159077 35.4408
159111 35.4411
159145 35.4415
159180 35.4419
159214 35.4422
159249 35.4426
159283 35.443
159318 35.4434
159352 35.4437
159387 35.4441
159421 35.4445
159455 35.4449
159490 35.4452
159524 35.4456
159559 35.446
159593 35.4464
159628 35.4467
159662 35.4471
159697 35.4475
159731 35.4479
159765 35.4482
159800 35.4486
159834 35.449
159869 35.4494
159903 35.4497
159938 35.4501
159972 35.4505
160007 35.4508
160041 35.4512
160076 35.4516
160110 35.452
160144 35.4523
160179 35.4527
160213 35.4531
160248 35.4535
160282 35.4538
160317 35.4542
160351 35.4546
160386 35.455
160420 35.4553
160454 35.4557
160489 35.4561
160523 35.4564
160558 35.4568
160592 35.4572
160627 35.4576
160661 35.4579
160696 35.4583
160730 35.4587
160765 35.459
160799 35.4594
160833 35.4598
160868 35.4601
160902 35.4605
160937 35.4609
160971 35.4613
161006 35.4616
161040 35.462
161075 35.4624
161109 35.4627
161144 35.4631
161178 35.4635
161213 35.4638
161247 35.4642
161282 35.4646
161316 35.465
161350 35.4653
161385 35.4657
161419 35.4661
161454 35.4664
161488 35.4668
161523 35.4672
161557 35.4675
161592 35.4679
161626 35.4683
