0 0
0.137971 -0.0810185
0.263013 -0.16198
0.375168 -0.242826
0.47449 -0.323498
0.56104 -0.403937
0.634889 -0.484084
0.696118 -0.563878
0.744816 -0.643261
0.78108 -0.722175
0.805015 -0.800562
0.816734 -0.878365
0.816359 -0.955529
0.804016 -1.032
0.77984 -1.10773
0.74397 -1.18267
0.696553 -1.25676
0.637738 -1.32997
0.567683 -1.40226
0.486546 -1.47358
0.394491 -1.5439
0.291685 -1.61319
0.178298 -1.68142
0.0545017 -1.74856
-0.0795293 -1.81459
-0.223619 -1.8795
-0.377591 -1.94325
-0.541267 -2.00586
-0.714469 -2.06729
-0.897017 -2.12755
-1.08874 -2.18664
-1.28944 -2.24455
-1.49897 -2.30128
-1.71713 -2.35684
-1.94376 -2.41124
-2.17867 -2.46448
-2.42171 -2.51658
-2.67269 -2.56754
-2.93146 -2.61739
-3.19785 -2.66613
-3.47169 -2.71379
-3.75283 -2.76037
-4.04111 -2.80591
-4.33637 -2.85042
-4.63846 -2.89391
-4.94724 -2.93642
-5.26255 -2.97796
-5.58426 -3.01855
-5.91222 -3.05822
-6.2463 -3.09698
-6.58637 -3.13486
-6.93229 -3.17188
-7.28393 -3.20806
-7.64118 -3.24342
-8.0039 -3.27799
-8.37199 -3.31178
-8.74533 -3.34482
-9.12379 -3.37712
-9.50728 -3.40871
-9.89568 -3.4396
-10.2889 -3.46982
-10.6868 -3.49937
-11.0894 -3.52829
-11.4964 -3.55659
-11.9079 -3.58429
-12.3237 -3.6114
-12.7437 -3.63793
-13.1679 -3.66392
-13.5962 -3.68936
-14.0284 -3.71428
-14.4646 -3.7387
-14.9046 -3.76261
-15.3483 -3.78605
-15.7957 -3.80902
-16.2468 -3.83154
-16.7013 -3.85361
-17.1594 -3.87525
-17.6209 -3.89648
-18.0856 -3.9173
-18.5537 -3.93773
-19.025 -3.95777
-19.4995 -3.97744
-19.977 -3.99674
-20.4576 -4.0157
-20.9412 -4.0343
-21.4278 -4.05258
-21.9172 -4.07052
-22.4095 -4.08815
-22.9045 -4.10547
-23.4023 -4.12249
-23.9028 -4.13921
-24.4059 -4.15565
-24.9116 -4.17182
-25.4199 -4.18771
-25.9307 -4.20333
-26.444 -4.2187
-26.9597 -4.23382
-27.4778 -4.24869
-27.9982 -4.26332
-28.521 -4.27772
-29.0461 -4.29189
-29.5734 -4.30585
-30.1029 -4.31958
-30.6346 -4.3331
-31.1685 -4.34642
-31.7044 -4.35953
-32.2425 -4.37245
-32.7826 -4.38518
-33.3247 -4.39772
-33.8688 -4.41007
-34.4149 -4.42225
-34.9629 -4.43425
-35.5128 -4.44608
-36.0646 -4.45774
-36.6183 -4.46924
-37.1738 -4.48058
-37.731 -4.49176
-38.2901 -4.50279
-38.8509 -4.51367
-39.4135 -4.5244
-39.9777 -4.53499
-40.5437 -4.54544
-41.1113 -4.55575
-41.6805 -4.56593
-42.2514 -4.57598
-42.8238 -4.58589
-43.3979 -4.59568
-43.9735 -4.60535
-44.5506 -4.61489
-45.1293 -4.62432
-45.7095 -4.63363
-46.2911 -4.64282
-46.8742 -4.65191
-47.4588 -4.66088
-48.0448 -4.66975
-48.6322 -4.67851
-49.2209 -4.68716
-49.8111 -4.69572
-50.4027 -4.70418
-50.9955 -4.71253
-51.5898 -4.7208
-52.1853 -4.72896
-52.7821 -4.73704
-53.3803 -4.74502
-53.9797 -4.75292
-54.5803 -4.76073
-55.1822 -4.76845
-55.7854 -4.77609
-56.3897 -4.78365
-56.9953 -4.79112
-57.602 -4.79852
-58.21 -4.80583
-58.819 -4.81307
-59.4293 -4.82023
-60.0407 -4.82732
-60.6532 -4.83434
-61.2669 -4.84128
-61.8816 -4.84815
-62.4975 -4.85496
-63.1144 -4.86169
-63.7324 -4.86836
-64.3515 -4.87496
-64.9716 -4.88149
-65.5928 -4.88797
-66.215 -4.89438
-66.8382 -4.90072
-67.4624 -4.90701
-68.0877 -4.91323
-68.7139 -4.9194
-69.3411 -4.92551
-69.9693 -4.93156
-70.5985 -4.93755
-71.2286 -4.94349
-71.8597 -4.94938
-72.4917 -4.95521
-73.1246 -4.96099
-73.7585 -4.96671
-74.3932 -4.97239
-75.0289 -4.97801
-75.6655 -4.98358
-76.303 -4.98911
-76.9413 -4.99458
-77.5806 -5.00001
-78.2206 -5.00539
-78.8616 -5.01073
-79.5034 -5.01602
-80.146 -5.02126
-80.7895 -5.02646
-81.4339 -5.03161
-82.079 -5.03673
-82.725 -5.0418
-83.3717 -5.04682
-84.0193 -5.05181
-84.6677 -5.05676
-85.3168 -5.06166
-85.9668 -5.06653
-86.6175 -5.07136
-87.269 -5.07614
-87.9212 -5.08089
-88.5742 -5.08561
-89.228 -5.09028
-89.8825 -5.09492
-90.5378 -5.09952
-91.1937 -5.10409
-91.8505 -5.10862
-92.5079 -5.11312
-93.1661 -5.11758
-93.8249 -5.12201
-94.4845 -5.1264
-95.1448 -5.13076
-95.8058 -5.13509
-96.4675 -5.13939
-97.1298 -5.14365
-97.7929 -5.14789
-98.4566 -5.15209
-99.121 -5.15626
-99.786 -5.16041
-100.452 -5.16452
-101.118 -5.1686
-101.785 -5.17265
-102.453 -5.17668
-103.121 -5.18068
-103.79 -5.18464
-104.46 -5.18858
-105.13 -5.1925
-105.801 -5.19638
-106.472 -5.20024
-107.144 -5.20407
-107.817 -5.20788
-108.49 -5.21166
-109.164 -5.21542
-109.839 -5.21915
-110.514 -5.22285
-111.19 -5.22653
-111.866 -5.23019
-112.543 -5.23382
-113.22 -5.23742
-113.898 -5.24101
-114.577 -5.24457
-115.256 -5.24811
-115.936 -5.25162
-116.616 -5.25511
-117.297 -5.25858
-117.978 -5.26203
-118.66 -5.26545
-119.343 -5.26886
-120.026 -5.27224
-120.709 -5.2756
-121.393 -5.27894
-122.078 -5.28226
-122.763 -5.28556
-123.449 -5.28884
-124.135 -5.2921
-124.822 -5.29534
-125.509 -5.29855
-126.197 -5.30175
-126.885 -5.30493
-127.574 -5.3081
-128.264 -5.31124
-128.953 -5.31436
-129.644 -5.31747
-130.335 -5.32055
-131.026 -5.32362
-131.718 -5.32667
-132.41 -5.32971
-133.103 -5.33272
-133.796 -5.33572
-134.49 -5.3387
-135.184 -5.34167
-135.879 -5.34461
-136.574 -5.34754
-137.27 -5.35046
-137.966 -5.35335
-138.662 -5.35623
-139.359 -5.3591
-140.057 -5.36195
-140.755 -5.36478
-141.453 -5.3676
-142.152 -5.3704
-142.851 -5.37319
-143.551 -5.37596
-144.251 -5.37872
-144.952 -5.38146
-145.653 -5.38418
-146.354 -5.38689
-147.056 -5.38959
-147.758 -5.39228
-148.461 -5.39494
-149.165 -5.3976
-149.868 -5.40024
-150.572 -5.40287
-151.277 -5.40548
-151.982 -5.40808
-152.687 -5.41067
-153.393 -5.41324
-154.099 -5.4158
-154.805 -5.41834
-155.512 -5.42088
-156.22 -5.4234
-156.927 -5.4259
-157.636 -5.4284
-158.344 -5.43088
-159.053 -5.43335
-159.762 -5.43581
-160.472 -5.43825
-161.182 -5.44069
-161.893 -5.44311
-162.604 -5.44552
-163.315 -5.44792
-164.027 -5.4503
-164.739 -5.45267
-165.451 -5.45504
-166.164 -5.45739
-166.877 -5.45973
-167.591 -5.46206
-168.305 -5.46437
-169.019 -5.46668
-169.734 -5.46897
-170.449 -5.47126
-171.164 -5.47353
-171.88 -5.47579
-172.596 -5.47805
-173.313 -5.48029
-174.03 -5.48252
-174.747 -5.48474
-175.464 -5.48695
-176.182 -5.48915
-176.901 -5.49134
-177.619 -5.49352
-178.338 -5.49569
-179.057 -5.49785
-179.777 -5.5
-180.497 -5.50214
-181.218 -5.50427
-181.938 -5.50639
-182.659 -5.50851
-183.381 -5.51061
-184.102 -5.5127
-184.824 -5.51478
-185.547 -5.51686
-186.27 -5.51893
-186.993 -5.52098
-187.716 -5.52303
-188.44 -5.52507
-189.164 -5.5271
-189.888 -5.52912
-190.613 -5.53113
-191.338 -5.53313
-192.063 -5.53513
-192.789 -5.53711
-193.515 -5.53909
-194.241 -5.54106
-194.967 -5.54302
-195.694 -5.54497
-196.421 -5.54692
-197.149 -5.54886
-197.877 -5.55078
-198.605 -5.5527
-199.333 -5.55462
-200.062 -5.55652
-200.791 -5.55842
-201.521 -5.56031
-202.25 -5.56219
-202.98 -5.56406
-203.71 -5.56592
-204.441 -5.56778
-205.172 -5.56963
-205.903 -5.57147
-206.634 -5.57331
-207.366 -5.57514
-208.098 -5.57696
-208.831 -5.57877
-209.563 -5.58058
-210.296 -5.58238
-211.029 -5.58417
-211.763 -5.58595
-212.496 -5.58773
-213.231 -5.5895
-213.965 -5.59126
-214.699 -5.59302
-215.434 -5.59477
-216.17 -5.59651
-216.905 -5.59825
-217.641 -5.59998
-218.377 -5.6017
-219.113 -5.60342
-219.85 -5.60513
-220.586 -5.60683
-221.324 -5.60853
-222.061 -5.61022
-222.799 -5.6119
-223.536 -5.61358
-224.275 -5.61525
-225.013 -5.61691
-225.752 -5.61857
-226.491 -5.62022
-227.23 -5.62187
-227.969 -5.62351
-228.709 -5.62514
-229.449 -5.62677
-230.19 -5.62839
-230.93 -5.63001
-231.671 -5.63162
-232.412 -5.63322
-233.153 -5.63482
-233.895 -5.63642
-234.637 -5.638
-235.379 -5.63958
-236.121 -5.64116
-236.864 -5.64273
-237.607 -5.64429
-238.35 -5.64585
-239.093 -5.6474
-239.837 -5.64895
-240.581 -5.65049
-241.325 -5.65203
-242.069 -5.65356
-242.814 -5.65509
-243.558 -5.65661
-244.303 -5.65812
-245.049 -5.65963
-245.794 -5.66113
-246.54 -5.66263
-247.286 -5.66413
-248.032 -5.66562
-248.779 -5.6671
-249.526 -5.66858
-250.273 -5.67005
-251.02 -5.67152
-251.767 -5.67298
-252.515 -5.67444
-253.263 -5.6759
-254.011 -5.67734
-254.759 -5.67879
-255.508 -5.68023
-256.257 -5.68166
-257.006 -5.68309
-257.755 -5.68451
-258.505 -5.68593
-259.255 -5.68735
-260.004 -5.68876
-260.755 -5.69016
-261.505 -5.69156
-262.256 -5.69296
-263.007 -5.69435
-263.758 -5.69574
-264.509 -5.69712
-265.261 -5.6985
-266.012 -5.69987
-266.764 -5.70124
-267.517 -5.70261
-268.269 -5.70397
-269.022 -5.70532
-269.775 -5.70667
-270.528 -5.70802
-271.281 -5.70936
-272.034 -5.7107
-272.788 -5.71204
-273.542 -5.71337
-274.296 -5.71469
-275.051 -5.71601
-275.805 -5.71733
-276.56 -5.71864
-277.315 -5.71995
-278.07 -5.72126
-278.826 -5.72256
-279.581 -5.72385
-280.337 -5.72515
-281.093 -5.72644
-281.849 -5.72772
-282.606 -5.729
-283.362 -5.73028
-284.119 -5.73155
-284.876 -5.73282
-285.633 -5.73409
-286.391 -5.73535
-287.149 -5.7366
-287.906 -5.73786
-288.665 -5.73911
-289.423 -5.74035
-290.181 -5.7416
-290.94 -5.74283
-291.699 -5.74407
-292.458 -5.7453
-293.217 -5.74653
-293.977 -5.74775
-294.736 -5.74897
-295.496 -5.75019
-296.256 -5.7514
-297.016 -5.75261
-297.777 -5.75382
-298.537 -5.75502
-299.298 -5.75622
-300.059 -5.75741
-300.82 -5.7586
-301.582 -5.75979
-302.343 -5.76098
-303.105 -5.76216
-303.867 -5.76334
-304.629 -5.76451
-305.391 -5.76568
-306.154 -5.76685
-306.917 -5.76801
-307.68 -5.76917
-308.443 -5.77033
-309.206 -5.77149
-309.969 -5.77264
-310.733 -5.77379
-311.497 -5.77493
-312.261 -5.77607
-313.025 -5.77721
-313.789 -5.77834
-314.554 -5.77948
-315.318 -5.7806
-316.083 -5.78173
-316.848 -5.78285
-317.614 -5.78397
-318.379 -5.78509
-319.145 -5.7862
-319.911 -5.78731
-320.677 -5.78842
-321.443 -5.78952
-322.209 -5.79062
-322.976 -5.79172
-323.742 -5.79281
-324.509 -5.7939
-325.276 -5.79499
-326.043 -5.79608
-326.811 -5.79716
-327.578 -5.79824
-328.346 -5.79932
-329.114 -5.80039
-329.882 -5.80146
-330.65 -5.80253
-331.419 -5.80359
-332.187 -5.80466
-332.956 -5.80572
-333.725 -5.80677
-334.494 -5.80783
-335.263 -5.80888
-336.033 -5.80993
-336.802 -5.81097
-337.572 -5.81201
-338.342 -5.81305
-339.112 -5.81409
-339.882 -5.81512
-340.653 -5.81616
-341.423 -5.81719
-342.194 -5.81821
-342.965 -5.81924
-343.736 -5.82026
-344.507 -5.82128
-345.279 -5.82229
-346.05 -5.8233
-346.822 -5.82431
-347.594 -5.82532
-348.366 -5.82633
-349.138 -5.82733
-349.91 -5.82833
-350.683 -5.82933
-351.456 -5.83032
-352.228 -5.83132
-353.001 -5.83231
-353.775 -5.83329
-354.548 -5.83428
-355.321 -5.83526
-356.095 -5.83624
-356.869 -5.83722
-357.643 -5.83819
-358.417 -5.83917
-359.191 -5.84014
-359.966 -5.8411
-360.74 -5.84207
-361.515 -5.84303
-362.29 -5.84399
-363.065 -5.84495
-363.84 -5.84591
-364.615 -5.84686
-365.391 -5.84781
-366.167 -5.84876
-366.942 -5.84971
-367.718 -5.85065
-368.495 -5.85159
-369.271 -5.85253
-370.047 -5.85347
-370.824 -5.8544
-371.6 -5.85534
-372.377 -5.85627
-373.154 -5.85719
-373.931 -5.85812
-374.709 -5.85904
-375.486 -5.85997
-376.264 -5.86088
-377.042 -5.8618
-377.819 -5.86272
-378.597 -5.86363
-379.376 -5.86454
-380.154 -5.86545
-380.932 -5.86635
-381.711 -5.86726
-382.49 -5.86816
-383.269 -5.86906
-384.048 -5.86996
-384.827 -5.87085
-385.606 -5.87175
-386.386 -5.87264
-387.165 -5.87353
-387.945 -5.87441
-388.725 -5.8753
-389.505 -5.87618
-390.285 -5.87706
-391.066 -5.87794
-391.846 -5.87882
-392.627 -5.87969
-393.408 -5.88057
-394.188 -5.88144
-394.969 -5.88231
-395.751 -5.88317
-396.532 -5.88404
-397.313 -5.8849
-398.095 -5.88576
-398.877 -5.88662
-399.659 -5.88748
-400.441 -5.88833
-401.223 -5.88918
-402.005 -5.89004
-402.787 -5.89088
-403.57 -5.89173
-404.353 -5.89258
-405.135 -5.89342
-405.918 -5.89426
-406.701 -5.8951
-407.485 -5.89594
-408.268 -5.89678
-409.051 -5.89761
-409.835 -5.89844
-410.619 -5.89927
-411.403 -5.9001
-412.187 -5.90093
-412.971 -5.90175
-413.755 -5.90258
-414.54 -5.9034
-415.324 -5.90422
-416.109 -5.90503
-416.894 -5.90585
-417.679 -5.90666
-418.464 -5.90747
-419.249 -5.90829
-420.034 -5.90909
-420.82 -5.9099
-421.605 -5.91071
-422.391 -5.91151
-423.177 -5.91231
-423.963 -5.91311
-424.749 -5.91391
-425.535 -5.91471
-426.321 -5.9155
-427.108 -5.91629
-427.895 -5.91709
-428.681 -5.91788
-429.468 -5.91866
-430.255 -5.91945
-431.042 -5.92023
-431.829 -5.92102
-432.617 -5.9218
-433.404 -5.92258
-434.192 -5.92336
-434.98 -5.92413
-435.768 -5.92491
-436.556 -5.92568
-437.344 -5.92645
-438.132 -5.92722
-438.92 -5.92799
-439.709 -5.92876
-440.497 -5.92952
-441.286 -5.93029
-442.075 -5.93105
-442.864 -5.93181
-443.653 -5.93257
-444.442 -5.93332
-445.232 -5.93408
-446.021 -5.93483
-446.811 -5.93559
-447.6 -5.93634
-448.39 -5.93709
-449.18 -5.93783
-449.97 -5.93858
-450.76 -5.93933
-451.551 -5.94007
-452.341 -5.94081
-453.132 -5.94155
-453.922 -5.94229
-454.713 -5.94303
-455.504 -5.94376
-456.295 -5.9445
-457.086 -5.94523
-457.877 -5.94596
-458.669 -5.94669
-459.46 -5.94742
-460.252 -5.94815
-461.043 -5.94887
-461.835 -5.94959
-462.627 -5.95032
-463.419 -5.95104
-464.211 -5.95176
-465.004 -5.95248
-465.796 -5.95319
-466.588 -5.95391
-467.381 -5.95462
-468.174 -5.95533
-468.967 -5.95605
-469.76 -5.95675
-470.553 -5.95746
-471.346 -5.95817
-472.139 -5.95888
-472.933 -5.95958
-473.726 -5.96028
-474.52 -5.96098
-475.314 -5.96168
-476.108 -5.96238
-476.901 -5.96308
-477.696 -5.96378
-478.49 -5.96447
-479.284 -5.96516
-480.079 -5.96586
-480.873 -5.96655
-481.668 -5.96724
-482.462 -5.96792
-483.257 -5.96861
-484.052 -5.9693
-484.847 -5.96998
-485.643 -5.97066
-486.438 -5.97134
-487.233 -5.97202
-488.029 -5.9727
-488.824 -5.97338
-489.62 -5.97406
-490.416 -5.97473
-491.212 -5.97541
-492.008 -5.97608
-492.804 -5.97675
-493.601 -5.97742
-494.397 -5.97809
-495.193 -5.97876
-495.99 -5.97942
-496.787 -5.98009
-497.584 -5.98075
-498.381 -5.98141
-499.178 -5.98207
-499.975 -5.98273
-500.772 -5.98339
-501.569 -5.98405
-502.367 -5.98471
-503.164 -5.98536
-503.962 -5.98602
-504.76 -5.98667
-505.558 -5.98732
-506.356 -5.98797
-507.154 -5.98862
-507.952 -5.98927
-508.75 -5.98991
-509.548 -5.99056
-510.347 -5.9912
-511.146 -5.99185
-511.944 -5.99249
-512.743 -5.99313
-513.542 -5.99377
-514.341 -5.99441
-515.14 -5.99504
-515.939 -5.99568
-516.739 -5.99632
-517.538 -5.99695
-518.338 -5.99758
-519.137 -5.99821
-519.937 -5.99884
-520.737 -5.99947
-521.537 -6.0001
-522.337 -6.00073
-523.137 -6.00135
-523.937 -6.00198
-524.737 -6.0026
-525.538 -6.00323
-526.338 -6.00385
-527.139 -6.00447
-527.94 -6.00509
-528.74 -6.0057
-529.541 -6.00632
-530.342 -6.00694
-531.143 -6.00755
-531.945 -6.00817
-532.746 -6.00878
-533.547 -6.00939
-534.349 -6.01
-535.15 -6.01061
-535.952 -6.01122
-536.754 -6.01183
-537.556 -6.01243
-538.358 -6.01304
-539.16 -6.01364
-539.962 -6.01425
-540.764 -6.01485
-541.567 -6.01545
-542.369 -6.01605
-543.172 -6.01665
-543.974 -6.01725
-544.777 -6.01784
-545.58 -6.01844
-546.383 -6.01903
-547.186 -6.01963
-547.989 -6.02022
-548.792 -6.02081
-549.596 -6.0214
-550.399 -6.02199
-551.203 -6.02258
-552.006 -6.02317
-552.81 -6.02376
-553.614 -6.02434
-554.418 -6.02493
-555.222 -6.02551
-556.026 -6.02609
-556.83 -6.02668
-557.634 -6.02726
-558.439 -6.02784
-559.243 -6.02842
-560.048 -6.02899
-560.852 -6.02957
-561.657 -6.03015
-562.462 -6.03072
-563.267 -6.0313
-564.072 -6.03187
-564.877 -6.03244
-565.682 -6.03301
-566.487 -6.03358
-567.293 -6.03415
-568.098 -6.03472
-568.904 -6.03529
-569.709 -6.03585
-570.515 -6.03642
-571.321 -6.03698
-572.127 -6.03755
-572.933 -6.03811
-573.739 -6.03867
-574.545 -6.03923
-575.352 -6.03979
-576.158 -6.04035
-576.964 -6.04091
-577.771 -6.04147
-578.578 -6.04202
-579.384 -6.04258
-580.191 -6.04313
-580.998 -6.04369
-581.805 -6.04424
-582.612 -6.04479
-583.419 -6.04534
-584.226 -6.04589
-585.034 -6.04644
-585.841 -6.04699
-586.649 -6.04754
-587.456 -6.04808
-588.264 -6.04863
-589.072 -6.04917
-589.88 -6.04972
-590.688 -6.05026
-591.496 -6.0508
-592.304 -6.05135
-593.112 -6.05189
-593.92 -6.05243
-594.729 -6.05296
-595.537 -6.0535
-596.346 -6.05404
-597.154 -6.05457
-597.963 -6.05511
-598.772 -6.05564
-599.581 -6.05618
-600.39 -6.05671
-601.199 -6.05724
-602.008 -6.05777
-602.817 -6.0583
-603.627 -6.05883
-604.436 -6.05936
-605.246 -6.05989
-606.055 -6.06042
-606.865 -6.06094
-607.675 -6.06147
-608.484 -6.06199
-609.294 -6.06252
-610.104 -6.06304
-610.914 -6.06356
-611.725 -6.06408
-612.535 -6.0646
-613.345 -6.06512
-614.156 -6.06564
-614.966 -6.06616
-615.777 -6.06668
-616.587 -6.06719
-617.398 -6.06771
-618.209 -6.06822
-619.02 -6.06874
-619.831 -6.06925
-620.642 -6.06976
-621.453 -6.07028
-622.264 -6.07079
-623.076 -6.0713
-623.887 -6.07181
-624.698 -6.07231
-625.51 -6.07282
-626.322 -6.07333
-627.133 -6.07384
-627.945 -6.07434
-628.757 -6.07485
-629.569 -6.07535
-630.381 -6.07585
-631.193 -6.07636
-632.005 -6.07686
-632.818 -6.07736
-633.63 -6.07786
-634.443 -6.07836
-635.255 -6.07886
-636.068 -6.07935
-636.88 -6.07985
-637.693 -6.08035
-638.506 -6.08084
-639.319 -6.08134
-640.132 -6.08183
-640.945 -6.08233
-641.758 -6.08282
-642.572 -6.08331
-643.385 -6.0838
-644.198 -6.08429
-645.012 -6.08478
-645.825 -6.08527
-646.639 -6.08576
-647.453 -6.08625
-648.267 -6.08674
-649.08 -6.08722
-649.894 -6.08771
-650.708 -6.08819
-651.523 -6.08868
-652.337 -6.08916
-653.151 -6.08964
-653.965 -6.09012
-654.78 -6.09061
-655.594 -6.09109
-656.409 -6.09157
-657.223 -6.09204
-658.038 -6.09252
-658.853 -6.093
-659.668 -6.09348
-660.483 -6.09396
-661.298 -6.09443
-662.113 -6.09491
-662.928 -6.09538
-663.743 -6.09585
-664.559 -6.09633
-665.374 -6.0968
-666.19 -6.09727
-667.005 -6.09774
-667.821 -6.09821
-668.637 -6.09868
-669.452 -6.09915
-670.268 -6.09962
-671.084 -6.10009
-671.9 -6.10055
-672.716 -6.10102
-673.532 -6.10149
-674.349 -6.10195
-675.165 -6.10242
-675.981 -6.10288
-676.798 -6.10334
-677.614 -6.1038
-678.431 -6.10427
-679.248 -6.10473
-680.064 -6.10519
-680.881 -6.10565
-681.698 -6.10611
-682.515 -6.10656
-683.332 -6.10702
-684.149 -6.10748
-684.967 -6.10794
-685.784 -6.10839
-686.601 -6.10885
-687.419 -6.1093
-688.236 -6.10976
-689.054 -6.11021
-689.871 -6.11066
-690.689 -6.11111
-691.507 -6.11157
-692.325 -6.11202
-693.143 -6.11247
-693.961 -6.11292
-694.779 -6.11337
-695.597 -6.11381
-696.415 -6.11426
-697.233 -6.11471
-698.052 -6.11516
-698.87 -6.1156
-699.688 -6.11605
-700.507 -6.11649
-701.326 -6.11694
-702.144 -6.11738
-702.963 -6.11782
-703.782 -6.11826
-704.601 -6.11871
-705.42 -6.11915
-706.239 -6.11959
-707.058 -6.12003
-707.877 -6.12047
-708.697 -6.1209
-709.516 -6.12134
-710.335 -6.12178
-711.155 -6.12222
-711.974 -6.12265
-712.794 -6.12309
-713.614 -6.12353
-714.434 -6.12396
-715.253 -6.12439
-716.073 -6.12483
-716.893 -6.12526
-717.713 -6.12569
-718.533 -6.12612
-719.354 -6.12655
-720.174 -6.12699
-720.994 -6.12742
-721.815 -6.12784
-722.635 -6.12827
-723.455 -6.1287
-724.276 -6.12913
-725.097 -6.12956
-725.917 -6.12998
-726.738 -6.13041
-727.559 -6.13083
-728.38 -6.13126
-729.201 -6.13168
-730.022 -6.13211
-730.843 -6.13253
-731.664 -6.13295
-732.486 -6.13337
-733.307 -6.1338
-734.129 -6.13422
-734.95 -6.13464
-735.772 -6.13506
-736.593 -6.13548
-737.415 -6.13589
-738.237 -6.13631
-739.058 -6.13673
-739.88 -6.13715
-740.702 -6.13756
-741.524 -6.13798
-742.346 -6.1384
-743.168 -6.13881
-743.991 -6.13923
-744.813 -6.13964
-745.635 -6.14005
-746.458 -6.14047
-747.28 -6.14088
-748.103 -6.14129
-748.925 -6.1417
-749.748 -6.14211
-750.571 -6.14252
-751.394 -6.14293
-752.216 -6.14334
-753.039 -6.14375
-753.862 -6.14416
-754.685 -6.14456
-755.509 -6.14497
-756.332 -6.14538
-757.155 -6.14578
-757.978 -6.14619
-758.802 -6.14659
-759.625 -6.147
-760.449 -6.1474
-761.272 -6.14781
-762.096 -6.14821
-762.92 -6.14861
-763.743 -6.14901
-764.567 -6.14941
-765.391 -6.14982
-766.215 -6.15022
-767.039 -6.15062
-767.863 -6.15101
-768.687 -6.15141
-769.512 -6.15181
-770.336 -6.15221
-771.16 -6.15261
-771.985 -6.153
-772.809 -6.1534
-773.634 -6.15379
-774.458 -6.15419
-775.283 -6.15458
-776.108 -6.15498
-776.932 -6.15537
-777.757 -6.15577
-778.582 -6.15616
-779.407 -6.15655
-780.232 -6.15694
-781.057 -6.15734
-781.883 -6.15773
-782.708 -6.15812
-783.533 -6.15851
-784.359 -6.1589
-785.184 -6.15929
-786.01 -6.15967
-786.835 -6.16006
-787.661 -6.16045
-788.486 -6.16084
-789.312 -6.16122
-790.138 -6.16161
-790.964 -6.162
-791.79 -6.16238
-792.616 -6.16277
-793.442 -6.16315
-794.268 -6.16353
-795.094 -6.16392
-795.92 -6.1643
-796.747 -6.16468
-797.573 -6.16506
-798.399 -6.16545
-799.226 -6.16583
-800.052 -6.16621
-800.879 -6.16659
-801.706 -6.16697
-802.532 -6.16735
-803.359 -6.16773
-804.186 -6.1681
-805.013 -6.16848
-805.84 -6.16886
-806.667 -6.16923
-807.494 -6.16961
-808.321 -6.16999
-809.148 -6.17036
-809.976 -6.17074
-810.803 -6.17111
-811.63 -6.17149
-812.458 -6.17186
-813.285 -6.17223
-814.113 -6.17261
-814.94 -6.17298
-815.768 -6.17335
-816.596 -6.17372
-817.424 -6.17409
-818.252 -6.17446
-819.08 -6.17483
-819.908 -6.1752
-820.736 -6.17557
-821.564 -6.17594
-822.392 -6.17631
-823.22 -6.17668
-824.048 -6.17705
-824.877 -6.17741
-825.705 -6.17778
-826.533 -6.17815
-827.362 -6.17851
-828.19 -6.17888
-829.019 -6.17924
-829.848 -6.17961
-830.676 -6.17997
-831.505 -6.18034
-832.334 -6.1807
-833.163 -6.18106
-833.992 -6.18142
-834.821 -6.18179
-835.65 -6.18215
-836.479 -6.18251
-837.308 -6.18287
-838.138 -6.18323
-838.967 -6.18359
-839.796 -6.18395
-840.626 -6.18431
-841.455 -6.18467
-842.285 -6.18503
-843.114 -6.18538
-843.944 -6.18574
-844.774 -6.1861
-845.604 -6.18645
-846.433 -6.18681
-847.263 -6.18717
-848.093 -6.18752
-848.923 -6.18788
-849.753 -6.18823
-850.583 -6.18859
-851.414 -6.18894
-852.244 -6.18929
-853.074 -6.18965
-853.904 -6.19
-854.735 -6.19035
-855.565 -6.1907
-856.396 -6.19105
-857.226 -6.1914
-858.057 -6.19175
-858.888 -6.1921
-859.718 -6.19245
-860.549 -6.1928
-861.38 -6.19315
-862.211 -6.1935
-863.042 -6.19385
-863.873 -6.1942
-864.704 -6.19454
-865.535 -6.19489
-866.366 -6.19524
-867.198 -6.19558
-868.029 -6.19593
-868.86 -6.19627
-869.692 -6.19662
-870.523 -6.19696
-871.355 -6.19731
-872.186 -6.19765
-873.018 -6.198
-873.849 -6.19834
-874.681 -6.19868
-875.513 -6.19902
-876.345 -6.19937
-877.177 -6.19971
-878.009 -6.20005
-878.841 -6.20039
-879.673 -6.20073
-880.505 -6.20107
-881.337 -6.20141
-882.169 -6.20175
-883.002 -6.20209
-883.834 -6.20243
-884.666 -6.20277
-885.499 -6.2031
-886.331 -6.20344
-887.164 -6.20378
-887.996 -6.20411
-888.829 -6.20445
-889.662 -6.20479
-890.495 -6.20512
-891.327 -6.20546
-892.16 -6.20579
-892.993 -6.20613
-893.826 -6.20646
-894.659 -6.20679
-895.492 -6.20713
-896.325 -6.20746
-897.159 -6.20779
-897.992 -6.20813
-898.825 -6.20846
-899.659 -6.20879
-900.492 -6.20912
-901.325 -6.20945
-902.159 -6.20978
-902.992 -6.21011
-903.826 -6.21044
-904.66 -6.21077
-905.494 -6.2111
-906.327 -6.21143
-907.161 -6.21176
-907.995 -6.21209
-908.829 -6.21241
-909.663 -6.21274
-910.497 -6.21307
-911.331 -6.21339
-912.165 -6.21372
-912.999 -6.21405
-913.834 -6.21437
-914.668 -6.2147
-915.502 -6.21502
-916.337 -6.21535
-917.171 -6.21567
-918.006 -6.21599
-918.84 -6.21632
-919.675 -6.21664
-920.509 -6.21696
-921.344 -6.21729
-922.179 -6.21761
-923.014 -6.21793
-923.849 -6.21825
-924.684 -6.21857
-925.518 -6.21889
-926.354 -6.21921
-927.189 -6.21953
-928.024 -6.21985
-928.859 -6.22017
-929.694 -6.22049
-930.529 -6.22081
-931.365 -6.22113
-932.2 -6.22145
-933.036 -6.22176
-933.871 -6.22208
-934.707 -6.2224
-935.542 -6.22272
-936.378 -6.22303
-937.214 -6.22335
-938.049 -6.22366
-938.885 -6.22398
-939.721 -6.22429
-940.557 -6.22461
-941.393 -6.22492
-942.229 -6.22524
-943.065 -6.22555
-943.901 -6.22586
-944.737 -6.22618
-945.573 -6.22649
-946.409 -6.2268
-947.246 -6.22712
-948.082 -6.22743
-948.918 -6.22774
-949.755 -6.22805
-950.591 -6.22836
-951.428 -6.22867
-952.264 -6.22898
-953.101 -6.22929
-953.938 -6.2296
-954.774 -6.22991
-955.611 -6.23022
-956.448 -6.23053
-957.285 -6.23084
-958.122 -6.23114
-958.959 -6.23145
-959.796 -6.23176
-960.633 -6.23207
-961.47 -6.23237
-962.307 -6.23268
-963.145 -6.23299
-963.982 -6.23329
-964.819 -6.2336
-965.657 -6.2339
-966.494 -6.23421
-967.331 -6.23451
-968.169 -6.23482
-969.007 -6.23512
-969.844 -6.23542
-970.682 -6.23573
-971.52 -6.23603
-972.357 -6.23633
-973.195 -6.23663
-974.033 -6.23694
-974.871 -6.23724
-975.709 -6.23754
-976.547 -6.23784
-977.385 -6.23814
-978.223 -6.23844
-979.061 -6.23874
-979.899 -6.23904
-980.738 -6.23934
-981.576 -6.23964
-982.414 -6.23994
-983.253 -6.24024
-984.091 -6.24054
-984.93 -6.24084
-985.768 -6.24113
-986.607 -6.24143
-987.445 -6.24173
-988.284 -6.24203
-989.123 -6.24232
-989.962 -6.24262
-990.8 -6.24291
-991.639 -6.24321
-992.478 -6.24351
-993.317 -6.2438
-994.156 -6.2441
-994.995 -6.24439
-995.834 -6.24468
-996.673 -6.24498
-997.513 -6.24527
-998.352 -6.24557
-999.191 -6.24586
-1000.03 -6.24615
-1000.87 -6.24644
-1001.71 -6.24674
-1002.55 -6.24703
-1003.39 -6.24732
-1004.23 -6.24761
-1005.07 -6.2479
-1005.91 -6.24819
-1006.75 -6.24848
-1007.59 -6.24878
-1008.43 -6.24906
-1009.27 -6.24935
-1010.11 -6.24964
-1010.95 -6.24993
-1011.79 -6.25022
-1012.63 -6.25051
-1013.47 -6.2508
-1014.31 -6.25109
-1015.15 -6.25137
-1015.99 -6.25166
-1016.83 -6.25195
-1017.67 -6.25224
-1018.51 -6.25252
-1019.35 -6.25281
-1020.19 -6.2531
-1021.03 -6.25338
-1021.87 -6.25367
-1022.71 -6.25395
-1023.55 -6.25424
-1024.39 -6.25452
-1025.23 -6.25481
-1026.07 -6.25509
-1026.91 -6.25537
-1027.75 -6.25566
-1028.6 -6.25594
-1029.44 -6.25622
-1030.28 -6.25651
-1031.12 -6.25679
-1031.96 -6.25707
-1032.8 -6.25735
-1033.64 -6.25764
-1034.48 -6.25792
-1035.32 -6.2582
-1036.17 -6.25848
-1037.01 -6.25876
-1037.85 -6.25904
-1038.69 -6.25932
-1039.53 -6.2596
-1040.37 -6.25988
-1041.21 -6.26016
-1042.06 -6.26044
-1042.9 -6.26072
-1043.74 -6.26099
-1044.58 -6.26127
-1045.42 -6.26155
-1046.26 -6.26183
-1047.11 -6.26211
-1047.95 -6.26238
-1048.79 -6.26266
-1049.63 -6.26294
-1050.47 -6.26321
-1051.32 -6.26349
-1052.16 -6.26377
-1053 -6.26404
-1053.84 -6.26432
-1054.69 -6.26459
-1055.53 -6.26487
-1056.37 -6.26514
-1057.21 -6.26542
-1058.06 -6.26569
-1058.9 -6.26596
-1059.74 -6.26624
-1060.58 -6.26651
-1061.43 -6.26678
-1062.27 -6.26706
-1063.11 -6.26733
-1063.95 -6.2676
-1064.8 -6.26787
-1065.64 -6.26815
-1066.48 -6.26842
-1067.33 -6.26869
-1068.17 -6.26896
-1069.01 -6.26923
-1069.85 -6.2695
-1070.7 -6.26977
-1071.54 -6.27004
-1072.38 -6.27031
-1073.23 -6.27058
-1074.07 -6.27085
-1074.91 -6.27112
-1075.76 -6.27139
-1076.6 -6.27166
-1077.44 -6.27192
-1078.29 -6.27219
-1079.13 -6.27246
-1079.97 -6.27273
-1080.82 -6.27299
-1081.66 -6.27326
-1082.51 -6.27353
-1083.35 -6.2738
-1084.19 -6.27406
-1085.04 -6.27433
-1085.88 -6.27459
-1086.73 -6.27486
-1087.57 -6.27513
-1088.41 -6.27539
-1089.26 -6.27566
-1090.1 -6.27592
-1090.95 -6.27619
-1091.79 -6.27645
-1092.63 -6.27671
-1093.48 -6.27698
-1094.32 -6.27724
-1095.17 -6.2775
-1096.01 -6.27777
-1096.86 -6.27803
-1097.7 -6.27829
-1098.54 -6.27855
-1099.39 -6.27882
-1100.23 -6.27908
-1101.08 -6.27934
-1101.92 -6.2796
-1102.77 -6.27986
-1103.61 -6.28012
-1104.46 -6.28039
-1105.3 -6.28065
-1106.15 -6.28091
-1106.99 -6.28117
-1107.84 -6.28143
-1108.68 -6.28168
-1109.53 -6.28194
-1110.37 -6.2822
-1111.22 -6.28246
-1112.06 -6.28272
-1112.91 -6.28298
-1113.75 -6.28324
-1114.6 -6.28349
-1115.44 -6.28375
-1116.29 -6.28401
-1117.13 -6.28427
-1117.98 -6.28452
-1118.83 -6.28478
-1119.67 -6.28504
-1120.52 -6.28529
-1121.36 -6.28555
-1122.21 -6.2858
-1123.05 -6.28606
-1123.9 -6.28632
-1124.75 -6.28657
-1125.59 -6.28683
-1126.44 -6.28708
-1127.28 -6.28733
-1128.13 -6.28759
-1128.98 -6.28784
-1129.82 -6.2881
-1130.67 -6.28835
-1131.51 -6.2886
-1132.36 -6.28886
-1133.21 -6.28911
-1134.05 -6.28936
-1134.9 -6.28961
-1135.75 -6.28987
-1136.59 -6.29012
-1137.44 -6.29037
-1138.28 -6.29062
-1139.13 -6.29087
-1139.98 -6.29112
-1140.82 -6.29138
-1141.67 -6.29163
-1142.52 -6.29188
-1143.36 -6.29213
-1144.21 -6.29238
-1145.06 -6.29263
-1145.9 -6.29288
-1146.75 -6.29313
-1147.6 -6.29337
-1148.45 -6.29362
-1149.29 -6.29387
-1150.14 -6.29412
-1150.99 -6.29437
-1151.83 -6.29462
-1152.68 -6.29487
-1153.53 -6.29511
-1154.37 -6.29536
-1155.22 -6.29561
-1156.07 -6.29585
-1156.92 -6.2961
-1157.76 -6.29635
-1158.61 -6.29659
-1159.46 -6.29684
-1160.31 -6.29709
-1161.15 -6.29733
-1162 -6.29758
-1162.85 -6.29782
-1163.7 -6.29807
-1164.54 -6.29831
-1165.39 -6.29856
-1166.24 -6.2988
-1167.09 -6.29905
-1167.94 -6.29929
-1168.78 -6.29953
-1169.63 -6.29978
-1170.48 -6.30002
-1171.33 -6.30026
-1172.18 -6.30051
-1173.02 -6.30075
-1173.87 -6.30099
-1174.72 -6.30124
-1175.57 -6.30148
-1176.42 -6.30172
-1177.26 -6.30196
-1178.11 -6.3022
-1178.96 -6.30244
-1179.81 -6.30269
-1180.66 -6.30293
-1181.51 -6.30317
-1182.35 -6.30341
-1183.2 -6.30365
-1184.05 -6.30389
-1184.9 -6.30413
-1185.75 -6.30437
-1186.6 -6.30461
-1187.45 -6.30485
-1188.3 -6.30509
-1189.14 -6.30532
-1189.99 -6.30556
-1190.84 -6.3058
-1191.69 -6.30604
-1192.54 -6.30628
-1193.39 -6.30652
-1194.24 -6.30675
-1195.09 -6.30699
-1195.94 -6.30723
-1196.79 -6.30747
-1197.63 -6.3077
-1198.48 -6.30794
-1199.33 -6.30818
-1200.18 -6.30841
-1201.03 -6.30865
-1201.88 -6.30889
-1202.73 -6.30912
-1203.58 -6.30936
-1204.43 -6.30959
-1205.28 -6.30983
-1206.13 -6.31006
-1206.98 -6.3103
-1207.83 -6.31053
-1208.68 -6.31077
-1209.53 -6.311
-1210.38 -6.31123
-1211.23 -6.31147
-1212.08 -6.3117
-1212.93 -6.31193
-1213.78 -6.31217
-1214.63 -6.3124
-1215.48 -6.31263
-1216.33 -6.31287
-1217.18 -6.3131
-1218.03 -6.31333
-1218.88 -6.31356
-1219.73 -6.3138
-1220.58 -6.31403
-1221.43 -6.31426
-1222.28 -6.31449
-1223.13 -6.31472
-1223.98 -6.31495
-1224.83 -6.31518
-1225.68 -6.31541
-1226.53 -6.31564
-1227.38 -6.31587
-1228.23 -6.3161
-1229.08 -6.31633
-1229.93 -6.31656
-1230.78 -6.31679
-1231.63 -6.31702
-1232.48 -6.31725
-1233.33 -6.31748
-1234.19 -6.31771
-1235.04 -6.31794
-1235.89 -6.31817
-1236.74 -6.31839
-1237.59 -6.31862
-1238.44 -6.31885
-1239.29 -6.31908
-1240.14 -6.31931
-1240.99 -6.31953
-1241.84 -6.31976
-1242.7 -6.31999
-1243.55 -6.32021
-1244.4 -6.32044
-1245.25 -6.32067
-1246.1 -6.32089
-1246.95 -6.32112
-1247.8 -6.32134
-1248.65 -6.32157
-1249.51 -6.3218
-1250.36 -6.32202
-1251.21 -6.32225
-1252.06 -6.32247
-1252.91 -6.3227
-1253.76 -6.32292
-1254.62 -6.32314
-1255.47 -6.32337
-1256.32 -6.32359
-1257.17 -6.32382
-1258.02 -6.32404
-1258.87 -6.32426
-1259.73 -6.32449
-1260.58 -6.32471
-1261.43 -6.32493
-1262.28 -6.32516
-1263.13 -6.32538
-1263.99 -6.3256
-1264.84 -6.32582
-1265.69 -6.32605
-1266.54 -6.32627
-1267.39 -6.32649
-1268.25 -6.32671
-1269.1 -6.32693
-1269.95 -6.32715
-1270.8 -6.32737
-1271.66 -6.32759
-1272.51 -6.32782
-1273.36 -6.32804
-1274.21 -6.32826
-1275.07 -6.32848
-1275.92 -6.3287
-1276.77 -6.32892
-1277.62 -6.32914
-1278.48 -6.32936
-1279.33 -6.32957
-1280.18 -6.32979
-1281.03 -6.33001
-1281.89 -6.33023
-1282.74 -6.33045
-1283.59 -6.33067
-1284.45 -6.33089
-1285.3 -6.3311
-1286.15 -6.33132
-1287.01 -6.33154
-1287.86 -6.33176
-1288.71 -6.33198
-1289.56 -6.33219
-1290.42 -6.33241
-1291.27 -6.33263
-1292.12 -6.33284
-1292.98 -6.33306
-1293.83 -6.33328
-1294.68 -6.33349
-1295.54 -6.33371
-1296.39 -6.33392
-1297.24 -6.33414
-1298.1 -6.33436
-1298.95 -6.33457
-1299.8 -6.33479
-1300.66 -6.335
-1301.51 -6.33522
-1302.37 -6.33543
-1303.22 -6.33565
-1304.07 -6.33586
-1304.93 -6.33607
-1305.78 -6.33629
-1306.63 -6.3365
-1307.49 -6.33672
-1308.34 -6.33693
-1309.2 -6.33714
-1310.05 -6.33736
-1310.9 -6.33757
-1311.76 -6.33778
-1312.61 -6.338
-1313.47 -6.33821
-1314.32 -6.33842
-1315.17 -6.33863
-1316.03 -6.33885
-1316.88 -6.33906
-1317.74 -6.33927
-1318.59 -6.33948
-1319.45 -6.33969
-1320.3 -6.3399
-1321.15 -6.34011
-1322.01 -6.34033
-1322.86 -6.34054
-1323.72 -6.34075
-1324.57 -6.34096
-1325.43 -6.34117
-1326.28 -6.34138
-1327.14 -6.34159
-1327.99 -6.3418
-1328.84 -6.34201
-1329.7 -6.34222
-1330.55 -6.34243
-1331.41 -6.34264
-1332.26 -6.34284
-1333.12 -6.34305
-1333.97 -6.34326
-1334.83 -6.34347
-1335.68 -6.34368
-1336.54 -6.34389
-1337.39 -6.3441
-1338.25 -6.3443
-1339.1 -6.34451
-1339.96 -6.34472
-1340.81 -6.34493
-1341.67 -6.34513
-1342.52 -6.34534
-1343.38 -6.34555
-1344.24 -6.34576
-1345.09 -6.34596
-1345.95 -6.34617
-1346.8 -6.34637
-1347.66 -6.34658
-1348.51 -6.34679
-1349.37 -6.34699
-1350.22 -6.3472
-1351.08 -6.3474
-1351.93 -6.34761
-1352.79 -6.34782
-1353.65 -6.34802
-1354.5 -6.34823
-1355.36 -6.34843
-1356.21 -6.34864
-1357.07 -6.34884
-1357.92 -6.34904
-1358.78 -6.34925
-1359.64 -6.34945
-1360.49 -6.34966
-1361.35 -6.34986
-1362.2 -6.35006
-1363.06 -6.35027
-1363.92 -6.35047
-1364.77 -6.35067
-1365.63 -6.35088
-1366.48 -6.35108
-1367.34 -6.35128
-1368.2 -6.35149
-1369.05 -6.35169
-1369.91 -6.35189
-1370.77 -6.35209
-1371.62 -6.3523
-1372.48 -6.3525
-1373.33 -6.3527
-1374.19 -6.3529
-1375.05 -6.3531
-1375.9 -6.3533
-1376.76 -6.3535
-1377.62 -6.35371
-1378.47 -6.35391
-1379.33 -6.35411
-1380.19 -6.35431
-1381.04 -6.35451
-1381.9 -6.35471
-1382.76 -6.35491
-1383.61 -6.35511
-1384.47 -6.35531
-1385.33 -6.35551
-1386.18 -6.35571
-1387.04 -6.35591
-1387.9 -6.35611
-1388.76 -6.35631
-1389.61 -6.3565
-1390.47 -6.3567
-1391.33 -6.3569
-1392.18 -6.3571
-1393.04 -6.3573
-1393.9 -6.3575
-1394.75 -6.3577
-1395.61 -6.35789
-1396.47 -6.35809
-1397.33 -6.35829
-1398.18 -6.35849
-1399.04 -6.35868
-1399.9 -6.35888
-1400.76 -6.35908
-1401.61 -6.35927
-1402.47 -6.35947
-1403.33 -6.35967
-1404.19 -6.35987
-1405.04 -6.36006
-1405.9 -6.36026
-1406.76 -6.36045
-1407.62 -6.36065
-1408.47 -6.36085
-1409.33 -6.36104
-1410.19 -6.36124
-1411.05 -6.36143
-1411.91 -6.36163
-1412.76 -6.36182
-1413.62 -6.36202
-1414.48 -6.36221
-1415.34 -6.36241
-1416.2 -6.3626
-1417.05 -6.3628
-1417.91 -6.36299
-1418.77 -6.36319
-1419.63 -6.36338
-1420.49 -6.36357
-1421.34 -6.36377
-1422.2 -6.36396
-1423.06 -6.36415
-1423.92 -6.36435
-1424.78 -6.36454
-1425.64 -6.36473
-1426.49 -6.36493
-1427.35 -6.36512
-1428.21 -6.36531
-1429.07 -6.36551
-1429.93 -6.3657
-1430.79 -6.36589
-1431.64 -6.36608
-1432.5 -6.36627
-1433.36 -6.36647
-1434.22 -6.36666
-1435.08 -6.36685
-1435.94 -6.36704
-1436.8 -6.36723
-1437.65 -6.36742
-1438.51 -6.36761
-1439.37 -6.36781
-1440.23 -6.368
-1441.09 -6.36819
-1441.95 -6.36838
-1442.81 -6.36857
-1443.67 -6.36876
-1444.53 -6.36895
-1445.38 -6.36914
-1446.24 -6.36933
-1447.1 -6.36952
-1447.96 -6.36971
-1448.82 -6.3699
-1449.68 -6.37009
-1450.54 -6.37028
-1451.4 -6.37046
-1452.26 -6.37065
-1453.12 -6.37084
-1453.98 -6.37103
-1454.84 -6.37122
-1455.7 -6.37141
-1456.55 -6.3716
-1457.41 -6.37178
-1458.27 -6.37197
-1459.13 -6.37216
-1459.99 -6.37235
-1460.85 -6.37254
-1461.71 -6.37272
-1462.57 -6.37291
-1463.43 -6.3731
-1464.29 -6.37328
-1465.15 -6.37347
-1466.01 -6.37366
-1466.87 -6.37385
-1467.73 -6.37403
-1468.59 -6.37422
-1469.45 -6.3744
-1470.31 -6.37459
-1471.17 -6.37478
-1472.03 -6.37496
-1472.89 -6.37515
-1473.75 -6.37533
-1474.61 -6.37552
-1475.47 -6.37571
-1476.33 -6.37589
-1477.19 -6.37608
-1478.05 -6.37626
-1478.91 -6.37645
-1479.77 -6.37663
-1480.63 -6.37682
-1481.49 -6.377
-1482.35 -6.37718
-1483.21 -6.37737
-1484.07 -6.37755
-1484.93 -6.37774
-1485.79 -6.37792
-1486.65 -6.37811
-1487.51 -6.37829
-1488.37 -6.37847
-1489.24 -6.37866
-1490.1 -6.37884
-1490.96 -6.37902
-1491.82 -6.37921
-1492.68 -6.37939
-1493.54 -6.37957
-1494.4 -6.37975
-1495.26 -6.37994
-1496.12 -6.38012
-1496.98 -6.3803
-1497.84 -6.38048
-1498.7 -6.38067
-1499.56 -6.38085
-1500.43 -6.38103
-1501.29 -6.38121
-1502.15 -6.38139
-1503.01 -6.38157
-1503.87 -6.38176
-1504.73 -6.38194
-1505.59 -6.38212
-1506.45 -6.3823
-1507.31 -6.38248
-1508.17 -6.38266
-1509.04 -6.38284
-1509.9 -6.38302
-1510.76 -6.3832
-1511.62 -6.38338
-1512.48 -6.38356
-1513.34 -6.38374
-1514.2 -6.38392
-1515.07 -6.3841
-1515.93 -6.38428
-1516.79 -6.38446
-1517.65 -6.38464
-1518.51 -6.38482
-1519.37 -6.385
-1520.23 -6.38518
-1521.1 -6.38536
-1521.96 -6.38554
-1522.82 -6.38571
-1523.68 -6.38589
-1524.54 -6.38607
-1525.4 -6.38625
-1526.27 -6.38643
-1527.13 -6.38661
-1527.99 -6.38678
-1528.85 -6.38696
-1529.71 -6.38714
-1530.58 -6.38732
-1531.44 -6.3875
-1532.3 -6.38767
-1533.16 -6.38785
-1534.02 -6.38803
-1534.89 -6.3882
-1535.75 -6.38838
-1536.61 -6.38856
-1537.47 -6.38873
-1538.33 -6.38891
-1539.2 -6.38909
-1540.06 -6.38926
-1540.92 -6.38944
-1541.78 -6.38962
-1542.65 -6.38979
-1543.51 -6.38997
-1544.37 -6.39014
-1545.23 -6.39032
-1546.1 -6.3905
-1546.96 -6.39067
-1547.82 -6.39085
-1548.68 -6.39102
-1549.55 -6.3912
-1550.41 -6.39137
-1551.27 -6.39155
-1552.13 -6.39172
-1553 -6.3919
-1553.86 -6.39207
-1554.72 -6.39224
-1555.58 -6.39242
-1556.45 -6.39259
-1557.31 -6.39277
-1558.17 -6.39294
-1559.04 -6.39311
-1559.9 -6.39329
-1560.76 -6.39346
-1561.62 -6.39364
-1562.49 -6.39381
-1563.35 -6.39398
-1564.21 -6.39416
-1565.08 -6.39433
-1565.94 -6.3945
-1566.8 -6.39467
-1567.67 -6.39485
-1568.53 -6.39502
-1569.39 -6.39519
-1570.26 -6.39536
-1571.12 -6.39554
-1571.98 -6.39571
-1572.85 -6.39588
-1573.71 -6.39605
-1574.57 -6.39622
-1575.44 -6.3964
-1576.3 -6.39657
-1577.16 -6.39674
-1578.03 -6.39691
-1578.89 -6.39708
-1579.75 -6.39725
-1580.62 -6.39742
-1581.48 -6.39759
-1582.34 -6.39777
-1583.21 -6.39794
-1584.07 -6.39811
-1584.93 -6.39828
-1585.8 -6.39845
-1586.66 -6.39862
-1587.53 -6.39879
-1588.39 -6.39896
-1589.25 -6.39913
-1590.12 -6.3993
-1590.98 -6.39947
-1591.85 -6.39964
-1592.71 -6.39981
-1593.57 -6.39998
-1594.44 -6.40015
-1595.3 -6.40031
-1596.17 -6.40048
-1597.03 -6.40065
-1597.89 -6.40082
-1598.76 -6.40099
-1599.62 -6.40116
-1600.49 -6.40133
-1601.35 -6.4015
-1602.21 -6.40166
-1603.08 -6.40183
-1603.94 -6.402
-1604.81 -6.40217
-1605.67 -6.40234
-1606.54 -6.4025
-1607.4 -6.40267
-1608.27 -6.40284
-1609.13 -6.40301
-1609.99 -6.40317
-1610.86 -6.40334
-1611.72 -6.40351
-1612.59 -6.40368
-1613.45 -6.40384
-1614.32 -6.40401
-1615.18 -6.40418
-1616.05 -6.40434
-1616.91 -6.40451
-1617.78 -6.40468
-1618.64 -6.40484
-1619.51 -6.40501
-1620.37 -6.40517
-1621.23 -6.40534
-1622.1 -6.40551
-1622.96 -6.40567
-1623.83 -6.40584
-1624.69 -6.406
-1625.56 -6.40617
-1626.42 -6.40633
-1627.29 -6.4065
-1628.15 -6.40666
-1629.02 -6.40683
-1629.88 -6.40699
-1630.75 -6.40716
-1631.61 -6.40732
-1632.48 -6.40749
-1633.35 -6.40765
-1634.21 -6.40782
-1635.08 -6.40798
-1635.94 -6.40815
-1636.81 -6.40831
-1637.67 -6.40847
-1638.54 -6.40864
-1639.4 -6.4088
-1640.27 -6.40897
-1641.13 -6.40913
-1642 -6.40929
-1642.86 -6.40946
-1643.73 -6.40962
-1644.59 -6.40978
-1645.46 -6.40995
-1646.33 -6.41011
-1647.19 -6.41027
-1648.06 -6.41044
-1648.92 -6.4106
-1649.79 -6.41076
-1650.65 -6.41092
-1651.52 -6.41109
-1652.39 -6.41125
-1653.25 -6.41141
-1654.12 -6.41157
-1654.98 -6.41174
-1655.85 -6.4119
-1656.72 -6.41206
-1657.58 -6.41222
-1658.45 -6.41238
-1659.31 -6.41254
-1660.18 -6.41271
-1661.05 -6.41287
-1661.91 -6.41303
-1662.78 -6.41319
-1663.64 -6.41335
-1664.51 -6.41351
-1665.38 -6.41367
-1666.24 -6.41383
-1667.11 -6.41399
-1667.97 -6.41415
-1668.84 -6.41431
-1669.71 -6.41447
-1670.57 -6.41464
-1671.44 -6.4148
-1672.31 -6.41496
-1673.17 -6.41512
-1674.04 -6.41528
-1674.91 -6.41543
-1675.77 -6.41559
-1676.64 -6.41575
-1677.5 -6.41591
-1678.37 -6.41607
-1679.24 -6.41623
-1680.1 -6.41639
-1680.97 -6.41655
-1681.84 -6.41671
-1682.7 -6.41687
-1683.57 -6.41703
-1684.44 -6.41719
-1685.3 -6.41734
-1686.17 -6.4175
-1687.04 -6.41766
-1687.9 -6.41782
-1688.77 -6.41798
-1689.64 -6.41814
-1690.51 -6.41829
-1691.37 -6.41845
-1692.24 -6.41861
-1693.11 -6.41877
-1693.97 -6.41893
-1694.84 -6.41908
-1695.71 -6.41924
-1696.57 -6.4194
-1697.44 -6.41955
-1698.31 -6.41971
-1699.18 -6.41987
-1700.04 -6.42003
-1700.91 -6.42018
-1701.78 -6.42034
-1702.64 -6.4205
-1703.51 -6.42065
-1704.38 -6.42081
-1705.25 -6.42097
-1706.11 -6.42112
-1706.98 -6.42128
-1707.85 -6.42143
-1708.72 -6.42159
-1709.58 -6.42175
-1710.45 -6.4219
-1711.32 -6.42206
-1712.19 -6.42221
-1713.05 -6.42237
-1713.92 -6.42253
-1714.79 -6.42268
-1715.66 -6.42284
-1716.52 -6.42299
-1717.39 -6.42315
-1718.26 -6.4233
-1719.13 -6.42346
-1720 -6.42361
-1720.86 -6.42377
-1721.73 -6.42392
-1722.6 -6.42408
-1723.47 -6.42423
-1724.33 -6.42438
-1725.2 -6.42454
-1726.07 -6.42469
-1726.94 -6.42485
-1727.81 -6.425
-1728.67 -6.42516
-1729.54 -6.42531
-1730.41 -6.42546
-1731.28 -6.42562
-1732.15 -6.42577
-1733.01 -6.42592
-1733.88 -6.42608
-1734.75 -6.42623
-1735.62 -6.42638
-1736.49 -6.42654
-1737.36 -6.42669
-1738.22 -6.42684
-1739.09 -6.427
-1739.96 -6.42715
-1740.83 -6.4273
-1741.7 -6.42745
-1742.57 -6.42761
-1743.43 -6.42776
-1744.3 -6.42791
-1745.17 -6.42806
-1746.04 -6.42822
-1746.91 -6.42837
-1747.78 -6.42852
-1748.64 -6.42867
-1749.51 -6.42882
-1750.38 -6.42897
-1751.25 -6.42913
-1752.12 -6.42928
-1752.99 -6.42943
-1753.86 -6.42958
-1754.73 -6.42973
-1755.59 -6.42988
-1756.46 -6.43003
-1757.33 -6.43019
-1758.2 -6.43034
-1759.07 -6.43049
-1759.94 -6.43064
-1760.81 -6.43079
-1761.68 -6.43094
-1762.54 -6.43109
-1763.41 -6.43124
-1764.28 -6.43139
-1765.15 -6.43154
-1766.02 -6.43169
-1766.89 -6.43184
-1767.76 -6.43199
-1768.63 -6.43214
-1769.5 -6.43229
-1770.37 -6.43244
-1771.24 -6.43259
-1772.1 -6.43274
-1772.97 -6.43289
-1773.84 -6.43304
-1774.71 -6.43319
-1775.58 -6.43334
-1776.45 -6.43349
-1777.32 -6.43364
-1778.19 -6.43378
-1779.06 -6.43393
-1779.93 -6.43408
-1780.8 -6.43423
-1781.67 -6.43438
-1782.54 -6.43453
-1783.41 -6.43468
-1784.28 -6.43482
-1785.15 -6.43497
-1786.02 -6.43512
-1786.89 -6.43527
-1787.75 -6.43542
-1788.62 -6.43556
-1789.49 -6.43571
-1790.36 -6.43586
-1791.23 -6.43601
-1792.1 -6.43616
-1792.97 -6.4363
-1793.84 -6.43645
-1794.71 -6.4366
-1795.58 -6.43674
-1796.45 -6.43689
-1797.32 -6.43704
-1798.19 -6.43719
-1799.06 -6.43733
-1799.93 -6.43748
-1800.8 -6.43763
-1801.67 -6.43777
-1802.54 -6.43792
-1803.41 -6.43807
-1804.28 -6.43821
-1805.15 -6.43836
-1806.02 -6.43851
-1806.89 -6.43865
-1807.76 -6.4388
-1808.63 -6.43894
-1809.5 -6.43909
-1810.37 -6.43924
-1811.24 -6.43938
-1812.11 -6.43953
-1812.98 -6.43967
-1813.86 -6.43982
-1814.73 -6.43996
-1815.6 -6.44011
-1816.47 -6.44025
-1817.34 -6.4404
-1818.21 -6.44054
-1819.08 -6.44069
-1819.95 -6.44083
-1820.82 -6.44098
-1821.69 -6.44112
-1822.56 -6.44127
-1823.43 -6.44141
-1824.3 -6.44156
-1825.17 -6.4417
-1826.04 -6.44185
-1826.91 -6.44199
-1827.78 -6.44213
-1828.65 -6.44228
-1829.53 -6.44242
-1830.4 -6.44257
-1831.27 -6.44271
-1832.14 -6.44285
-1833.01 -6.443
-1833.88 -6.44314
-1834.75 -6.44328
-1835.62 -6.44343
-1836.49 -6.44357
-1837.36 -6.44372
-1838.23 -6.44386
-1839.11 -6.444
-1839.98 -6.44414
-1840.85 -6.44429
-1841.72 -6.44443
-1842.59 -6.44457
-1843.46 -6.44472
-1844.33 -6.44486
-1845.2 -6.445
-1846.07 -6.44514
-1846.95 -6.44529
-1847.82 -6.44543
-1848.69 -6.44557
-1849.56 -6.44571
-1850.43 -6.44586
-1851.3 -6.446
-1852.17 -6.44614
-1853.04 -6.44628
-1853.92 -6.44642
-1854.79 -6.44657
-1855.66 -6.44671
-1856.53 -6.44685
-1857.4 -6.44699
-1858.27 -6.44713
-1859.14 -6.44727
-1860.02 -6.44741
-1860.89 -6.44756
-1861.76 -6.4477
-1862.63 -6.44784
-1863.5 -6.44798
-1864.37 -6.44812
-1865.25 -6.44826
-1866.12 -6.4484
-1866.99 -6.44854
-1867.86 -6.44868
-1868.73 -6.44882
-1869.61 -6.44896
-1870.48 -6.4491
-1871.35 -6.44924
-1872.22 -6.44938
-1873.09 -6.44952
-1873.96 -6.44966
-1874.84 -6.4498
-1875.71 -6.44994
-1876.58 -6.45008
-1877.45 -6.45022
-1878.32 -6.45036
-1879.2 -6.4505
-1880.07 -6.45064
-1880.94 -6.45078
-1881.81 -6.45092
-1882.68 -6.45106
-1883.56 -6.4512
-1884.43 -6.45134
-1885.3 -6.45148
-1886.17 -6.45162
-1887.05 -6.45176
-1887.92 -6.45189
-1888.79 -6.45203
-1889.66 -6.45217
-1890.54 -6.45231
-1891.41 -6.45245
-1892.28 -6.45259
-1893.15 -6.45272
-1894.02 -6.45286
-1894.9 -6.453
-1895.77 -6.45314
-1896.64 -6.45328
-1897.51 -6.45342
-1898.39 -6.45355
-1899.26 -6.45369
-1900.13 -6.45383
-1901.01 -6.45397
-1901.88 -6.4541
-1902.75 -6.45424
-1903.62 -6.45438
-1904.5 -6.45452
-1905.37 -6.45465
-1906.24 -6.45479
-1907.11 -6.45493
-1907.99 -6.45507
-1908.86 -6.4552
-1909.73 -6.45534
-1910.61 -6.45548
-1911.48 -6.45561
-1912.35 -6.45575
-1913.22 -6.45589
-1914.1 -6.45602
-1914.97 -6.45616
-1915.84 -6.4563
-1916.72 -6.45643
-1917.59 -6.45657
-1918.46 -6.45671
-1919.34 -6.45684
-1920.21 -6.45698
-1921.08 -6.45711
-1921.95 -6.45725
-1922.83 -6.45739
-1923.7 -6.45752
-1924.57 -6.45766
-1925.45 -6.45779
-1926.32 -6.45793
-1927.19 -6.45806
-1928.07 -6.4582
-1928.94 -6.45833
-1929.81 -6.45847
-1930.69 -6.45861
-1931.56 -6.45874
-1932.43 -6.45888
-1933.31 -6.45901
-1934.18 -6.45915
-1935.05 -6.45928
-1935.93 -6.45941
-1936.8 -6.45955
-1937.67 -6.45968
-1938.55 -6.45982
-1939.42 -6.45995
-1940.3 -6.46009
-1941.17 -6.46022
-1942.04 -6.46036
-1942.92 -6.46049
-1943.79 -6.46062
-1944.66 -6.46076
-1945.54 -6.46089
-1946.41 -6.46103
-1947.28 -6.46116
-1948.16 -6.46129
-1949.03 -6.46143
-1949.91 -6.46156
-1950.78 -6.4617
-1951.65 -6.46183
-1952.53 -6.46196
-1953.4 -6.4621
-1954.28 -6.46223
-1955.15 -6.46236
-1956.02 -6.4625
-1956.9 -6.46263
-1957.77 -6.46276
-1958.65 -6.46289
-1959.52 -6.46303
-1960.39 -6.46316
-1961.27 -6.46329
-1962.14 -6.46343
-1963.02 -6.46356
-1963.89 -6.46369
-1964.76 -6.46382
-1965.64 -6.46396
-1966.51 -6.46409
-1967.39 -6.46422
-1968.26 -6.46435
-1969.14 -6.46448
-1970.01 -6.46462
-1970.88 -6.46475
-1971.76 -6.46488
-1972.63 -6.46501
-1973.51 -6.46514
-1974.38 -6.46528
-1975.26 -6.46541
-1976.13 -6.46554
-1977.01 -6.46567
-1977.88 -6.4658
-1978.75 -6.46593
-1979.63 -6.46606
-1980.5 -6.4662
-1981.38 -6.46633
-1982.25 -6.46646
-1983.13 -6.46659
-1984 -6.46672
-1984.88 -6.46685
-1985.75 -6.46698
-1986.63 -6.46711
-1987.5 -6.46724
-1988.38 -6.46737
-1989.25 -6.4675
-1990.13 -6.46763
-1991 -6.46776
-1991.88 -6.4679
-1992.75 -6.46803
-1993.62 -6.46816
-1994.5 -6.46829
-1995.37 -6.46842
-1996.25 -6.46855
-1997.12 -6.46868
-1998 -6.46881
-1998.87 -6.46894
-1999.75 -6.46907
-2000.62 -6.46919
-2001.5 -6.46932
-2002.37 -6.46945
-2003.25 -6.46958
-2004.13 -6.46971
-2005 -6.46984
-2005.88 -6.46997
-2006.75 -6.4701
-2007.63 -6.47023
-2008.5 -6.47036
-2009.38 -6.47049
-2010.25 -6.47062
-2011.13 -6.47075
-2012 -6.47087
-2012.88 -6.471
-2013.75 -6.47113
-2014.63 -6.47126
-2015.5 -6.47139
-2016.38 -6.47152
-2017.25 -6.47165
-2018.13 -6.47177
-2019.01 -6.4719
-2019.88 -6.47203
-2020.76 -6.47216
-2021.63 -6.47229
-2022.51 -6.47242
-2023.38 -6.47254
-2024.26 -6.47267
-2025.13 -6.4728
-2026.01 -6.47293
-2026.89 -6.47305
-2027.76 -6.47318
-2028.64 -6.47331
-2029.51 -6.47344
-2030.39 -6.47356
-2031.26 -6.47369
-2032.14 -6.47382
-2033.02 -6.47395
-2033.89 -6.47407
-2034.77 -6.4742
-2035.64 -6.47433
-2036.52 -6.47445
-2037.4 -6.47458
-2038.27 -6.47471
-2039.15 -6.47484
-2040.02 -6.47496
-2040.9 -6.47509
-2041.77 -6.47522
-2042.65 -6.47534
-2043.53 -6.47547
-2044.4 -6.47559
-2045.28 -6.47572
-2046.16 -6.47585
-2047.03 -6.47597
-2047.91 -6.4761
-2048.78 -6.47623
-2049.66 -6.47635
-2050.54 -6.47648
-2051.41 -6.4766
-2052.29 -6.47673
-2053.16 -6.47686
-2054.04 -6.47698
-2054.92 -6.47711
-2055.79 -6.47723
-2056.67 -6.47736
-2057.55 -6.47748
-2058.42 -6.47761
-2059.3 -6.47773
-2060.18 -6.47786
-2061.05 -6.47799
-2061.93 -6.47811
-2062.81 -6.47824
-2063.68 -6.47836
-2064.56 -6.47849
-2065.43 -6.47861
-2066.31 -6.47873
-2067.19 -6.47886
-2068.06 -6.47898
-2068.94 -6.47911
-2069.82 -6.47923
-2070.69 -6.47936
-2071.57 -6.47948
-2072.45 -6.47961
-2073.32 -6.47973
-2074.2 -6.47986
-2075.08 -6.47998
-2075.95 -6.4801
-2076.83 -6.48023
-2077.71 -6.48035
-2078.59 -6.48048
-2079.46 -6.4806
-2080.34 -6.48072
-2081.22 -6.48085
-2082.09 -6.48097
-2082.97 -6.4811
-2083.85 -6.48122
-2084.72 -6.48134
-2085.6 -6.48147
-2086.48 -6.48159
-2087.35 -6.48171
-2088.23 -6.48184
-2089.11 -6.48196
-2089.99 -6.48208
-2090.86 -6.48221
-2091.74 -6.48233
-2092.62 -6.48245
-2093.5 -6.48257
-2094.37 -6.4827
-2095.25 -6.48282
-2096.13 -6.48294
-2097 -6.48307
-2097.88 -6.48319
-2098.76 -6.48331
-2099.64 -6.48343
-2100.51 -6.48356
-2101.39 -6.48368
-2102.27 -6.4838
-2103.15 -6.48392
-2104.02 -6.48405
-2104.9 -6.48417
-2105.78 -6.48429
-2106.66 -6.48441
-2107.53 -6.48453
-2108.41 -6.48466
-2109.29 -6.48478
-2110.17 -6.4849
-2111.04 -6.48502
-2111.92 -6.48514
-2112.8 -6.48526
-2113.68 -6.48539
-2114.55 -6.48551
-2115.43 -6.48563
-2116.31 -6.48575
-2117.19 -6.48587
-2118.06 -6.48599
-2118.94 -6.48611
-2119.82 -6.48623
-2120.7 -6.48636
-2121.58 -6.48648
-2122.45 -6.4866
-2123.33 -6.48672
-2124.21 -6.48684
-2125.09 -6.48696
-2125.97 -6.48708
-2126.84 -6.4872
-2127.72 -6.48732
-2128.6 -6.48744
-2129.48 -6.48756
-2130.35 -6.48768
-2131.23 -6.4878
-2132.11 -6.48792
-2132.99 -6.48804
-2133.87 -6.48816
-2134.75 -6.48829
-2135.62 -6.48841
-2136.5 -6.48853
-2137.38 -6.48865
-2138.26 -6.48877
-2139.14 -6.48889
-2140.01 -6.48901
-2140.89 -6.48912
-2141.77 -6.48924
-2142.65 -6.48936
-2143.53 -6.48948
-2144.41 -6.4896
-2145.28 -6.48972
-2146.16 -6.48984
-2147.04 -6.48996
-2147.92 -6.49008
-2148.8 -6.4902
-2149.68 -6.49032
-2150.55 -6.49044
-2151.43 -6.49056
-2152.31 -6.49068
-2153.19 -6.4908
-2154.07 -6.49091
-2154.95 -6.49103
-2155.83 -6.49115
-2156.7 -6.49127
-2157.58 -6.49139
-2158.46 -6.49151
-2159.34 -6.49163
-2160.22 -6.49175
-2161.1 -6.49186
-2161.98 -6.49198
-2162.85 -6.4921
-2163.73 -6.49222
-2164.61 -6.49234
-2165.49 -6.49246
-2166.37 -6.49257
-2167.25 -6.49269
-2168.13 -6.49281
-2169.01 -6.49293
-2169.89 -6.49304
-2170.76 -6.49316
-2171.64 -6.49328
-2172.52 -6.4934
-2173.4 -6.49352
-2174.28 -6.49363
-2175.16 -6.49375
-2176.04 -6.49387
-2176.92 -6.49399
-2177.8 -6.4941
-2178.67 -6.49422
-2179.55 -6.49434
-2180.43 -6.49446
-2181.31 -6.49457
-2182.19 -6.49469
-2183.07 -6.49481
-2183.95 -6.49492
-2184.83 -6.49504
-2185.71 -6.49516
-2186.59 -6.49527
-2187.47 -6.49539
-2188.35 -6.49551
-2189.22 -6.49562
-2190.1 -6.49574
-2190.98 -6.49586
-2191.86 -6.49597
-2192.74 -6.49609
-2193.62 -6.49621
-2194.5 -6.49632
-2195.38 -6.49644
-2196.26 -6.49656
-2197.14 -6.49667
-2198.02 -6.49679
-2198.9 -6.4969
-2199.78 -6.49702
-2200.66 -6.49714
-2201.54 -6.49725
-2202.42 -6.49737
-2203.3 -6.49748
-2204.18 -6.4976
-2205.06 -6.49771
-2205.94 -6.49783
-2206.81 -6.49795
-2207.69 -6.49806
-2208.57 -6.49818
-2209.45 -6.49829
-2210.33 -6.49841
-2211.21 -6.49852
-2212.09 -6.49864
-2212.97 -6.49875
-2213.85 -6.49887
-2214.73 -6.49898
-2215.61 -6.4991
-2216.49 -6.49921
-2217.37 -6.49933
-2218.25 -6.49944
-2219.13 -6.49956
-2220.01 -6.49967
-2220.89 -6.49979
-2221.77 -6.4999
-2222.65 -6.50002
-2223.53 -6.50013
-2224.41 -6.50025
-2225.29 -6.50036
-2226.17 -6.50047
-2227.05 -6.50059
-2227.93 -6.5007
-2228.81 -6.50082
-2229.69 -6.50093
-2230.57 -6.50105
-2231.45 -6.50116
-2232.33 -6.50127
-2233.21 -6.50139
-2234.09 -6.5015
-2234.97 -6.50162
-2235.85 -6.50173
-2236.73 -6.50184
-2237.61 -6.50196
-2238.49 -6.50207
-2239.37 -6.50218
-2240.26 -6.5023
-2241.14 -6.50241
-2242.02 -6.50252
-2242.9 -6.50264
-2243.78 -6.50275
-2244.66 -6.50286
-2245.54 -6.50298
-2246.42 -6.50309
-2247.3 -6.5032
-2248.18 -6.50332
-2249.06 -6.50343
-2249.94 -6.50354
-2250.82 -6.50366
-2251.7 -6.50377
-2252.58 -6.50388
-2253.46 -6.50399
-2254.34 -6.50411
-2255.22 -6.50422
-2256.1 -6.50433
-2256.99 -6.50444
-2257.87 -6.50456
-2258.75 -6.50467
-2259.63 -6.50478
-2260.51 -6.50489
-2261.39 -6.50501
-2262.27 -6.50512
-2263.15 -6.50523
-2264.03 -6.50534
-2264.91 -6.50546
-2265.79 -6.50557
-2266.67 -6.50568
-2267.55 -6.50579
-2268.44 -6.5059
-2269.32 -6.50602
-2270.2 -6.50613
-2271.08 -6.50624
-2271.96 -6.50635
-2272.84 -6.50646
-2273.72 -6.50657
-2274.6 -6.50669
-2275.48 -6.5068
-2276.36 -6.50691
-2277.25 -6.50702
-2278.13 -6.50713
-2279.01 -6.50724
-2279.89 -6.50735
-2280.77 -6.50746
-2281.65 -6.50758
-2282.53 -6.50769
-2283.41 -6.5078
-2284.3 -6.50791
-2285.18 -6.50802
-2286.06 -6.50813
-2286.94 -6.50824
-2287.82 -6.50835
-2288.7 -6.50846
-2289.58 -6.50857
-2290.46 -6.50868
-2291.35 -6.50879
-2292.23 -6.50891
-2293.11 -6.50902
-2293.99 -6.50913
-2294.87 -6.50924
-2295.75 -6.50935
-2296.63 -6.50946
-2297.52 -6.50957
-2298.4 -6.50968
-2299.28 -6.50979
-2300.16 -6.5099
-2301.04 -6.51001
-2301.92 -6.51012
-2302.81 -6.51023
-2303.69 -6.51034
-2304.57 -6.51045
-2305.45 -6.51056
-2306.33 -6.51067
-2307.21 -6.51078
-2308.1 -6.51089
-2308.98 -6.511
-2309.86 -6.51111
-2310.74 -6.51122
-2311.62 -6.51132
-2312.5 -6.51143
-2313.39 -6.51154
-2314.27 -6.51165
-2315.15 -6.51176
-2316.03 -6.51187
-2316.91 -6.51198
-2317.8 -6.51209
-2318.68 -6.5122
-2319.56 -6.51231
-2320.44 -6.51242
-2321.32 -6.51253
-2322.21 -6.51263
-2323.09 -6.51274
-2323.97 -6.51285
-2324.85 -6.51296
-2325.73 -6.51307
-2326.62 -6.51318
-2327.5 -6.51329
-2328.38 -6.51339
-2329.26 -6.5135
-2330.14 -6.51361
-2331.03 -6.51372
-2331.91 -6.51383
-2332.79 -6.51394
-2333.67 -6.51404
-2334.56 -6.51415
-2335.44 -6.51426
-2336.32 -6.51437
-2337.2 -6.51448
-2338.08 -6.51459
-2338.97 -6.51469
-2339.85 -6.5148
-2340.73 -6.51491
-2341.61 -6.51502
-2342.5 -6.51512
-2343.38 -6.51523
-2344.26 -6.51534
-2345.14 -6.51545
-2346.03 -6.51555
-2346.91 -6.51566
-2347.79 -6.51577
-2348.67 -6.51588
-2349.56 -6.51598
-2350.44 -6.51609
-2351.32 -6.5162
-2352.2 -6.51631
-2353.09 -6.51641
-2353.97 -6.51652
-2354.85 -6.51663
-2355.73 -6.51673
-2356.62 -6.51684
-2357.5 -6.51695
-2358.38 -6.51706
-2359.27 -6.51716
-2360.15 -6.51727
-2361.03 -6.51738
-2361.91 -6.51748
-2362.8 -6.51759
-2363.68 -6.5177
-2364.56 -6.5178
-2365.45 -6.51791
-2366.33 -6.51801
-2367.21 -6.51812
-2368.09 -6.51823
-2368.98 -6.51833
-2369.86 -6.51844
-2370.74 -6.51855
-2371.63 -6.51865
-2372.51 -6.51876
-2373.39 -6.51887
-2374.27 -6.51897
-2375.16 -6.51908
-2376.04 -6.51918
-2376.92 -6.51929
-2377.81 -6.51939
-2378.69 -6.5195
-2379.57 -6.51961
-2380.46 -6.51971
-2381.34 -6.51982
-2382.22 -6.51992
-2383.11 -6.52003
-2383.99 -6.52013
-2384.87 -6.52024
-2385.76 -6.52035
-2386.64 -6.52045
-2387.52 -6.52056
-2388.41 -6.52066
-2389.29 -6.52077
-2390.17 -6.52087
-2391.06 -6.52098
-2391.94 -6.52108
-2392.82 -6.52119
-2393.71 -6.52129
-2394.59 -6.5214
-2395.47 -6.5215
-2396.36 -6.52161
-2397.24 -6.52171
-2398.12 -6.52182
-2399.01 -6.52192
-2399.89 -6.52203
-2400.77 -6.52213
-2401.66 -6.52224
-2402.54 -6.52234
-2403.42 -6.52245
-2404.31 -6.52255
-2405.19 -6.52265
-2406.07 -6.52276
-2406.96 -6.52286
-2407.84 -6.52297
-2408.73 -6.52307
-2409.61 -6.52318
-2410.49 -6.52328
-2411.38 -6.52338
-2412.26 -6.52349
-2413.14 -6.52359
-2414.03 -6.5237
-2414.91 -6.5238
-2415.8 -6.5239
-2416.68 -6.52401
-2417.56 -6.52411
-2418.45 -6.52422
-2419.33 -6.52432
-2420.21 -6.52442
-2421.1 -6.52453
-2421.98 -6.52463
-2422.87 -6.52473
-2423.75 -6.52484
-2424.63 -6.52494
-2425.52 -6.52504
-2426.4 -6.52515
-2427.29 -6.52525
-2428.17 -6.52535
-2429.05 -6.52546
-2429.94 -6.52556
-2430.82 -6.52566
-2431.71 -6.52577
-2432.59 -6.52587
-2433.47 -6.52597
-2434.36 -6.52608
-2435.24 -6.52618
-2436.13 -6.52628
-2437.01 -6.52638
-2437.9 -6.52649
-2438.78 -6.52659
-2439.66 -6.52669
-2440.55 -6.5268
-2441.43 -6.5269
-2442.32 -6.527
-2443.2 -6.5271
-2444.09 -6.52721
-2444.97 -6.52731
-2445.85 -6.52741
-2446.74 -6.52751
-2447.62 -6.52762
-2448.51 -6.52772
-2449.39 -6.52782
-2450.28 -6.52792
-2451.16 -6.52802
-2452.05 -6.52813
-2452.93 -6.52823
-2453.82 -6.52833
-2454.7 -6.52843
-2455.58 -6.52853
-2456.47 -6.52864
-2457.35 -6.52874
-2458.24 -6.52884
-2459.12 -6.52894
-2460.01 -6.52904
-2460.89 -6.52915
-2461.78 -6.52925
-2462.66 -6.52935
-2463.55 -6.52945
-2464.43 -6.52955
-2465.32 -6.52965
-2466.2 -6.52976
-2467.08 -6.52986
-2467.97 -6.52996
-2468.85 -6.53006
-2469.74 -6.53016
-2470.62 -6.53026
-2471.51 -6.53036
-2472.39 -6.53046
-2473.28 -6.53056
-2474.16 -6.53067
-2475.05 -6.53077
-2475.93 -6.53087
-2476.82 -6.53097
-2477.7 -6.53107
-2478.59 -6.53117
-2479.47 -6.53127
-2480.36 -6.53137
-2481.24 -6.53147
-2482.13 -6.53157
-2483.01 -6.53167
-2483.9 -6.53177
-2484.78 -6.53188
-2485.67 -6.53198
-2486.55 -6.53208
-2487.44 -6.53218
-2488.32 -6.53228
-2489.21 -6.53238
-2490.09 -6.53248
-2490.98 -6.53258
-2491.86 -6.53268
-2492.75 -6.53278
-2493.64 -6.53288
-2494.52 -6.53298
-2495.41 -6.53308
-2496.29 -6.53318
-2497.18 -6.53328
-2498.06 -6.53338
-2498.95 -6.53348
-2499.83 -6.53358
-2500.72 -6.53368
-2501.6 -6.53378
-2502.49 -6.53388
-2503.37 -6.53398
-2504.26 -6.53408
-2505.15 -6.53418
-2506.03 -6.53428
-2506.92 -6.53438
-2507.8 -6.53447
-2508.69 -6.53457
-2509.57 -6.53467
-2510.46 -6.53477
-2511.34 -6.53487
-2512.23 -6.53497
-2513.11 -6.53507
-2514 -6.53517
-2514.89 -6.53527
-2515.77 -6.53537
-2516.66 -6.53547
-2517.54 -6.53557
-2518.43 -6.53567
-2519.31 -6.53576
-2520.2 -6.53586
-2521.09 -6.53596
-2521.97 -6.53606
-2522.86 -6.53616
-2523.74 -6.53626
-2524.63 -6.53636
-2525.51 -6.53645
-2526.4 -6.53655
-2527.29 -6.53665
-2528.17 -6.53675
-2529.06 -6.53685
-2529.94 -6.53695
-2530.83 -6.53705
-2531.72 -6.53714
-2532.6 -6.53724
-2533.49 -6.53734
-2534.37 -6.53744
-2535.26 -6.53754
-2536.15 -6.53764
-2537.03 -6.53773
-2537.92 -6.53783
-2538.8 -6.53793
-2539.69 -6.53803
-2540.58 -6.53813
-2541.46 -6.53822
-2542.35 -6.53832
-2543.23 -6.53842
-2544.12 -6.53852
-2545.01 -6.53861
-2545.89 -6.53871
-2546.78 -6.53881
-2547.67 -6.53891
-2548.55 -6.53901
-2549.44 -6.5391
-2550.32 -6.5392
-2551.21 -6.5393
-2552.1 -6.53939
-2552.98 -6.53949
-2553.87 -6.53959
-2554.76 -6.53969
-2555.64 -6.53978
-2556.53 -6.53988
-2557.41 -6.53998
-2558.3 -6.54008
-2559.19 -6.54017
-2560.07 -6.54027
-2560.96 -6.54037
-2561.85 -6.54046
-2562.73 -6.54056
-2563.62 -6.54066
-2564.51 -6.54075
-2565.39 -6.54085
-2566.28 -6.54095
-2567.17 -6.54104
-2568.05 -6.54114
-2568.94 -6.54124
-2569.83 -6.54134
-2570.71 -6.54143
-2571.6 -6.54153
-2572.49 -6.54163
-2573.37 -6.54172
-2574.26 -6.54182
-2575.15 -6.54191
-2576.03 -6.54201
-2576.92 -6.54211
-2577.81 -6.5422
-2578.69 -6.5423
-2579.58 -6.5424
-2580.47 -6.54249
-2581.35 -6.54259
-2582.24 -6.54268
-2583.13 -6.54278
-2584.01 -6.54288
-2584.9 -6.54297
-2585.79 -6.54307
-2586.67 -6.54316
-2587.56 -6.54326
-2588.45 -6.54336
-2589.33 -6.54345
-2590.22 -6.54355
-2591.11 -6.54364
-2592 -6.54374
-2592.88 -6.54383
-2593.77 -6.54393
-2594.66 -6.54403
-2595.54 -6.54412
-2596.43 -6.54422
-2597.32 -6.54431
-2598.2 -6.54441
-2599.09 -6.5445
-2599.98 -6.5446
-2600.87 -6.54469
-2601.75 -6.54479
-2602.64 -6.54488
-2603.53 -6.54498
-2604.42 -6.54507
-2605.3 -6.54517
-2606.19 -6.54526
-2607.08 -6.54536
-2607.96 -6.54545
-2608.85 -6.54555
-2609.74 -6.54564
-2610.63 -6.54574
-2611.51 -6.54583
-2612.4 -6.54593
-2613.29 -6.54602
-2614.18 -6.54612
-2615.06 -6.54621
-2615.95 -6.54631
-2616.84 -6.5464
-2617.73 -6.5465
-2618.61 -6.54659
-2619.5 -6.54669
-2620.39 -6.54678
-2621.27 -6.54687
-2622.16 -6.54697
-2623.05 -6.54706
-2623.94 -6.54716
-2624.82 -6.54725
-2625.71 -6.54735
-2626.6 -6.54744
-2627.49 -6.54753
-2628.38 -6.54763
-2629.26 -6.54772
-2630.15 -6.54782
-2631.04 -6.54791
-2631.93 -6.548
-2632.81 -6.5481
-2633.7 -6.54819
-2634.59 -6.54829
-2635.48 -6.54838
-2636.36 -6.54847
-2637.25 -6.54857
-2638.14 -6.54866
-2639.03 -6.54876
-2639.92 -6.54885
-2640.8 -6.54894
-2641.69 -6.54904
-2642.58 -6.54913
-2643.47 -6.54922
-2644.35 -6.54932
-2645.24 -6.54941
-2646.13 -6.5495
-2647.02 -6.5496
-2647.91 -6.54969
-2648.79 -6.54978
-2649.68 -6.54988
-2650.57 -6.54997
-2651.46 -6.55006
-2652.35 -6.55016
-2653.23 -6.55025
-2654.12 -6.55034
-2655.01 -6.55043
-2655.9 -6.55053
-2656.79 -6.55062
-2657.67 -6.55071
-2658.56 -6.55081
-2659.45 -6.5509
-2660.34 -6.55099
-2661.23 -6.55109
-2662.12 -6.55118
-2663 -6.55127
-2663.89 -6.55136
-2664.78 -6.55146
-2665.67 -6.55155
-2666.56 -6.55164
-2667.44 -6.55173
-2668.33 -6.55183
-2669.22 -6.55192
-2670.11 -6.55201
-2671 -6.5521
-2671.89 -6.5522
-2672.77 -6.55229
-2673.66 -6.55238
-2674.55 -6.55247
-2675.44 -6.55256
-2676.33 -6.55266
-2677.22 -6.55275
-2678.11 -6.55284
-2678.99 -6.55293
-2679.88 -6.55302
-2680.77 -6.55312
-2681.66 -6.55321
-2682.55 -6.5533
-2683.44 -6.55339
-2684.32 -6.55348
-2685.21 -6.55358
-2686.1 -6.55367
-2686.99 -6.55376
-2687.88 -6.55385
-2688.77 -6.55394
-2689.66 -6.55403
-2690.54 -6.55413
-2691.43 -6.55422
-2692.32 -6.55431
-2693.21 -6.5544
-2694.1 -6.55449
-2694.99 -6.55458
-2695.88 -6.55467
-2696.77 -6.55477
-2697.65 -6.55486
-2698.54 -6.55495
-2699.43 -6.55504
-2700.32 -6.55513
-2701.21 -6.55522
-2702.1 -6.55531
-2702.99 -6.5554
-2703.88 -6.55549
-2704.77 -6.55559
-2705.65 -6.55568
-2706.54 -6.55577
-2707.43 -6.55586
-2708.32 -6.55595
-2709.21 -6.55604
-2710.1 -6.55613
-2710.99 -6.55622
-2711.88 -6.55631
-2712.77 -6.5564
-2713.65 -6.55649
-2714.54 -6.55658
-2715.43 -6.55667
-2716.32 -6.55677
-2717.21 -6.55686
-2718.1 -6.55695
-2718.99 -6.55704
-2719.88 -6.55713
-2720.77 -6.55722
-2721.66 -6.55731
-2722.55 -6.5574
-2723.44 -6.55749
-2724.32 -6.55758
-2725.21 -6.55767
-2726.1 -6.55776
-2726.99 -6.55785
-2727.88 -6.55794
-2728.77 -6.55803
-2729.66 -6.55812
-2730.55 -6.55821
-2731.44 -6.5583
-2732.33 -6.55839
-2733.22 -6.55848
-2734.11 -6.55857
-2735 -6.55866
-2735.89 -6.55875
-2736.77 -6.55884
-2737.66 -6.55893
-2738.55 -6.55902
-2739.44 -6.55911
-2740.33 -6.5592
-2741.22 -6.55929
-2742.11 -6.55938
-2743 -6.55947
-2743.89 -6.55956
-2744.78 -6.55965
-2745.67 -6.55974
-2746.56 -6.55982
-2747.45 -6.55991
-2748.34 -6.56
-2749.23 -6.56009
-2750.12 -6.56018
-2751.01 -6.56027
-2751.9 -6.56036
-2752.79 -6.56045
-2753.68 -6.56054
-2754.57 -6.56063
-2755.46 -6.56072
-2756.34 -6.56081
-2757.23 -6.56089
-2758.12 -6.56098
-2759.01 -6.56107
-2759.9 -6.56116
-2760.79 -6.56125
-2761.68 -6.56134
-2762.57 -6.56143
-2763.46 -6.56152
-2764.35 -6.5616
-2765.24 -6.56169
-2766.13 -6.56178
-2767.02 -6.56187
-2767.91 -6.56196
-2768.8 -6.56205
-2769.69 -6.56214
-2770.58 -6.56223
-2771.47 -6.56231
-2772.36 -6.5624
-2773.25 -6.56249
-2774.14 -6.56258
-2775.03 -6.56267
-2775.92 -6.56275
-2776.81 -6.56284
-2777.7 -6.56293
-2778.59 -6.56302
-2779.48 -6.56311
-2780.37 -6.5632
-2781.26 -6.56328
-2782.15 -6.56337
-2783.04 -6.56346
-2783.93 -6.56355
-2784.82 -6.56364
-2785.71 -6.56372
-2786.6 -6.56381
-2787.49 -6.5639
-2788.38 -6.56399
-2789.27 -6.56407
-2790.16 -6.56416
-2791.05 -6.56425
-2791.95 -6.56434
-2792.84 -6.56443
-2793.73 -6.56451
-2794.62 -6.5646
-2795.51 -6.56469
-2796.4 -6.56478
-2797.29 -6.56486
-2798.18 -6.56495
-2799.07 -6.56504
-2799.96 -6.56513
-2800.85 -6.56521
-2801.74 -6.5653
-2802.63 -6.56539
-2803.52 -6.56547
-2804.41 -6.56556
-2805.3 -6.56565
-2806.19 -6.56574
-2807.08 -6.56582
-2807.97 -6.56591
-2808.86 -6.566
-2809.75 -6.56609
-2810.64 -6.56617
-2811.54 -6.56626
-2812.43 -6.56635
-2813.32 -6.56643
-2814.21 -6.56652
-2815.1 -6.56661
-2815.99 -6.56669
-2816.88 -6.56678
-2817.77 -6.56687
-2818.66 -6.56695
-2819.55 -6.56704
-2820.44 -6.56713
-2821.33 -6.56721
-2822.22 -6.5673
-2823.11 -6.56739
-2824 -6.56747
-2824.9 -6.56756
-2825.79 -6.56765
-2826.68 -6.56773
-2827.57 -6.56782
-2828.46 -6.5679
-2829.35 -6.56799
-2830.24 -6.56808
-2831.13 -6.56816
-2832.02 -6.56825
-2832.91 -6.56834
-2833.8 -6.56842
-2834.7 -6.56851
-2835.59 -6.56859
-2836.48 -6.56868
-2837.37 -6.56877
-2838.26 -6.56885
-2839.15 -6.56894
-2840.04 -6.56902
-2840.93 -6.56911
-2841.82 -6.5692
-2842.71 -6.56928
-2843.61 -6.56937
-2844.5 -6.56945
-2845.39 -6.56954
-2846.28 -6.56962
-2847.17 -6.56971
-2848.06 -6.5698
-2848.95 -6.56988
-2849.84 -6.56997
-2850.73 -6.57005
-2851.63 -6.57014
-2852.52 -6.57022
-2853.41 -6.57031
-2854.3 -6.57039
-2855.19 -6.57048
-2856.08 -6.57057
-2856.97 -6.57065
-2857.86 -6.57074
-2858.76 -6.57082
-2859.65 -6.57091
-2860.54 -6.57099
-2861.43 -6.57108
-2862.32 -6.57116
-2863.21 -6.57125
-2864.1 -6.57133
-2865 -6.57142
-2865.89 -6.5715
-2866.78 -6.57159
-2867.67 -6.57167
-2868.56 -6.57176
-2869.45 -6.57184
-2870.34 -6.57193
-2871.24 -6.57201
-2872.13 -6.5721
-2873.02 -6.57218
-2873.91 -6.57227
-2874.8 -6.57235
-2875.69 -6.57244
-2876.59 -6.57252
-2877.48 -6.57261
-2878.37 -6.57269
-2879.26 -6.57277
-2880.15 -6.57286
-2881.04 -6.57294
-2881.94 -6.57303
-2882.83 -6.57311
-2883.72 -6.5732
-2884.61 -6.57328
-2885.5 -6.57337
-2886.39 -6.57345
-2887.29 -6.57353
-2888.18 -6.57362
-2889.07 -6.5737
-2889.96 -6.57379
-2890.85 -6.57387
-2891.74 -6.57396
-2892.64 -6.57404
-2893.53 -6.57412
-2894.42 -6.57421
-2895.31 -6.57429
-2896.2 -6.57438
-2897.1 -6.57446
-2897.99 -6.57454
-2898.88 -6.57463
-2899.77 -6.57471
-2900.66 -6.57479
-2901.55 -6.57488
-2902.45 -6.57496
-2903.34 -6.57505
-2904.23 -6.57513
-2905.12 -6.57521
-2906.02 -6.5753
-2906.91 -6.57538
-2907.8 -6.57546
-2908.69 -6.57555
-2909.58 -6.57563
-2910.48 -6.57571
-2911.37 -6.5758
-2912.26 -6.57588
-2913.15 -6.57596
-2914.04 -6.57605
-2914.94 -6.57613
-2915.83 -6.57622
-2916.72 -6.5763
-2917.61 -6.57638
-2918.5 -6.57647
-2919.4 -6.57655
-2920.29 -6.57663
-2921.18 -6.57671
-2922.07 -6.5768
-2922.97 -6.57688
-2923.86 -6.57696
-2924.75 -6.57705
-2925.64 -6.57713
-2926.54 -6.57721
-2927.43 -6.5773
-2928.32 -6.57738
-2929.21 -6.57746
-2930.11 -6.57754
-2931 -6.57763
-2931.89 -6.57771
-2932.78 -6.57779
-2933.67 -6.57788
-2934.57 -6.57796
-2935.46 -6.57804
-2936.35 -6.57812
-2937.24 -6.57821
-2938.14 -6.57829
-2939.03 -6.57837
-2939.92 -6.57845
-2940.82 -6.57854
-2941.71 -6.57862
-2942.6 -6.5787
-2943.49 -6.57878
-2944.39 -6.57887
-2945.28 -6.57895
-2946.17 -6.57903
-2947.06 -6.57911
-2947.96 -6.5792
-2948.85 -6.57928
-2949.74 -6.57936
-2950.63 -6.57944
-2951.53 -6.57952
-2952.42 -6.57961
-2953.31 -6.57969
-2954.2 -6.57977
-2955.1 -6.57985
-2955.99 -6.57993
-2956.88 -6.58002
-2957.78 -6.5801
-2958.67 -6.58018
-2959.56 -6.58026
-2960.45 -6.58034
-2961.35 -6.58043
-2962.24 -6.58051
-2963.13 -6.58059
-2964.03 -6.58067
-2964.92 -6.58075
-2965.81 -6.58083
-2966.7 -6.58092
-2967.6 -6.581
-2968.49 -6.58108
-2969.38 -6.58116
-2970.28 -6.58124
-2971.17 -6.58132
-2972.06 -6.5814
-2972.96 -6.58149
-2973.85 -6.58157
-2974.74 -6.58165
-2975.64 -6.58173
-2976.53 -6.58181
-2977.42 -6.58189
-2978.31 -6.58197
-2979.21 -6.58206
-2980.1 -6.58214
-2980.99 -6.58222
-2981.89 -6.5823
-2982.78 -6.58238
-2983.67 -6.58246
-2984.57 -6.58254
-2985.46 -6.58262
-2986.35 -6.5827
-2987.25 -6.58279
-2988.14 -6.58287
-2989.03 -6.58295
-2989.93 -6.58303
-2990.82 -6.58311
-2991.71 -6.58319
-2992.61 -6.58327
-2993.5 -6.58335
-2994.39 -6.58343
-2995.29 -6.58351
-2996.18 -6.58359
-2997.07 -6.58367
-2997.97 -6.58376
-2998.86 -6.58384
-2999.75 -6.58392
-3000.65 -6.584
-3001.54 -6.58408
-3002.43 -6.58416
-3003.33 -6.58424
-3004.22 -6.58432
-3005.11 -6.5844
-3006.01 -6.58448
-3006.9 -6.58456
-3007.79 -6.58464
-3008.69 -6.58472
-3009.58 -6.5848
-3010.47 -6.58488
-3011.37 -6.58496
-3012.26 -6.58504
-3013.16 -6.58512
-3014.05 -6.5852
-3014.94 -6.58528
-3015.84 -6.58536
-3016.73 -6.58544
-3017.62 -6.58552
-3018.52 -6.5856
-3019.41 -6.58568
-3020.3 -6.58576
-3021.2 -6.58584
-3022.09 -6.58592
-3022.99 -6.586
-3023.88 -6.58608
-3024.77 -6.58616
-3025.67 -6.58624
-3026.56 -6.58632
-3027.45 -6.5864
-3028.35 -6.58648
-3029.24 -6.58656
-3030.14 -6.58664
-3031.03 -6.58672
-3031.92 -6.5868
-3032.82 -6.58688
-3033.71 -6.58696
-3034.61 -6.58704
-3035.5 -6.58712
-3036.39 -6.5872
-3037.29 -6.58728
-3038.18 -6.58736
-3039.08 -6.58744
-3039.97 -6.58751
-3040.86 -6.58759
-3041.76 -6.58767
-3042.65 -6.58775
-3043.55 -6.58783
-3044.44 -6.58791
-3045.33 -6.58799
-3046.23 -6.58807
-3047.12 -6.58815
-3048.02 -6.58823
-3048.91 -6.58831
-3049.8 -6.58839
-3050.7 -6.58846
-3051.59 -6.58854
-3052.49 -6.58862
-3053.38 -6.5887
-3054.27 -6.58878
-3055.17 -6.58886
-3056.06 -6.58894
-3056.96 -6.58902
-3057.85 -6.5891
-3058.75 -6.58917
-3059.64 -6.58925
-3060.53 -6.58933
-3061.43 -6.58941
-3062.32 -6.58949
-3063.22 -6.58957
-3064.11 -6.58965
-3065.01 -6.58972
-3065.9 -6.5898
-3066.79 -6.58988
-3067.69 -6.58996
-3068.58 -6.59004
-3069.48 -6.59012
-3070.37 -6.5902
-3071.27 -6.59027
-3072.16 -6.59035
-3073.06 -6.59043
-3073.95 -6.59051
-3074.84 -6.59059
-3075.74 -6.59067
-3076.63 -6.59074
-3077.53 -6.59082
-3078.42 -6.5909
-3079.32 -6.59098
-3080.21 -6.59106
-3081.11 -6.59113
-3082 -6.59121
-3082.9 -6.59129
-3083.79 -6.59137
-3084.68 -6.59145
-3085.58 -6.59153
-3086.47 -6.5916
-3087.37 -6.59168
-3088.26 -6.59176
-3089.16 -6.59184
-3090.05 -6.59191
-3090.95 -6.59199
-3091.84 -6.59207
-3092.74 -6.59215
-3093.63 -6.59223
-3094.53 -6.5923
-3095.42 -6.59238
-3096.32 -6.59246
-3097.21 -6.59254
-3098.11 -6.59261
-3099 -6.59269
-3099.9 -6.59277
-3100.79 -6.59285
-3101.69 -6.59292
-3102.58 -6.593
-3103.47 -6.59308
-3104.37 -6.59316
-3105.26 -6.59323
-3106.16 -6.59331
-3107.05 -6.59339
-3107.95 -6.59347
-3108.84 -6.59354
-3109.74 -6.59362
-3110.63 -6.5937
-3111.53 -6.59377
-3112.42 -6.59385
-3113.32 -6.59393
-3114.21 -6.59401
-3115.11 -6.59408
-3116 -6.59416
-3116.9 -6.59424
-3117.79 -6.59432
-3118.69 -6.59439
-3119.58 -6.59447
-3120.48 -6.59455
-3121.37 -6.59462
-3122.27 -6.5947
-3123.17 -6.59478
-3124.06 -6.59485
-3124.96 -6.59493
-3125.85 -6.59501
-3126.75 -6.59508
-3127.64 -6.59516
-3128.54 -6.59524
-3129.43 -6.59531
-3130.33 -6.59539
-3131.22 -6.59547
-3132.12 -6.59554
-3133.01 -6.59562
-3133.91 -6.5957
-3134.8 -6.59577
-3135.7 -6.59585
-3136.59 -6.59593
-3137.49 -6.596
-3138.38 -6.59608
-3139.28 -6.59616
-3140.18 -6.59623
-3141.07 -6.59631
-3141.97 -6.59638
-3142.86 -6.59646
-3143.76 -6.59654
-3144.65 -6.59661
-3145.55 -6.59669
-3146.44 -6.59677
-3147.34 -6.59684
-3148.23 -6.59692
-3149.13 -6.59699
-3150.03 -6.59707
-3150.92 -6.59715
-3151.82 -6.59722
-3152.71 -6.5973
-3153.61 -6.59737
-3154.5 -6.59745
-3155.4 -6.59753
-3156.29 -6.5976
-3157.19 -6.59768
-3158.09 -6.59775
-3158.98 -6.59783
-3159.88 -6.59791
-3160.77 -6.59798
-3161.67 -6.59806
-3162.56 -6.59813
-3163.46 -6.59821
-3164.36 -6.59828
-3165.25 -6.59836
-3166.15 -6.59844
-3167.04 -6.59851
-3167.94 -6.59859
-3168.83 -6.59866
-3169.73 -6.59874
-3170.63 -6.59881
-3171.52 -6.59889
-3172.42 -6.59896
-3173.31 -6.59904
-3174.21 -6.59911
-3175.1 -6.59919
-3176 -6.59927
-3176.9 -6.59934
-3177.79 -6.59942
-3178.69 -6.59949
-3179.58 -6.59957
-3180.48 -6.59964
-3181.38 -6.59972
-3182.27 -6.59979
-3183.17 -6.59987
-3184.06 -6.59994
-3184.96 -6.60002
-3185.86 -6.60009
-3186.75 -6.60017
-3187.65 -6.60024
-3188.54 -6.60032
-3189.44 -6.60039
-3190.34 -6.60047
-3191.23 -6.60054
-3192.13 -6.60062
-3193.02 -6.60069
-3193.92 -6.60077
-3194.82 -6.60084
-3195.71 -6.60092
-3196.61 -6.60099
-3197.51 -6.60107
-3198.4 -6.60114
-3199.3 -6.60122
-3200.19 -6.60129
-3201.09 -6.60137
-3201.99 -6.60144
-3202.88 -6.60152
-3203.78 -6.60159
-3204.68 -6.60167
-3205.57 -6.60174
-3206.47 -6.60181
-3207.36 -6.60189
-3208.26 -6.60196
-3209.16 -6.60204
-3210.05 -6.60211
-3210.95 -6.60219
-3211.84 -6.60226
-3212.74 -6.60233
-3213.64 -6.60241
-3214.53 -6.60248
-3215.43 -6.60256
-3216.33 -6.60263
-3217.22 -6.60271
-3218.12 -6.60278
-3219.02 -6.60286
-3219.91 -6.60293
-3220.81 -6.603
-3221.71 -6.60308
-3222.6 -6.60315
-3223.5 -6.60323
-3224.4 -6.6033
-3225.29 -6.60337
-3226.19 -6.60345
-3227.08 -6.60352
-3227.98 -6.60359
-3228.88 -6.60367
-3229.77 -6.60374
-3230.67 -6.60382
-3231.57 -6.60389
-3232.46 -6.60396
-3233.36 -6.60404
-3234.26 -6.60411
-3235.15 -6.60419
-3236.05 -6.60426
-3236.95 -6.60433
-3237.84 -6.60441
-3238.74 -6.60448
-3239.64 -6.60455
-3240.53 -6.60463
-3241.43 -6.6047
-3242.33 -6.60477
-3243.23 -6.60485
-3244.12 -6.60492
-3245.02 -6.605
-3245.92 -6.60507
-3246.81 -6.60514
-3247.71 -6.60522
-3248.61 -6.60529
-3249.5 -6.60536
-3250.4 -6.60544
-3251.3 -6.60551
-3252.19 -6.60558
-3253.09 -6.60566
-3253.99 -6.60573
-3254.88 -6.6058
-3255.78 -6.60588
-3256.68 -6.60595
-3257.57 -6.60602
-3258.47 -6.6061
-3259.37 -6.60617
-3260.27 -6.60624
-3261.16 -6.60631
-3262.06 -6.60639
-3262.96 -6.60646
-3263.85 -6.60653
-3264.75 -6.60661
-3265.65 -6.60668
-3266.54 -6.60675
-3267.44 -6.60682
-3268.34 -6.6069
-3269.24 -6.60697
-3270.13 -6.60704
-3271.03 -6.60712
-3271.93 -6.60719
-3272.82 -6.60726
-3273.72 -6.60734
-3274.62 -6.60741
-3275.52 -6.60748
-3276.41 -6.60755
-3277.31 -6.60763
-3278.21 -6.6077
-3279.11 -6.60777
-3280 -6.60784
-3280.9 -6.60792
-3281.8 -6.60799
-3282.69 -6.60806
-3283.59 -6.60813
-3284.49 -6.60821
-3285.39 -6.60828
-3286.28 -6.60835
-3287.18 -6.60842
-3288.08 -6.6085
-3288.98 -6.60857
-3289.87 -6.60864
-3290.77 -6.60871
-3291.67 -6.60879
-3292.56 -6.60886
-3293.46 -6.60893
-3294.36 -6.609
-3295.26 -6.60907
-3296.15 -6.60915
-3297.05 -6.60922
-3297.95 -6.60929
-3298.85 -6.60936
-3299.74 -6.60943
-3300.64 -6.60951
-3301.54 -6.60958
-3302.44 -6.60965
-3303.33 -6.60972
-3304.23 -6.60979
-3305.13 -6.60987
-3306.03 -6.60994
-3306.92 -6.61001
-3307.82 -6.61008
-3308.72 -6.61015
-3309.62 -6.61023
-3310.52 -6.6103
-3311.41 -6.61037
-3312.31 -6.61044
-3313.21 -6.61051
-3314.11 -6.61058
-3315 -6.61066
-3315.9 -6.61073
-3316.8 -6.6108
-3317.7 -6.61087
-3318.59 -6.61094
-3319.49 -6.61101
-3320.39 -6.61108
-3321.29 -6.61116
-3322.19 -6.61123
-3323.08 -6.6113
-3323.98 -6.61137
-3324.88 -6.61144
-3325.78 -6.61151
-3326.67 -6.61159
-3327.57 -6.61166
-3328.47 -6.61173
-3329.37 -6.6118
-3330.27 -6.61187
-3331.16 -6.61194
-3332.06 -6.61201
-3332.96 -6.61208
-3333.86 -6.61216
-3334.76 -6.61223
-3335.65 -6.6123
-3336.55 -6.61237
-3337.45 -6.61244
-3338.35 -6.61251
-3339.25 -6.61258
-3340.14 -6.61265
-3341.04 -6.61272
-3341.94 -6.6128
-3342.84 -6.61287
-3343.74 -6.61294
-3344.63 -6.61301
-3345.53 -6.61308
-3346.43 -6.61315
-3347.33 -6.61322
-3348.23 -6.61329
-3349.12 -6.61336
-3350.02 -6.61343
-3350.92 -6.6135
-3351.82 -6.61358
-3352.72 -6.61365
-3353.62 -6.61372
-3354.51 -6.61379
-3355.41 -6.61386
-3356.31 -6.61393
-3357.21 -6.614
-3358.11 -6.61407
-3359 -6.61414
-3359.9 -6.61421
-3360.8 -6.61428
-3361.7 -6.61435
-3362.6 -6.61442
-3363.5 -6.61449
-3364.39 -6.61456
-3365.29 -6.61463
-3366.19 -6.6147
-3367.09 -6.61478
-3367.99 -6.61485
-3368.89 -6.61492
-3369.78 -6.61499
-3370.68 -6.61506
-3371.58 -6.61513
-3372.48 -6.6152
-3373.38 -6.61527
-3374.28 -6.61534
-3375.18 -6.61541
-3376.07 -6.61548
-3376.97 -6.61555
-3377.87 -6.61562
-3378.77 -6.61569
-3379.67 -6.61576
-3380.57 -6.61583
-3381.46 -6.6159
-3382.36 -6.61597
-3383.26 -6.61604
-3384.16 -6.61611
-3385.06 -6.61618
-3385.96 -6.61625
-3386.86 -6.61632
-3387.75 -6.61639
-3388.65 -6.61646
-3389.55 -6.61653
-3390.45 -6.6166
-3391.35 -6.61667
-3392.25 -6.61674
-3393.15 -6.61681
-3394.05 -6.61688
-3394.94 -6.61694
-3395.84 -6.61701
-3396.74 -6.61708
-3397.64 -6.61715
-3398.54 -6.61722
-3399.44 -6.61729
-3400.34 -6.61736
-3401.23 -6.61743
-3402.13 -6.6175
-3403.03 -6.61757
-3403.93 -6.61764
-3404.83 -6.61771
-3405.73 -6.61778
-3406.63 -6.61785
-3407.53 -6.61792
-3408.43 -6.61799
-3409.32 -6.61806
-3410.22 -6.61813
-3411.12 -6.6182
-3412.02 -6.61827
-3412.92 -6.61833
-3413.82 -6.6184
-3414.72 -6.61847
-3415.62 -6.61854
-3416.52 -6.61861
-3417.42 -6.61868
-3418.31 -6.61875
-3419.21 -6.61882
-3420.11 -6.61889
-3421.01 -6.61896
-3421.91 -6.61903
-3422.81 -6.61909
-3423.71 -6.61916
-3424.61 -6.61923
-3425.51 -6.6193
-3426.41 -6.61937
-3427.3 -6.61944
-3428.2 -6.61951
-3429.1 -6.61958
-3430 -6.61965
-3430.9 -6.61972
-3431.8 -6.61978
-3432.7 -6.61985
-3433.6 -6.61992
-3434.5 -6.61999
-3435.4 -6.62006
-3436.3 -6.62013
-3437.2 -6.6202
-3438.09 -6.62027
-3438.99 -6.62033
-3439.89 -6.6204
-3440.79 -6.62047
-3441.69 -6.62054
-3442.59 -6.62061
-3443.49 -6.62068
-3444.39 -6.62075
-3445.29 -6.62081
-3446.19 -6.62088
-3447.09 -6.62095
-3447.99 -6.62102
-3448.89 -6.62109
-3449.79 -6.62116
-3450.69 -6.62122
-3451.58 -6.62129
-3452.48 -6.62136
-3453.38 -6.62143
-3454.28 -6.6215
-3455.18 -6.62157
-3456.08 -6.62163
-3456.98 -6.6217
-3457.88 -6.62177
-3458.78 -6.62184
-3459.68 -6.62191
-3460.58 -6.62197
-3461.48 -6.62204
-3462.38 -6.62211
-3463.28 -6.62218
-3464.18 -6.62225
-3465.08 -6.62232
-3465.98 -6.62238
-3466.88 -6.62245
-3467.78 -6.62252
-3468.68 -6.62259
-3469.57 -6.62266
-3470.47 -6.62272
-3471.37 -6.62279
-3472.27 -6.62286
-3473.17 -6.62293
-3474.07 -6.62299
-3474.97 -6.62306
-3475.87 -6.62313
-3476.77 -6.6232
-3477.67 -6.62327
-3478.57 -6.62333
-3479.47 -6.6234
-3480.37 -6.62347
-3481.27 -6.62354
-3482.17 -6.6236
-3483.07 -6.62367
-3483.97 -6.62374
-3484.87 -6.62381
-3485.77 -6.62388
-3486.67 -6.62394
-3487.57 -6.62401
-3488.47 -6.62408
-3489.37 -6.62415
-3490.27 -6.62421
-3491.17 -6.62428
-3492.07 -6.62435
-3492.97 -6.62441
-3493.87 -6.62448
-3494.77 -6.62455
-3495.67 -6.62462
-3496.57 -6.62468
-3497.47 -6.62475
-3498.37 -6.62482
-3499.27 -6.62489
-3500.17 -6.62495
-3501.07 -6.62502
-3501.97 -6.62509
-3502.87 -6.62515
-3503.77 -6.62522
-3504.67 -6.62529
-3505.57 -6.62536
-3506.47 -6.62542
-3507.37 -6.62549
-3508.27 -6.62556
-3509.17 -6.62563
-3510.07 -6.62569
-3510.97 -6.62576
-3511.87 -6.62583
-3512.77 -6.62589
-3513.67 -6.62596
-3514.57 -6.62603
-3515.47 -6.62609
-3516.37 -6.62616
-3517.27 -6.62623
-3518.17 -6.62629
-3519.07 -6.62636
-3519.97 -6.62643
-3520.87 -6.62649
-3521.77 -6.62656
-3522.67 -6.62663
-3523.57 -6.62669
-3524.47 -6.62676
-3525.37 -6.62683
-3526.27 -6.62689
-3527.17 -6.62696
-3528.07 -6.62703
-3528.97 -6.62709
-3529.87 -6.62716
-3530.77 -6.62723
-3531.67 -6.6273
-3532.57 -6.62736
-3533.48 -6.62743
-3534.38 -6.62749
-3535.28 -6.62756
-3536.18 -6.62763
-3537.08 -6.62769
-3537.98 -6.62776
-3538.88 -6.62783
-3539.78 -6.62789
-3540.68 -6.62796
-3541.58 -6.62802
-3542.48 -6.62809
-3543.38 -6.62816
-3544.28 -6.62822
-3545.18 -6.62829
-3546.08 -6.62836
-3546.98 -6.62842
-3547.88 -6.62849
-3548.78 -6.62855
-3549.68 -6.62862
-3550.58 -6.62869
-3551.48 -6.62875
-3552.39 -6.62882
-3553.29 -6.62889
-3554.19 -6.62895
-3555.09 -6.62902
-3555.99 -6.62908
-3556.89 -6.62915
-3557.79 -6.62922
-3558.69 -6.62928
-3559.59 -6.62935
-3560.49 -6.62941
-3561.39 -6.62948
-3562.29 -6.62954
-3563.19 -6.62961
-3564.09 -6.62968
-3564.99 -6.62974
-3565.9 -6.62981
-3566.8 -6.62987
-3567.7 -6.62994
-3568.6 -6.63001
-3569.5 -6.63007
-3570.4 -6.63014
-3571.3 -6.6302
-3572.2 -6.63027
-3573.1 -6.63033
-3574 -6.6304
-3574.9 -6.63047
-3575.8 -6.63053
-3576.71 -6.6306
-3577.61 -6.63066
-3578.51 -6.63073
-3579.41 -6.63079
-3580.31 -6.63086
-3581.21 -6.63092
-3582.11 -6.63099
-3583.01 -6.63105
-3583.91 -6.63112
-3584.81 -6.63119
-3585.71 -6.63125
-3586.62 -6.63132
-3587.52 -6.63138
-3588.42 -6.63145
-3589.32 -6.63151
-3590.22 -6.63158
-3591.12 -6.63164
-3592.02 -6.63171
-3592.92 -6.63177
-3593.82 -6.63184
-3594.73 -6.6319
-3595.63 -6.63197
-3596.53 -6.63203
-3597.43 -6.6321
-3598.33 -6.63216
-3599.23 -6.63223
-3600.13 -6.63229
-3601.03 -6.63236
-3601.93 -6.63242
-3602.84 -6.63249
-3603.74 -6.63255
-3604.64 -6.63262
-3605.54 -6.63268
-3606.44 -6.63275
-3607.34 -6.63281
-3608.24 -6.63288
-3609.14 -6.63294
-3610.05 -6.63301
-3610.95 -6.63307
-3611.85 -6.63314
-3612.75 -6.6332
-3613.65 -6.63327
-3614.55 -6.63333
-3615.45 -6.6334
-3616.35 -6.63346
-3617.26 -6.63353
-3618.16 -6.63359
-3619.06 -6.63366
-3619.96 -6.63372
-3620.86 -6.63379
-3621.76 -6.63385
-3622.66 -6.63391
-3623.57 -6.63398
-3624.47 -6.63404
-3625.37 -6.63411
-3626.27 -6.63417
-3627.17 -6.63424
-3628.07 -6.6343
-3628.97 -6.63437
-3629.88 -6.63443
-3630.78 -6.63449
-3631.68 -6.63456
-3632.58 -6.63462
-3633.48 -6.63469
-3634.38 -6.63475
-3635.29 -6.63482
-3636.19 -6.63488
-3637.09 -6.63494
-3637.99 -6.63501
-3638.89 -6.63507
-3639.79 -6.63514
-3640.7 -6.6352
-3641.6 -6.63527
-3642.5 -6.63533
-3643.4 -6.6354
-3644.3 -6.63546
-3645.2 -6.63552
-3646.1 -6.63559
-3647.01 -6.63565
-3647.91 -6.63572
-3648.81 -6.63578
-3649.71 -6.63584
-3650.61 -6.63591
-3651.51 -6.63597
-3652.42 -6.63603
-3653.32 -6.6361
-3654.22 -6.63616
-3655.12 -6.63623
-3656.02 -6.63629
-3656.93 -6.63635
-3657.83 -6.63642
-3658.73 -6.63648
-3659.63 -6.63655
-3660.53 -6.63661
-3661.44 -6.63667
-3662.34 -6.63674
-3663.24 -6.6368
-3664.14 -6.63687
-3665.04 -6.63693
-3665.94 -6.63699
-3666.85 -6.63706
-3667.75 -6.63712
-3668.65 -6.63718
-3669.55 -6.63725
-3670.45 -6.63731
-3671.36 -6.63737
-3672.26 -6.63744
-3673.16 -6.6375
-3674.06 -6.63756
-3674.96 -6.63763
-3675.87 -6.63769
-3676.77 -6.63775
-3677.67 -6.63782
-3678.57 -6.63788
-3679.47 -6.63795
-3680.38 -6.63801
-3681.28 -6.63807
-3682.18 -6.63814
-3683.08 -6.6382
-3683.99 -6.63826
-3684.89 -6.63833
-3685.79 -6.63839
-3686.69 -6.63845
-3687.59 -6.63852
-3688.5 -6.63858
-3689.4 -6.63864
-3690.3 -6.63871
-3691.2 -6.63877
-3692.1 -6.63883
-3693.01 -6.6389
-3693.91 -6.63896
-3694.81 -6.63902
-3695.71 -6.63908
-3696.62 -6.63915
-3697.52 -6.63921
-3698.42 -6.63927
-3699.32 -6.63934
-3700.22 -6.6394
-3701.13 -6.63946
-3702.03 -6.63952
-3702.93 -6.63959
-3703.83 -6.63965
-3704.74 -6.63971
-3705.64 -6.63978
-3706.54 -6.63984
-3707.44 -6.6399
-3708.35 -6.63997
-3709.25 -6.64003
-3710.15 -6.64009
-3711.05 -6.64015
-3711.96 -6.64022
-3712.86 -6.64028
-3713.76 -6.64034
-3714.66 -6.64041
-3715.56 -6.64047
-3716.47 -6.64053
-3717.37 -6.64059
-3718.27 -6.64066
-3719.18 -6.64072
-3720.08 -6.64078
-3720.98 -6.64084
-3721.88 -6.64091
-3722.79 -6.64097
-3723.69 -6.64103
-3724.59 -6.64109
-3725.49 -6.64116
-3726.4 -6.64122
-3727.3 -6.64128
-3728.2 -6.64134
-3729.1 -6.64141
-3730.01 -6.64147
-3730.91 -6.64153
-3731.81 -6.64159
-3732.71 -6.64166
-3733.62 -6.64172
-3734.52 -6.64178
-3735.42 -6.64184
-3736.32 -6.64191
-3737.23 -6.64197
-3738.13 -6.64203
-3739.03 -6.64209
-3739.94 -6.64215
-3740.84 -6.64222
-3741.74 -6.64228
-3742.64 -6.64234
-3743.55 -6.6424
-3744.45 -6.64246
-3745.35 -6.64253
-3746.26 -6.64259
-3747.16 -6.64265
-3748.06 -6.64271
-3748.96 -6.64277
-3749.87 -6.64284
-3750.77 -6.6429
-3751.67 -6.64296
-3752.57 -6.64302
-3753.48 -6.64308
-3754.38 -6.64315
-3755.28 -6.64321
-3756.19 -6.64327
-3757.09 -6.64333
-3757.99 -6.64339
-3758.89 -6.64346
-3759.8 -6.64352
-3760.7 -6.64358
-3761.6 -6.64364
-3762.51 -6.6437
-3763.41 -6.64377
-3764.31 -6.64383
-3765.22 -6.64389
-3766.12 -6.64395
-3767.02 -6.64401
-3767.93 -6.64407
-3768.83 -6.64414
-3769.73 -6.6442
-3770.63 -6.64426
-3771.54 -6.64432
-3772.44 -6.64438
-3773.34 -6.64444
-3774.25 -6.6445
-3775.15 -6.64457
-3776.05 -6.64463
-3776.96 -6.64469
-3777.86 -6.64475
-3778.76 -6.64481
-3779.67 -6.64487
-3780.57 -6.64494
-3781.47 -6.645
-3782.37 -6.64506
-3783.28 -6.64512
-3784.18 -6.64518
-3785.08 -6.64524
-3785.99 -6.6453
-3786.89 -6.64537
-3787.79 -6.64543
-3788.7 -6.64549
-3789.6 -6.64555
-3790.5 -6.64561
-3791.41 -6.64567
-3792.31 -6.64573
-3793.21 -6.64579
-3794.12 -6.64585
-3795.02 -6.64592
-3795.92 -6.64598
-3796.83 -6.64604
-3797.73 -6.6461
-3798.63 -6.64616
-3799.54 -6.64622
-3800.44 -6.64628
-3801.34 -6.64634
-3802.25 -6.6464
-3803.15 -6.64647
-3804.05 -6.64653
-3804.96 -6.64659
-3805.86 -6.64665
-3806.77 -6.64671
-3807.67 -6.64677
-3808.57 -6.64683
-3809.48 -6.64689
-3810.38 -6.64695
-3811.28 -6.64701
-3812.19 -6.64708
-3813.09 -6.64714
-3813.99 -6.6472
-3814.9 -6.64726
-3815.8 -6.64732
-3816.7 -6.64738
-3817.61 -6.64744
-3818.51 -6.6475
-3819.42 -6.64756
-3820.32 -6.64762
-3821.22 -6.64768
-3822.13 -6.64774
-3823.03 -6.6478
-3823.93 -6.64786
-3824.84 -6.64792
-3825.74 -6.64798
-3826.64 -6.64805
-3827.55 -6.64811
-3828.45 -6.64817
-3829.35 -6.64823
-3830.26 -6.64829
-3831.16 -6.64835
-3832.07 -6.64841
-3832.97 -6.64847
-3833.87 -6.64853
-3834.78 -6.64859
-3835.68 -6.64865
-3836.59 -6.64871
-3837.49 -6.64877
-3838.39 -6.64883
-3839.3 -6.64889
-3840.2 -6.64895
-3841.1 -6.64901
-3842.01 -6.64907
-3842.91 -6.64913
-3843.82 -6.64919
-3844.72 -6.64925
-3845.62 -6.64931
-3846.53 -6.64937
-3847.43 -6.64943
-3848.33 -6.64949
-3849.24 -6.64955
-3850.14 -6.64961
-3851.05 -6.64967
-3851.95 -6.64973
-3852.85 -6.64979
-3853.76 -6.64985
-3854.66 -6.64991
-3855.57 -6.64997
-3856.47 -6.65003
-3857.38 -6.65009
-3858.28 -6.65016
-3859.18 -6.65022
-3860.09 -6.65028
-3860.99 -6.65034
-3861.9 -6.6504
-3862.8 -6.65046
-3863.7 -6.65052
-3864.61 -6.65058
-3865.51 -6.65064
-3866.42 -6.6507
-3867.32 -6.65075
-3868.22 -6.65081
-3869.13 -6.65087
-3870.03 -6.65093
-3870.94 -6.65099
-3871.84 -6.65105
-3872.74 -6.65111
-3873.65 -6.65117
-3874.55 -6.65123
-3875.46 -6.65129
-3876.36 -6.65135
-3877.27 -6.65141
-3878.17 -6.65147
-3879.07 -6.65153
-3879.98 -6.65159
-3880.88 -6.65165
-3881.79 -6.65171
-3882.69 -6.65177
-3883.6 -6.65183
-3884.5 -6.65189
-3885.4 -6.65195
-3886.31 -6.65201
-3887.21 -6.65207
-3888.12 -6.65213
-3889.02 -6.65219
-3889.93 -6.65225
-3890.83 -6.6523
-3891.73 -6.65236
-3892.64 -6.65242
-3893.54 -6.65248
-3894.45 -6.65254
-3895.35 -6.6526
-3896.26 -6.65266
-3897.16 -6.65272
-3898.06 -6.65278
-3898.97 -6.65284
-3899.87 -6.6529
-3900.78 -6.65296
-3901.68 -6.65301
-3902.59 -6.65307
-3903.49 -6.65313
-3904.4 -6.65319
-3905.3 -6.65325
-3906.21 -6.65331
-3907.11 -6.65337
-3908.01 -6.65343
-3908.92 -6.65349
-3909.82 -6.65355
-3910.73 -6.65361
-3911.63 -6.65367
-3912.54 -6.65372
-3913.44 -6.65378
-3914.35 -6.65384
-3915.25 -6.6539
-3916.16 -6.65396
-3917.06 -6.65402
-3917.96 -6.65408
-3918.87 -6.65414
-3919.77 -6.6542
-3920.68 -6.65426
-3921.58 -6.65431
-3922.49 -6.65437
-3923.39 -6.65443
-3924.3 -6.65449
-3925.2 -6.65455
-3926.11 -6.65461
-3927.01 -6.65467
-3927.92 -6.65472
-3928.82 -6.65478
-3929.73 -6.65484
-3930.63 -6.6549
-3931.54 -6.65496
-3932.44 -6.65502
-3933.35 -6.65508
-3934.25 -6.65514
-3935.16 -6.65519
-3936.06 -6.65525
-3936.96 -6.65531
-3937.87 -6.65537
-3938.77 -6.65543
-3939.68 -6.65549
-3940.58 -6.65555
-3941.49 -6.6556
-3942.39 -6.65566
-3943.3 -6.65572
-3944.2 -6.65578
-3945.11 -6.65584
-3946.01 -6.6559
-3946.92 -6.65596
-3947.82 -6.65601
-3948.73 -6.65607
-3949.63 -6.65613
-3950.54 -6.65619
-3951.44 -6.65625
-3952.35 -6.6563
-3953.25 -6.65636
-3954.16 -6.65642
-3955.06 -6.65648
-3955.97 -6.65654
-3956.87 -6.6566
-3957.78 -6.65665
-3958.68 -6.65671
-3959.59 -6.65677
-3960.49 -6.65683
-3961.4 -6.65689
-3962.3 -6.65694
-3963.21 -6.657
-3964.11 -6.65706
-3965.02 -6.65712
-3965.92 -6.65718
-3966.83 -6.65724
-3967.73 -6.65729
-3968.64 -6.65735
-3969.54 -6.65741
-3970.45 -6.65747
-3971.36 -6.65753
-3972.26 -6.65758
-3973.17 -6.65764
-3974.07 -6.6577
-3974.98 -6.65776
-3975.88 -6.65782
-3976.79 -6.65787
-3977.69 -6.65793
-3978.6 -6.65799
-3979.5 -6.65805
-3980.41 -6.6581
-3981.31 -6.65816
-3982.22 -6.65822
-3983.12 -6.65828
-3984.03 -6.65834
-3984.93 -6.65839
-3985.84 -6.65845
-3986.74 -6.65851
-3987.65 -6.65857
-3988.56 -6.65862
-3989.46 -6.65868
-3990.37 -6.65874
-3991.27 -6.6588
-3992.18 -6.65885
-3993.08 -6.65891
-3993.99 -6.65897
-3994.89 -6.65903
-3995.8 -6.65909
-3996.7 -6.65914
-3997.61 -6.6592
-3998.52 -6.65926
-3999.42 -6.65932
-4000.33 -6.65937
-4001.23 -6.65943
-4002.14 -6.65949
-4003.04 -6.65955
-4003.95 -6.6596
-4004.85 -6.65966
-4005.76 -6.65972
-4006.67 -6.65978
-4007.57 -6.65983
-4008.48 -6.65989
-4009.38 -6.65995
-4010.29 -6.66
-4011.19 -6.66006
-4012.1 -6.66012
-4013 -6.66018
-4013.91 -6.66023
-4014.81 -6.66029
-4015.72 -6.66035
-4016.63 -6.66041
-4017.53 -6.66046
-4018.44 -6.66052
-4019.34 -6.66058
-4020.25 -6.66063
-4021.16 -6.66069
-4022.06 -6.66075
-4022.97 -6.66081
-4023.87 -6.66086
-4024.78 -6.66092
-4025.68 -6.66098
-4026.59 -6.66103
-4027.5 -6.66109
-4028.4 -6.66115
-4029.31 -6.66121
-4030.21 -6.66126
-4031.12 -6.66132
-4032.02 -6.66138
-4032.93 -6.66143
-4033.84 -6.66149
-4034.74 -6.66155
-4035.65 -6.6616
-4036.55 -6.66166
-4037.46 -6.66172
-4038.36 -6.66177
-4039.27 -6.66183
-4040.18 -6.66189
-4041.08 -6.66194
-4041.99 -6.662
-4042.89 -6.66206
-4043.8 -6.66211
-4044.71 -6.66217
-4045.61 -6.66223
-4046.52 -6.66228
-4047.42 -6.66234
-4048.33 -6.6624
-4049.24 -6.66246
-4050.14 -6.66251
-4051.05 -6.66257
-4051.95 -6.66263
-4052.86 -6.66268
-4053.77 -6.66274
-4054.67 -6.6628
-4055.58 -6.66285
-4056.48 -6.66291
-4057.39 -6.66297
-4058.3 -6.66302
-4059.2 -6.66308
-4060.11 -6.66314
-4061.01 -6.66319
-4061.92 -6.66325
-4062.83 -6.6633
-4063.73 -6.66336
-4064.64 -6.66342
-4065.55 -6.66347
-4066.45 -6.66353
-4067.36 -6.66359
-4068.26 -6.66364
-4069.17 -6.6637
-4070.08 -6.66375
-4070.98 -6.66381
-4071.89 -6.66387
-4072.8 -6.66392
-4073.7 -6.66398
-4074.61 -6.66404
-4075.51 -6.66409
-4076.42 -6.66415
-4077.33 -6.6642
-4078.23 -6.66426
-4079.14 -6.66432
-4080.05 -6.66437
-4080.95 -6.66443
-4081.86 -6.66449
-4082.76 -6.66454
-4083.67 -6.6646
-4084.58 -6.66465
-4085.48 -6.66471
-4086.39 -6.66477
-4087.3 -6.66482
-4088.2 -6.66488
-4089.11 -6.66494
-4090.01 -6.66499
-4090.92 -6.66505
-4091.83 -6.6651
-4092.73 -6.66516
-4093.64 -6.66522
-4094.55 -6.66527
-4095.45 -6.66533
-4096.36 -6.66538
-4097.27 -6.66544
-4098.17 -6.66549
-4099.08 -6.66555
-4099.99 -6.66561
-4100.89 -6.66566
-4101.8 -6.66572
-4102.71 -6.66577
-4103.61 -6.66583
-4104.52 -6.66588
-4105.43 -6.66594
-4106.33 -6.666
-4107.24 -6.66605
-4108.15 -6.66611
-4109.05 -6.66616
-4109.96 -6.66622
-4110.87 -6.66628
-4111.77 -6.66633
-4112.68 -6.66639
-4113.59 -6.66644
-4114.49 -6.6665
-4115.4 -6.66655
-4116.31 -6.66661
-4117.21 -6.66667
-4118.12 -6.66672
-4119.03 -6.66678
-4119.93 -6.66683
-4120.84 -6.66689
-4121.75 -6.66694
-4122.65 -6.667
-4123.56 -6.66705
-4124.47 -6.66711
-4125.37 -6.66716
-4126.28 -6.66722
-4127.19 -6.66727
-4128.09 -6.66733
-4129 -6.66739
-4129.91 -6.66744
-4130.81 -6.6675
-4131.72 -6.66755
-4132.63 -6.66761
-4133.53 -6.66766
-4134.44 -6.66772
-4135.35 -6.66777
-4136.25 -6.66783
-4137.16 -6.66788
-4138.07 -6.66794
-4138.98 -6.66799
-4139.88 -6.66805
-4140.79 -6.6681
-4141.7 -6.66816
-4142.6 -6.66822
-4143.51 -6.66827
-4144.42 -6.66833
-4145.32 -6.66838
-4146.23 -6.66844
-4147.14 -6.66849
-4148.04 -6.66855
-4148.95 -6.6686
-4149.86 -6.66866
-4150.76 -6.66871
-4151.67 -6.66877
-4152.58 -6.66882
-4153.48 -6.66888
-4154.39 -6.66893
-4155.3 -6.66899
-4156.21 -6.66904
-4157.11 -6.6691
-4158.02 -6.66915
-4158.93 -6.66921
-4159.84 -6.66926
-4160.74 -6.66932
-4161.65 -6.66937
-4162.56 -6.66943
-4163.46 -6.66948
-4164.37 -6.66953
-4165.28 -6.66959
-4166.19 -6.66964
-4167.09 -6.6697
-4168 -6.66975
-4168.91 -6.66981
-4169.81 -6.66986
-4170.72 -6.66992
-4171.63 -6.66997
-4172.54 -6.67003
-4173.44 -6.67008
-4174.35 -6.67014
-4175.26 -6.67019
-4176.17 -6.67025
-4177.07 -6.6703
-4177.98 -6.67036
-4178.89 -6.67041
-4179.79 -6.67047
-4180.7 -6.67052
-4181.61 -6.67058
-4182.52 -6.67063
-4183.42 -6.67068
-4184.33 -6.67074
-4185.24 -6.67079
-4186.15 -6.67085
-4187.05 -6.6709
-4187.96 -6.67096
-4188.87 -6.67101
-4189.77 -6.67107
-4190.68 -6.67112
-4191.59 -6.67117
-4192.5 -6.67123
-4193.4 -6.67128
-4194.31 -6.67134
-4195.22 -6.67139
-4196.12 -6.67145
-4197.03 -6.6715
-4197.94 -6.67155
-4198.85 -6.67161
-4199.75 -6.67166
-4200.66 -6.67172
-4201.57 -6.67177
-4202.48 -6.67183
-4203.38 -6.67188
-4204.29 -6.67194
-4205.2 -6.67199
-4206.11 -6.67204
-4207.01 -6.6721
-4207.92 -6.67215
-4208.83 -6.67221
-4209.74 -6.67226
-4210.65 -6.67232
-4211.55 -6.67237
-4212.46 -6.67242
-4213.37 -6.67248
-4214.28 -6.67253
