0 0
0.0309018 0.0951056
0.0622748 0.190213
0.0941145 0.285323
0.126417 0.380437
0.159176 0.475557
0.192389 0.570684
0.226049 0.66582
0.260153 0.760967
0.294696 0.856126
0.329671 0.951299
0.365075 1.04649
0.400901 1.14169
0.437144 1.23692
0.473798 1.33216
0.510859 1.42743
0.548319 1.52272
0.586174 1.61804
0.624416 1.71338
0.66304 1.80876
0.702038 1.90417
0.741405 1.99961
0.781133 2.09509
0.821216 2.1906
0.861646 2.28616
0.902415 2.38176
0.943517 2.47741
0.984942 2.5731
1.02668 2.66884
1.06873 2.76463
1.11108 2.86047
1.15372 2.95638
1.19663 3.05234
1.23982 3.14836
1.28327 3.24444
1.32697 3.34059
1.37091 3.43681
1.41508 3.5331
1.45946 3.62947
1.50405 3.72591
1.54884 3.82243
1.5938 3.91903
1.63893 4.01571
1.68422 4.11248
1.72964 4.20934
1.77518 4.3063
1.82083 4.40335
1.86658 4.50049
1.91239 4.59773
1.95826 4.69508
2.00417 4.79253
2.05009 4.89009
2.09601 4.98776
2.1419 5.08554
2.18775 5.18343
2.23352 5.28144
2.27919 5.37957
2.32474 5.47782
2.37013 5.57618
2.41533 5.67467
2.46033 5.77328
2.50507 5.87201
2.54953 5.97086
2.59367 6.06984
2.63744 6.16893
2.68081 6.26815
2.72373 6.36747
2.76616 6.46691
2.80803 6.56646
2.8493 6.6661
2.88991 6.76583
2.92979 6.86565
2.96888 6.96554
3.0071 7.06548
3.04438 7.16546
3.08064 7.26546
3.11577 7.36545
3.14969 7.46541
3.18229 7.5653
3.21345 7.66507
3.24305 7.76469
3.27096 7.8641
3.29703 7.96321
3.3211 8.06197
3.34301 8.16026
3.36256 8.25798
3.37956 8.35498
3.39379 8.45111
3.40501 8.54617
3.41298 8.63994
3.41742 8.73212
3.41807 8.8224
3.41463 8.91037
3.40681 8.99556
3.39432 9.0774
3.37691 9.15522
3.35436 9.22824
3.32653 9.29554
3.2934 9.35606
3.25512 9.40863
3.21204 9.45196
3.16481 9.4847
3.11441 9.50543
