0 0
-0.0681245 0.144772
0.00733325 0.288979
0.22464 0.432028
0.581544 0.573295
1.07529 0.712118
1.70263 0.847813
2.45985 0.979693
3.34276 1.10711
4.34679 1.22948
5.46698 1.34634
6.69812 1.45737
8.03476 1.56237
9.47141 1.66133
11.0025 1.75432
12.6227 1.84153
14.3267 1.92323
16.1094 1.99972
17.966 2.07136
19.8921 2.13847
21.8835 2.2014
23.9362 2.26047
26.0466 2.31601
28.2114 2.36829
30.4275 2.41758
32.692 2.46413
35.0023 2.50816
37.356 2.54988
39.7508 2.58946
42.1848 2.62707
44.6559 2.66286
47.1624 2.69698
49.7028 2.72954
52.2754 2.76066
54.8788 2.79045
57.5118 2.81898
60.1732 2.84635
62.8617 2.87264
65.5763 2.89791
68.3161 2.92223
71.0801 2.94566
73.8673 2.96826
76.6771 2.99007
79.5086 3.01114
82.361 3.03151
85.2337 3.05122
88.1261 3.0703
91.0375 3.0888
93.9673 3.10674
96.915 3.12415
99.88 3.14105
102.862 3.15748
105.86 3.17345
108.874 3.18899
111.904 3.20411
114.949 3.21884
118.008 3.2332
121.082 3.24719
124.17 3.26085
127.271 3.27417
130.386 3.28717
133.514 3.29988
136.654 3.31229
139.807 3.32443
142.972 3.3363
146.148 3.34791
149.337 3.35927
152.536 3.3704
155.747 3.38129
158.969 3.39197
162.201 3.40243
165.444 3.41268
168.697 3.42274
171.96 3.43261
175.233 3.44229
178.515 3.45179
181.807 3.46112
185.109 3.47028
188.419 3.47928
191.739 3.48812
195.067 3.49681
198.404 3.50535
201.75 3.51375
205.104 3.52201
208.466 3.53014
211.836 3.53813
215.215 3.546
218.601 3.55375
221.995 3.56137
225.396 3.56888
228.805 3.57627
232.222 3.58356
235.646 3.59073
239.077 3.59781
242.514 3.60478
245.959 3.61165
249.411 3.61842
252.87 3.6251
256.335 3.63169
259.807 3.63819
263.285 3.6446
266.77 3.65093
270.261 3.65717
273.758 3.66334
277.262 3.66942
280.771 3.67542
284.287 3.68135
287.808 3.68721
291.336 3.69299
294.869 3.69871
298.407 3.70435
301.952 3.70993
305.502 3.71544
309.057 3.72088
312.618 3.72626
316.185 3.73158
319.756 3.73684
323.333 3.74204
326.915 3.74718
330.503 3.75227
334.095 3.7573
337.692 3.76227
341.295 3.76719
344.902 3.77206
348.514 3.77688
352.131 3.78164
355.753 3.78636
359.379 3.79102
363.01 3.79564
366.646 3.80022
370.286 3.80474
373.931 3.80922
377.581 3.81366
381.234 3.81805
384.892 3.82241
388.555 3.82671
392.222 3.83098
395.893 3.83521
399.568 3.83939
403.247 3.84354
406.931 3.84765
410.619 3.85172
414.31 3.85576
418.006 3.85975
421.706 3.86372
425.41 3.86764
429.117 3.87153
432.829 3.87539
436.544 3.87921
440.264 3.88301
443.987 3.88676
447.714 3.89049
451.444 3.89418
455.178 3.89785
458.916 3.90148
462.658 3.90508
466.403 3.90865
470.152 3.9122
473.904 3.91571
477.66 3.9192
481.419 3.92265
485.181 3.92608
488.948 3.92949
492.717 3.93287
496.49 3.93622
500.266 3.93954
504.046 3.94284
507.829 3.94611
511.615 3.94936
515.404 3.95258
519.197 3.95578
522.993 3.95896
526.792 3.96211
530.594 3.96524
534.399 3.96835
538.207 3.97143
542.019 3.97449
545.833 3.97753
549.651 3.98055
553.472 3.98355
557.295 3.98652
561.122 3.98948
564.951 3.99241
568.784 3.99532
572.619 3.99821
576.457 4.00109
580.298 4.00394
584.142 4.00678
587.989 4.00959
591.839 4.01239
595.691 4.01517
599.546 4.01793
603.404 4.02067
607.265 4.02339
611.128 4.0261
614.995 4.02878
618.863 4.03145
622.735 4.03411
626.609 4.03675
630.486 4.03937
634.365 4.04197
638.247 4.04456
642.132 4.04713
646.019 4.04968
649.909 4.05222
653.801 4.05475
657.696 4.05725
661.593 4.05975
665.493 4.06223
669.395 4.06469
673.3 4.06714
677.207 4.06957
681.116 4.07199
685.028 4.0744
688.943 4.07679
692.86 4.07917
696.779 4.08153
700.7 4.08388
704.624 4.08622
708.55 4.08854
712.479 4.09085
716.41 4.09315
720.343 4.09543
724.278 4.0977
728.216 4.09996
732.156 4.10221
736.098 4.10444
740.043 4.10666
743.989 4.10887
747.938 4.11107
751.889 4.11326
755.843 4.11543
759.798 4.11759
763.756 4.11974
767.716 4.12188
771.677 4.12401
775.641 4.12612
779.608 4.12823
783.576 4.13032
787.546 4.13241
791.519 4.13448
795.493 4.13654
799.47 4.13859
803.448 4.14063
807.429 4.14266
811.412 4.14469
815.396 4.1467
819.383 4.1487
823.372 4.15069
827.362 4.15267
831.355 4.15464
835.35 4.1566
839.346 4.15855
843.345 4.16049
847.345 4.16242
851.348 4.16434
855.352 4.16626
859.358 4.16816
863.367 4.17006
867.377 4.17194
871.389 4.17382
875.402 4.17569
879.418 4.17755
883.436 4.1794
887.455 4.18124
891.476 4.18307
895.499 4.1849
899.524 4.18671
903.551 4.18852
907.58 4.19032
911.61 4.19211
915.642 4.1939
919.676 4.19567
923.712 4.19744
927.749 4.1992
931.788 4.20095
935.829 4.2027
939.872 4.20443
943.916 4.20616
947.963 4.20788
952.01 4.20959
956.06 4.2113
960.111 4.213
964.164 4.21469
968.219 4.21637
972.275 4.21805
976.333 4.21972
980.393 4.22138
984.455 4.22304
988.518 4.22468
992.582 4.22633
996.649 4.22796
1000.72 4.22959
1004.79 4.23121
1008.86 4.23282
1012.93 4.23443
1017 4.23603
1021.08 4.23762
1025.16 4.23921
1029.24 4.24079
1033.32 4.24236
1037.4 4.24393
1041.48 4.24549
1045.57 4.24705
1049.66 4.2486
1053.75 4.25014
1057.84 4.25168
1061.93 4.25321
1066.02 4.25473
1070.12 4.25625
1074.21 4.25776
1078.31 4.25927
1082.41 4.26077
1086.51 4.26227
1090.61 4.26376
1094.72 4.26524
1098.82 4.26672
1102.93 4.26819
1107.04 4.26965
1111.15 4.27112
1115.26 4.27257
1119.37 4.27402
1123.48 4.27546
1127.6 4.2769
1131.72 4.27834
1135.83 4.27976
1139.95 4.28119
1144.08 4.2826
1148.2 4.28401
1152.32 4.28542
1156.45 4.28682
1160.57 4.28822
1164.7 4.28961
1168.83 4.291
1172.96 4.29238
1177.09 4.29375
1181.23 4.29513
1185.36 4.29649
1189.5 4.29785
1193.64 4.29921
1197.78 4.30056
1201.92 4.30191
1206.06 4.30325
1210.2 4.30459
1214.35 4.30592
1218.49 4.30725
1222.64 4.30857
1226.79 4.30989
1230.94 4.31121
1235.09 4.31251
1239.24 4.31382
1243.4 4.31512
1247.55 4.31642
1251.71 4.31771
1255.87 4.31899
1260.03 4.32028
1264.19 4.32156
1268.35 4.32283
1272.51 4.3241
1276.67 4.32537
1280.84 4.32663
1285.01 4.32788
1289.17 4.32914
1293.34 4.33039
1297.51 4.33163
1301.69 4.33287
1305.86 4.33411
1310.03 4.33534
1314.21 4.33657
1318.38 4.33779
1322.56 4.33901
1326.74 4.34023
1330.92 4.34144
1335.1 4.34265
1339.28 4.34385
1343.47 4.34505
1347.65 4.34625
1351.84 4.34744
1356.03 4.34863
1360.22 4.34982
1364.41 4.351
1368.6 4.35218
1372.79 4.35335
1376.98 4.35452
1381.18 4.35569
1385.37 4.35685
1389.57 4.35801
1393.77 4.35917
1397.97 4.36032
1402.17 4.36147
1406.37 4.36261
1410.57 4.36375
1414.78 4.36489
1418.98 4.36603
1423.19 4.36716
1427.39 4.36829
1431.6 4.36941
1435.81 4.37053
1440.02 4.37165
1444.23 4.37276
1448.45 4.37388
1452.66 4.37498
1456.87 4.37609
1461.09 4.37719
1465.31 4.37829
1469.53 4.37938
1473.75 4.38047
1477.97 4.38156
1482.19 4.38264
1486.41 4.38373
1490.63 4.3848
1494.86 4.38588
1499.08 4.38695
1503.31 4.38802
1507.54 4.38909
1511.77 4.39015
1516 4.39121
1520.23 4.39226
1524.46 4.39332
1528.7 4.39437
1532.93 4.39542
1537.17 4.39646
1541.4 4.3975
1545.64 4.39854
1549.88 4.39958
1554.12 4.40061
1558.36 4.40164
1562.6 4.40267
1566.84 4.40369
1571.09 4.40471
1575.33 4.40573
1579.58 4.40675
1583.82 4.40776
1588.07 4.40877
1592.32 4.40978
1596.57 4.41078
1600.82 4.41178
1605.07 4.41278
1609.33 4.41378
1613.58 4.41477
1617.83 4.41576
1622.09 4.41675
1626.35 4.41774
1630.6 4.41872
1634.86 4.4197
1639.12 4.42068
1643.38 4.42165
1647.64 4.42262
1651.91 4.42359
1656.17 4.42456
1660.44 4.42553
1664.7 4.42649
1668.97 4.42745
1673.23 4.4284
1677.5 4.42936
1681.77 4.43031
1686.04 4.43126
1690.31 4.43221
1694.59 4.43315
1698.86 4.43409
1703.13 4.43503
1707.41 4.43597
1711.68 4.43691
1715.96 4.43784
1720.24 4.43877
1724.52 4.4397
1728.8 4.44062
1733.08 4.44154
1737.36 4.44246
1741.64 4.44338
1745.93 4.4443
1750.21 4.44521
1754.49 4.44612
1758.78 4.44703
1763.07 4.44794
1767.36 4.44884
1771.64 4.44974
1775.93 4.45064
1780.23 4.45154
1784.52 4.45244
1788.81 4.45333
1793.1 4.45422
1797.4 4.45511
1801.69 4.456
1805.99 4.45688
1810.28 4.45776
1814.58 4.45864
1818.88 4.45952
1823.18 4.4604
1827.48 4.46127
1831.78 4.46214
1836.08 4.46301
1840.39 4.46388
1844.69 4.46474
1849 4.46561
1853.3 4.46647
1857.61 4.46733
1861.92 4.46818
1866.22 4.46904
1870.53 4.46989
1874.84 4.47074
1879.15 4.47159
1883.47 4.47244
1887.78 4.47328
1892.09 4.47413
1896.41 4.47497
1900.72 4.47581
1905.04 4.47664
1909.35 4.47748
1913.67 4.47831
1917.99 4.47914
1922.31 4.47997
1926.63 4.4808
1930.95 4.48162
1935.27 4.48245
1939.59 4.48327
1943.92 4.48409
1948.24 4.48491
1952.56 4.48572
1956.89 4.48654
1961.22 4.48735
1965.54 4.48816
1969.87 4.48897
1974.2 4.48977
1978.53 4.49058
1982.86 4.49138
1987.19 4.49218
1991.53 4.49298
1995.86 4.49378
2000.19 4.49458
2004.53 4.49537
2008.86 4.49616
2013.2 4.49695
2017.54 4.49774
2021.87 4.49853
2026.21 4.49931
2030.55 4.5001
2034.89 4.50088
2039.23 4.50166
2043.57 4.50244
2047.92 4.50321
2052.26 4.50399
2056.6 4.50476
2060.95 4.50553
2065.29 4.5063
2069.64 4.50707
2073.99 4.50784
2078.33 4.5086
2082.68 4.50937
2087.03 4.51013
2091.38 4.51089
2095.73 4.51165
2100.08 4.5124
2104.44 4.51316
2108.79 4.51391
2113.14 4.51466
2117.5 4.51541
2121.85 4.51616
2126.21 4.51691
2130.57 4.51766
2134.93 4.5184
2139.28 4.51914
2143.64 4.51988
2148 4.52062
2152.36 4.52136
2156.72 4.5221
2161.09 4.52283
2165.45 4.52356
2169.81 4.5243
2174.18 4.52503
2178.54 4.52575
2182.91 4.52648
2187.27 4.52721
2191.64 4.52793
2196.01 4.52865
2200.38 4.52938
2204.75 4.53009
2209.12 4.53081
2213.49 4.53153
2217.86 4.53224
2222.23 4.53296
2226.61 4.53367
2230.98 4.53438
2235.35 4.53509
2239.73 4.5358
2244.1 4.53651
2248.48 4.53721
2252.86 4.53792
2257.24 4.53862
2261.61 4.53932
2265.99 4.54002
2270.37 4.54072
2274.75 4.54141
2279.14 4.54211
2283.52 4.5428
2287.9 4.54349
2292.28 4.54419
2296.67 4.54488
2301.05 4.54556
2305.44 4.54625
2309.83 4.54694
2314.21 4.54762
2318.6 4.54831
2322.99 4.54899
2327.38 4.54967
2331.77 4.55035
2336.16 4.55102
2340.55 4.5517
2344.94 4.55238
2349.33 4.55305
2353.73 4.55372
2358.12 4.55439
2362.51 4.55506
2366.91 4.55573
2371.3 4.5564
2375.7 4.55707
2380.1 4.55773
2384.5 4.55839
2388.89 4.55906
2393.29 4.55972
2397.69 4.56038
2402.09 4.56104
2406.49 4.56169
2410.9 4.56235
2415.3 4.563
2419.7 4.56366
2424.1 4.56431
2428.51 4.56496
2432.91 4.56561
2437.32 4.56626
2441.73 4.56691
2446.13 4.56756
2450.54 4.5682
2454.95 4.56884
2459.36 4.56949
2463.77 4.57013
2468.18 4.57077
2472.59 4.57141
2477 4.57205
2481.41 4.57268
2485.82 4.57332
2490.24 4.57395
2494.65 4.57459
2499.07 4.57522
2503.48 4.57585
2507.9 4.57648
2512.31 4.57711
2516.73 4.57774
2521.15 4.57836
2525.57 4.57899
2529.99 4.57961
2534.41 4.58024
2538.83 4.58086
2543.25 4.58148
2547.67 4.5821
2552.09 4.58272
2556.51 4.58334
2560.94 4.58395
2565.36 4.58457
2569.78 4.58518
2574.21 4.58579
2578.64 4.58641
2583.06 4.58702
2587.49 4.58763
2591.92 4.58824
2596.35 4.58884
2600.77 4.58945
2605.2 4.59006
2609.63 4.59066
2614.06 4.59127
2618.5 4.59187
2622.93 4.59247
2627.36 4.59307
2631.79 4.59367
2636.23 4.59427
2640.66 4.59486
2645.1 4.59546
2649.53 4.59606
2653.97 4.59665
2658.4 4.59724
2662.84 4.59783
2667.28 4.59843
2671.72 4.59902
2676.16 4.5996
2680.6 4.60019
2685.04 4.60078
2689.48 4.60137
2693.92 4.60195
2698.36 4.60253
2702.8 4.60312
2707.25 4.6037
2711.69 4.60428
2716.13 4.60486
2720.58 4.60544
2725.02 4.60602
2729.47 4.6066
2733.92 4.60717
2738.36 4.60775
2742.81 4.60832
2747.26 4.60889
2751.71 4.60947
2756.16 4.61004
2760.61 4.61061
2765.06 4.61118
2769.51 4.61175
2773.96 4.61231
2778.41 4.61288
2782.87 4.61344
2787.32 4.61401
2791.77 4.61457
2796.23 4.61514
2800.68 4.6157
2805.14 4.61626
2809.6 4.61682
2814.05 4.61738
2818.51 4.61794
2822.97 4.6185
2827.43 4.61905
2831.89 4.61961
2836.35 4.62016
2840.81 4.62072
2845.27 4.62127
2849.73 4.62182
2854.19 4.62237
2858.65 4.62292
2863.12 4.62347
2867.58 4.62402
2872.04 4.62457
2876.51 4.62511
2880.97 4.62566
2885.44 4.62621
2889.9 4.62675
2894.37 4.62729
2898.84 4.62783
2903.31 4.62838
2907.77 4.62892
2912.24 4.62946
2916.71 4.63
2921.18 4.63053
2925.65 4.63107
2930.12 4.63161
2934.6 4.63214
2939.07 4.63268
2943.54 4.63321
2948.01 4.63374
2952.49 4.63428
2956.96 4.63481
2961.44 4.63534
2965.91 4.63587
2970.39 4.6364
2974.86 4.63693
2979.34 4.63745
2983.82 4.63798
2988.3 4.6385
2992.78 4.63903
2997.25 4.63955
3001.73 4.64008
3006.21 4.6406
3010.69 4.64112
3015.18 4.64164
3019.66 4.64216
3024.14 4.64268
3028.62 4.6432
3033.11 4.64372
3037.59 4.64423
3042.07 4.64475
3046.56 4.64526
3051.04 4.64578
3055.53 4.64629
3060.02 4.6468
3064.5 4.64732
3068.99 4.64783
3073.48 4.64834
3077.97 4.64885
3082.45 4.64936
3086.94 4.64987
3091.43 4.65037
3095.92 4.65088
3100.42 4.65139
3104.91 4.65189
3109.4 4.6524
3113.89 4.6529
3118.38 4.6534
3122.88 4.6539
3127.37 4.65441
3131.87 4.65491
3136.36 4.65541
3140.86 4.65591
3145.35 4.6564
3149.85 4.6569
3154.34 4.6574
3158.84 4.6579
3163.34 4.65839
3167.84 4.65889
3172.34 4.65938
3176.84 4.65987
3181.34 4.66037
3185.84 4.66086
3190.34 4.66135
3194.84 4.66184
3199.34 4.66233
3203.84 4.66282
3208.35 4.66331
3212.85 4.66379
3217.35 4.66428
3221.86 4.66477
3226.36 4.66525
3230.87 4.66574
3235.37 4.66622
3239.88 4.66671
3244.39 4.66719
3248.89 4.66767
3253.4 4.66815
3257.91 4.66863
3262.42 4.66911
3266.93 4.66959
3271.44 4.67007
3275.95 4.67055
3280.46 4.67103
3284.97 4.6715
3289.48 4.67198
3293.99 4.67245
3298.5 4.67293
3303.02 4.6734
3307.53 4.67388
3312.04 4.67435
3316.56 4.67482
3321.07 4.67529
3325.59 4.67576
3330.1 4.67623
3334.62 4.6767
3339.14 4.67717
3343.65 4.67764
3348.17 4.6781
3352.69 4.67857
3357.21 4.67904
3361.73 4.6795
3366.25 4.67997
3370.77 4.68043
3375.29 4.6809
3379.81 4.68136
3384.33 4.68182
3388.85 4.68228
3393.37 4.68274
3397.9 4.6832
3402.42 4.68366
3406.94 4.68412
3411.47 4.68458
3415.99 4.68504
3420.52 4.6855
3425.04 4.68595
3429.57 4.68641
3434.1 4.68686
3438.62 4.68732
3443.15 4.68777
3447.68 4.68822
3452.21 4.68868
3456.73 4.68913
3461.26 4.68958
3465.79 4.69003
3470.32 4.69048
3474.85 4.69093
3479.38 4.69138
3483.92 4.69183
3488.45 4.69228
3492.98 4.69273
3497.51 4.69317
3502.05 4.69362
3506.58 4.69406
3511.11 4.69451
3515.65 4.69495
3520.18 4.6954
3524.72 4.69584
3529.25 4.69628
3533.79 4.69672
3538.33 4.69717
3542.86 4.69761
3547.4 4.69805
3551.94 4.69849
3556.48 4.69893
3561.02 4.69936
3565.56 4.6998
3570.1 4.70024
3574.64 4.70068
3579.18 4.70111
3583.72 4.70155
3588.26 4.70198
3592.8 4.70242
3597.34 4.70285
3601.89 4.70328
3606.43 4.70372
3610.97 4.70415
3615.52 4.70458
3620.06 4.70501
3624.61 4.70544
3629.15 4.70587
3633.7 4.7063
3638.25 4.70673
3642.79 4.70716
3647.34 4.70759
3651.89 4.70801
3656.44 4.70844
3660.98 4.70887
3665.53 4.70929
3670.08 4.70972
3674.63 4.71014
3679.18 4.71057
3683.73 4.71099
3688.28 4.71141
3692.83 4.71184
3697.39 4.71226
3701.94 4.71268
3706.49 4.7131
3711.04 4.71352
3715.6 4.71394
3720.15 4.71436
3724.71 4.71478
3729.26 4.71519
3733.82 4.71561
3738.37 4.71603
3742.93 4.71645
3747.48 4.71686
3752.04 4.71728
3756.6 4.71769
3761.16 4.71811
3765.71 4.71852
3770.27 4.71893
3774.83 4.71935
3779.39 4.71976
3783.95 4.72017
3788.51 4.72058
3793.07 4.72099
3797.63 4.7214
3802.19 4.72181
3806.76 4.72222
3811.32 4.72263
3815.88 4.72304
3820.44 4.72345
3825.01 4.72385
3829.57 4.72426
3834.14 4.72467
3838.7 4.72507
3843.27 4.72548
3847.83 4.72588
3852.4 4.72629
3856.96 4.72669
3861.53 4.72709
3866.1 4.7275
3870.66 4.7279
3875.23 4.7283
3879.8 4.7287
3884.37 4.7291
3888.94 4.72951
3893.51 4.72991
3898.08 4.7303
3902.65 4.7307
3907.22 4.7311
3911.79 4.7315
3916.36 4.7319
3920.93 4.7323
3925.51 4.73269
3930.08 4.73309
3934.65 4.73348
3939.22 4.73388
3943.8 4.73427
3948.37 4.73467
3952.95 4.73506
3957.52 4.73546
3962.1 4.73585
3966.67 4.73624
3971.25 4.73663
3975.83 4.73702
3980.4 4.73741
3984.98 4.73781
3989.56 4.7382
3994.14 4.73858
3998.72 4.73897
4003.29 4.73936
4007.87 4.73975
4012.45 4.74014
4017.03 4.74053
4021.61 4.74091
4026.19 4.7413
4030.78 4.74168
4035.36 4.74207
4039.94 4.74245
4044.52 4.74284
4049.11 4.74322
4053.69 4.74361
4058.27 4.74399
4062.86 4.74437
4067.44 4.74475
4072.03 4.74514
4076.61 4.74552
4081.2 4.7459
4085.78 4.74628
4090.37 4.74666
4094.95 4.74704
4099.54 4.74742
4104.13 4.7478
4108.72 4.74817
4113.31 4.74855
4117.89 4.74893
4122.48 4.74931
4127.07 4.74968
4131.66 4.75006
4136.25 4.75043
4140.84 4.75081
4145.43 4.75118
4150.02 4.75156
4154.62 4.75193
4159.21 4.75231
4163.8 4.75268
4168.39 4.75305
4172.99 4.75342
4177.58 4.7538
4182.17 4.75417
4186.77 4.75454
4191.36 4.75491
4195.96 4.75528
4200.55 4.75565
4205.15 4.75602
4209.74 4.75639
4214.34 4.75675
4218.94 4.75712
4223.53 4.75749
4228.13 4.75786
4232.73 4.75822
4237.33 4.75859
4241.93 4.75896
4246.52 4.75932
4251.12 4.75969
4255.72 4.76005
4260.32 4.76042
4264.92 4.76078
4269.52 4.76114
4274.13 4.76151
4278.73 4.76187
4283.33 4.76223
4287.93 4.76259
4292.53 4.76296
4297.14 4.76332
4301.74 4.76368
4306.34 4.76404
4310.95 4.7644
4315.55 4.76476
4320.16 4.76512
4324.76 4.76548
4329.37 4.76583
4333.97 4.76619
4338.58 4.76655
4343.19 4.76691
4347.79 4.76726
4352.4 4.76762
4357.01 4.76798
4361.62 4.76833
4366.22 4.76869
4370.83 4.76904
4375.44 4.7694
4380.05 4.76975
4384.66 4.7701
4389.27 4.77046
4393.88 4.77081
4398.49 4.77116
4403.1 4.77151
4407.72 4.77187
4412.33 4.77222
4416.94 4.77257
4421.55 4.77292
4426.17 4.77327
4430.78 4.77362
4435.39 4.77397
4440.01 4.77432
4444.62 4.77467
4449.23 4.77501
4453.85 4.77536
4458.47 4.77571
4463.08 4.77606
4467.7 4.7764
4472.31 4.77675
4476.93 4.7771
4481.55 4.77744
4486.17 4.77779
4490.78 4.77813
4495.4 4.77848
4500.02 4.77882
4504.64 4.77917
4509.26 4.77951
4513.88 4.77985
4518.5 4.7802
4523.12 4.78054
4527.74 4.78088
4532.36 4.78122
4536.98 4.78156
4541.6 4.78191
4546.22 4.78225
4550.85 4.78259
4555.47 4.78293
4560.09 4.78327
4564.71 4.7836
4569.34 4.78394
4573.96 4.78428
4578.59 4.78462
4583.21 4.78496
4587.84 4.7853
4592.46 4.78563
4597.09 4.78597
4601.71 4.78631
4606.34 4.78664
4610.97 4.78698
4615.59 4.78731
4620.22 4.78765
4624.85 4.78798
4629.48 4.78832
4634.1 4.78865
4638.73 4.78899
4643.36 4.78932
4647.99 4.78965
4652.62 4.78998
4657.25 4.79032
4661.88 4.79065
4666.51 4.79098
4671.14 4.79131
4675.77 4.79164
4680.41 4.79197
4685.04 4.7923
4689.67 4.79263
4694.3 4.79296
4698.94 4.79329
4703.57 4.79362
4708.2 4.79395
4712.84 4.79428
4717.47 4.79461
4722.1 4.79493
4726.74 4.79526
4731.38 4.79559
4736.01 4.79591
4740.65 4.79624
4745.28 4.79657
4749.92 4.79689
4754.56 4.79722
4759.19 4.79754
4763.83 4.79787
4768.47 4.79819
4773.11 4.79851
4777.75 4.79884
4782.38 4.79916
4787.02 4.79948
4791.66 4.79981
4796.3 4.80013
4800.94 4.80045
4805.58 4.80077
4810.22 4.8011
4814.87 4.80142
4819.51 4.80174
4824.15 4.80206
4828.79 4.80238
4833.43 4.8027
4838.08 4.80302
4842.72 4.80334
4847.36 4.80365
4852.01 4.80397
4856.65 4.80429
4861.29 4.80461
4865.94 4.80493
4870.58 4.80524
4875.23 4.80556
4879.87 4.80588
4884.52 4.80619
4889.17 4.80651
4893.81 4.80683
4898.46 4.80714
4903.11 4.80746
4907.75 4.80777
4912.4 4.80809
4917.05 4.8084
4921.7 4.80871
4926.35 4.80903
4931 4.80934
4935.65 4.80965
4940.3 4.80997
4944.95 4.81028
4949.6 4.81059
4954.25 4.8109
4958.9 4.81121
4963.55 4.81152
4968.2 4.81184
4972.85 4.81215
4977.5 4.81246
4982.16 4.81277
4986.81 4.81308
4991.46 4.81339
4996.12 4.81369
5000.77 4.814
5005.42 4.81431
5010.08 4.81462
5014.73 4.81493
5019.39 4.81524
5024.04 4.81554
5028.7 4.81585
5033.35 4.81616
5038.01 4.81646
5042.67 4.81677
5047.32 4.81707
5051.98 4.81738
5056.64 4.81769
5061.29 4.81799
5065.95 4.8183
5070.61 4.8186
5075.27 4.8189
5079.93 4.81921
5084.59 4.81951
5089.25 4.81981
5093.91 4.82012
5098.57 4.82042
5103.23 4.82072
5107.89 4.82102
5112.55 4.82133
5117.21 4.82163
5121.87 4.82193
5126.53 4.82223
5131.2 4.82253
5135.86 4.82283
5140.52 4.82313
5145.19 4.82343
5149.85 4.82373
5154.51 4.82403
5159.18 4.82433
5163.84 4.82463
5168.51 4.82493
5173.17 4.82522
5177.84 4.82552
5182.5 4.82582
5187.17 4.82612
5191.83 4.82641
5196.5 4.82671
5201.17 4.82701
5205.83 4.8273
5210.5 4.8276
5215.17 4.82789
5219.84 4.82819
5224.5 4.82848
5229.17 4.82878
5233.84 4.82907
5238.51 4.82937
5243.18 4.82966
5247.85 4.82996
5252.52 4.83025
5257.19 4.83054
5261.86 4.83084
5266.53 4.83113
5271.2 4.83142
5275.87 4.83171
5280.54 4.832
5285.22 4.8323
5289.89 4.83259
5294.56 4.83288
5299.23 4.83317
5303.91 4.83346
5308.58 4.83375
5313.25 4.83404
5317.93 4.83433
5322.6 4.83462
5327.28 4.83491
5331.95 4.8352
5336.63 4.83549
5341.3 4.83577
5345.98 4.83606
5350.66 4.83635
5355.33 4.83664
5360.01 4.83693
5364.69 4.83721
5369.36 4.8375
5374.04 4.83779
5378.72 4.83807
5383.4 4.83836
5388.07 4.83864
5392.75 4.83893
5397.43 4.83922
5402.11 4.8395
5406.79 4.83979
5411.47 4.84007
5416.15 4.84035
5420.83 4.84064
5425.51 4.84092
5430.19 4.84121
5434.87 4.84149
5439.56 4.84177
5444.24 4.84206
5448.92 4.84234
5453.6 4.84262
5458.28 4.8429
5462.97 4.84318
5467.65 4.84347
5472.33 4.84375
5477.02 4.84403
5481.7 4.84431
5486.39 4.84459
5491.07 4.84487
5495.75 4.84515
5500.44 4.84543
5505.13 4.84571
5509.81 4.84599
5514.5 4.84627
5519.18 4.84655
5523.87 4.84682
5528.56 4.8471
5533.24 4.84738
5537.93 4.84766
5542.62 4.84794
5547.31 4.84821
5551.99 4.84849
5556.68 4.84877
5561.37 4.84904
5566.06 4.84932
5570.75 4.8496
5575.44 4.84987
5580.13 4.85015
5584.82 4.85042
5589.51 4.8507
5594.2 4.85098
5598.89 4.85125
5603.58 4.85152
5608.27 4.8518
5612.97 4.85207
5617.66 4.85235
5622.35 4.85262
5627.04 4.85289
5631.74 4.85317
5636.43 4.85344
5641.12 4.85371
5645.82 4.85398
5650.51 4.85426
5655.21 4.85453
5659.9 4.8548
5664.59 4.85507
5669.29 4.85534
5673.98 4.85561
5678.68 4.85588
5683.38 4.85615
5688.07 4.85643
5692.77 4.8567
5697.47 4.85697
5702.16 4.85723
5706.86 4.8575
5711.56 4.85777
5716.25 4.85804
5720.95 4.85831
5725.65 4.85858
5730.35 4.85885
5735.05 4.85912
5739.75 4.85938
5744.45 4.85965
5749.15 4.85992
5753.85 4.86019
5758.55 4.86045
5763.25 4.86072
5767.95 4.86099
5772.65 4.86125
5777.35 4.86152
5782.05 4.86178
5786.75 4.86205
5791.46 4.86231
5796.16 4.86258
5800.86 4.86284
5805.56 4.86311
5810.27 4.86337
5814.97 4.86364
5819.67 4.8639
5824.38 4.86416
5829.08 4.86443
5833.79 4.86469
5838.49 4.86495
5843.2 4.86522
5847.9 4.86548
5852.61 4.86574
5857.31 4.866
5862.02 4.86627
5866.72 4.86653
5871.43 4.86679
5876.14 4.86705
5880.85 4.86731
5885.55 4.86757
5890.26 4.86783
5894.97 4.86809
5899.68 4.86836
5904.38 4.86862
5909.09 4.86888
5913.8 4.86913
5918.51 4.86939
5923.22 4.86965
5927.93 4.86991
5932.64 4.87017
5937.35 4.87043
5942.06 4.87069
5946.77 4.87095
5951.48 4.8712
5956.19 4.87146
5960.9 4.87172
5965.62 4.87198
5970.33 4.87223
5975.04 4.87249
5979.75 4.87275
5984.47 4.873
5989.18 4.87326
5993.89 4.87352
5998.61 4.87377
6003.32 4.87403
6008.03 4.87428
6012.75 4.87454
6017.46 4.87479
6022.18 4.87505
6026.89 4.8753
6031.61 4.87556
6036.32 4.87581
6041.04 4.87607
6045.75 4.87632
6050.47 4.87657
6055.19 4.87683
6059.9 4.87708
6064.62 4.87733
6069.34 4.87759
6074.06 4.87784
6078.77 4.87809
6083.49 4.87834
6088.21 4.87859
6092.93 4.87885
6097.65 4.8791
6102.37 4.87935
6107.09 4.8796
6111.81 4.87985
6116.53 4.8801
6121.25 4.88035
6125.97 4.8806
6130.69 4.88085
6135.41 4.8811
6140.13 4.88135
6144.85 4.8816
6149.57 4.88185
6154.29 4.8821
6159.02 4.88235
6163.74 4.8826
6168.46 4.88285
6173.18 4.8831
6177.91 4.88334
6182.63 4.88359
6187.35 4.88384
6192.08 4.88409
6196.8 4.88434
6201.53 4.88458
6206.25 4.88483
6210.98 4.88508
6215.7 4.88532
6220.43 4.88557
6225.15 4.88582
6229.88 4.88606
6234.6 4.88631
6239.33 4.88655
6244.06 4.8868
6248.78 4.88704
6253.51 4.88729
6258.24 4.88753
6262.96 4.88778
6267.69 4.88802
6272.42 4.88827
6277.15 4.88851
6281.88 4.88876
6286.6 4.889
6291.33 4.88924
6296.06 4.88949
6300.79 4.88973
6305.52 4.88997
6310.25 4.89022
6314.98 4.89046
6319.71 4.8907
6324.44 4.89094
6329.17 4.89118
6333.9 4.89143
6338.64 4.89167
6343.37 4.89191
6348.1 4.89215
6352.83 4.89239
6357.56 4.89263
6362.3 4.89287
6367.03 4.89311
6371.76 4.89335
6376.49 4.8936
6381.23 4.89384
6385.96 4.89407
6390.7 4.89431
6395.43 4.89455
6400.16 4.89479
6404.9 4.89503
6409.63 4.89527
6414.37 4.89551
6419.1 4.89575
6423.84 4.89599
6428.58 4.89623
6433.31 4.89646
6438.05 4.8967
6442.79 4.89694
6447.52 4.89718
6452.26 4.89741
6457 4.89765
6461.74 4.89789
6466.47 4.89812
6471.21 4.89836
6475.95 4.8986
6480.69 4.89883
6485.43 4.89907
6490.17 4.89931
6494.91 4.89954
6499.65 4.89978
6504.39 4.90001
6509.13 4.90025
6513.87 4.90048
6518.61 4.90072
6523.35 4.90095
6528.09 4.90119
6532.83 4.90142
6537.57 4.90165
6542.31 4.90189
6547.05 4.90212
6551.8 4.90236
6556.54 4.90259
6561.28 4.90282
6566.02 4.90306
6570.77 4.90329
6575.51 4.90352
6580.25 4.90375
6585 4.90399
6589.74 4.90422
6594.49 4.90445
6599.23 4.90468
6603.97 4.90491
6608.72 4.90515
6613.46 4.90538
6618.21 4.90561
6622.96 4.90584
6627.7 4.90607
6632.45 4.9063
6637.19 4.90653
6641.94 4.90676
6646.69 4.90699
6651.43 4.90722
6656.18 4.90745
6660.93 4.90768
6665.68 4.90791
6670.42 4.90814
6675.17 4.90837
6679.92 4.9086
6684.67 4.90883
6689.42 4.90906
6694.17 4.90928
6698.92 4.90951
6703.67 4.90974
6708.42 4.90997
6713.17 4.9102
6717.92 4.91042
6722.67 4.91065
6727.42 4.91088
6732.17 4.91111
6736.92 4.91133
6741.67 4.91156
6746.42 4.91179
6751.17 4.91201
6755.93 4.91224
6760.68 4.91246
6765.43 4.91269
6770.18 4.91292
6774.94 4.91314
6779.69 4.91337
6784.44 4.91359
6789.2 4.91382
6793.95 4.91404
6798.7 4.91427
6803.46 4.91449
6808.21 4.91472
6812.97 4.91494
6817.72 4.91517
6822.48 4.91539
6827.23 4.91561
6831.99 4.91584
6836.74 4.91606
6841.5 4.91628
6846.26 4.91651
6851.01 4.91673
6855.77 4.91695
6860.53 4.91718
6865.28 4.9174
6870.04 4.91762
6874.8 4.91784
6879.56 4.91806
6884.32 4.91829
6889.07 4.91851
6893.83 4.91873
6898.59 4.91895
6903.35 4.91917
6908.11 4.91939
6912.87 4.91961
6917.63 4.91984
6922.39 4.92006
6927.15 4.92028
6931.91 4.9205
6936.67 4.92072
6941.43 4.92094
6946.19 4.92116
6950.95 4.92138
6955.71 4.9216
6960.47 4.92182
6965.24 4.92203
6970 4.92225
6974.76 4.92247
6979.52 4.92269
6984.29 4.92291
6989.05 4.92313
6993.81 4.92335
6998.57 4.92357
7003.34 4.92378
7008.1 4.924
7012.87 4.92422
7017.63 4.92444
7022.4 4.92465
7027.16 4.92487
7031.92 4.92509
7036.69 4.92531
7041.45 4.92552
7046.22 4.92574
7050.99 4.92596
7055.75 4.92617
7060.52 4.92639
7065.28 4.9266
7070.05 4.92682
7074.82 4.92704
7079.58 4.92725
7084.35 4.92747
7089.12 4.92768
7093.89 4.9279
7098.66 4.92811
7103.42 4.92833
7108.19 4.92854
7112.96 4.92876
7117.73 4.92897
7122.5 4.92919
7127.27 4.9294
7132.04 4.92961
7136.81 4.92983
7141.58 4.93004
7146.35 4.93025
7151.12 4.93047
7155.89 4.93068
7160.66 4.93089
7165.43 4.93111
7170.2 4.93132
7174.97 4.93153
7179.74 4.93175
7184.51 4.93196
7189.29 4.93217
7194.06 4.93238
7198.83 4.93259
7203.6 4.93281
7208.38 4.93302
7213.15 4.93323
7217.92 4.93344
7222.7 4.93365
7227.47 4.93386
7232.24 4.93407
7237.02 4.93428
7241.79 4.9345
7246.57 4.93471
7251.34 4.93492
7256.12 4.93513
7260.89 4.93534
7265.67 4.93555
7270.44 4.93576
7275.22 4.93597
7279.99 4.93618
7284.77 4.93638
7289.55 4.93659
7294.32 4.9368
7299.1 4.93701
7303.88 4.93722
7308.65 4.93743
7313.43 4.93764
7318.21 4.93785
7322.99 4.93805
7327.76 4.93826
7332.54 4.93847
7337.32 4.93868
7342.1 4.93889
7346.88 4.93909
7351.66 4.9393
7356.44 4.93951
7361.22 4.93972
7366 4.93992
7370.78 4.94013
7375.56 4.94034
7380.34 4.94054
7385.12 4.94075
7389.9 4.94096
7394.68 4.94116
7399.46 4.94137
7404.24 4.94157
7409.02 4.94178
7413.8 4.94198
7418.59 4.94219
7423.37 4.9424
7428.15 4.9426
7432.93 4.94281
7437.72 4.94301
7442.5 4.94321
7447.28 4.94342
7452.07 4.94362
7456.85 4.94383
7461.63 4.94403
7466.42 4.94424
7471.2 4.94444
7475.99 4.94464
7480.77 4.94485
7485.56 4.94505
7490.34 4.94526
7495.13 4.94546
7499.91 4.94566
7504.7 4.94586
7509.48 4.94607
7514.27 4.94627
7519.06 4.94647
7523.84 4.94668
7528.63 4.94688
7533.42 4.94708
7538.2 4.94728
7542.99 4.94748
7547.78 4.94769
7552.57 4.94789
7557.35 4.94809
7562.14 4.94829
7566.93 4.94849
7571.72 4.94869
7576.51 4.94889
7581.3 4.94909
7586.08 4.9493
7590.87 4.9495
7595.66 4.9497
7600.45 4.9499
7605.24 4.9501
7610.03 4.9503
7614.82 4.9505
7619.61 4.9507
7624.4 4.9509
7629.2 4.9511
7633.99 4.9513
7638.78 4.9515
7643.57 4.95169
7648.36 4.95189
7653.15 4.95209
7657.95 4.95229
7662.74 4.95249
7667.53 4.95269
7672.32 4.95289
7677.12 4.95309
7681.91 4.95328
7686.7 4.95348
7691.5 4.95368
7696.29 4.95388
7701.08 4.95408
7705.88 4.95427
7710.67 4.95447
7715.47 4.95467
7720.26 4.95487
7725.06 4.95506
7729.85 4.95526
7734.65 4.95546
7739.44 4.95565
7744.24 4.95585
7749.03 4.95605
7753.83 4.95624
7758.62 4.95644
7763.42 4.95663
7768.22 4.95683
7773.01 4.95703
7777.81 4.95722
7782.61 4.95742
7787.41 4.95761
7792.2 4.95781
7797 4.958
7801.8 4.9582
7806.6 4.95839
7811.4 4.95859
7816.2 4.95878
7820.99 4.95898
7825.79 4.95917
7830.59 4.95937
7835.39 4.95956
7840.19 4.95975
7844.99 4.95995
7849.79 4.96014
7854.59 4.96034
7859.39 4.96053
7864.19 4.96072
7868.99 4.96092
7873.79 4.96111
7878.59 4.9613
7883.4 4.96149
7888.2 4.96169
7893 4.96188
7897.8 4.96207
7902.6 4.96227
7907.4 4.96246
7912.21 4.96265
7917.01 4.96284
7921.81 4.96303
7926.62 4.96323
7931.42 4.96342
7936.22 4.96361
7941.03 4.9638
7945.83 4.96399
7950.63 4.96418
7955.44 4.96437
7960.24 4.96457
7965.05 4.96476
7969.85 4.96495
7974.66 4.96514
7979.46 4.96533
7984.27 4.96552
7989.07 4.96571
7993.88 4.9659
7998.68 4.96609
8003.49 4.96628
8008.3 4.96647
8013.1 4.96666
8017.91 4.96685
8022.72 4.96704
8027.52 4.96723
8032.33 4.96742
8037.14 4.96761
8041.95 4.96779
8046.75 4.96798
8051.56 4.96817
8056.37 4.96836
8061.18 4.96855
8065.99 4.96874
8070.8 4.96893
8075.6 4.96911
8080.41 4.9693
8085.22 4.96949
8090.03 4.96968
8094.84 4.96987
8099.65 4.97005
8104.46 4.97024
8109.27 4.97043
8114.08 4.97062
8118.89 4.9708
8123.7 4.97099
8128.52 4.97118
8133.33 4.97136
8138.14 4.97155
8142.95 4.97174
8147.76 4.97192
8152.57 4.97211
8157.38 4.9723
8162.2 4.97248
8167.01 4.97267
8171.82 4.97286
8176.64 4.97304
8181.45 4.97323
8186.26 4.97341
8191.07 4.9736
8195.89 4.97378
8200.7 4.97397
8205.52 4.97415
8210.33 4.97434
8215.15 4.97452
8219.96 4.97471
8224.77 4.97489
8229.59 4.97508
8234.4 4.97526
8239.22 4.97545
8244.04 4.97563
8248.85 4.97581
8253.67 4.976
8258.48 4.97618
8263.3 4.97637
8268.12 4.97655
8272.93 4.97673
8277.75 4.97692
8282.57 4.9771
8287.38 4.97728
8292.2 4.97747
8297.02 4.97765
8301.83 4.97783
8306.65 4.97802
8311.47 4.9782
8316.29 4.97838
8321.11 4.97856
8325.93 4.97875
8330.74 4.97893
8335.56 4.97911
8340.38 4.97929
8345.2 4.97947
8350.02 4.97966
8354.84 4.97984
8359.66 4.98002
8364.48 4.9802
8369.3 4.98038
8374.12 4.98056
8378.94 4.98074
8383.76 4.98093
8388.58 4.98111
8393.41 4.98129
8398.23 4.98147
8403.05 4.98165
8407.87 4.98183
8412.69 4.98201
8417.51 4.98219
8422.34 4.98237
8427.16 4.98255
8431.98 4.98273
8436.8 4.98291
8441.63 4.98309
8446.45 4.98327
8451.27 4.98345
8456.1 4.98363
8460.92 4.98381
8465.74 4.98399
8470.57 4.98417
8475.39 4.98435
8480.22 4.98453
8485.04 4.9847
8489.86 4.98488
8494.69 4.98506
8499.51 4.98524
8504.34 4.98542
8509.17 4.9856
8513.99 4.98578
8518.82 4.98595
8523.64 4.98613
8528.47 4.98631
8533.29 4.98649
8538.12 4.98667
8542.95 4.98684
8547.78 4.98702
8552.6 4.9872
8557.43 4.98737
8562.26 4.98755
8567.08 4.98773
8571.91 4.98791
8576.74 4.98808
8581.57 4.98826
8586.4 4.98844
8591.22 4.98861
8596.05 4.98879
8600.88 4.98897
8605.71 4.98914
8610.54 4.98932
8615.37 4.98949
8620.2 4.98967
8625.03 4.98985
8629.86 4.99002
8634.69 4.9902
8639.52 4.99037
8644.35 4.99055
8649.18 4.99072
8654.01 4.9909
8658.84 4.99107
8663.67 4.99125
8668.5 4.99142
8673.33 4.9916
8678.17 4.99177
8683 4.99195
8687.83 4.99212
8692.66 4.9923
8697.49 4.99247
8702.33 4.99265
8707.16 4.99282
8711.99 4.99299
8716.83 4.99317
8721.66 4.99334
8726.49 4.99352
8731.33 4.99369
8736.16 4.99386
8740.99 4.99404
8745.83 4.99421
8750.66 4.99438
8755.5 4.99456
8760.33 4.99473
8765.17 4.9949
8770 4.99508
8774.83 4.99525
8779.67 4.99542
8784.5 4.99559
8789.34 4.99577
8794.18 4.99594
8799.01 4.99611
8803.85 4.99628
8808.68 4.99645
8813.52 4.99663
8818.36 4.9968
8823.2 4.99697
8828.03 4.99714
8832.87 4.99731
8837.71 4.99749
8842.54 4.99766
8847.38 4.99783
8852.22 4.998
8857.06 4.99817
8861.9 4.99834
8866.73 4.99851
8871.57 4.99868
8876.41 4.99885
8881.25 4.99902
8886.09 4.99919
8890.93 4.99936
8895.77 4.99954
8900.61 4.99971
8905.45 4.99988
8910.29 5.00005
8915.13 5.00022
8919.97 5.00039
8924.81 5.00056
8929.65 5.00072
8934.49 5.00089
8939.33 5.00106
8944.17 5.00123
8949.01 5.0014
8953.85 5.00157
8958.7 5.00174
8963.54 5.00191
8968.38 5.00208
8973.22 5.00225
8978.06 5.00242
8982.91 5.00258
8987.75 5.00275
8992.59 5.00292
8997.43 5.00309
9002.28 5.00326
9007.12 5.00343
9011.96 5.00359
9016.81 5.00376
9021.65 5.00393
9026.49 5.0041
9031.34 5.00427
9036.18 5.00443
9041.03 5.0046
9045.87 5.00477
9050.72 5.00494
9055.56 5.0051
9060.41 5.00527
9065.25 5.00544
9070.1 5.0056
9074.94 5.00577
9079.79 5.00594
9084.63 5.0061
9089.48 5.00627
9094.33 5.00644
9099.17 5.0066
9104.02 5.00677
9108.87 5.00694
9113.71 5.0071
9118.56 5.00727
9123.41 5.00743
9128.26 5.0076
9133.1 5.00777
9137.95 5.00793
9142.8 5.0081
9147.65 5.00826
9152.5 5.00843
9157.34 5.00859
9162.19 5.00876
9167.04 5.00892
9171.89 5.00909
9176.74 5.00925
9181.59 5.00942
9186.44 5.00958
9191.29 5.00975
9196.14 5.00991
9200.99 5.01008
9205.84 5.01024
9210.69 5.01041
9215.54 5.01057
9220.39 5.01073
9225.24 5.0109
9230.09 5.01106
9234.94 5.01123
9239.79 5.01139
9244.64 5.01155
9249.49 5.01172
9254.35 5.01188
9259.2 5.01204
9264.05 5.01221
9268.9 5.01237
9273.75 5.01253
9278.61 5.0127
9283.46 5.01286
9288.31 5.01302
9293.16 5.01319
9298.02 5.01335
9302.87 5.01351
9307.72 5.01367
9312.58 5.01384
9317.43 5.014
9322.29 5.01416
9327.14 5.01432
9331.99 5.01449
9336.85 5.01465
9341.7 5.01481
9346.56 5.01497
9351.41 5.01513
9356.27 5.0153
9361.12 5.01546
9365.98 5.01562
9370.83 5.01578
9375.69 5.01594
9380.54 5.0161
9385.4 5.01626
9390.26 5.01642
9395.11 5.01659
9399.97 5.01675
9404.83 5.01691
9409.68 5.01707
9414.54 5.01723
9419.4 5.01739
9424.26 5.01755
9429.11 5.01771
9433.97 5.01787
9438.83 5.01803
9443.69 5.01819
9448.54 5.01835
9453.4 5.01851
9458.26 5.01867
9463.12 5.01883
9467.98 5.01899
9472.84 5.01915
9477.7 5.01931
9482.56 5.01947
9487.42 5.01963
9492.28 5.01979
9497.13 5.01995
9502 5.02011
9506.86 5.02027
9511.72 5.02042
9516.58 5.02058
9521.44 5.02074
9526.3 5.0209
9531.16 5.02106
9536.02 5.02122
9540.88 5.02138
9545.74 5.02153
9550.6 5.02169
9555.46 5.02185
9560.33 5.02201
9565.19 5.02217
9570.05 5.02232
9574.91 5.02248
9579.78 5.02264
9584.64 5.0228
9589.5 5.02296
9594.37 5.02311
9599.23 5.02327
9604.09 5.02343
9608.96 5.02359
9613.82 5.02374
9618.68 5.0239
9623.55 5.02406
9628.41 5.02421
9633.27 5.02437
9638.14 5.02453
9643 5.02468
9647.87 5.02484
9652.73 5.025
9657.6 5.02515
9662.46 5.02531
9667.33 5.02547
9672.19 5.02562
9677.06 5.02578
9681.92 5.02594
9686.79 5.02609
9691.66 5.02625
9696.52 5.0264
9701.39 5.02656
9706.26 5.02671
9711.12 5.02687
9715.99 5.02703
9720.86 5.02718
9725.72 5.02734
9730.59 5.02749
9735.46 5.02765
9740.33 5.0278
9745.19 5.02796
9750.06 5.02811
9754.93 5.02827
9759.8 5.02842
9764.67 5.02858
9769.54 5.02873
9774.4 5.02888
9779.27 5.02904
9784.14 5.02919
9789.01 5.02935
9793.88 5.0295
9798.75 5.02966
9803.62 5.02981
9808.49 5.02996
9813.36 5.03012
9818.23 5.03027
9823.1 5.03043
9827.97 5.03058
9832.84 5.03073
9837.71 5.03089
9842.58 5.03104
9847.45 5.03119
9852.33 5.03135
9857.2 5.0315
9862.07 5.03165
9866.94 5.03181
9871.81 5.03196
9876.68 5.03211
9881.56 5.03226
9886.43 5.03242
9891.3 5.03257
9896.17 5.03272
9901.05 5.03288
9905.92 5.03303
9910.79 5.03318
9915.67 5.03333
9920.54 5.03348
9925.41 5.03364
9930.29 5.03379
9935.16 5.03394
9940.03 5.03409
9944.91 5.03424
9949.78 5.0344
9954.66 5.03455
9959.53 5.0347
9964.41 5.03485
9969.28 5.035
9974.16 5.03515
9979.03 5.03531
9983.91 5.03546
9988.78 5.03561
9993.66 5.03576
9998.53 5.03591
10003.4 5.03606
10008.3 5.03621
10013.2 5.03636
10018 5.03651
10022.9 5.03666
10027.8 5.03681
10032.7 5.03696
10037.5 5.03711
10042.4 5.03726
10047.3 5.03742
10052.2 5.03757
10057.1 5.03772
10061.9 5.03787
10066.8 5.03802
10071.7 5.03817
10076.6 5.03831
10081.4 5.03846
10086.3 5.03861
10091.2 5.03876
10096.1 5.03891
10101 5.03906
10105.8 5.03921
10110.7 5.03936
10115.6 5.03951
10120.5 5.03966
10125.4 5.03981
10130.2 5.03996
10135.1 5.04011
10140 5.04026
10144.9 5.0404
10149.8 5.04055
10154.6 5.0407
10159.5 5.04085
10164.4 5.041
10169.3 5.04115
10174.2 5.04129
10179 5.04144
10183.9 5.04159
10188.8 5.04174
10193.7 5.04189
10198.6 5.04204
10203.4 5.04218
10208.3 5.04233
10213.2 5.04248
10218.1 5.04263
10223 5.04277
10227.9 5.04292
10232.7 5.04307
10237.6 5.04322
10242.5 5.04336
10247.4 5.04351
10252.3 5.04366
10257.2 5.0438
10262 5.04395
10266.9 5.0441
10271.8 5.04425
10276.7 5.04439
10281.6 5.04454
10286.5 5.04469
10291.4 5.04483
10296.2 5.04498
10301.1 5.04512
10306 5.04527
10310.9 5.04542
10315.8 5.04556
10320.7 5.04571
10325.5 5.04586
10330.4 5.046
10335.3 5.04615
10340.2 5.04629
10345.1 5.04644
10350 5.04659
10354.9 5.04673
10359.8 5.04688
10364.6 5.04702
10369.5 5.04717
10374.4 5.04731
10379.3 5.04746
10384.2 5.0476
10389.1 5.04775
10394 5.04789
10398.9 5.04804
10403.7 5.04818
10408.6 5.04833
10413.5 5.04847
10418.4 5.04862
10423.3 5.04876
10428.2 5.04891
10433.1 5.04905
10438 5.0492
10442.8 5.04934
10447.7 5.04948
10452.6 5.04963
10457.5 5.04977
10462.4 5.04992
10467.3 5.05006
10472.2 5.0502
10477.1 5.05035
10482 5.05049
10486.9 5.05064
10491.7 5.05078
10496.6 5.05092
10501.5 5.05107
10506.4 5.05121
10511.3 5.05135
10516.2 5.0515
10521.1 5.05164
10526 5.05178
10530.9 5.05193
10535.8 5.05207
10540.7 5.05221
10545.6 5.05236
10550.4 5.0525
10555.3 5.05264
10560.2 5.05278
10565.1 5.05293
10570 5.05307
10574.9 5.05321
10579.8 5.05335
10584.7 5.0535
10589.6 5.05364
10594.5 5.05378
10599.4 5.05392
10604.3 5.05406
10609.2 5.05421
10614.1 5.05435
10619 5.05449
10623.9 5.05463
10628.7 5.05477
10633.6 5.05492
10638.5 5.05506
10643.4 5.0552
10648.3 5.05534
10653.2 5.05548
10658.1 5.05562
10663 5.05576
10667.9 5.05591
10672.8 5.05605
10677.7 5.05619
10682.6 5.05633
10687.5 5.05647
10692.4 5.05661
10697.3 5.05675
10702.2 5.05689
10707.1 5.05703
10712 5.05717
10716.9 5.05731
10721.8 5.05746
10726.7 5.0576
10731.6 5.05774
10736.5 5.05788
10741.4 5.05802
10746.3 5.05816
10751.2 5.0583
10756.1 5.05844
10761 5.05858
10765.9 5.05872
10770.8 5.05886
10775.6 5.059
10780.5 5.05914
10785.4 5.05928
10790.3 5.05941
10795.2 5.05955
10800.1 5.05969
10805 5.05983
10809.9 5.05997
10814.8 5.06011
10819.7 5.06025
10824.6 5.06039
10829.5 5.06053
10834.4 5.06067
10839.3 5.06081
10844.2 5.06095
10849.1 5.06108
10854.1 5.06122
10859 5.06136
10863.9 5.0615
10868.8 5.06164
10873.7 5.06178
10878.6 5.06192
10883.5 5.06205
10888.4 5.06219
10893.3 5.06233
10898.2 5.06247
10903.1 5.06261
10908 5.06274
10912.9 5.06288
10917.8 5.06302
10922.7 5.06316
10927.6 5.0633
10932.5 5.06343
10937.4 5.06357
10942.3 5.06371
10947.2 5.06385
10952.1 5.06398
10957 5.06412
10961.9 5.06426
10966.8 5.0644
10971.7 5.06453
10976.6 5.06467
10981.5 5.06481
10986.4 5.06494
10991.3 5.06508
10996.2 5.06522
11001.1 5.06535
11006.1 5.06549
11011 5.06563
11015.9 5.06576
11020.8 5.0659
11025.7 5.06604
11030.6 5.06617
11035.5 5.06631
11040.4 5.06645
11045.3 5.06658
11050.2 5.06672
11055.1 5.06685
11060 5.06699
11064.9 5.06713
11069.8 5.06726
11074.7 5.0674
11079.7 5.06753
11084.6 5.06767
11089.5 5.06781
11094.4 5.06794
11099.3 5.06808
11104.2 5.06821
11109.1 5.06835
11114 5.06848
11118.9 5.06862
11123.8 5.06875
11128.7 5.06889
11133.6 5.06902
11138.5 5.06916
11143.5 5.06929
11148.4 5.06943
11153.3 5.06956
11158.2 5.0697
11163.1 5.06983
11168 5.06997
11172.9 5.0701
11177.8 5.07024
11182.7 5.07037
11187.6 5.07051
11192.6 5.07064
11197.5 5.07078
11202.4 5.07091
11207.3 5.07104
11212.2 5.07118
11217.1 5.07131
11222 5.07145
11226.9 5.07158
11231.8 5.07171
11236.8 5.07185
11241.7 5.07198
11246.6 5.07211
11251.5 5.07225
11256.4 5.07238
11261.3 5.07252
11266.2 5.07265
11271.1 5.07278
11276.1 5.07292
11281 5.07305
11285.9 5.07318
11290.8 5.07332
11295.7 5.07345
11300.6 5.07358
11305.5 5.07371
11310.5 5.07385
11315.4 5.07398
11320.3 5.07411
11325.2 5.07425
11330.1 5.07438
11335 5.07451
11339.9 5.07464
11344.8 5.07478
11349.8 5.07491
11354.7 5.07504
11359.6 5.07517
11364.5 5.07531
11369.4 5.07544
11374.3 5.07557
11379.3 5.0757
11384.2 5.07583
11389.1 5.07597
11394 5.0761
11398.9 5.07623
11403.8 5.07636
11408.8 5.07649
11413.7 5.07663
11418.6 5.07676
11423.5 5.07689
11428.4 5.07702
11433.3 5.07715
11438.3 5.07728
11443.2 5.07741
11448.1 5.07755
11453 5.07768
11457.9 5.07781
11462.8 5.07794
11467.8 5.07807
11472.7 5.0782
11477.6 5.07833
11482.5 5.07846
11487.4 5.07859
11492.4 5.07872
11497.3 5.07886
11502.2 5.07899
11507.1 5.07912
11512 5.07925
11516.9 5.07938
11521.9 5.07951
11526.8 5.07964
11531.7 5.07977
11536.6 5.0799
11541.5 5.08003
11546.5 5.08016
11551.4 5.08029
11556.3 5.08042
11561.2 5.08055
11566.1 5.08068
11571.1 5.08081
11576 5.08094
11580.9 5.08107
11585.8 5.0812
11590.8 5.08133
11595.7 5.08146
11600.6 5.08159
11605.5 5.08172
11610.4 5.08185
11615.4 5.08198
11620.3 5.0821
11625.2 5.08223
11630.1 5.08236
11635 5.08249
11640 5.08262
11644.9 5.08275
11649.8 5.08288
11654.7 5.08301
11659.7 5.08314
11664.6 5.08327
11669.5 5.08339
11674.4 5.08352
11679.4 5.08365
11684.3 5.08378
11689.2 5.08391
11694.1 5.08404
11699 5.08417
11704 5.08429
11708.9 5.08442
11713.8 5.08455
11718.7 5.08468
11723.7 5.08481
11728.6 5.08494
11733.5 5.08506
11738.4 5.08519
11743.4 5.08532
11748.3 5.08545
11753.2 5.08557
11758.1 5.0857
11763.1 5.08583
11768 5.08596
11772.9 5.08609
11777.9 5.08621
11782.8 5.08634
11787.7 5.08647
11792.6 5.08659
11797.6 5.08672
11802.5 5.08685
11807.4 5.08698
11812.3 5.0871
11817.3 5.08723
11822.2 5.08736
11827.1 5.08748
11832 5.08761
11837 5.08774
11841.9 5.08786
11846.8 5.08799
11851.8 5.08812
11856.7 5.08825
11861.6 5.08837
11866.5 5.0885
11871.5 5.08862
11876.4 5.08875
11881.3 5.08888
11886.3 5.089
11891.2 5.08913
11896.1 5.08926
11901 5.08938
11906 5.08951
11910.9 5.08963
11915.8 5.08976
11920.8 5.08989
11925.7 5.09001
11930.6 5.09014
11935.6 5.09026
11940.5 5.09039
11945.4 5.09052
11950.3 5.09064
11955.3 5.09077
11960.2 5.09089
11965.1 5.09102
11970.1 5.09114
11975 5.09127
11979.9 5.09139
11984.9 5.09152
11989.8 5.09164
11994.7 5.09177
11999.7 5.09189
12004.6 5.09202
12009.5 5.09214
12014.5 5.09227
12019.4 5.09239
12024.3 5.09252
12029.3 5.09264
12034.2 5.09277
12039.1 5.09289
12044 5.09302
12049 5.09314
12053.9 5.09327
12058.8 5.09339
12063.8 5.09352
12068.7 5.09364
12073.6 5.09376
12078.6 5.09389
12083.5 5.09401
12088.4 5.09414
12093.4 5.09426
12098.3 5.09438
12103.3 5.09451
12108.2 5.09463
12113.1 5.09476
12118.1 5.09488
12123 5.095
12127.9 5.09513
12132.9 5.09525
12137.8 5.09538
12142.7 5.0955
12147.7 5.09562
12152.6 5.09575
12157.5 5.09587
12162.5 5.09599
12167.4 5.09612
12172.3 5.09624
12177.3 5.09636
12182.2 5.09649
12187.2 5.09661
12192.1 5.09673
12197 5.09685
12202 5.09698
12206.9 5.0971
12211.8 5.09722
12216.8 5.09735
12221.7 5.09747
12226.7 5.09759
12231.6 5.09771
12236.5 5.09784
12241.5 5.09796
12246.4 5.09808
12251.3 5.0982
12256.3 5.09833
12261.2 5.09845
12266.2 5.09857
12271.1 5.09869
12276 5.09881
12281 5.09894
12285.9 5.09906
12290.8 5.09918
12295.8 5.0993
12300.7 5.09943
12305.7 5.09955
12310.6 5.09967
12315.5 5.09979
12320.5 5.09991
12325.4 5.10003
12330.4 5.10016
12335.3 5.10028
12340.2 5.1004
12345.2 5.10052
12350.1 5.10064
12355.1 5.10076
12360 5.10088
12364.9 5.10101
12369.9 5.10113
12374.8 5.10125
12379.8 5.10137
12384.7 5.10149
12389.7 5.10161
12394.6 5.10173
12399.5 5.10185
12404.5 5.10197
12409.4 5.10209
12414.4 5.10222
12419.3 5.10234
12424.3 5.10246
12429.2 5.10258
12434.1 5.1027
12439.1 5.10282
12444 5.10294
12449 5.10306
12453.9 5.10318
12458.8 5.1033
12463.8 5.10342
12468.7 5.10354
12473.7 5.10366
12478.6 5.10378
12483.6 5.1039
12488.5 5.10402
12493.5 5.10414
12498.4 5.10426
12503.3 5.10438
12508.3 5.1045
12513.2 5.10462
12518.2 5.10474
12523.1 5.10486
12528.1 5.10498
12533 5.1051
12538 5.10522
12542.9 5.10534
12547.8 5.10546
12552.8 5.10558
12557.7 5.1057
12562.7 5.10581
12567.6 5.10593
12572.6 5.10605
12577.5 5.10617
12582.5 5.10629
12587.4 5.10641
12592.4 5.10653
12597.3 5.10665
12602.3 5.10677
12607.2 5.10689
12612.1 5.10701
12617.1 5.10712
12622 5.10724
12627 5.10736
12631.9 5.10748
12636.9 5.1076
12641.8 5.10772
12646.8 5.10784
12651.7 5.10795
12656.7 5.10807
12661.6 5.10819
12666.6 5.10831
12671.5 5.10843
12676.5 5.10855
12681.4 5.10866
12686.4 5.10878
12691.3 5.1089
12696.3 5.10902
12701.2 5.10914
12706.2 5.10925
12711.1 5.10937
12716.1 5.10949
12721 5.10961
12726 5.10972
12730.9 5.10984
12735.9 5.10996
12740.8 5.11008
12745.8 5.1102
12750.7 5.11031
12755.7 5.11043
12760.6 5.11055
12765.6 5.11066
12770.5 5.11078
12775.5 5.1109
12780.4 5.11102
12785.4 5.11113
12790.3 5.11125
12795.3 5.11137
12800.2 5.11148
12805.2 5.1116
12810.1 5.11172
12815.1 5.11184
12820 5.11195
12825 5.11207
12829.9 5.11219
12834.9 5.1123
12839.8 5.11242
12844.8 5.11254
12849.7 5.11265
12854.7 5.11277
12859.6 5.11288
12864.6 5.113
12869.5 5.11312
12874.5 5.11323
12879.5 5.11335
12884.4 5.11347
12889.4 5.11358
12894.3 5.1137
12899.3 5.11382
12904.2 5.11393
12909.2 5.11405
12914.1 5.11416
12919.1 5.11428
12924 5.11439
12929 5.11451
12933.9 5.11463
12938.9 5.11474
12943.9 5.11486
12948.8 5.11497
12953.8 5.11509
12958.7 5.1152
12963.7 5.11532
12968.6 5.11544
12973.6 5.11555
12978.5 5.11567
12983.5 5.11578
12988.5 5.1159
12993.4 5.11601
12998.4 5.11613
13003.3 5.11624
13008.3 5.11636
13013.2 5.11647
13018.2 5.11659
13023.1 5.1167
13028.1 5.11682
13033.1 5.11693
13038 5.11705
13043 5.11716
13047.9 5.11728
13052.9 5.11739
13057.8 5.11751
13062.8 5.11762
13067.8 5.11773
13072.7 5.11785
13077.7 5.11796
13082.6 5.11808
13087.6 5.11819
13092.6 5.11831
13097.5 5.11842
13102.5 5.11854
13107.4 5.11865
13112.4 5.11876
13117.3 5.11888
13122.3 5.11899
13127.3 5.11911
13132.2 5.11922
13137.2 5.11933
13142.1 5.11945
13147.1 5.11956
13152.1 5.11968
13157 5.11979
13162 5.1199
13166.9 5.12002
13171.9 5.12013
13176.9 5.12024
13181.8 5.12036
13186.8 5.12047
13191.7 5.12058
13196.7 5.1207
13201.7 5.12081
13206.6 5.12092
13211.6 5.12104
13216.5 5.12115
13221.5 5.12126
13226.5 5.12138
13231.4 5.12149
13236.4 5.1216
13241.4 5.12172
13246.3 5.12183
13251.3 5.12194
13256.2 5.12205
13261.2 5.12217
13266.2 5.12228
13271.1 5.12239
13276.1 5.12251
13281 5.12262
13286 5.12273
13291 5.12284
13295.9 5.12296
13300.9 5.12307
13305.9 5.12318
13310.8 5.12329
13315.8 5.12341
13320.8 5.12352
13325.7 5.12363
13330.7 5.12374
13335.6 5.12385
13340.6 5.12397
13345.6 5.12408
13350.5 5.12419
13355.5 5.1243
13360.5 5.12441
13365.4 5.12453
13370.4 5.12464
13375.4 5.12475
13380.3 5.12486
13385.3 5.12497
13390.3 5.12508
13395.2 5.1252
13400.2 5.12531
13405.1 5.12542
13410.1 5.12553
13415.1 5.12564
13420 5.12575
13425 5.12587
13430 5.12598
13434.9 5.12609
13439.9 5.1262
13444.9 5.12631
13449.8 5.12642
13454.8 5.12653
13459.8 5.12664
13464.7 5.12676
13469.7 5.12687
13474.7 5.12698
13479.6 5.12709
13484.6 5.1272
13489.6 5.12731
13494.5 5.12742
13499.5 5.12753
13504.5 5.12764
13509.4 5.12775
13514.4 5.12786
13519.4 5.12797
13524.3 5.12808
13529.3 5.1282
13534.3 5.12831
13539.3 5.12842
13544.2 5.12853
13549.2 5.12864
13554.2 5.12875
13559.1 5.12886
13564.1 5.12897
13569.1 5.12908
13574 5.12919
13579 5.1293
13584 5.12941
13588.9 5.12952
13593.9 5.12963
13598.9 5.12974
13603.9 5.12985
13608.8 5.12996
13613.8 5.13007
13618.8 5.13018
13623.7 5.13029
13628.7 5.1304
13633.7 5.13051
13638.6 5.13062
13643.6 5.13073
13648.6 5.13084
13653.6 5.13094
13658.5 5.13105
13663.5 5.13116
13668.5 5.13127
13673.4 5.13138
13678.4 5.13149
13683.4 5.1316
13688.4 5.13171
13693.3 5.13182
13698.3 5.13193
13703.3 5.13204
13708.2 5.13215
13713.2 5.13226
13718.2 5.13236
13723.2 5.13247
13728.1 5.13258
13733.1 5.13269
13738.1 5.1328
13743 5.13291
13748 5.13302
13753 5.13312
13758 5.13323
13762.9 5.13334
13767.9 5.13345
13772.9 5.13356
13777.9 5.13367
13782.8 5.13378
13787.8 5.13388
13792.8 5.13399
13797.8 5.1341
13802.7 5.13421
13807.7 5.13432
13812.7 5.13443
13817.7 5.13453
13822.6 5.13464
13827.6 5.13475
13832.6 5.13486
13837.6 5.13497
13842.5 5.13507
13847.5 5.13518
13852.5 5.13529
13857.5 5.1354
13862.4 5.13551
13867.4 5.13561
13872.4 5.13572
13877.4 5.13583
13882.3 5.13594
13887.3 5.13604
13892.3 5.13615
13897.3 5.13626
13902.2 5.13637
13907.2 5.13647
13912.2 5.13658
13917.2 5.13669
13922.1 5.1368
13927.1 5.1369
13932.1 5.13701
13937.1 5.13712
13942 5.13722
13947 5.13733
13952 5.13744
13957 5.13755
13962 5.13765
13966.9 5.13776
13971.9 5.13787
13976.9 5.13797
13981.9 5.13808
13986.8 5.13819
13991.8 5.13829
13996.8 5.1384
14001.8 5.13851
14006.8 5.13861
14011.7 5.13872
14016.7 5.13883
14021.7 5.13893
14026.7 5.13904
14031.7 5.13915
14036.6 5.13925
14041.6 5.13936
14046.6 5.13947
14051.6 5.13957
14056.6 5.13968
14061.5 5.13978
14066.5 5.13989
14071.5 5.14
14076.5 5.1401
14081.5 5.14021
14086.4 5.14031
14091.4 5.14042
14096.4 5.14053
14101.4 5.14063
14106.4 5.14074
14111.3 5.14084
14116.3 5.14095
14121.3 5.14106
14126.3 5.14116
14131.3 5.14127
14136.2 5.14137
14141.2 5.14148
14146.2 5.14158
14151.2 5.14169
14156.2 5.14179
14161.1 5.1419
14166.1 5.142
14171.1 5.14211
14176.1 5.14222
14181.1 5.14232
14186.1 5.14243
14191 5.14253
14196 5.14264
14201 5.14274
14206 5.14285
14211 5.14295
14216 5.14306
14220.9 5.14316
14225.9 5.14327
14230.9 5.14337
14235.9 5.14348
14240.9 5.14358
14245.9 5.14369
14250.8 5.14379
14255.8 5.1439
14260.8 5.144
14265.8 5.1441
14270.8 5.14421
14275.8 5.14431
14280.7 5.14442
14285.7 5.14452
14290.7 5.14463
14295.7 5.14473
14300.7 5.14484
14305.7 5.14494
14310.6 5.14504
14315.6 5.14515
14320.6 5.14525
14325.6 5.14536
14330.6 5.14546
14335.6 5.14557
14340.6 5.14567
14345.5 5.14577
14350.5 5.14588
14355.5 5.14598
14360.5 5.14609
14365.5 5.14619
14370.5 5.14629
14375.5 5.1464
14380.4 5.1465
14385.4 5.14661
14390.4 5.14671
14395.4 5.14681
14400.4 5.14692
14405.4 5.14702
14410.4 5.14712
14415.4 5.14723
14420.3 5.14733
14425.3 5.14743
14430.3 5.14754
14435.3 5.14764
14440.3 5.14774
14445.3 5.14785
14450.3 5.14795
14455.3 5.14805
14460.2 5.14816
14465.2 5.14826
14470.2 5.14836
14475.2 5.14847
14480.2 5.14857
14485.2 5.14867
14490.2 5.14877
14495.2 5.14888
14500.2 5.14898
14505.1 5.14908
14510.1 5.14919
14515.1 5.14929
14520.1 5.14939
14525.1 5.14949
14530.1 5.1496
14535.1 5.1497
14540.1 5.1498
14545.1 5.1499
14550 5.15001
14555 5.15011
14560 5.15021
14565 5.15031
14570 5.15042
14575 5.15052
14580 5.15062
14585 5.15072
14590 5.15083
14595 5.15093
14600 5.15103
14604.9 5.15113
14609.9 5.15123
14614.9 5.15134
14619.9 5.15144
14624.9 5.15154
14629.9 5.15164
14634.9 5.15174
14639.9 5.15185
14644.9 5.15195
14649.9 5.15205
14654.9 5.15215
14659.9 5.15225
14664.8 5.15235
14669.8 5.15246
14674.8 5.15256
14679.8 5.15266
14684.8 5.15276
14689.8 5.15286
14694.8 5.15296
14699.8 5.15307
14704.8 5.15317
14709.8 5.15327
14714.8 5.15337
14719.8 5.15347
14724.8 5.15357
14729.8 5.15367
14734.7 5.15377
14739.7 5.15388
14744.7 5.15398
14749.7 5.15408
14754.7 5.15418
14759.7 5.15428
14764.7 5.15438
14769.7 5.15448
14774.7 5.15458
14779.7 5.15468
14784.7 5.15479
14789.7 5.15489
14794.7 5.15499
14799.7 5.15509
14804.7 5.15519
14809.7 5.15529
14814.7 5.15539
14819.7 5.15549
14824.6 5.15559
14829.6 5.15569
14834.6 5.15579
14839.6 5.15589
14844.6 5.15599
14849.6 5.15609
14854.6 5.15619
14859.6 5.15629
14864.6 5.15639
14869.6 5.15649
14874.6 5.15659
14879.6 5.15669
14884.6 5.15679
14889.6 5.15689
14894.6 5.15699
14899.6 5.15709
14904.6 5.15719
14909.6 5.15729
14914.6 5.15739
14919.6 5.1575
14924.6 5.15759
14929.6 5.15769
14934.6 5.15779
14939.6 5.15789
14944.6 5.15799
14949.6 5.15809
14954.6 5.15819
14959.6 5.15829
14964.6 5.15839
14969.6 5.15849
14974.6 5.15859
14979.6 5.15869
14984.6 5.15879
14989.6 5.15889
14994.6 5.15899
14999.6 5.15909
15004.6 5.15919
15009.6 5.15929
15014.6 5.15939
15019.6 5.15948
15024.6 5.15958
15029.6 5.15968
15034.6 5.15978
15039.6 5.15988
15044.6 5.15998
15049.6 5.16008
15054.6 5.16018
15059.6 5.16028
15064.6 5.16038
15069.6 5.16048
15074.6 5.16057
15079.6 5.16067
15084.6 5.16077
15089.6 5.16087
15094.6 5.16097
15099.6 5.16107
15104.6 5.16117
15109.6 5.16126
15114.6 5.16136
15119.6 5.16146
15124.6 5.16156
15129.6 5.16166
15134.6 5.16176
15139.6 5.16186
15144.6 5.16195
15149.6 5.16205
15154.6 5.16215
15159.6 5.16225
15164.6 5.16235
15169.6 5.16245
15174.6 5.16254
15179.6 5.16264
15184.6 5.16274
15189.6 5.16284
15194.6 5.16294
15199.6 5.16303
15204.6 5.16313
15209.6 5.16323
15214.6 5.16333
15219.6 5.16343
15224.6 5.16352
15229.6 5.16362
15234.6 5.16372
15239.6 5.16382
15244.6 5.16391
15249.6 5.16401
15254.6 5.16411
15259.6 5.16421
15264.6 5.16431
15269.6 5.1644
15274.7 5.1645
15279.7 5.1646
15284.7 5.1647
15289.7 5.16479
15294.7 5.16489
15299.7 5.16499
15304.7 5.16508
15309.7 5.16518
15314.7 5.16528
15319.7 5.16538
15324.7 5.16547
15329.7 5.16557
15334.7 5.16567
15339.7 5.16577
15344.7 5.16586
15349.7 5.16596
15354.7 5.16606
15359.7 5.16615
15364.7 5.16625
15369.8 5.16635
15374.8 5.16644
15379.8 5.16654
15384.8 5.16664
15389.8 5.16673
15394.8 5.16683
15399.8 5.16693
15404.8 5.16702
15409.8 5.16712
15414.8 5.16722
15419.8 5.16731
15424.8 5.16741
15429.8 5.16751
15434.8 5.1676
15439.9 5.1677
15444.9 5.1678
15449.9 5.16789
15454.9 5.16799
15459.9 5.16809
15464.9 5.16818
15469.9 5.16828
15474.9 5.16837
15479.9 5.16847
15484.9 5.16857
15489.9 5.16866
15494.9 5.16876
15500 5.16885
15505 5.16895
15510 5.16905
15515 5.16914
15520 5.16924
15525 5.16933
15530 5.16943
15535 5.16953
15540 5.16962
15545 5.16972
15550 5.16981
15555.1 5.16991
15560.1 5.17
15565.1 5.1701
15570.1 5.1702
15575.1 5.17029
15580.1 5.17039
15585.1 5.17048
15590.1 5.17058
15595.1 5.17067
15600.1 5.17077
15605.2 5.17086
15610.2 5.17096
15615.2 5.17105
15620.2 5.17115
15625.2 5.17125
15630.2 5.17134
15635.2 5.17144
15640.2 5.17153
15645.2 5.17163
15650.3 5.17172
15655.3 5.17182
15660.3 5.17191
15665.3 5.17201
15670.3 5.1721
15675.3 5.1722
15680.3 5.17229
15685.3 5.17239
15690.4 5.17248
15695.4 5.17257
15700.4 5.17267
15705.4 5.17276
15710.4 5.17286
15715.4 5.17295
15720.4 5.17305
15725.4 5.17314
15730.5 5.17324
15735.5 5.17333
15740.5 5.17343
15745.5 5.17352
15750.5 5.17362
15755.5 5.17371
15760.5 5.1738
15765.6 5.1739
15770.6 5.17399
15775.6 5.17409
15780.6 5.17418
15785.6 5.17428
15790.6 5.17437
15795.6 5.17447
15800.7 5.17456
15805.7 5.17465
15810.7 5.17475
15815.7 5.17484
15820.7 5.17494
15825.7 5.17503
15830.7 5.17512
15835.8 5.17522
15840.8 5.17531
15845.8 5.17541
15850.8 5.1755
15855.8 5.17559
15860.8 5.17569
15865.8 5.17578
15870.9 5.17587
15875.9 5.17597
15880.9 5.17606
15885.9 5.17616
15890.9 5.17625
15895.9 5.17634
15901 5.17644
15906 5.17653
15911 5.17662
15916 5.17672
15921 5.17681
15926 5.1769
15931.1 5.177
15936.1 5.17709
15941.1 5.17718
15946.1 5.17728
15951.1 5.17737
15956.1 5.17746
15961.2 5.17756
15966.2 5.17765
15971.2 5.17774
15976.2 5.17784
15981.2 5.17793
15986.3 5.17802
15991.3 5.17811
15996.3 5.17821
16001.3 5.1783
16006.3 5.17839
16011.3 5.17849
16016.4 5.17858
16021.4 5.17867
16026.4 5.17877
16031.4 5.17886
16036.4 5.17895
16041.5 5.17904
16046.5 5.17914
16051.5 5.17923
16056.5 5.17932
16061.5 5.17941
16066.6 5.17951
16071.6 5.1796
16076.6 5.17969
16081.6 5.17978
16086.6 5.17988
16091.6 5.17997
16096.7 5.18006
16101.7 5.18015
16106.7 5.18025
16111.7 5.18034
16116.8 5.18043
16121.8 5.18052
16126.8 5.18061
16131.8 5.18071
16136.8 5.1808
16141.9 5.18089
16146.9 5.18098
16151.9 5.18107
16156.9 5.18117
16161.9 5.18126
16167 5.18135
16172 5.18144
16177 5.18153
16182 5.18163
16187 5.18172
16192.1 5.18181
16197.1 5.1819
16202.1 5.18199
16207.1 5.18209
16212.2 5.18218
16217.2 5.18227
16222.2 5.18236
16227.2 5.18245
16232.2 5.18254
16237.3 5.18263
16242.3 5.18273
16247.3 5.18282
16252.3 5.18291
16257.4 5.183
16262.4 5.18309
16267.4 5.18318
16272.4 5.18328
16277.5 5.18337
16282.5 5.18346
16287.5 5.18355
16292.5 5.18364
16297.5 5.18373
16302.6 5.18382
16307.6 5.18391
16312.6 5.184
16317.6 5.1841
16322.7 5.18419
16327.7 5.18428
16332.7 5.18437
16337.7 5.18446
16342.8 5.18455
16347.8 5.18464
16352.8 5.18473
16357.8 5.18482
16362.9 5.18492
16367.9 5.18501
16372.9 5.1851
16377.9 5.18519
16383 5.18528
16388 5.18537
16393 5.18546
16398 5.18555
16403.1 5.18564
16408.1 5.18573
16413.1 5.18582
16418.1 5.18591
16423.2 5.186
16428.2 5.18609
16433.2 5.18618
16438.2 5.18627
16443.3 5.18636
16448.3 5.18645
16453.3 5.18654
16458.3 5.18664
16463.4 5.18673
16468.4 5.18682
16473.4 5.18691
16478.5 5.187
16483.5 5.18709
16488.5 5.18718
16493.5 5.18727
16498.6 5.18736
16503.6 5.18745
16508.6 5.18754
16513.6 5.18763
16518.7 5.18772
16523.7 5.18781
16528.7 5.1879
16533.8 5.18799
16538.8 5.18808
16543.8 5.18817
16548.8 5.18826
16553.9 5.18834
16558.9 5.18843
16563.9 5.18852
16569 5.18861
16574 5.1887
16579 5.18879
16584 5.18888
16589.1 5.18897
16594.1 5.18906
16599.1 5.18915
16604.2 5.18924
16609.2 5.18933
16614.2 5.18942
16619.2 5.18951
16624.3 5.1896
16629.3 5.18969
16634.3 5.18978
16639.4 5.18987
16644.4 5.18996
16649.4 5.19004
16654.4 5.19013
16659.5 5.19022
16664.5 5.19031
16669.5 5.1904
16674.6 5.19049
16679.6 5.19058
16684.6 5.19067
16689.7 5.19076
16694.7 5.19085
16699.7 5.19094
16704.8 5.19103
16709.8 5.19111
16714.8 5.1912
16719.9 5.19129
16724.9 5.19138
16729.9 5.19147
16734.9 5.19156
16740 5.19165
16745 5.19173
16750 5.19182
16755.1 5.19191
16760.1 5.192
16765.1 5.19209
16770.2 5.19218
16775.2 5.19227
16780.2 5.19236
16785.3 5.19244
16790.3 5.19253
16795.3 5.19262
16800.4 5.19271
16805.4 5.1928
16810.4 5.19289
16815.5 5.19297
16820.5 5.19306
16825.5 5.19315
16830.6 5.19324
16835.6 5.19333
16840.6 5.19341
16845.7 5.1935
16850.7 5.19359
16855.7 5.19368
16860.8 5.19377
16865.8 5.19386
16870.8 5.19394
16875.9 5.19403
16880.9 5.19412
16885.9 5.19421
16891 5.1943
16896 5.19438
16901 5.19447
16906.1 5.19456
16911.1 5.19465
16916.1 5.19473
16921.2 5.19482
16926.2 5.19491
16931.2 5.195
16936.3 5.19509
16941.3 5.19517
16946.3 5.19526
16951.4 5.19535
16956.4 5.19544
16961.5 5.19552
16966.5 5.19561
16971.5 5.1957
16976.6 5.19579
16981.6 5.19587
16986.6 5.19596
16991.7 5.19605
16996.7 5.19613
17001.7 5.19622
17006.8 5.19631
17011.8 5.1964
17016.8 5.19648
17021.9 5.19657
17026.9 5.19666
17032 5.19675
17037 5.19683
17042 5.19692
17047.1 5.19701
17052.1 5.19709
17057.1 5.19718
17062.2 5.19727
17067.2 5.19735
17072.3 5.19744
17077.3 5.19753
17082.3 5.19762
17087.4 5.1977
17092.4 5.19779
17097.4 5.19788
17102.5 5.19796
17107.5 5.19805
17112.6 5.19814
17117.6 5.19822
17122.6 5.19831
17127.7 5.1984
17132.7 5.19848
17137.7 5.19857
17142.8 5.19866
17147.8 5.19874
17152.9 5.19883
17157.9 5.19892
17162.9 5.199
17168 5.19909
17173 5.19917
17178.1 5.19926
17183.1 5.19935
17188.1 5.19943
17193.2 5.19952
17198.2 5.19961
17203.3 5.19969
17208.3 5.19978
17213.3 5.19986
17218.4 5.19995
17223.4 5.20004
17228.5 5.20012
17233.5 5.20021
17238.5 5.2003
17243.6 5.20038
17248.6 5.20047
17253.7 5.20055
17258.7 5.20064
17263.7 5.20073
17268.8 5.20081
17273.8 5.2009
17278.9 5.20098
17283.9 5.20107
17288.9 5.20115
17294 5.20124
17299 5.20133
17304.1 5.20141
17309.1 5.2015
17314.1 5.20158
17319.2 5.20167
17324.2 5.20176
17329.3 5.20184
17334.3 5.20193
17339.4 5.20201
17344.4 5.2021
17349.4 5.20218
17354.5 5.20227
17359.5 5.20235
17364.6 5.20244
17369.6 5.20252
17374.7 5.20261
17379.7 5.20269
17384.7 5.20278
17389.8 5.20287
17394.8 5.20295
17399.9 5.20304
17404.9 5.20312
17410 5.20321
17415 5.20329
17420 5.20338
17425.1 5.20346
17430.1 5.20355
17435.2 5.20363
17440.2 5.20372
17445.3 5.2038
17450.3 5.20389
17455.3 5.20397
17460.4 5.20406
17465.4 5.20414
17470.5 5.20423
17475.5 5.20431
17480.6 5.2044
17485.6 5.20448
17490.7 5.20457
17495.7 5.20465
17500.7 5.20474
17505.8 5.20482
17510.8 5.20491
17515.9 5.20499
17520.9 5.20508
17526 5.20516
17531 5.20524
17536.1 5.20533
17541.1 5.20541
17546.2 5.2055
17551.2 5.20558
17556.2 5.20567
17561.3 5.20575
17566.3 5.20584
17571.4 5.20592
17576.4 5.206
17581.5 5.20609
17586.5 5.20617
17591.6 5.20626
17596.6 5.20634
17601.7 5.20643
17606.7 5.20651
17611.8 5.20659
17616.8 5.20668
17621.8 5.20676
17626.9 5.20685
17631.9 5.20693
17637 5.20702
17642 5.2071
17647.1 5.20718
17652.1 5.20727
17657.2 5.20735
17662.2 5.20743
17667.3 5.20752
17672.3 5.2076
17677.4 5.20769
17682.4 5.20777
17687.5 5.20785
17692.5 5.20794
17697.6 5.20802
17702.6 5.20811
17707.6 5.20819
17712.7 5.20827
17717.7 5.20836
17722.8 5.20844
17727.8 5.20852
17732.9 5.20861
17737.9 5.20869
17743 5.20877
17748 5.20886
17753.1 5.20894
17758.1 5.20902
17763.2 5.20911
17768.2 5.20919
17773.3 5.20928
17778.3 5.20936
17783.4 5.20944
17788.4 5.20953
17793.5 5.20961
17798.5 5.20969
17803.6 5.20978
17808.6 5.20986
17813.7 5.20994
17818.7 5.21003
17823.8 5.21011
17828.8 5.21019
17833.9 5.21027
17838.9 5.21036
17844 5.21044
17849 5.21052
17854.1 5.21061
17859.1 5.21069
17864.2 5.21077
17869.2 5.21086
17874.3 5.21094
17879.3 5.21102
17884.4 5.2111
17889.4 5.21119
17894.5 5.21127
17899.5 5.21135
17904.6 5.21144
17909.6 5.21152
17914.7 5.2116
17919.7 5.21168
17924.8 5.21177
17929.8 5.21185
17934.9 5.21193
17940 5.21201
17945 5.2121
17950.1 5.21218
17955.1 5.21226
17960.2 5.21234
17965.2 5.21243
17970.3 5.21251
17975.3 5.21259
17980.4 5.21267
17985.4 5.21276
17990.5 5.21284
17995.5 5.21292
18000.6 5.213
18005.6 5.21309
18010.7 5.21317
18015.7 5.21325
18020.8 5.21333
18025.8 5.21341
18030.9 5.2135
18036 5.21358
18041 5.21366
18046.1 5.21374
18051.1 5.21382
18056.2 5.21391
18061.2 5.21399
18066.3 5.21407
18071.3 5.21415
18076.4 5.21423
18081.4 5.21432
18086.5 5.2144
18091.6 5.21448
18096.6 5.21456
18101.7 5.21464
18106.7 5.21473
18111.8 5.21481
18116.8 5.21489
18121.9 5.21497
18126.9 5.21505
18132 5.21514
18137 5.21522
18142.1 5.2153
18147.2 5.21538
18152.2 5.21546
18157.3 5.21554
18162.3 5.21562
18167.4 5.21571
18172.4 5.21579
18177.5 5.21587
18182.5 5.21595
18187.6 5.21603
18192.7 5.21611
18197.7 5.2162
18202.8 5.21628
18207.8 5.21636
18212.9 5.21644
18217.9 5.21652
18223 5.2166
18228.1 5.21668
18233.1 5.21676
18238.2 5.21685
18243.2 5.21693
18248.3 5.21701
18253.3 5.21709
18258.4 5.21717
18263.4 5.21725
18268.5 5.21733
18273.6 5.21741
18278.6 5.21749
18283.7 5.21758
18288.7 5.21766
18293.8 5.21774
18298.8 5.21782
18303.9 5.2179
18309 5.21798
18314 5.21806
18319.1 5.21814
18324.1 5.21822
18329.2 5.2183
18334.3 5.21838
18339.3 5.21846
18344.4 5.21855
18349.4 5.21863
18354.5 5.21871
18359.6 5.21879
18364.6 5.21887
18369.7 5.21895
18374.7 5.21903
18379.8 5.21911
18384.8 5.21919
18389.9 5.21927
18395 5.21935
18400 5.21943
18405.1 5.21951
18410.1 5.21959
18415.2 5.21967
18420.3 5.21975
18425.3 5.21983
18430.4 5.21991
18435.4 5.22
18440.5 5.22008
18445.6 5.22016
18450.6 5.22024
18455.7 5.22032
18460.7 5.2204
18465.8 5.22048
18470.9 5.22056
18475.9 5.22064
18481 5.22072
18486 5.2208
18491.1 5.22088
18496.2 5.22096
18501.2 5.22104
18506.3 5.22112
18511.3 5.2212
18516.4 5.22128
18521.5 5.22136
18526.5 5.22144
18531.6 5.22152
18536.7 5.2216
18541.7 5.22168
18546.8 5.22176
18551.8 5.22184
18556.9 5.22192
18562 5.22199
18567 5.22207
18572.1 5.22215
18577.2 5.22223
18582.2 5.22231
18587.3 5.22239
18592.3 5.22247
18597.4 5.22255
18602.5 5.22263
18607.5 5.22271
18612.6 5.22279
18617.7 5.22287
18622.7 5.22295
18627.8 5.22303
18632.8 5.22311
18637.9 5.22319
18643 5.22327
18648 5.22335
18653.1 5.22343
18658.2 5.22351
18663.2 5.22359
18668.3 5.22366
18673.3 5.22374
18678.4 5.22382
18683.5 5.2239
18688.5 5.22398
18693.6 5.22406
18698.7 5.22414
18703.7 5.22422
18708.8 5.2243
18713.9 5.22438
18718.9 5.22446
18724 5.22453
18729.1 5.22461
18734.1 5.22469
18739.2 5.22477
18744.2 5.22485
18749.3 5.22493
18754.4 5.22501
18759.4 5.22509
18764.5 5.22517
18769.6 5.22525
18774.6 5.22532
18779.7 5.2254
18784.8 5.22548
18789.8 5.22556
18794.9 5.22564
18800 5.22572
18805 5.2258
18810.1 5.22587
18815.2 5.22595
18820.2 5.22603
18825.3 5.22611
18830.4 5.22619
18835.4 5.22627
18840.5 5.22635
18845.6 5.22643
18850.6 5.2265
18855.7 5.22658
18860.8 5.22666
18865.8 5.22674
18870.9 5.22682
18876 5.2269
18881 5.22697
18886.1 5.22705
18891.2 5.22713
18896.2 5.22721
18901.3 5.22729
18906.4 5.22737
18911.4 5.22744
18916.5 5.22752
18921.6 5.2276
18926.6 5.22768
18931.7 5.22776
18936.8 5.22783
18941.8 5.22791
18946.9 5.22799
18952 5.22807
18957 5.22815
18962.1 5.22823
18967.2 5.2283
18972.2 5.22838
18977.3 5.22846
18982.4 5.22854
18987.4 5.22862
18992.5 5.22869
18997.6 5.22877
19002.7 5.22885
19007.7 5.22893
19012.8 5.229
19017.9 5.22908
19022.9 5.22916
19028 5.22924
19033.1 5.22931
19038.1 5.22939
19043.2 5.22947
19048.3 5.22955
19053.3 5.22963
19058.4 5.2297
19063.5 5.22978
19068.6 5.22986
19073.6 5.22994
19078.7 5.23001
19083.8 5.23009
19088.8 5.23017
19093.9 5.23025
19099 5.23032
19104 5.2304
19109.1 5.23048
19114.2 5.23056
19119.3 5.23063
19124.3 5.23071
19129.4 5.23079
19134.5 5.23086
19139.5 5.23094
19144.6 5.23102
19149.7 5.2311
19154.7 5.23117
19159.8 5.23125
19164.9 5.23133
19170 5.23141
19175 5.23148
19180.1 5.23156
19185.2 5.23164
19190.3 5.23171
19195.3 5.23179
19200.4 5.23187
19205.5 5.23195
19210.5 5.23202
19215.6 5.2321
19220.7 5.23218
19225.8 5.23225
19230.8 5.23233
19235.9 5.23241
19241 5.23248
19246 5.23256
19251.1 5.23264
19256.2 5.23271
19261.3 5.23279
19266.3 5.23287
19271.4 5.23294
19276.5 5.23302
19281.6 5.2331
19286.6 5.23317
19291.7 5.23325
19296.8 5.23333
19301.8 5.2334
19306.9 5.23348
19312 5.23356
19317.1 5.23363
19322.1 5.23371
19327.2 5.23379
19332.3 5.23386
19337.4 5.23394
19342.4 5.23402
19347.5 5.23409
19352.6 5.23417
19357.7 5.23424
19362.7 5.23432
19367.8 5.2344
19372.9 5.23447
19378 5.23455
19383 5.23463
19388.1 5.2347
19393.2 5.23478
19398.3 5.23486
19403.3 5.23493
19408.4 5.23501
19413.5 5.23508
19418.6 5.23516
19423.6 5.23524
19428.7 5.23531
19433.8 5.23539
19438.9 5.23547
19443.9 5.23554
19449 5.23562
19454.1 5.23569
19459.2 5.23577
19464.2 5.23584
19469.3 5.23592
19474.4 5.236
19479.5 5.23607
19484.5 5.23615
19489.6 5.23622
19494.7 5.2363
19499.8 5.23637
19504.8 5.23645
19509.9 5.23653
19515 5.2366
19520.1 5.23668
19525.1 5.23675
19530.2 5.23683
19535.3 5.23691
19540.4 5.23698
19545.5 5.23706
19550.5 5.23713
19555.6 5.23721
19560.7 5.23728
19565.8 5.23736
19570.8 5.23743
19575.9 5.23751
19581 5.23759
19586.1 5.23766
19591.2 5.23774
19596.2 5.23781
19601.3 5.23789
19606.4 5.23796
19611.5 5.23804
19616.5 5.23811
19621.6 5.23819
19626.7 5.23826
19631.8 5.23834
19636.9 5.23841
19641.9 5.23849
19647 5.23856
19652.1 5.23864
19657.2 5.23872
19662.2 5.23879
19667.3 5.23887
19672.4 5.23894
19677.5 5.23902
19682.6 5.23909
19687.6 5.23917
19692.7 5.23924
19697.8 5.23932
19702.9 5.23939
19708 5.23947
19713 5.23954
19718.1 5.23961
19723.2 5.23969
19728.3 5.23976
19733.4 5.23984
19738.4 5.23991
19743.5 5.23999
19748.6 5.24006
19753.7 5.24014
19758.8 5.24021
19763.8 5.24029
19768.9 5.24036
19774 5.24044
19779.1 5.24051
19784.2 5.24059
19789.2 5.24066
19794.3 5.24074
19799.4 5.24081
19804.5 5.24089
19809.6 5.24096
19814.6 5.24104
19819.7 5.24111
19824.8 5.24118
19829.9 5.24126
19835 5.24133
19840 5.24141
19845.1 5.24148
19850.2 5.24156
19855.3 5.24163
19860.4 5.2417
19865.5 5.24178
19870.5 5.24185
19875.6 5.24193
19880.7 5.242
19885.8 5.24208
19890.9 5.24215
19895.9 5.24223
19901 5.2423
19906.1 5.24237
19911.2 5.24245
19916.3 5.24252
19921.4 5.2426
19926.4 5.24267
19931.5 5.24274
19936.6 5.24282
19941.7 5.24289
19946.8 5.24297
19951.9 5.24304
19956.9 5.24311
19962 5.24319
19967.1 5.24326
19972.2 5.24334
19977.3 5.24341
19982.4 5.24348
19987.4 5.24356
19992.5 5.24363
19997.6 5.24371
20002.7 5.24378
20007.8 5.24385
20012.9 5.24393
20017.9 5.244
20023 5.24408
20028.1 5.24415
20033.2 5.24422
20038.3 5.2443
20043.4 5.24437
20048.4 5.24444
20053.5 5.24452
20058.6 5.24459
20063.7 5.24466
20068.8 5.24474
20073.9 5.24481
20079 5.24488
20084 5.24496
20089.1 5.24503
20094.2 5.24511
20099.3 5.24518
20104.4 5.24525
20109.5 5.24533
20114.5 5.2454
20119.6 5.24547
20124.7 5.24555
20129.8 5.24562
20134.9 5.24569
20140 5.24577
20145.1 5.24584
20150.2 5.24591
20155.2 5.24599
20160.3 5.24606
20165.4 5.24613
20170.5 5.24621
20175.6 5.24628
20180.7 5.24635
20185.8 5.24643
20190.8 5.2465
20195.9 5.24657
20201 5.24664
20206.1 5.24672
20211.2 5.24679
20216.3 5.24686
20221.4 5.24694
20226.4 5.24701
20231.5 5.24708
20236.6 5.24716
20241.7 5.24723
20246.8 5.2473
20251.9 5.24737
20257 5.24745
20262.1 5.24752
20267.1 5.24759
20272.2 5.24767
20277.3 5.24774
20282.4 5.24781
20287.5 5.24788
20292.6 5.24796
20297.7 5.24803
20302.8 5.2481
20307.8 5.24818
20312.9 5.24825
20318 5.24832
20323.1 5.24839
20328.2 5.24847
20333.3 5.24854
20338.4 5.24861
20343.5 5.24868
20348.6 5.24876
20353.6 5.24883
20358.7 5.2489
20363.8 5.24897
20368.9 5.24905
20374 5.24912
20379.1 5.24919
20384.2 5.24926
20389.3 5.24934
20394.4 5.24941
20399.4 5.24948
20404.5 5.24955
20409.6 5.24963
20414.7 5.2497
20419.8 5.24977
20424.9 5.24984
20430 5.24992
20435.1 5.24999
20440.2 5.25006
20445.3 5.25013
20450.3 5.2502
20455.4 5.25028
20460.5 5.25035
20465.6 5.25042
20470.7 5.25049
20475.8 5.25056
20480.9 5.25064
20486 5.25071
20491.1 5.25078
20496.2 5.25085
20501.2 5.25092
20506.3 5.251
20511.4 5.25107
20516.5 5.25114
20521.6 5.25121
20526.7 5.25128
20531.8 5.25136
20536.9 5.25143
20542 5.2515
20547.1 5.25157
20552.2 5.25164
20557.3 5.25172
20562.3 5.25179
20567.4 5.25186
20572.5 5.25193
20577.6 5.252
20582.7 5.25207
20587.8 5.25214
20592.9 5.25222
20598 5.25229
20603.1 5.25236
20608.2 5.25243
20613.3 5.2525
20618.4 5.25257
20623.4 5.25265
20628.5 5.25272
20633.6 5.25279
20638.7 5.25286
20643.8 5.25293
20648.9 5.253
20654 5.25307
20659.1 5.25315
20664.2 5.25322
20669.3 5.25329
20674.4 5.25336
20679.5 5.25343
20684.6 5.2535
20689.7 5.25357
20694.8 5.25365
20699.8 5.25372
20704.9 5.25379
20710 5.25386
20715.1 5.25393
20720.2 5.254
20725.3 5.25407
20730.4 5.25414
20735.5 5.25421
20740.6 5.25429
20745.7 5.25436
20750.8 5.25443
20755.9 5.2545
20761 5.25457
20766.1 5.25464
20771.2 5.25471
20776.3 5.25478
20781.4 5.25485
20786.4 5.25493
20791.5 5.255
20796.6 5.25507
20801.7 5.25514
20806.8 5.25521
20811.9 5.25528
20817 5.25535
20822.1 5.25542
20827.2 5.25549
20832.3 5.25556
20837.4 5.25563
20842.5 5.25571
20847.6 5.25578
20852.7 5.25585
20857.8 5.25592
20862.9 5.25599
20868 5.25606
20873.1 5.25613
20878.2 5.2562
20883.3 5.25627
20888.4 5.25634
20893.5 5.25641
20898.6 5.25648
20903.6 5.25655
20908.7 5.25662
20913.8 5.25669
20918.9 5.25676
20924 5.25683
20929.1 5.25691
20934.2 5.25698
20939.3 5.25705
20944.4 5.25712
20949.5 5.25719
20954.6 5.25726
20959.7 5.25733
20964.8 5.2574
20969.9 5.25747
20975 5.25754
20980.1 5.25761
20985.2 5.25768
20990.3 5.25775
20995.4 5.25782
21000.5 5.25789
21005.6 5.25796
21010.7 5.25803
21015.8 5.2581
21020.9 5.25817
21026 5.25824
21031.1 5.25831
21036.2 5.25838
21041.3 5.25845
21046.4 5.25852
21051.5 5.25859
21056.6 5.25866
21061.7 5.25873
21066.8 5.2588
21071.9 5.25887
21077 5.25894
21082.1 5.25901
21087.2 5.25908
21092.3 5.25915
21097.4 5.25922
21102.5 5.25929
21107.6 5.25936
21112.7 5.25943
21117.8 5.2595
21122.9 5.25957
21128 5.25964
21133.1 5.25971
21138.2 5.25978
21143.3 5.25985
21148.4 5.25992
21153.5 5.25999
21158.6 5.26006
21163.7 5.26013
21168.8 5.2602
21173.9 5.26027
21179 5.26034
21184.1 5.26041
21189.2 5.26048
21194.3 5.26054
21199.4 5.26061
21204.5 5.26068
21209.6 5.26075
21214.7 5.26082
21219.8 5.26089
21224.9 5.26096
21230 5.26103
21235.1 5.2611
21240.2 5.26117
21245.3 5.26124
21250.4 5.26131
21255.5 5.26138
21260.6 5.26145
21265.7 5.26152
21270.8 5.26159
21275.9 5.26166
21281 5.26172
21286.1 5.26179
21291.2 5.26186
21296.3 5.26193
21301.4 5.262
21306.5 5.26207
21311.6 5.26214
21316.7 5.26221
21321.8 5.26228
21326.9 5.26235
21332 5.26242
21337.1 5.26249
21342.2 5.26255
21347.3 5.26262
21352.4 5.26269
21357.5 5.26276
21362.6 5.26283
21367.7 5.2629
21372.8 5.26297
21377.9 5.26304
21383 5.26311
21388.1 5.26318
21393.2 5.26325
21398.3 5.26331
21403.4 5.26338
21408.6 5.26345
21413.7 5.26352
21418.8 5.26359
21423.9 5.26366
21429 5.26373
21434.1 5.26379
21439.2 5.26386
21444.3 5.26393
21449.4 5.264
21454.5 5.26407
21459.6 5.26414
21464.7 5.26421
21469.8 5.26428
21474.9 5.26434
21480 5.26441
21485.1 5.26448
21490.2 5.26455
21495.3 5.26462
21500.4 5.26469
21505.5 5.26476
21510.6 5.26482
21515.7 5.26489
21520.8 5.26496
21525.9 5.26503
21531.1 5.2651
21536.2 5.26517
21541.3 5.26524
21546.4 5.2653
21551.5 5.26537
21556.6 5.26544
21561.7 5.26551
21566.8 5.26558
21571.9 5.26565
21577 5.26571
21582.1 5.26578
21587.2 5.26585
21592.3 5.26592
21597.4 5.26599
21602.5 5.26605
21607.6 5.26612
21612.7 5.26619
21617.8 5.26626
21623 5.26633
21628.1 5.2664
21633.2 5.26646
21638.3 5.26653
21643.4 5.2666
21648.5 5.26667
21653.6 5.26674
21658.7 5.2668
21663.8 5.26687
21668.9 5.26694
21674 5.26701
21679.1 5.26708
21684.2 5.26714
21689.3 5.26721
21694.5 5.26728
21699.6 5.26735
21704.7 5.26742
21709.8 5.26748
21714.9 5.26755
21720 5.26762
21725.1 5.26769
21730.2 5.26775
21735.3 5.26782
21740.4 5.26789
21745.5 5.26796
21750.6 5.26802
21755.7 5.26809
21760.8 5.26816
21766 5.26823
21771.1 5.2683
21776.2 5.26836
21781.3 5.26843
21786.4 5.2685
21791.5 5.26857
21796.6 5.26863
21801.7 5.2687
21806.8 5.26877
21811.9 5.26884
21817 5.26891
21822.2 5.26897
21827.3 5.26904
21832.4 5.26911
21837.5 5.26918
21842.6 5.26924
21847.7 5.26931
21852.8 5.26938
21857.9 5.26944
21863 5.26951
21868.1 5.26958
21873.2 5.26965
21878.4 5.26971
21883.5 5.26978
21888.6 5.26985
21893.7 5.26991
21898.8 5.26998
21903.9 5.27005
21909 5.27012
21914.1 5.27018
21919.2 5.27025
21924.3 5.27032
21929.4 5.27039
21934.6 5.27045
21939.7 5.27052
21944.8 5.27059
21949.9 5.27065
21955 5.27072
21960.1 5.27079
21965.2 5.27086
21970.3 5.27092
21975.5 5.27099
21980.6 5.27106
21985.7 5.27112
21990.8 5.27119
21995.9 5.27126
22001 5.27132
22006.1 5.27139
22011.2 5.27146
22016.3 5.27152
22021.5 5.27159
22026.6 5.27166
22031.7 5.27172
22036.8 5.27179
22041.9 5.27186
22047 5.27192
22052.1 5.27199
22057.2 5.27206
22062.3 5.27213
22067.5 5.27219
22072.6 5.27226
22077.7 5.27233
22082.8 5.27239
22087.9 5.27246
22093 5.27253
22098.1 5.27259
22103.2 5.27266
22108.4 5.27273
22113.5 5.27279
22118.6 5.27286
22123.7 5.27293
22128.8 5.27299
22133.9 5.27306
22139 5.27313
22144.2 5.27319
22149.3 5.27326
22154.4 5.27332
22159.5 5.27339
22164.6 5.27346
22169.7 5.27352
22174.8 5.27359
22179.9 5.27366
22185.1 5.27372
22190.2 5.27379
22195.3 5.27385
22200.4 5.27392
22205.5 5.27399
22210.6 5.27405
22215.7 5.27412
22220.8 5.27419
22226 5.27425
22231.1 5.27432
22236.2 5.27438
22241.3 5.27445
22246.4 5.27452
22251.5 5.27458
22256.7 5.27465
22261.8 5.27472
22266.9 5.27478
22272 5.27485
22277.1 5.27492
22282.2 5.27498
22287.3 5.27505
22292.5 5.27511
22297.6 5.27518
22302.7 5.27525
22307.8 5.27531
22312.9 5.27538
22318 5.27544
22323.2 5.27551
22328.3 5.27557
22333.4 5.27564
22338.5 5.27571
22343.6 5.27577
22348.7 5.27584
22353.8 5.2759
22359 5.27597
22364.1 5.27603
22369.2 5.2761
22374.3 5.27617
22379.4 5.27623
22384.5 5.2763
22389.7 5.27636
22394.8 5.27643
22399.9 5.2765
22405 5.27656
22410.1 5.27663
22415.2 5.27669
22420.4 5.27676
22425.5 5.27682
22430.6 5.27689
22435.7 5.27696
22440.8 5.27702
22445.9 5.27709
22451.1 5.27715
22456.2 5.27722
22461.3 5.27728
22466.4 5.27735
22471.5 5.27741
22476.6 5.27748
22481.8 5.27754
22486.9 5.27761
22492 5.27768
22497.1 5.27774
22502.2 5.27781
22507.3 5.27787
22512.5 5.27794
22517.6 5.278
22522.7 5.27807
22527.8 5.27813
22532.9 5.2782
22538.1 5.27826
22543.2 5.27833
22548.3 5.27839
22553.4 5.27846
22558.5 5.27852
22563.6 5.27859
22568.8 5.27866
22573.9 5.27872
22579 5.27879
22584.1 5.27885
22589.2 5.27892
22594.4 5.27898
22599.5 5.27905
22604.6 5.27911
22609.7 5.27918
22614.8 5.27924
22620 5.27931
22625.1 5.27937
22630.2 5.27944
22635.3 5.2795
22640.4 5.27957
22645.6 5.27963
22650.7 5.2797
22655.8 5.27976
22660.9 5.27983
22666 5.27989
22671.2 5.27995
22676.3 5.28002
22681.4 5.28008
22686.5 5.28015
22691.6 5.28021
22696.8 5.28028
22701.9 5.28034
22707 5.28041
22712.1 5.28047
22717.2 5.28054
22722.4 5.2806
22727.5 5.28067
22732.6 5.28073
22737.7 5.2808
22742.8 5.28086
22748 5.28093
22753.1 5.28099
22758.2 5.28106
22763.3 5.28112
22768.4 5.28119
22773.6 5.28125
22778.7 5.28132
22783.8 5.28138
22788.9 5.28144
22794.1 5.28151
22799.2 5.28157
22804.3 5.28164
22809.4 5.2817
22814.5 5.28177
22819.7 5.28183
22824.8 5.28189
22829.9 5.28196
22835 5.28202
22840.1 5.28209
22845.3 5.28215
22850.4 5.28222
22855.5 5.28228
22860.6 5.28235
22865.8 5.28241
22870.9 5.28247
22876 5.28254
22881.1 5.2826
22886.2 5.28267
22891.4 5.28273
22896.5 5.2828
22901.6 5.28286
22906.7 5.28292
22911.9 5.28299
22917 5.28305
22922.1 5.28312
22927.2 5.28318
22932.4 5.28325
22937.5 5.28331
22942.6 5.28337
22947.7 5.28344
22952.8 5.2835
22958 5.28357
22963.1 5.28363
22968.2 5.28369
22973.3 5.28376
22978.5 5.28382
22983.6 5.28389
22988.7 5.28395
22993.8 5.28401
22999 5.28408
23004.1 5.28414
23009.2 5.2842
23014.3 5.28427
23019.5 5.28433
23024.6 5.2844
23029.7 5.28446
23034.8 5.28452
23040 5.28459
23045.1 5.28465
23050.2 5.28472
23055.3 5.28478
23060.5 5.28484
23065.6 5.28491
23070.7 5.28497
23075.8 5.28504
23081 5.2851
23086.1 5.28516
23091.2 5.28523
23096.3 5.28529
23101.5 5.28535
23106.6 5.28542
23111.7 5.28548
23116.8 5.28554
23122 5.28561
23127.1 5.28567
23132.2 5.28573
23137.3 5.2858
23142.5 5.28586
23147.6 5.28592
23152.7 5.28599
23157.8 5.28605
23163 5.28612
23168.1 5.28618
23173.2 5.28624
23178.3 5.28631
23183.5 5.28637
23188.6 5.28643
23193.7 5.2865
23198.8 5.28656
23204 5.28662
23209.1 5.28669
23214.2 5.28675
23219.4 5.28681
23224.5 5.28688
23229.6 5.28694
23234.7 5.287
23239.9 5.28707
23245 5.28713
23250.1 5.28719
23255.2 5.28726
23260.4 5.28732
23265.5 5.28738
23270.6 5.28745
23275.8 5.28751
23280.9 5.28757
23286 5.28764
23291.1 5.2877
23296.3 5.28776
23301.4 5.28782
23306.5 5.28789
23311.6 5.28795
23316.8 5.28801
23321.9 5.28808
23327 5.28814
23332.2 5.2882
23337.3 5.28826
23342.4 5.28833
23347.5 5.28839
23352.7 5.28845
23357.8 5.28852
23362.9 5.28858
23368.1 5.28864
23373.2 5.28871
23378.3 5.28877
23383.4 5.28883
23388.6 5.28889
23393.7 5.28896
23398.8 5.28902
23404 5.28908
23409.1 5.28915
23414.2 5.28921
23419.3 5.28927
23424.5 5.28933
23429.6 5.2894
23434.7 5.28946
23439.9 5.28952
23445 5.28959
23450.1 5.28965
23455.3 5.28971
23460.4 5.28977
23465.5 5.28984
23470.6 5.2899
23475.8 5.28996
23480.9 5.29002
23486 5.29009
23491.2 5.29015
23496.3 5.29021
23501.4 5.29027
23506.6 5.29034
23511.7 5.2904
23516.8 5.29046
23521.9 5.29052
23527.1 5.29059
23532.2 5.29065
23537.3 5.29071
23542.5 5.29077
23547.6 5.29083
23552.7 5.2909
23557.9 5.29096
23563 5.29102
23568.1 5.29108
23573.3 5.29115
23578.4 5.29121
23583.5 5.29127
23588.6 5.29133
23593.8 5.2914
23598.9 5.29146
23604 5.29152
23609.2 5.29158
23614.3 5.29165
23619.4 5.29171
23624.6 5.29177
23629.7 5.29183
23634.8 5.29189
23640 5.29196
23645.1 5.29202
23650.2 5.29208
23655.4 5.29214
23660.5 5.2922
23665.6 5.29227
23670.8 5.29233
23675.9 5.29239
23681 5.29245
23686.2 5.29251
23691.3 5.29258
23696.4 5.29264
23701.6 5.2927
23706.7 5.29276
23711.8 5.29282
23716.9 5.29289
23722.1 5.29295
23727.2 5.29301
23732.3 5.29307
23737.5 5.29313
23742.6 5.2932
23747.7 5.29326
23752.9 5.29332
23758 5.29338
23763.1 5.29344
23768.3 5.29351
23773.4 5.29357
23778.5 5.29363
23783.7 5.29369
23788.8 5.29375
23793.9 5.29382
23799.1 5.29388
23804.2 5.29394
23809.3 5.294
23814.5 5.29406
23819.6 5.29412
23824.8 5.29418
23829.9 5.29425
23835 5.29431
23840.2 5.29437
23845.3 5.29443
23850.4 5.29449
23855.6 5.29455
23860.7 5.29461
23865.8 5.29468
