0 0
0.0574879 -0.0337577
0.112729 -0.0675088
0.165728 -0.101247
0.21649 -0.134964
0.265019 -0.168655
0.311322 -0.202313
0.355405 -0.235929
0.397275 -0.269498
0.436939 -0.303013
0.474404 -0.336465
0.509679 -0.369849
0.542772 -0.403157
0.573692 -0.436382
0.602449 -0.469517
0.629052 -0.502555
0.653513 -0.535489
0.67584 -0.568311
0.696047 -0.601015
0.714143 -0.633594
0.730141 -0.666041
0.744053 -0.69835
0.755892 -0.730513
0.765669 -0.762523
0.7734 -0.794375
0.779096 -0.826062
0.782772 -0.857578
0.784443 -0.888916
0.784121 -0.92007
0.781822 -0.951035
0.777561 -0.981804
0.771353 -1.01237
0.763213 -1.04274
0.753156 -1.07289
0.741199 -1.10282
0.727356 -1.13253
0.711645 -1.16202
0.694082 -1.19128
0.674682 -1.2203
0.653463 -1.24908
0.63044 -1.27762
0.605631 -1.30591
0.579052 -1.33395
0.55072 -1.36174
0.520653 -1.38928
0.488867 -1.41655
0.455379 -1.44356
0.420206 -1.47031
0.383365 -1.4968
0.344875 -1.52301
0.30475 -1.54896
0.26301 -1.57464
0.219671 -1.60004
0.17475 -1.62517
0.128264 -1.65003
0.0802308 -1.67461
0.0306668 -1.69892
-0.0204108 -1.72296
-0.0729851 -1.74671
-0.127039 -1.7702
-0.182556 -1.79341
-0.23952 -1.81634
-0.297913 -1.83901
-0.357719 -1.8614
-0.418922 -1.88351
-0.481504 -1.90536
-0.545451 -1.92694
-0.610746 -1.94826
-0.677372 -1.9693
-0.745314 -1.99008
-0.814556 -2.0106
-0.885082 -2.03086
-0.956877 -2.05086
-1.02992 -2.0706
-1.10421 -2.09009
-1.17972 -2.10933
-1.25644 -2.12832
-1.33434 -2.14706
-1.41343 -2.16555
-1.49368 -2.1838
-1.57508 -2.20182
-1.65762 -2.21959
-1.74127 -2.23713
-1.82603 -2.25444
-1.91189 -2.27152
-1.99882 -2.28837
-2.08682 -2.305
-2.17587 -2.32141
-2.26596 -2.3376
-2.35708 -2.35357
-2.4492 -2.36934
-2.54233 -2.38489
-2.63645 -2.40024
-2.73154 -2.41538
-2.82759 -2.43032
-2.9246 -2.44506
-3.02254 -2.45961
-3.12142 -2.47397
-3.2212 -2.48813
-3.32189 -2.50211
-3.42348 -2.5159
-3.52594 -2.52952
-3.62928 -2.54295
-3.73347 -2.55621
-3.83852 -2.56929
-3.9444 -2.58221
-4.05111 -2.59495
-4.15864 -2.60753
-4.26697 -2.61995
-4.3761 -2.63221
-4.48602 -2.64431
-4.59672 -2.65625
-4.70819 -2.66804
-4.82042 -2.67968
-4.9334 -2.69117
-5.04711 -2.70252
-5.16156 -2.71372
-5.27674 -2.72479
-5.39262 -2.73571
-5.50921 -2.7465
-5.6265 -2.75715
-5.74448 -2.76767
-5.86314 -2.77806
-5.98247 -2.78832
-6.10247 -2.79846
-6.22312 -2.80847
-6.34443 -2.81836
-6.46637 -2.82813
-6.58895 -2.83778
-6.71215 -2.84732
-6.83597 -2.85674
-6.96041 -2.86605
-7.08545 -2.87525
-7.21109 -2.88434
-7.33732 -2.89332
-7.46414 -2.9022
-7.59153 -2.91097
-7.71949 -2.91964
-7.84802 -2.92821
-7.97711 -2.93669
-8.10675 -2.94506
-8.23694 -2.95334
-8.36767 -2.96153
-8.49893 -2.96962
-8.63072 -2.97762
-8.76303 -2.98553
-8.89586 -2.99336
-9.0292 -3.0011
-9.16305 -3.00875
-9.29739 -3.01631
-9.43224 -3.0238
-9.56757 -3.0312
-9.70339 -3.03852
-9.83968 -3.04577
-9.97645 -3.05293
-10.1137 -3.06002
-10.2514 -3.06703
-10.3896 -3.07397
-10.5282 -3.08084
-10.6673 -3.08763
-10.8068 -3.09435
-10.9467 -3.10101
-11.0871 -3.10759
-11.2279 -3.11411
-11.3692 -3.12055
-11.5109 -3.12694
-11.653 -3.13326
-11.7955 -3.13951
-11.9384 -3.1457
-12.0817 -3.15183
-12.2255 -3.1579
-12.3696 -3.16391
-12.5141 -3.16986
-12.659 -3.17575
-12.8043 -3.18158
-12.95 -3.18736
-13.0961 -3.19308
-13.2425 -3.19875
-13.3894 -3.20436
-13.5366 -3.20991
-13.6841 -3.21542
-13.832 -3.22087
-13.9803 -3.22627
-14.1289 -3.23162
-14.2779 -3.23692
-14.4273 -3.24218
-14.5769 -3.24738
-14.727 -3.25253
-14.8773 -3.25764
-15.028 -3.2627
-15.1791 -3.26772
-15.3304 -3.27269
-15.4821 -3.27762
-15.6342 -3.2825
-15.7865 -3.28734
-15.9392 -3.29213
-16.0921 -3.29689
-16.2454 -3.3016
-16.399 -3.30627
-16.5529 -3.3109
-16.7072 -3.31549
-16.8617 -3.32004
-17.0165 -3.32455
-17.1716 -3.32902
-17.327 -3.33346
-17.4828 -3.33786
-17.6388 -3.34222
-17.795 -3.34654
-17.9516 -3.35083
-18.1085 -3.35508
-18.2656 -3.3593
-18.423 -3.36348
-18.5807 -3.36763
-18.7387 -3.37174
-18.8969 -3.37583
-19.0554 -3.37987
-19.2142 -3.38389
-19.3733 -3.38787
-19.5326 -3.39182
-19.6922 -3.39574
-19.852 -3.39963
-20.0121 -3.40349
-20.1724 -3.40732
-20.333 -3.41112
-20.4939 -3.41489
-20.655 -3.41863
-20.8163 -3.42234
-20.9779 -3.42602
-21.1397 -3.42968
-21.3018 -3.4333
-21.4641 -3.4369
-21.6267 -3.44047
-21.7895 -3.44402
-21.9525 -3.44754
-22.1158 -3.45103
-22.2792 -3.4545
-22.443 -3.45794
-22.6069 -3.46135
-22.7711 -3.46475
-22.9355 -3.46811
-23.1001 -3.47145
-23.265 -3.47477
-23.43 -3.47807
-23.5953 -3.48134
-23.7608 -3.48458
-23.9265 -3.48781
-24.0925 -3.49101
-24.2586 -3.49419
-24.425 -3.49734
-24.5915 -3.50048
-24.7583 -3.50359
-24.9253 -3.50668
-25.0925 -3.50975
-25.2598 -3.5128
-25.4274 -3.51582
-25.5952 -3.51883
-25.7632 -3.52182
-25.9314 -3.52478
-26.0998 -3.52773
-26.2684 -3.53065
-26.4371 -3.53356
-26.6061 -3.53645
-26.7753 -3.53932
-26.9446 -3.54217
-27.1141 -3.545
-27.2839 -3.54781
-27.4538 -3.5506
-27.6239 -3.55338
-27.7942 -3.55613
-27.9646 -3.55887
-28.1353 -3.5616
-28.3061 -3.5643
-28.4771 -3.56699
-28.6483 -3.56966
-28.8197 -3.57231
-28.9912 -3.57495
-29.1629 -3.57757
-29.3348 -3.58017
-29.5069 -3.58276
-29.6791 -3.58533
-29.8515 -3.58788
-30.0241 -3.59042
-30.1968 -3.59295
-30.3697 -3.59546
-30.5428 -3.59795
-30.7161 -3.60043
-30.8895 -3.60289
-31.063 -3.60534
-31.2368 -3.60777
-31.4107 -3.61019
-31.5847 -3.61259
-31.7589 -3.61498
-31.9333 -3.61736
-32.1078 -3.61972
-32.2825 -3.62207
-32.4574 -3.6244
-32.6324 -3.62673
-32.8075 -3.62903
-32.9828 -3.63133
-33.1583 -3.63361
-33.3339 -3.63587
-33.5097 -3.63813
-33.6856 -3.64037
-33.8617 -3.6426
-34.0379 -3.64481
-34.2142 -3.64702
-34.3907 -3.64921
-34.5674 -3.65139
-34.7442 -3.65355
-34.9211 -3.65571
-35.0982 -3.65785
-35.2754 -3.65998
-35.4528 -3.6621
-35.6303 -3.66421
-35.8079 -3.6663
-35.9857 -3.66839
-36.1636 -3.67046
-36.3417 -3.67252
-36.5199 -3.67457
-36.6982 -3.67661
-36.8767 -3.67864
-37.0553 -3.68066
-37.2341 -3.68266
-37.4129 -3.68466
-37.5919 -3.68665
-37.7711 -3.68862
-37.9504 -3.69059
-38.1298 -3.69254
-38.3093 -3.69448
-38.4889 -3.69642
-38.6687 -3.69834
-38.8487 -3.70026
-39.0287 -3.70216
-39.2089 -3.70405
-39.3892 -3.70594
-39.5696 -3.70781
-39.7501 -3.70968
-39.9308 -3.71153
-40.1116 -3.71338
-40.2925 -3.71522
-40.4736 -3.71705
-40.6547 -3.71886
-40.836 -3.72067
-41.0174 -3.72247
-41.1989 -3.72427
-41.3806 -3.72605
-41.5623 -3.72782
-41.7442 -3.72959
-41.9262 -3.73134
-42.1083 -3.73309
-42.2905 -3.73483
-42.4729 -3.73656
-42.6553 -3.73828
-42.8379 -3.74
-43.0206 -3.7417
-43.2034 -3.7434
-43.3863 -3.74509
-43.5694 -3.74677
-43.7525 -3.74845
-43.9357 -3.75011
-44.1191 -3.75177
-44.3026 -3.75342
-44.4862 -3.75506
-44.6698 -3.7567
-44.8536 -3.75832
-45.0376 -3.75994
-45.2216 -3.76155
-45.4057 -3.76316
-45.5899 -3.76476
-45.7743 -3.76635
-45.9587 -3.76793
-46.1433 -3.7695
-46.3279 -3.77107
-46.5127 -3.77263
-46.6975 -3.77418
-46.8825 -3.77573
-47.0676 -3.77727
-47.2527 -3.7788
-47.438 -3.78033
-47.6234 -3.78185
-47.8088 -3.78336
-47.9944 -3.78486
-48.1801 -3.78636
-48.3659 -3.78786
-48.5517 -3.78934
-48.7377 -3.79082
-48.9238 -3.79229
-49.1099 -3.79376
-49.2962 -3.79522
-49.4826 -3.79667
-49.669 -3.79812
-49.8556 -3.79956
-50.0422 -3.80099
-50.229 -3.80242
-50.4158 -3.80384
-50.6028 -3.80526
-50.7898 -3.80667
-50.9769 -3.80807
-51.1642 -3.80947
-51.3515 -3.81087
-51.5389 -3.81225
-51.7264 -3.81363
-51.914 -3.81501
-52.1016 -3.81638
-52.2894 -3.81774
-52.4773 -3.8191
-52.6652 -3.82045
-52.8533 -3.8218
-53.0414 -3.82314
-53.2296 -3.82447
-53.4179 -3.8258
-53.6063 -3.82713
-53.7948 -3.82844
-53.9834 -3.82976
-54.1721 -3.83107
-54.3608 -3.83237
-54.5497 -3.83367
-54.7386 -3.83496
-54.9276 -3.83625
-55.1167 -3.83753
-55.3059 -3.83881
-55.4951 -3.84008
-55.6845 -3.84135
-55.8739 -3.84261
-56.0634 -3.84386
-56.253 -3.84512
-56.4427 -3.84636
-56.6325 -3.84761
-56.8223 -3.84884
-57.0123 -3.85008
-57.2023 -3.8513
-57.3924 -3.85253
-57.5826 -3.85374
-57.7728 -3.85496
-57.9632 -3.85617
-58.1536 -3.85737
-58.3441 -3.85857
-58.5347 -3.85976
-58.7253 -3.86095
-58.9161 -3.86214
-59.1069 -3.86332
-59.2978 -3.8645
-59.4888 -3.86567
-59.6798 -3.86684
-59.871 -3.868
-60.0622 -3.86916
-60.2535 -3.87032
-60.4448 -3.87147
-60.6363 -3.87261
-60.8278 -3.87376
-61.0194 -3.87489
-61.2111 -3.87603
-61.4028 -3.87716
-61.5946 -3.87828
-61.7865 -3.8794
-61.9785 -3.88052
-62.1705 -3.88163
-62.3626 -3.88274
-62.5548 -3.88385
-62.7471 -3.88495
-62.9394 -3.88604
-63.1319 -3.88714
-63.3243 -3.88823
-63.5169 -3.88931
-63.7095 -3.89039
-63.9022 -3.89147
-64.095 -3.89254
-64.2879 -3.89361
-64.4808 -3.89468
-64.6738 -3.89574
-64.8668 -3.8968
-65.0599 -3.89785
-65.2531 -3.89891
-65.4464 -3.89995
-65.6397 -3.901
-65.8332 -3.90204
-66.0266 -3.90307
-66.2202 -3.90411
-66.4138 -3.90513
-66.6075 -3.90616
-66.8012 -3.90718
-66.995 -3.9082
-67.1889 -3.90922
-67.3829 -3.91023
-67.5769 -3.91124
-67.771 -3.91224
-67.9651 -3.91324
-68.1594 -3.91424
-68.3537 -3.91523
-68.548 -3.91623
-68.7424 -3.91721
-68.9369 -3.9182
-69.1315 -3.91918
-69.3261 -3.92016
-69.5208 -3.92113
-69.7155 -3.9221
-69.9104 -3.92307
-70.1052 -3.92404
-70.3002 -3.925
-70.4952 -3.92596
-70.6903 -3.92691
-70.8854 -3.92786
-71.0806 -3.92881
-71.2758 -3.92976
-71.4712 -3.9307
-71.6666 -3.93164
-71.862 -3.93258
-72.0575 -3.93351
-72.2531 -3.93444
-72.4487 -3.93537
-72.6444 -3.9363
-72.8402 -3.93722
-73.036 -3.93814
-73.2319 -3.93905
-73.4278 -3.93996
-73.6238 -3.94087
-73.8199 -3.94178
-74.016 -3.94269
-74.2122 -3.94359
-74.4085 -3.94449
-74.6048 -3.94538
-74.8011 -3.94627
-74.9976 -3.94716
-75.194 -3.94805
-75.3906 -3.94894
-75.5872 -3.94982
-75.7838 -3.9507
-75.9806 -3.95157
-76.1773 -3.95245
-76.3742 -3.95332
-76.5711 -3.95419
-76.768 -3.95505
-76.965 -3.95591
-77.1621 -3.95677
-77.3592 -3.95763
-77.5564 -3.95849
-77.7536 -3.95934
-77.9509 -3.96019
-78.1483 -3.96104
-78.3457 -3.96188
-78.5431 -3.96272
-78.7407 -3.96356
-78.9382 -3.9644
-79.1359 -3.96523
-79.3336 -3.96606
-79.5313 -3.96689
-79.7291 -3.96772
-79.927 -3.96855
-80.1249 -3.96937
-80.3228 -3.97019
-80.5208 -3.971
-80.7189 -3.97182
-80.917 -3.97263
-81.1152 -3.97344
-81.3135 -3.97425
-81.5117 -3.97505
-81.7101 -3.97586
-81.9085 -3.97666
-82.1069 -3.97745
-82.3054 -3.97825
-82.504 -3.97904
-82.7026 -3.97984
-82.9013 -3.98062
-83.1 -3.98141
-83.2987 -3.98219
-83.4976 -3.98298
-83.6964 -3.98376
-83.8953 -3.98453
-84.0943 -3.98531
-84.2934 -3.98608
-84.4924 -3.98685
-84.6916 -3.98762
-84.8907 -3.98839
-85.09 -3.98915
-85.2892 -3.98992
-85.4886 -3.99068
-85.688 -3.99143
-85.8874 -3.99219
-86.0869 -3.99294
-86.2864 -3.99369
-86.486 -3.99444
-86.6856 -3.99519
-86.8853 -3.99594
-87.085 -3.99668
-87.2848 -3.99742
-87.4846 -3.99816
-87.6845 -3.9989
-87.8845 -3.99963
-88.0844 -4.00036
-88.2845 -4.0011
-88.4845 -4.00182
-88.6847 -4.00255
-88.8848 -4.00328
-89.0851 -4.004
-89.2853 -4.00472
-89.4857 -4.00544
-89.686 -4.00616
-89.8864 -4.00687
-90.0869 -4.00759
-90.2874 -4.0083
-90.488 -4.00901
-90.6886 -4.00971
-90.8892 -4.01042
-91.0899 -4.01112
-91.2907 -4.01183
-91.4915 -4.01253
-91.6923 -4.01322
-91.8932 -4.01392
-92.0941 -4.01461
-92.2951 -4.01531
-92.4961 -4.016
-92.6972 -4.01669
-92.8983 -4.01737
-93.0995 -4.01806
-93.3007 -4.01874
-93.5019 -4.01942
-93.7032 -4.0201
-93.9046 -4.02078
-94.106 -4.02146
-94.3074 -4.02213
-94.5089 -4.0228
-94.7104 -4.02348
-94.912 -4.02414
-95.1136 -4.02481
-95.3152 -4.02548
-95.5169 -4.02614
-95.7187 -4.0268
-95.9205 -4.02747
-96.1223 -4.02812
-96.3242 -4.02878
-96.5261 -4.02944
-96.7281 -4.03009
-96.9301 -4.03074
-97.1321 -4.03139
-97.3342 -4.03204
-97.5364 -4.03269
-97.7386 -4.03334
-97.9408 -4.03398
-98.1431 -4.03462
-98.3454 -4.03526
-98.5477 -4.0359
-98.7501 -4.03654
-98.9526 -4.03718
-99.155 -4.03781
-99.3576 -4.03844
-99.5601 -4.03908
-99.7627 -4.03971
-99.9654 -4.04033
-100.168 -4.04096
-100.371 -4.04159
-100.574 -4.04221
-100.776 -4.04283
-100.979 -4.04345
-101.182 -4.04407
-101.385 -4.04469
-101.588 -4.0453
-101.791 -4.04592
-101.994 -4.04653
-102.197 -4.04714
-102.4 -4.04775
-102.604 -4.04836
-102.807 -4.04897
-103.01 -4.04957
-103.213 -4.05018
-103.417 -4.05078
-103.62 -4.05138
-103.824 -4.05198
-104.027 -4.05258
-104.231 -4.05318
-104.434 -4.05377
-104.638 -4.05437
-104.841 -4.05496
-105.045 -4.05555
-105.249 -4.05614
-105.452 -4.05673
-105.656 -4.05732
-105.86 -4.0579
-106.064 -4.05849
-106.268 -4.05907
-106.472 -4.05965
-106.676 -4.06023
-106.88 -4.06081
-107.084 -4.06139
-107.288 -4.06196
-107.492 -4.06254
-107.696 -4.06311
-107.9 -4.06368
-108.105 -4.06425
-108.309 -4.06482
-108.513 -4.06539
-108.718 -4.06596
-108.922 -4.06652
-109.126 -4.06709
-109.331 -4.06765
-109.535 -4.06821
-109.74 -4.06877
-109.945 -4.06933
-110.149 -4.06989
-110.354 -4.07045
-110.559 -4.071
-110.763 -4.07156
-110.968 -4.07211
-111.173 -4.07266
-111.378 -4.07321
-111.583 -4.07376
-111.788 -4.07431
-111.992 -4.07485
-112.197 -4.0754
-112.403 -4.07594
-112.608 -4.07649
-112.813 -4.07703
-113.018 -4.07757
-113.223 -4.07811
-113.428 -4.07865
-113.633 -4.07918
-113.839 -4.07972
-114.044 -4.08025
-114.249 -4.08079
-114.455 -4.08132
-114.66 -4.08185
-114.866 -4.08238
-115.071 -4.08291
-115.277 -4.08343
-115.482 -4.08396
-115.688 -4.08449
-115.893 -4.08501
-116.099 -4.08553
-116.305 -4.08605
-116.511 -4.08657
-116.716 -4.08709
-116.922 -4.08761
-117.128 -4.08813
-117.334 -4.08864
-117.54 -4.08916
-117.746 -4.08967
-117.952 -4.09019
-118.158 -4.0907
-118.364 -4.09121
-118.57 -4.09172
-118.776 -4.09223
-118.982 -4.09273
-119.188 -4.09324
-119.395 -4.09374
-119.601 -4.09425
-119.807 -4.09475
-120.013 -4.09525
-120.22 -4.09575
-120.426 -4.09625
-120.633 -4.09675
-120.839 -4.09725
-121.046 -4.09775
-121.252 -4.09824
-121.459 -4.09874
-121.665 -4.09923
-121.872 -4.09972
-122.078 -4.10021
-122.285 -4.1007
-122.492 -4.10119
-122.699 -4.10168
-122.905 -4.10217
-123.112 -4.10266
-123.319 -4.10314
-123.526 -4.10363
-123.733 -4.10411
-123.94 -4.10459
-124.147 -4.10507
-124.354 -4.10555
-124.561 -4.10603
-124.768 -4.10651
-124.975 -4.10699
-125.182 -4.10746
-125.389 -4.10794
-125.596 -4.10841
-125.804 -4.10889
-126.011 -4.10936
-126.218 -4.10983
-126.426 -4.1103
-126.633 -4.11077
-126.84 -4.11124
-127.048 -4.11171
-127.255 -4.11217
-127.463 -4.11264
-127.67 -4.11311
-127.878 -4.11357
-128.085 -4.11403
-128.293 -4.11449
-128.501 -4.11496
-128.708 -4.11542
-128.916 -4.11588
-129.124 -4.11633
-129.331 -4.11679
-129.539 -4.11725
-129.747 -4.1177
-129.955 -4.11816
-130.163 -4.11861
-130.371 -4.11907
-130.579 -4.11952
-130.787 -4.11997
-130.995 -4.12042
-131.203 -4.12087
-131.411 -4.12132
-131.619 -4.12177
-131.827 -4.12221
-132.035 -4.12266
-132.243 -4.1231
-132.451 -4.12355
-132.66 -4.12399
-132.868 -4.12443
-133.076 -4.12488
-133.284 -4.12532
-133.493 -4.12576
-133.701 -4.12619
-133.91 -4.12663
-134.118 -4.12707
-134.327 -4.12751
-134.535 -4.12794
-134.744 -4.12838
-134.952 -4.12881
-135.161 -4.12925
-135.369 -4.12968
-135.578 -4.13011
-135.787 -4.13054
-135.995 -4.13097
-136.204 -4.1314
-136.413 -4.13183
-136.622 -4.13226
-136.83 -4.13268
-137.039 -4.13311
-137.248 -4.13353
-137.457 -4.13396
-137.666 -4.13438
-137.875 -4.1348
-138.084 -4.13522
-138.293 -4.13565
-138.502 -4.13607
-138.711 -4.13649
-138.92 -4.1369
-139.129 -4.13732
-139.339 -4.13774
-139.548 -4.13816
-139.757 -4.13857
-139.966 -4.13899
-140.175 -4.1394
-140.385 -4.13981
-140.594 -4.14023
-140.803 -4.14064
-141.013 -4.14105
-141.222 -4.14146
-141.432 -4.14187
-141.641 -4.14228
-141.851 -4.14269
-142.06 -4.14309
-142.27 -4.1435
-142.479 -4.14391
-142.689 -4.14431
-142.898 -4.14471
-143.108 -4.14512
-143.318 -4.14552
-143.527 -4.14592
-143.737 -4.14632
-143.947 -4.14673
-144.157 -4.14713
-144.367 -4.14752
-144.576 -4.14792
-144.786 -4.14832
-144.996 -4.14872
-145.206 -4.14911
-145.416 -4.14951
-145.626 -4.1499
-145.836 -4.1503
-146.046 -4.15069
-146.256 -4.15109
-146.466 -4.15148
-146.676 -4.15187
-146.886 -4.15226
-147.096 -4.15265
-147.307 -4.15304
-147.517 -4.15343
-147.727 -4.15382
-147.937 -4.1542
-148.148 -4.15459
-148.358 -4.15497
-148.568 -4.15536
-148.779 -4.15574
-148.989 -4.15613
-149.199 -4.15651
-149.41 -4.15689
-149.62 -4.15728
-149.831 -4.15766
-150.041 -4.15804
-150.252 -4.15842
-150.462 -4.1588
-150.673 -4.15918
-150.884 -4.15955
-151.094 -4.15993
-151.305 -4.16031
-151.516 -4.16068
-151.726 -4.16106
-151.937 -4.16143
-152.148 -4.16181
-152.359 -4.16218
-152.569 -4.16255
-152.78 -4.16292
-152.991 -4.1633
-153.202 -4.16367
-153.413 -4.16404
-153.624 -4.16441
-153.835 -4.16478
-154.046 -4.16514
-154.257 -4.16551
-154.468 -4.16588
-154.679 -4.16624
-154.89 -4.16661
-155.101 -4.16698
-155.312 -4.16734
-155.523 -4.1677
-155.735 -4.16807
-155.946 -4.16843
-156.157 -4.16879
-156.368 -4.16915
-156.579 -4.16951
-156.791 -4.16987
-157.002 -4.17023
-157.213 -4.17059
-157.425 -4.17095
-157.636 -4.17131
-157.848 -4.17167
-158.059 -4.17202
-158.271 -4.17238
-158.482 -4.17273
-158.694 -4.17309
-158.905 -4.17344
-159.117 -4.1738
-159.328 -4.17415
-159.54 -4.1745
-159.752 -4.17485
-159.963 -4.17521
-160.175 -4.17556
-160.387 -4.17591
-160.598 -4.17626
-160.81 -4.17661
-161.022 -4.17695
-161.234 -4.1773
-161.445 -4.17765
-161.657 -4.178
-161.869 -4.17834
-162.081 -4.17869
-162.293 -4.17903
-162.505 -4.17938
-162.717 -4.17972
-162.929 -4.18006
-163.141 -4.18041
-163.353 -4.18075
-163.565 -4.18109
-163.777 -4.18143
-163.989 -4.18177
-164.201 -4.18211
-164.413 -4.18245
-164.625 -4.18279
-164.838 -4.18313
-165.05 -4.18347
-165.262 -4.18381
-165.474 -4.18414
-165.687 -4.18448
-165.899 -4.18481
-166.111 -4.18515
-166.324 -4.18548
-166.536 -4.18582
-166.748 -4.18615
-166.961 -4.18648
-167.173 -4.18682
-167.386 -4.18715
-167.598 -4.18748
-167.811 -4.18781
-168.023 -4.18814
-168.236 -4.18847
-168.448 -4.1888
-168.661 -4.18913
-168.873 -4.18946
-169.086 -4.18979
-169.299 -4.19011
-169.511 -4.19044
-169.724 -4.19077
-169.937 -4.19109
-170.15 -4.19142
-170.362 -4.19174
-170.575 -4.19207
-170.788 -4.19239
-171.001 -4.19271
-171.214 -4.19304
-171.426 -4.19336
-171.639 -4.19368
-171.852 -4.194
-172.065 -4.19432
-172.278 -4.19464
-172.491 -4.19496
-172.704 -4.19528
-172.917 -4.1956
-173.13 -4.19592
-173.343 -4.19624
-173.556 -4.19655
-173.769 -4.19687
-173.983 -4.19719
-174.196 -4.1975
-174.409 -4.19782
-174.622 -4.19813
-174.835 -4.19845
-175.048 -4.19876
-175.262 -4.19907
-175.475 -4.19939
-175.688 -4.1997
-175.902 -4.20001
-176.115 -4.20032
-176.328 -4.20063
-176.542 -4.20094
-176.755 -4.20125
-176.969 -4.20156
-177.182 -4.20187
-177.395 -4.20218
-177.609 -4.20249
-177.822 -4.2028
-178.036 -4.2031
-178.249 -4.20341
-178.463 -4.20372
-178.677 -4.20402
-178.89 -4.20433
-179.104 -4.20463
-179.317 -4.20494
-179.531 -4.20524
-179.745 -4.20555
-179.959 -4.20585
-180.172 -4.20615
-180.386 -4.20646
-180.6 -4.20676
-180.814 -4.20706
-181.027 -4.20736
-181.241 -4.20766
-181.455 -4.20796
-181.669 -4.20826
-181.883 -4.20856
-182.097 -4.20886
-182.311 -4.20916
-182.525 -4.20945
-182.738 -4.20975
-182.952 -4.21005
-183.166 -4.21035
-183.381 -4.21064
-183.595 -4.21094
-183.809 -4.21123
-184.023 -4.21153
-184.237 -4.21182
-184.451 -4.21212
-184.665 -4.21241
-184.879 -4.2127
-185.093 -4.213
-185.308 -4.21329
-185.522 -4.21358
-185.736 -4.21387
-185.95 -4.21416
-186.165 -4.21445
-186.379 -4.21474
-186.593 -4.21503
-186.808 -4.21532
-187.022 -4.21561
-187.236 -4.2159
-187.451 -4.21619
-187.665 -4.21648
-187.88 -4.21676
-188.094 -4.21705
-188.308 -4.21734
-188.523 -4.21762
-188.737 -4.21791
-188.952 -4.21819
-189.167 -4.21848
-189.381 -4.21876
-189.596 -4.21905
-189.81 -4.21933
-190.025 -4.21961
-190.24 -4.2199
-190.454 -4.22018
-190.669 -4.22046
-190.884 -4.22074
-191.098 -4.22102
-191.313 -4.22131
-191.528 -4.22159
-191.743 -4.22187
-191.957 -4.22215
-192.172 -4.22243
-192.387 -4.2227
-192.602 -4.22298
-192.817 -4.22326
-193.032 -4.22354
-193.247 -4.22382
-193.461 -4.22409
-193.676 -4.22437
-193.891 -4.22465
-194.106 -4.22492
-194.321 -4.2252
-194.536 -4.22547
-194.751 -4.22575
-194.966 -4.22602
-195.181 -4.22629
-195.397 -4.22657
-195.612 -4.22684
-195.827 -4.22711
-196.042 -4.22739
-196.257 -4.22766
-196.472 -4.22793
-196.687 -4.2282
-196.903 -4.22847
-197.118 -4.22874
-197.333 -4.22901
-197.548 -4.22928
-197.764 -4.22955
-197.979 -4.22982
-198.194 -4.23009
-198.41 -4.23036
-198.625 -4.23063
-198.84 -4.23089
-199.056 -4.23116
-199.271 -4.23143
-199.487 -4.23169
-199.702 -4.23196
-199.918 -4.23223
-200.133 -4.23249
-200.349 -4.23276
-200.564 -4.23302
-200.78 -4.23329
-200.995 -4.23355
-201.211 -4.23381
-201.426 -4.23408
-201.642 -4.23434
-201.858 -4.2346
-202.073 -4.23486
-202.289 -4.23513
-202.505 -4.23539
-202.72 -4.23565
-202.936 -4.23591
-203.152 -4.23617
-203.367 -4.23643
-203.583 -4.23669
-203.799 -4.23695
-204.015 -4.23721
-204.231 -4.23747
-204.446 -4.23773
-204.662 -4.23798
-204.878 -4.23824
-205.094 -4.2385
-205.31 -4.23876
-205.526 -4.23901
-205.742 -4.23927
-205.958 -4.23953
-206.174 -4.23978
-206.39 -4.24004
-206.606 -4.24029
-206.822 -4.24055
-207.038 -4.2408
-207.254 -4.24105
-207.47 -4.24131
-207.686 -4.24156
-207.902 -4.24181
-208.118 -4.24207
-208.334 -4.24232
-208.55 -4.24257
-208.767 -4.24282
-208.983 -4.24307
-209.199 -4.24333
-209.415 -4.24358
-209.631 -4.24383
-209.848 -4.24408
-210.064 -4.24433
-210.28 -4.24458
-210.497 -4.24483
-210.713 -4.24507
-210.929 -4.24532
-211.146 -4.24557
-211.362 -4.24582
-211.578 -4.24607
-211.795 -4.24631
-212.011 -4.24656
-212.228 -4.24681
-212.444 -4.24705
-212.661 -4.2473
-212.877 -4.24754
-213.094 -4.24779
-213.31 -4.24803
-213.527 -4.24828
-213.743 -4.24852
-213.96 -4.24877
-214.176 -4.24901
-214.393 -4.24926
-214.61 -4.2495
-214.826 -4.24974
-215.043 -4.24998
-215.259 -4.25023
-215.476 -4.25047
-215.693 -4.25071
-215.91 -4.25095
-216.126 -4.25119
-216.343 -4.25143
-216.56 -4.25167
-216.777 -4.25191
-216.993 -4.25215
-217.21 -4.25239
-217.427 -4.25263
-217.644 -4.25287
-217.861 -4.25311
-218.078 -4.25335
-218.294 -4.25359
-218.511 -4.25382
-218.728 -4.25406
-218.945 -4.2543
-219.162 -4.25453
-219.379 -4.25477
-219.596 -4.25501
-219.813 -4.25524
-220.03 -4.25548
-220.247 -4.25571
-220.464 -4.25595
-220.681 -4.25618
-220.898 -4.25642
-221.115 -4.25665
-221.333 -4.25689
-221.55 -4.25712
-221.767 -4.25735
-221.984 -4.25759
-222.201 -4.25782
-222.418 -4.25805
-222.636 -4.25828
-222.853 -4.25852
-223.07 -4.25875
-223.287 -4.25898
-223.505 -4.25921
-223.722 -4.25944
-223.939 -4.25967
-224.156 -4.2599
-224.374 -4.26013
-224.591 -4.26036
-224.809 -4.26059
-225.026 -4.26082
-225.243 -4.26105
-225.461 -4.26128
-225.678 -4.2615
-225.896 -4.26173
-226.113 -4.26196
-226.33 -4.26219
-226.548 -4.26241
-226.765 -4.26264
-226.983 -4.26287
-227.201 -4.26309
-227.418 -4.26332
-227.636 -4.26355
-227.853 -4.26377
-228.071 -4.264
-228.288 -4.26422
-228.506 -4.26445
-228.724 -4.26467
-228.941 -4.26489
-229.159 -4.26512
-229.377 -4.26534
-229.594 -4.26557
-229.812 -4.26579
-230.03 -4.26601
-230.247 -4.26623
-230.465 -4.26646
-230.683 -4.26668
-230.901 -4.2669
-231.119 -4.26712
-231.336 -4.26734
-231.554 -4.26756
-231.772 -4.26779
-231.99 -4.26801
-232.208 -4.26823
-232.426 -4.26845
-232.643 -4.26867
-232.861 -4.26888
-233.079 -4.2691
-233.297 -4.26932
-233.515 -4.26954
-233.733 -4.26976
-233.951 -4.26998
-234.169 -4.2702
-234.387 -4.27041
-234.605 -4.27063
-234.823 -4.27085
-235.041 -4.27106
-235.259 -4.27128
-235.478 -4.2715
-235.696 -4.27171
-235.914 -4.27193
-236.132 -4.27215
-236.35 -4.27236
-236.568 -4.27258
-236.786 -4.27279
-237.004 -4.27301
-237.223 -4.27322
-237.441 -4.27343
-237.659 -4.27365
-237.877 -4.27386
-238.096 -4.27407
-238.314 -4.27429
-238.532 -4.2745
-238.751 -4.27471
-238.969 -4.27493
-239.187 -4.27514
-239.405 -4.27535
-239.624 -4.27556
-239.842 -4.27577
-240.061 -4.27598
-240.279 -4.27619
-240.497 -4.2764
-240.716 -4.27662
-240.934 -4.27683
-241.153 -4.27704
-241.371 -4.27725
-241.59 -4.27745
-241.808 -4.27766
-242.027 -4.27787
-242.245 -4.27808
-242.464 -4.27829
-242.682 -4.2785
-242.901 -4.27871
-243.119 -4.27891
-243.338 -4.27912
-243.557 -4.27933
-243.775 -4.27954
-243.994 -4.27974
-244.213 -4.27995
-244.431 -4.28016
-244.65 -4.28036
-244.869 -4.28057
-245.087 -4.28077
-245.306 -4.28098
-245.525 -4.28118
-245.744 -4.28139
-245.962 -4.28159
-246.181 -4.2818
-246.4 -4.282
-246.619 -4.28221
-246.837 -4.28241
-247.056 -4.28261
-247.275 -4.28282
-247.494 -4.28302
-247.713 -4.28322
-247.932 -4.28343
-248.151 -4.28363
-248.37 -4.28383
-248.588 -4.28403
-248.807 -4.28424
-249.026 -4.28444
-249.245 -4.28464
-249.464 -4.28484
-249.683 -4.28504
-249.902 -4.28524
-250.121 -4.28544
-250.34 -4.28564
-250.559 -4.28584
-250.778 -4.28604
-250.997 -4.28624
-251.217 -4.28644
-251.436 -4.28664
-251.655 -4.28684
-251.874 -4.28704
-252.093 -4.28724
-252.312 -4.28743
-252.531 -4.28763
-252.751 -4.28783
-252.97 -4.28803
-253.189 -4.28823
-253.408 -4.28842
-253.627 -4.28862
-253.847 -4.28882
-254.066 -4.28901
-254.285 -4.28921
-254.504 -4.28941
-254.724 -4.2896
-254.943 -4.2898
-255.162 -4.28999
-255.382 -4.29019
-255.601 -4.29038
-255.82 -4.29058
-256.04 -4.29077
-256.259 -4.29097
-256.479 -4.29116
-256.698 -4.29136
-256.917 -4.29155
-257.137 -4.29174
-257.356 -4.29194
-257.576 -4.29213
-257.795 -4.29232
-258.015 -4.29252
-258.234 -4.29271
-258.454 -4.2929
-258.673 -4.29309
-258.893 -4.29328
-259.112 -4.29348
-259.332 -4.29367
-259.551 -4.29386
-259.771 -4.29405
-259.991 -4.29424
-260.21 -4.29443
-260.43 -4.29462
-260.65 -4.29481
-260.869 -4.295
-261.089 -4.29519
-261.309 -4.29538
-261.528 -4.29557
-261.748 -4.29576
-261.968 -4.29595
-262.187 -4.29614
-262.407 -4.29633
-262.627 -4.29652
-262.847 -4.29671
-263.066 -4.29689
-263.286 -4.29708
-263.506 -4.29727
-263.726 -4.29746
-263.946 -4.29764
-264.166 -4.29783
-264.385 -4.29802
-264.605 -4.29821
-264.825 -4.29839
-265.045 -4.29858
-265.265 -4.29876
-265.485 -4.29895
-265.705 -4.29914
-265.925 -4.29932
-266.145 -4.29951
-266.365 -4.29969
-266.585 -4.29988
-266.805 -4.30006
-267.025 -4.30025
-267.245 -4.30043
-267.465 -4.30062
-267.685 -4.3008
-267.905 -4.30098
-268.125 -4.30117
-268.345 -4.30135
-268.565 -4.30153
-268.785 -4.30172
-269.005 -4.3019
-269.225 -4.30208
-269.445 -4.30227
-269.666 -4.30245
-269.886 -4.30263
-270.106 -4.30281
-270.326 -4.30299
-270.546 -4.30318
-270.767 -4.30336
-270.987 -4.30354
-271.207 -4.30372
-271.427 -4.3039
-271.648 -4.30408
-271.868 -4.30426
-272.088 -4.30444
-272.308 -4.30462
-272.529 -4.3048
-272.749 -4.30498
-272.969 -4.30516
-273.19 -4.30534
-273.41 -4.30552
-273.63 -4.3057
-273.851 -4.30588
-274.071 -4.30606
-274.292 -4.30623
-274.512 -4.30641
-274.732 -4.30659
-274.953 -4.30677
-275.173 -4.30695
-275.394 -4.30712
-275.614 -4.3073
-275.835 -4.30748
-276.055 -4.30766
-276.276 -4.30783
-276.496 -4.30801
-276.717 -4.30819
-276.937 -4.30836
-277.158 -4.30854
-277.379 -4.30871
-277.599 -4.30889
-277.82 -4.30907
-278.04 -4.30924
-278.261 -4.30942
-278.482 -4.30959
-278.702 -4.30977
-278.923 -4.30994
-279.143 -4.31012
-279.364 -4.31029
-279.585 -4.31046
-279.806 -4.31064
-280.026 -4.31081
-280.247 -4.31099
-280.468 -4.31116
-280.688 -4.31133
-280.909 -4.31151
-281.13 -4.31168
-281.351 -4.31185
-281.572 -4.31202
-281.792 -4.3122
-282.013 -4.31237
-282.234 -4.31254
-282.455 -4.31271
-282.676 -4.31289
-282.897 -4.31306
-283.117 -4.31323
-283.338 -4.3134
-283.559 -4.31357
-283.78 -4.31374
-284.001 -4.31391
-284.222 -4.31408
-284.443 -4.31425
-284.664 -4.31442
-284.885 -4.31459
-285.106 -4.31476
-285.327 -4.31493
-285.548 -4.3151
-285.769 -4.31527
-285.99 -4.31544
-286.211 -4.31561
-286.432 -4.31578
-286.653 -4.31595
-286.874 -4.31612
-287.095 -4.31629
-287.316 -4.31645
-287.537 -4.31662
-287.758 -4.31679
-287.979 -4.31696
-288.201 -4.31713
-288.422 -4.31729
-288.643 -4.31746
-288.864 -4.31763
-289.085 -4.3178
-289.306 -4.31796
-289.528 -4.31813
-289.749 -4.3183
-289.97 -4.31846
-290.191 -4.31863
-290.412 -4.31879
-290.634 -4.31896
-290.855 -4.31913
-291.076 -4.31929
-291.298 -4.31946
-291.519 -4.31962
-291.74 -4.31979
-291.961 -4.31995
-292.183 -4.32012
-292.404 -4.32028
-292.625 -4.32045
-292.847 -4.32061
-293.068 -4.32078
-293.29 -4.32094
-293.511 -4.3211
-293.732 -4.32127
-293.954 -4.32143
-294.175 -4.32159
-294.397 -4.32176
-294.618 -4.32192
-294.84 -4.32208
-295.061 -4.32225
-295.283 -4.32241
-295.504 -4.32257
-295.726 -4.32273
-295.947 -4.3229
-296.169 -4.32306
-296.39 -4.32322
-296.612 -4.32338
-296.833 -4.32354
-297.055 -4.3237
-297.276 -4.32386
-297.498 -4.32403
-297.72 -4.32419
-297.941 -4.32435
-298.163 -4.32451
-298.384 -4.32467
-298.606 -4.32483
-298.828 -4.32499
-299.049 -4.32515
-299.271 -4.32531
-299.493 -4.32547
-299.714 -4.32563
-299.936 -4.32579
-300.158 -4.32595
-300.38 -4.32611
-300.601 -4.32627
-300.823 -4.32642
-301.045 -4.32658
-301.267 -4.32674
-301.488 -4.3269
-301.71 -4.32706
-301.932 -4.32722
-302.154 -4.32737
-302.376 -4.32753
-302.598 -4.32769
-302.819 -4.32785
-303.041 -4.328
-303.263 -4.32816
-303.485 -4.32832
-303.707 -4.32848
-303.929 -4.32863
-304.151 -4.32879
-304.373 -4.32895
-304.594 -4.3291
-304.816 -4.32926
-305.038 -4.32941
-305.26 -4.32957
-305.482 -4.32973
-305.704 -4.32988
-305.926 -4.33004
-306.148 -4.33019
-306.37 -4.33035
-306.592 -4.3305
-306.814 -4.33066
-307.036 -4.33081
-307.258 -4.33097
-307.481 -4.33112
-307.703 -4.33128
-307.925 -4.33143
-308.147 -4.33158
-308.369 -4.33174
-308.591 -4.33189
-308.813 -4.33205
-309.035 -4.3322
-309.257 -4.33235
-309.48 -4.33251
-309.702 -4.33266
-309.924 -4.33281
-310.146 -4.33296
-310.368 -4.33312
-310.591 -4.33327
-310.813 -4.33342
-311.035 -4.33357
-311.257 -4.33373
-311.479 -4.33388
-311.702 -4.33403
-311.924 -4.33418
-312.146 -4.33433
-312.369 -4.33448
-312.591 -4.33464
-312.813 -4.33479
-313.036 -4.33494
-313.258 -4.33509
-313.48 -4.33524
-313.703 -4.33539
-313.925 -4.33554
-314.147 -4.33569
-314.37 -4.33584
-314.592 -4.33599
-314.814 -4.33614
-315.037 -4.33629
-315.259 -4.33644
-315.482 -4.33659
-315.704 -4.33674
-315.927 -4.33689
-316.149 -4.33704
-316.372 -4.33719
-316.594 -4.33734
-316.817 -4.33748
-317.039 -4.33763
-317.262 -4.33778
-317.484 -4.33793
-317.707 -4.33808
-317.929 -4.33823
-318.152 -4.33837
-318.374 -4.33852
-318.597 -4.33867
-318.819 -4.33882
-319.042 -4.33896
-319.265 -4.33911
-319.487 -4.33926
-319.71 -4.33941
-319.932 -4.33955
-320.155 -4.3397
-320.378 -4.33985
-320.6 -4.33999
-320.823 -4.34014
-321.046 -4.34029
-321.268 -4.34043
-321.491 -4.34058
-321.714 -4.34072
-321.936 -4.34087
-322.159 -4.34102
-322.382 -4.34116
-322.605 -4.34131
-322.827 -4.34145
-323.05 -4.3416
-323.273 -4.34174
-323.496 -4.34189
-323.719 -4.34203
-323.941 -4.34218
-324.164 -4.34232
-324.387 -4.34247
-324.61 -4.34261
-324.833 -4.34275
-325.056 -4.3429
-325.278 -4.34304
-325.501 -4.34319
-325.724 -4.34333
-325.947 -4.34347
-326.17 -4.34362
-326.393 -4.34376
-326.616 -4.3439
-326.839 -4.34405
-327.062 -4.34419
-327.285 -4.34433
-327.508 -4.34447
-327.73 -4.34462
-327.953 -4.34476
-328.176 -4.3449
-328.399 -4.34504
-328.622 -4.34518
-328.845 -4.34533
-329.068 -4.34547
-329.291 -4.34561
-329.515 -4.34575
-329.738 -4.34589
-329.961 -4.34603
-330.184 -4.34618
-330.407 -4.34632
-330.63 -4.34646
-330.853 -4.3466
-331.076 -4.34674
-331.299 -4.34688
-331.522 -4.34702
-331.745 -4.34716
-331.969 -4.3473
-332.192 -4.34744
-332.415 -4.34758
-332.638 -4.34772
-332.861 -4.34786
-333.084 -4.348
-333.308 -4.34814
-333.531 -4.34828
-333.754 -4.34842
-333.977 -4.34856
-334.201 -4.3487
-334.424 -4.34884
-334.647 -4.34897
-334.87 -4.34911
-335.094 -4.34925
-335.317 -4.34939
-335.54 -4.34953
-335.763 -4.34967
-335.987 -4.34981
-336.21 -4.34994
-336.433 -4.35008
-336.657 -4.35022
-336.88 -4.35036
-337.103 -4.35049
-337.327 -4.35063
-337.55 -4.35077
-337.774 -4.35091
-337.997 -4.35104
-338.22 -4.35118
-338.444 -4.35132
-338.667 -4.35145
-338.891 -4.35159
-339.114 -4.35173
-339.338 -4.35186
-339.561 -4.352
-339.784 -4.35214
-340.008 -4.35227
-340.231 -4.35241
-340.455 -4.35254
-340.678 -4.35268
-340.902 -4.35281
-341.125 -4.35295
-341.349 -4.35309
-341.573 -4.35322
-341.796 -4.35336
-342.02 -4.35349
-342.243 -4.35363
-342.467 -4.35376
-342.69 -4.35389
-342.914 -4.35403
-343.138 -4.35416
-343.361 -4.3543
-343.585 -4.35443
-343.808 -4.35457
-344.032 -4.3547
-344.256 -4.35483
-344.479 -4.35497
-344.703 -4.3551
-344.927 -4.35524
-345.15 -4.35537
-345.374 -4.3555
-345.598 -4.35564
-345.822 -4.35577
-346.045 -4.3559
-346.269 -4.35603
-346.493 -4.35617
-346.716 -4.3563
-346.94 -4.35643
-347.164 -4.35657
-347.388 -4.3567
-347.612 -4.35683
-347.835 -4.35696
-348.059 -4.35709
-348.283 -4.35723
-348.507 -4.35736
-348.731 -4.35749
-348.954 -4.35762
-349.178 -4.35775
-349.402 -4.35788
-349.626 -4.35802
-349.85 -4.35815
-350.074 -4.35828
-350.298 -4.35841
-350.521 -4.35854
-350.745 -4.35867
-350.969 -4.3588
-351.193 -4.35893
-351.417 -4.35906
-351.641 -4.35919
-351.865 -4.35932
-352.089 -4.35945
-352.313 -4.35958
-352.537 -4.35971
-352.761 -4.35984
-352.985 -4.35997
-353.209 -4.3601
-353.433 -4.36023
-353.657 -4.36036
-353.881 -4.36049
-354.105 -4.36062
-354.329 -4.36075
-354.553 -4.36088
-354.777 -4.36101
-355.001 -4.36114
-355.225 -4.36126
-355.449 -4.36139
-355.673 -4.36152
-355.898 -4.36165
-356.122 -4.36178
-356.346 -4.36191
-356.57 -4.36203
-356.794 -4.36216
-357.018 -4.36229
-357.242 -4.36242
-357.466 -4.36255
-357.691 -4.36267
-357.915 -4.3628
-358.139 -4.36293
-358.363 -4.36306
-358.587 -4.36318
-358.812 -4.36331
-359.036 -4.36344
-359.26 -4.36356
-359.484 -4.36369
-359.709 -4.36382
-359.933 -4.36394
-360.157 -4.36407
-360.381 -4.3642
-360.606 -4.36432
-360.83 -4.36445
-361.054 -4.36457
-361.279 -4.3647
-361.503 -4.36483
-361.727 -4.36495
-361.951 -4.36508
-362.176 -4.3652
-362.4 -4.36533
-362.625 -4.36545
-362.849 -4.36558
-363.073 -4.36571
-363.298 -4.36583
-363.522 -4.36596
-363.746 -4.36608
-363.971 -4.36621
-364.195 -4.36633
-364.42 -4.36645
-364.644 -4.36658
-364.868 -4.3667
-365.093 -4.36683
-365.317 -4.36695
-365.542 -4.36708
-365.766 -4.3672
-365.991 -4.36732
-366.215 -4.36745
-366.44 -4.36757
-366.664 -4.36769
-366.889 -4.36782
-367.113 -4.36794
-367.338 -4.36807
-367.562 -4.36819
-367.787 -4.36831
-368.012 -4.36843
-368.236 -4.36856
-368.461 -4.36868
-368.685 -4.3688
-368.91 -4.36893
-369.134 -4.36905
-369.359 -4.36917
-369.584 -4.36929
-369.808 -4.36942
-370.033 -4.36954
-370.258 -4.36966
-370.482 -4.36978
-370.707 -4.3699
-370.931 -4.37003
-371.156 -4.37015
-371.381 -4.37027
-371.605 -4.37039
-371.83 -4.37051
-372.055 -4.37063
-372.28 -4.37075
-372.504 -4.37088
-372.729 -4.371
-372.954 -4.37112
-373.178 -4.37124
-373.403 -4.37136
-373.628 -4.37148
-373.853 -4.3716
-374.078 -4.37172
-374.302 -4.37184
-374.527 -4.37196
-374.752 -4.37208
-374.977 -4.3722
-375.202 -4.37232
-375.426 -4.37244
-375.651 -4.37256
-375.876 -4.37268
-376.101 -4.3728
-376.326 -4.37292
-376.551 -4.37304
-376.775 -4.37316
-377 -4.37328
-377.225 -4.3734
-377.45 -4.37352
-377.675 -4.37364
-377.9 -4.37376
-378.125 -4.37388
-378.35 -4.37399
-378.575 -4.37411
-378.8 -4.37423
-379.025 -4.37435
-379.25 -4.37447
-379.475 -4.37459
-379.699 -4.37471
-379.924 -4.37482
-380.149 -4.37494
-380.374 -4.37506
-380.599 -4.37518
-380.824 -4.3753
-381.049 -4.37541
-381.275 -4.37553
-381.5 -4.37565
-381.725 -4.37577
-381.95 -4.37588
-382.175 -4.376
-382.4 -4.37612
-382.625 -4.37624
-382.85 -4.37635
-383.075 -4.37647
-383.3 -4.37659
-383.525 -4.3767
-383.75 -4.37682
-383.975 -4.37694
-384.201 -4.37705
-384.426 -4.37717
-384.651 -4.37729
-384.876 -4.3774
-385.101 -4.37752
-385.326 -4.37763
-385.552 -4.37775
-385.777 -4.37787
-386.002 -4.37798
-386.227 -4.3781
-386.452 -4.37821
-386.678 -4.37833
-386.903 -4.37844
-387.128 -4.37856
-387.353 -4.37867
-387.578 -4.37879
-387.804 -4.3789
-388.029 -4.37902
-388.254 -4.37913
-388.48 -4.37925
-388.705 -4.37936
-388.93 -4.37948
-389.155 -4.37959
-389.381 -4.37971
-389.606 -4.37982
-389.831 -4.37994
-390.057 -4.38005
-390.282 -4.38017
-390.507 -4.38028
-390.733 -4.38039
-390.958 -4.38051
-391.183 -4.38062
-391.409 -4.38074
-391.634 -4.38085
-391.86 -4.38096
-392.085 -4.38108
-392.31 -4.38119
-392.536 -4.3813
-392.761 -4.38142
-392.987 -4.38153
-393.212 -4.38164
-393.438 -4.38176
-393.663 -4.38187
-393.888 -4.38198
-394.114 -4.3821
-394.339 -4.38221
-394.565 -4.38232
-394.79 -4.38243
-395.016 -4.38255
-395.241 -4.38266
-395.467 -4.38277
-395.692 -4.38288
-395.918 -4.38299
-396.143 -4.38311
-396.369 -4.38322
-396.595 -4.38333
-396.82 -4.38344
-397.046 -4.38355
-397.271 -4.38367
-397.497 -4.38378
-397.722 -4.38389
-397.948 -4.384
-398.174 -4.38411
-398.399 -4.38422
-398.625 -4.38433
-398.85 -4.38445
-399.076 -4.38456
-399.302 -4.38467
-399.527 -4.38478
-399.753 -4.38489
-399.979 -4.385
-400.204 -4.38511
-400.43 -4.38522
-400.656 -4.38533
-400.881 -4.38544
-401.107 -4.38555
-401.333 -4.38566
-401.559 -4.38577
-401.784 -4.38588
-402.01 -4.38599
-402.236 -4.3861
-402.461 -4.38621
-402.687 -4.38632
-402.913 -4.38643
-403.139 -4.38654
-403.364 -4.38665
-403.59 -4.38676
-403.816 -4.38687
-404.042 -4.38698
-404.268 -4.38709
-404.493 -4.3872
-404.719 -4.38731
-404.945 -4.38742
-405.171 -4.38753
-405.397 -4.38763
-405.623 -4.38774
-405.848 -4.38785
-406.074 -4.38796
-406.3 -4.38807
-406.526 -4.38818
-406.752 -4.38829
-406.978 -4.38839
-407.204 -4.3885
-407.43 -4.38861
-407.655 -4.38872
-407.881 -4.38883
-408.107 -4.38893
-408.333 -4.38904
-408.559 -4.38915
-408.785 -4.38926
-409.011 -4.38937
-409.237 -4.38947
-409.463 -4.38958
-409.689 -4.38969
-409.915 -4.3898
-410.141 -4.3899
-410.367 -4.39001
-410.593 -4.39012
-410.819 -4.39022
-411.045 -4.39033
-411.271 -4.39044
-411.497 -4.39054
-411.723 -4.39065
-411.949 -4.39076
-412.175 -4.39086
-412.401 -4.39097
-412.627 -4.39108
-412.853 -4.39118
-413.079 -4.39129
-413.305 -4.3914
-413.532 -4.3915
-413.758 -4.39161
-413.984 -4.39171
-414.21 -4.39182
-414.436 -4.39193
-414.662 -4.39203
-414.888 -4.39214
-415.114 -4.39224
-415.341 -4.39235
-415.567 -4.39245
-415.793 -4.39256
-416.019 -4.39267
-416.245 -4.39277
-416.471 -4.39288
-416.698 -4.39298
-416.924 -4.39309
-417.15 -4.39319
-417.376 -4.3933
-417.602 -4.3934
-417.829 -4.39351
-418.055 -4.39361
-418.281 -4.39371
-418.507 -4.39382
-418.734 -4.39392
-418.96 -4.39403
-419.186 -4.39413
-419.412 -4.39424
-419.639 -4.39434
-419.865 -4.39445
-420.091 -4.39455
-420.318 -4.39465
-420.544 -4.39476
-420.77 -4.39486
-420.997 -4.39497
-421.223 -4.39507
-421.449 -4.39517
-421.676 -4.39528
-421.902 -4.39538
-422.128 -4.39548
-422.355 -4.39559
-422.581 -4.39569
-422.807 -4.39579
-423.034 -4.3959
-423.26 -4.396
-423.487 -4.3961
-423.713 -4.3962
-423.939 -4.39631
-424.166 -4.39641
-424.392 -4.39651
-424.619 -4.39662
-424.845 -4.39672
-425.072 -4.39682
-425.298 -4.39692
-425.525 -4.39703
-425.751 -4.39713
-425.977 -4.39723
-426.204 -4.39733
-426.43 -4.39743
-426.657 -4.39754
-426.883 -4.39764
-427.11 -4.39774
-427.336 -4.39784
-427.563 -4.39794
-427.789 -4.39805
-428.016 -4.39815
-428.243 -4.39825
-428.469 -4.39835
-428.696 -4.39845
-428.922 -4.39855
-429.149 -4.39865
-429.375 -4.39876
-429.602 -4.39886
-429.829 -4.39896
-430.055 -4.39906
-430.282 -4.39916
-430.508 -4.39926
-430.735 -4.39936
-430.962 -4.39946
-431.188 -4.39956
-431.415 -4.39966
-431.642 -4.39976
-431.868 -4.39986
-432.095 -4.39997
-432.321 -4.40007
-432.548 -4.40017
-432.775 -4.40027
-433.002 -4.40037
-433.228 -4.40047
-433.455 -4.40057
-433.682 -4.40067
-433.908 -4.40077
-434.135 -4.40087
-434.362 -4.40097
-434.589 -4.40106
-434.815 -4.40116
-435.042 -4.40126
-435.269 -4.40136
-435.495 -4.40146
-435.722 -4.40156
-435.949 -4.40166
-436.176 -4.40176
-436.403 -4.40186
-436.629 -4.40196
-436.856 -4.40206
-437.083 -4.40216
-437.31 -4.40226
-437.537 -4.40235
-437.763 -4.40245
-437.99 -4.40255
-438.217 -4.40265
-438.444 -4.40275
-438.671 -4.40285
-438.898 -4.40295
-439.125 -4.40304
-439.351 -4.40314
-439.578 -4.40324
-439.805 -4.40334
-440.032 -4.40344
-440.259 -4.40354
-440.486 -4.40363
-440.713 -4.40373
-440.94 -4.40383
-441.167 -4.40393
-441.393 -4.40402
-441.62 -4.40412
-441.847 -4.40422
-442.074 -4.40432
-442.301 -4.40442
-442.528 -4.40451
-442.755 -4.40461
-442.982 -4.40471
-443.209 -4.4048
-443.436 -4.4049
-443.663 -4.405
-443.89 -4.4051
-444.117 -4.40519
-444.344 -4.40529
-444.571 -4.40539
-444.798 -4.40548
-445.025 -4.40558
-445.252 -4.40568
-445.479 -4.40577
-445.706 -4.40587
-445.933 -4.40597
-446.16 -4.40606
-446.388 -4.40616
-446.615 -4.40625
-446.842 -4.40635
-447.069 -4.40645
-447.296 -4.40654
-447.523 -4.40664
-447.75 -4.40674
-447.977 -4.40683
-448.204 -4.40693
-448.431 -4.40702
-448.659 -4.40712
-448.886 -4.40721
-449.113 -4.40731
-449.34 -4.40741
-449.567 -4.4075
-449.794 -4.4076
-450.022 -4.40769
-450.249 -4.40779
-450.476 -4.40788
-450.703 -4.40798
-450.93 -4.40807
-451.158 -4.40817
-451.385 -4.40826
-451.612 -4.40836
-451.839 -4.40845
-452.066 -4.40855
-452.294 -4.40864
-452.521 -4.40874
-452.748 -4.40883
-452.975 -4.40893
-453.203 -4.40902
-453.43 -4.40911
-453.657 -4.40921
-453.884 -4.4093
-454.112 -4.4094
-454.339 -4.40949
-454.566 -4.40959
-454.794 -4.40968
-455.021 -4.40977
-455.248 -4.40987
-455.476 -4.40996
-455.703 -4.41006
-455.93 -4.41015
-456.158 -4.41024
-456.385 -4.41034
-456.612 -4.41043
-456.84 -4.41052
-457.067 -4.41062
-457.294 -4.41071
-457.522 -4.4108
-457.749 -4.4109
-457.977 -4.41099
-458.204 -4.41108
-458.431 -4.41118
-458.659 -4.41127
-458.886 -4.41136
-459.114 -4.41146
-459.341 -4.41155
-459.569 -4.41164
-459.796 -4.41174
-460.023 -4.41183
-460.251 -4.41192
-460.478 -4.41201
-460.706 -4.41211
-460.933 -4.4122
-461.161 -4.41229
-461.388 -4.41238
-461.616 -4.41248
-461.843 -4.41257
-462.071 -4.41266
-462.298 -4.41275
-462.526 -4.41284
-462.753 -4.41294
-462.981 -4.41303
-463.208 -4.41312
-463.436 -4.41321
-463.663 -4.4133
-463.891 -4.41339
-464.119 -4.41349
-464.346 -4.41358
-464.574 -4.41367
-464.801 -4.41376
-465.029 -4.41385
-465.256 -4.41394
-465.484 -4.41404
-465.712 -4.41413
-465.939 -4.41422
-466.167 -4.41431
-466.394 -4.4144
-466.622 -4.41449
-466.85 -4.41458
-467.077 -4.41467
-467.305 -4.41476
-467.533 -4.41486
-467.76 -4.41495
-467.988 -4.41504
-468.216 -4.41513
-468.443 -4.41522
-468.671 -4.41531
-468.899 -4.4154
-469.126 -4.41549
-469.354 -4.41558
-469.582 -4.41567
-469.809 -4.41576
-470.037 -4.41585
-470.265 -4.41594
-470.493 -4.41603
-470.72 -4.41612
-470.948 -4.41621
-471.176 -4.4163
-471.404 -4.41639
-471.631 -4.41648
-471.859 -4.41657
-472.087 -4.41666
-472.315 -4.41675
-472.542 -4.41684
-472.77 -4.41693
-472.998 -4.41702
-473.226 -4.41711
-473.454 -4.4172
-473.681 -4.41729
-473.909 -4.41738
-474.137 -4.41747
-474.365 -4.41755
-474.593 -4.41764
-474.821 -4.41773
-475.048 -4.41782
-475.276 -4.41791
-475.504 -4.418
-475.732 -4.41809
-475.96 -4.41818
-476.188 -4.41827
-476.416 -4.41835
-476.644 -4.41844
-476.871 -4.41853
-477.099 -4.41862
-477.327 -4.41871
-477.555 -4.4188
-477.783 -4.41889
-478.011 -4.41897
-478.239 -4.41906
-478.467 -4.41915
-478.695 -4.41924
-478.923 -4.41933
-479.151 -4.41941
-479.379 -4.4195
-479.607 -4.41959
-479.835 -4.41968
-480.063 -4.41977
-480.291 -4.41985
-480.519 -4.41994
-480.747 -4.42003
-480.975 -4.42012
-481.203 -4.42021
-481.431 -4.42029
-481.659 -4.42038
-481.887 -4.42047
-482.115 -4.42055
-482.343 -4.42064
-482.571 -4.42073
-482.799 -4.42082
-483.027 -4.4209
-483.255 -4.42099
-483.483 -4.42108
-483.711 -4.42116
-483.939 -4.42125
-484.167 -4.42134
-484.395 -4.42143
-484.623 -4.42151
-484.852 -4.4216
-485.08 -4.42169
-485.308 -4.42177
-485.536 -4.42186
-485.764 -4.42195
-485.992 -4.42203
-486.22 -4.42212
-486.448 -4.4222
-486.677 -4.42229
-486.905 -4.42238
-487.133 -4.42246
-487.361 -4.42255
-487.589 -4.42264
-487.817 -4.42272
-488.046 -4.42281
-488.274 -4.42289
-488.502 -4.42298
-488.73 -4.42307
-488.958 -4.42315
-489.187 -4.42324
-489.415 -4.42332
-489.643 -4.42341
-489.871 -4.42349
-490.099 -4.42358
-490.328 -4.42367
-490.556 -4.42375
-490.784 -4.42384
-491.012 -4.42392
-491.241 -4.42401
-491.469 -4.42409
-491.697 -4.42418
-491.926 -4.42426
-492.154 -4.42435
-492.382 -4.42443
-492.61 -4.42452
-492.839 -4.4246
-493.067 -4.42469
-493.295 -4.42477
-493.524 -4.42486
-493.752 -4.42494
-493.98 -4.42503
-494.209 -4.42511
-494.437 -4.4252
-494.665 -4.42528
-494.894 -4.42536
-495.122 -4.42545
-495.35 -4.42553
-495.579 -4.42562
-495.807 -4.4257
-496.035 -4.42579
-496.264 -4.42587
-496.492 -4.42596
-496.721 -4.42604
-496.949 -4.42612
-497.177 -4.42621
-497.406 -4.42629
-497.634 -4.42638
-497.863 -4.42646
-498.091 -4.42654
-498.32 -4.42663
-498.548 -4.42671
-498.776 -4.42679
-499.005 -4.42688
-499.233 -4.42696
-499.462 -4.42704
-499.69 -4.42713
-499.919 -4.42721
-500.147 -4.4273
-500.376 -4.42738
-500.604 -4.42746
-500.833 -4.42755
-501.061 -4.42763
-501.29 -4.42771
-501.518 -4.42779
-501.747 -4.42788
-501.975 -4.42796
-502.204 -4.42804
-502.432 -4.42813
-502.661 -4.42821
-502.889 -4.42829
-503.118 -4.42838
-503.347 -4.42846
-503.575 -4.42854
-503.804 -4.42862
-504.032 -4.42871
-504.261 -4.42879
-504.489 -4.42887
-504.718 -4.42895
-504.947 -4.42904
-505.175 -4.42912
-505.404 -4.4292
-505.632 -4.42928
-505.861 -4.42936
-506.09 -4.42945
-506.318 -4.42953
-506.547 -4.42961
-506.776 -4.42969
-507.004 -4.42977
-507.233 -4.42986
-507.462 -4.42994
-507.69 -4.43002
-507.919 -4.4301
-508.148 -4.43018
-508.376 -4.43026
-508.605 -4.43035
-508.834 -4.43043
-509.062 -4.43051
-509.291 -4.43059
-509.52 -4.43067
-509.748 -4.43075
-509.977 -4.43084
-510.206 -4.43092
-510.435 -4.431
-510.663 -4.43108
-510.892 -4.43116
-511.121 -4.43124
-511.35 -4.43132
-511.578 -4.4314
-511.807 -4.43148
-512.036 -4.43157
-512.265 -4.43165
-512.493 -4.43173
-512.722 -4.43181
-512.951 -4.43189
-513.18 -4.43197
-513.409 -4.43205
-513.637 -4.43213
-513.866 -4.43221
-514.095 -4.43229
-514.324 -4.43237
-514.553 -4.43245
-514.781 -4.43253
-515.01 -4.43261
-515.239 -4.43269
-515.468 -4.43277
-515.697 -4.43285
-515.926 -4.43293
-516.155 -4.43301
-516.383 -4.43309
-516.612 -4.43317
-516.841 -4.43325
-517.07 -4.43333
-517.299 -4.43341
-517.528 -4.43349
-517.757 -4.43357
-517.986 -4.43365
-518.214 -4.43373
-518.443 -4.43381
-518.672 -4.43389
-518.901 -4.43397
-519.13 -4.43405
-519.359 -4.43413
-519.588 -4.43421
-519.817 -4.43429
-520.046 -4.43437
-520.275 -4.43445
-520.504 -4.43453
-520.733 -4.43461
-520.962 -4.43469
-521.191 -4.43477
-521.42 -4.43484
-521.649 -4.43492
-521.878 -4.435
-522.107 -4.43508
-522.336 -4.43516
-522.565 -4.43524
-522.794 -4.43532
-523.023 -4.4354
-523.252 -4.43548
-523.481 -4.43555
-523.71 -4.43563
-523.939 -4.43571
-524.168 -4.43579
-524.397 -4.43587
-524.626 -4.43595
-524.855 -4.43603
-525.084 -4.4361
-525.313 -4.43618
-525.542 -4.43626
-525.772 -4.43634
-526.001 -4.43642
-526.23 -4.4365
-526.459 -4.43657
-526.688 -4.43665
-526.917 -4.43673
-527.146 -4.43681
-527.375 -4.43689
-527.604 -4.43696
-527.834 -4.43704
-528.063 -4.43712
-528.292 -4.4372
-528.521 -4.43727
-528.75 -4.43735
-528.979 -4.43743
-529.208 -4.43751
-529.438 -4.43759
-529.667 -4.43766
-529.896 -4.43774
-530.125 -4.43782
-530.354 -4.4379
-530.584 -4.43797
-530.813 -4.43805
-531.042 -4.43813
-531.271 -4.4382
-531.5 -4.43828
-531.73 -4.43836
-531.959 -4.43844
-532.188 -4.43851
-532.417 -4.43859
-532.647 -4.43867
-532.876 -4.43874
-533.105 -4.43882
-533.334 -4.4389
-533.564 -4.43897
-533.793 -4.43905
-534.022 -4.43913
-534.251 -4.4392
-534.481 -4.43928
-534.71 -4.43936
-534.939 -4.43944
-535.169 -4.43951
-535.398 -4.43959
-535.627 -4.43966
-535.856 -4.43974
-536.086 -4.43982
-536.315 -4.43989
-536.544 -4.43997
-536.774 -4.44005
-537.003 -4.44012
-537.232 -4.4402
-537.462 -4.44027
-537.691 -4.44035
-537.92 -4.44043
-538.15 -4.4405
-538.379 -4.44058
-538.609 -4.44065
-538.838 -4.44073
-539.067 -4.44081
-539.297 -4.44088
-539.526 -4.44096
-539.755 -4.44103
-539.985 -4.44111
-540.214 -4.44118
-540.444 -4.44126
-540.673 -4.44134
-540.903 -4.44141
-541.132 -4.44149
-541.361 -4.44156
-541.591 -4.44164
-541.82 -4.44171
-542.05 -4.44179
-542.279 -4.44186
-542.509 -4.44194
-542.738 -4.44201
-542.968 -4.44209
-543.197 -4.44216
-543.427 -4.44224
-543.656 -4.44231
-543.886 -4.44239
-544.115 -4.44246
-544.345 -4.44254
-544.574 -4.44261
-544.804 -4.44269
-545.033 -4.44276
-545.263 -4.44284
-545.492 -4.44291
-545.722 -4.44299
-545.951 -4.44306
-546.181 -4.44314
-546.41 -4.44321
-546.64 -4.44328
-546.869 -4.44336
-547.099 -4.44343
-547.328 -4.44351
-547.558 -4.44358
-547.788 -4.44366
-548.017 -4.44373
-548.247 -4.44381
-548.476 -4.44388
-548.706 -4.44395
-548.935 -4.44403
-549.165 -4.4441
-549.395 -4.44418
-549.624 -4.44425
-549.854 -4.44432
-550.084 -4.4444
-550.313 -4.44447
-550.543 -4.44454
-550.772 -4.44462
-551.002 -4.44469
-551.232 -4.44477
-551.461 -4.44484
-551.691 -4.44491
-551.921 -4.44499
-552.15 -4.44506
-552.38 -4.44513
-552.61 -4.44521
-552.839 -4.44528
-553.069 -4.44535
-553.299 -4.44543
-553.528 -4.4455
-553.758 -4.44557
-553.988 -4.44565
-554.218 -4.44572
-554.447 -4.44579
-554.677 -4.44587
-554.907 -4.44594
-555.136 -4.44601
-555.366 -4.44609
-555.596 -4.44616
-555.826 -4.44623
-556.055 -4.4463
-556.285 -4.44638
-556.515 -4.44645
-556.745 -4.44652
-556.974 -4.4466
-557.204 -4.44667
-557.434 -4.44674
-557.664 -4.44681
-557.894 -4.44689
-558.123 -4.44696
-558.353 -4.44703
-558.583 -4.4471
-558.813 -4.44718
-559.043 -4.44725
-559.272 -4.44732
-559.502 -4.44739
-559.732 -4.44747
-559.962 -4.44754
-560.192 -4.44761
-560.422 -4.44768
-560.651 -4.44775
-560.881 -4.44783
-561.111 -4.4479
-561.341 -4.44797
-561.571 -4.44804
-561.801 -4.44811
-562.031 -4.44819
-562.26 -4.44826
-562.49 -4.44833
-562.72 -4.4484
-562.95 -4.44847
-563.18 -4.44854
-563.41 -4.44862
-563.64 -4.44869
-563.87 -4.44876
-564.1 -4.44883
-564.33 -4.4489
-564.56 -4.44897
-564.789 -4.44905
-565.019 -4.44912
-565.249 -4.44919
-565.479 -4.44926
-565.709 -4.44933
-565.939 -4.4494
-566.169 -4.44947
-566.399 -4.44954
-566.629 -4.44962
-566.859 -4.44969
-567.089 -4.44976
-567.319 -4.44983
-567.549 -4.4499
-567.779 -4.44997
-568.009 -4.45004
-568.239 -4.45011
-568.469 -4.45018
-568.699 -4.45026
-568.929 -4.45033
-569.159 -4.4504
-569.389 -4.45047
-569.619 -4.45054
-569.849 -4.45061
-570.079 -4.45068
-570.309 -4.45075
-570.539 -4.45082
-570.769 -4.45089
-570.999 -4.45096
-571.229 -4.45103
-571.459 -4.4511
-571.69 -4.45117
-571.92 -4.45124
-572.15 -4.45131
-572.38 -4.45138
-572.61 -4.45145
-572.84 -4.45152
-573.07 -4.45159
-573.3 -4.45166
-573.53 -4.45173
-573.76 -4.4518
-573.991 -4.45187
-574.221 -4.45194
-574.451 -4.45201
-574.681 -4.45208
-574.911 -4.45215
-575.141 -4.45222
-575.371 -4.45229
-575.602 -4.45236
-575.832 -4.45243
-576.062 -4.4525
-576.292 -4.45257
-576.522 -4.45264
-576.752 -4.45271
-576.983 -4.45278
-577.213 -4.45285
-577.443 -4.45292
-577.673 -4.45299
-577.903 -4.45306
-578.134 -4.45313
-578.364 -4.4532
-578.594 -4.45327
-578.824 -4.45334
-579.055 -4.4534
-579.285 -4.45347
-579.515 -4.45354
-579.745 -4.45361
-579.975 -4.45368
-580.206 -4.45375
-580.436 -4.45382
-580.666 -4.45389
-580.896 -4.45396
-581.127 -4.45403
-581.357 -4.4541
-581.587 -4.45416
-581.818 -4.45423
-582.048 -4.4543
-582.278 -4.45437
-582.508 -4.45444
-582.739 -4.45451
-582.969 -4.45458
-583.199 -4.45465
-583.43 -4.45471
-583.66 -4.45478
-583.89 -4.45485
-584.12 -4.45492
-584.351 -4.45499
-584.581 -4.45506
-584.812 -4.45512
-585.042 -4.45519
-585.272 -4.45526
-585.503 -4.45533
-585.733 -4.4554
-585.963 -4.45547
-586.194 -4.45553
-586.424 -4.4556
-586.654 -4.45567
-586.885 -4.45574
-587.115 -4.45581
-587.346 -4.45587
-587.576 -4.45594
-587.806 -4.45601
-588.037 -4.45608
-588.267 -4.45615
-588.498 -4.45621
-588.728 -4.45628
-588.958 -4.45635
-589.189 -4.45642
-589.419 -4.45648
-589.65 -4.45655
-589.88 -4.45662
-590.11 -4.45669
-590.341 -4.45676
-590.571 -4.45682
-590.802 -4.45689
-591.032 -4.45696
-591.263 -4.45703
-591.493 -4.45709
-591.724 -4.45716
-591.954 -4.45723
-592.185 -4.45729
-592.415 -4.45736
-592.646 -4.45743
-592.876 -4.4575
-593.107 -4.45756
-593.337 -4.45763
-593.568 -4.4577
-593.798 -4.45777
-594.029 -4.45783
-594.259 -4.4579
-594.49 -4.45797
-594.72 -4.45803
-594.951 -4.4581
-595.181 -4.45817
-595.412 -4.45823
-595.642 -4.4583
-595.873 -4.45837
-596.104 -4.45843
-596.334 -4.4585
-596.565 -4.45857
-596.795 -4.45863
-597.026 -4.4587
-597.256 -4.45877
-597.487 -4.45883
-597.718 -4.4589
-597.948 -4.45897
-598.179 -4.45903
-598.409 -4.4591
-598.64 -4.45917
-598.871 -4.45923
-599.101 -4.4593
-599.332 -4.45936
-599.562 -4.45943
-599.793 -4.4595
-600.024 -4.45956
-600.254 -4.45963
-600.485 -4.4597
-600.716 -4.45976
-600.946 -4.45983
-601.177 -4.45989
-601.408 -4.45996
-601.638 -4.46002
-601.869 -4.46009
-602.1 -4.46016
-602.33 -4.46022
-602.561 -4.46029
-602.792 -4.46035
-603.022 -4.46042
-603.253 -4.46049
-603.484 -4.46055
-603.714 -4.46062
-603.945 -4.46068
-604.176 -4.46075
-604.407 -4.46081
-604.637 -4.46088
-604.868 -4.46094
-605.099 -4.46101
-605.329 -4.46108
-605.56 -4.46114
-605.791 -4.46121
-606.022 -4.46127
-606.252 -4.46134
-606.483 -4.4614
-606.714 -4.46147
-606.945 -4.46153
-607.176 -4.4616
-607.406 -4.46166
-607.637 -4.46173
-607.868 -4.46179
-608.099 -4.46186
-608.329 -4.46192
-608.56 -4.46199
-608.791 -4.46205
-609.022 -4.46212
-609.253 -4.46218
-609.483 -4.46225
-609.714 -4.46231
-609.945 -4.46238
-610.176 -4.46244
-610.407 -4.46251
-610.638 -4.46257
-610.868 -4.46264
-611.099 -4.4627
-611.33 -4.46277
-611.561 -4.46283
-611.792 -4.46289
-612.023 -4.46296
-612.253 -4.46302
-612.484 -4.46309
-612.715 -4.46315
-612.946 -4.46322
-613.177 -4.46328
-613.408 -4.46335
-613.639 -4.46341
-613.87 -4.46347
-614.101 -4.46354
-614.331 -4.4636
-614.562 -4.46367
-614.793 -4.46373
-615.024 -4.4638
-615.255 -4.46386
-615.486 -4.46392
-615.717 -4.46399
-615.948 -4.46405
-616.179 -4.46412
-616.41 -4.46418
-616.641 -4.46424
-616.872 -4.46431
-617.103 -4.46437
-617.334 -4.46443
-617.565 -4.4645
-617.796 -4.46456
-618.026 -4.46463
-618.257 -4.46469
-618.488 -4.46475
-618.719 -4.46482
-618.95 -4.46488
-619.181 -4.46494
-619.412 -4.46501
-619.643 -4.46507
-619.874 -4.46513
-620.105 -4.4652
-620.336 -4.46526
-620.568 -4.46532
-620.799 -4.46539
-621.03 -4.46545
-621.261 -4.46552
-621.492 -4.46558
-621.723 -4.46564
-621.954 -4.46571
-622.185 -4.46577
-622.416 -4.46583
-622.647 -4.46589
-622.878 -4.46596
-623.109 -4.46602
-623.34 -4.46608
-623.571 -4.46615
-623.802 -4.46621
-624.033 -4.46627
-624.264 -4.46634
-624.495 -4.4664
-624.727 -4.46646
-624.958 -4.46652
-625.189 -4.46659
-625.42 -4.46665
-625.651 -4.46671
-625.882 -4.46678
-626.113 -4.46684
-626.344 -4.4669
-626.575 -4.46696
-626.807 -4.46703
-627.038 -4.46709
-627.269 -4.46715
-627.5 -4.46721
-627.731 -4.46728
-627.962 -4.46734
-628.193 -4.4674
-628.425 -4.46746
-628.656 -4.46753
-628.887 -4.46759
-629.118 -4.46765
-629.349 -4.46771
-629.58 -4.46778
-629.812 -4.46784
-630.043 -4.4679
-630.274 -4.46796
-630.505 -4.46802
-630.736 -4.46809
-630.968 -4.46815
-631.199 -4.46821
-631.43 -4.46827
-631.661 -4.46833
-631.892 -4.4684
-632.124 -4.46846
-632.355 -4.46852
-632.586 -4.46858
-632.817 -4.46864
-633.049 -4.46871
-633.28 -4.46877
-633.511 -4.46883
-633.742 -4.46889
-633.974 -4.46895
-634.205 -4.46901
-634.436 -4.46908
-634.667 -4.46914
-634.899 -4.4692
-635.13 -4.46926
-635.361 -4.46932
-635.593 -4.46938
-635.824 -4.46944
-636.055 -4.46951
-636.286 -4.46957
-636.518 -4.46963
-636.749 -4.46969
-636.98 -4.46975
-637.212 -4.46981
-637.443 -4.46987
-637.674 -4.46994
-637.906 -4.47
-638.137 -4.47006
-638.368 -4.47012
-638.6 -4.47018
-638.831 -4.47024
-639.062 -4.4703
-639.294 -4.47036
-639.525 -4.47042
-639.756 -4.47048
-639.988 -4.47055
-640.219 -4.47061
-640.451 -4.47067
-640.682 -4.47073
-640.913 -4.47079
-641.145 -4.47085
-641.376 -4.47091
-641.607 -4.47097
-641.839 -4.47103
-642.07 -4.47109
-642.302 -4.47115
-642.533 -4.47121
-642.764 -4.47127
-642.996 -4.47134
-643.227 -4.4714
-643.459 -4.47146
-643.69 -4.47152
-643.922 -4.47158
-644.153 -4.47164
-644.385 -4.4717
-644.616 -4.47176
-644.847 -4.47182
-645.079 -4.47188
-645.31 -4.47194
-645.542 -4.472
-645.773 -4.47206
-646.005 -4.47212
-646.236 -4.47218
-646.468 -4.47224
-646.699 -4.4723
-646.931 -4.47236
-647.162 -4.47242
-647.394 -4.47248
-647.625 -4.47254
-647.857 -4.4726
-648.088 -4.47266
-648.32 -4.47272
-648.551 -4.47278
-648.783 -4.47284
-649.014 -4.4729
-649.246 -4.47296
-649.477 -4.47302
-649.709 -4.47308
-649.94 -4.47314
-650.172 -4.4732
-650.403 -4.47326
-650.635 -4.47332
-650.867 -4.47338
-651.098 -4.47344
-651.33 -4.4735
-651.561 -4.47356
-651.793 -4.47362
-652.024 -4.47368
-652.256 -4.47374
-652.487 -4.4738
-652.719 -4.47386
-652.951 -4.47392
-653.182 -4.47398
-653.414 -4.47404
-653.645 -4.47409
-653.877 -4.47415
-654.109 -4.47421
-654.34 -4.47427
-654.572 -4.47433
-654.804 -4.47439
-655.035 -4.47445
-655.267 -4.47451
-655.498 -4.47457
-655.73 -4.47463
-655.962 -4.47469
-656.193 -4.47474
-656.425 -4.4748
-656.657 -4.47486
-656.888 -4.47492
-657.12 -4.47498
-657.352 -4.47504
-657.583 -4.4751
-657.815 -4.47516
-658.047 -4.47522
-658.278 -4.47528
-658.51 -4.47533
-658.742 -4.47539
-658.973 -4.47545
-659.205 -4.47551
-659.437 -4.47557
-659.669 -4.47563
-659.9 -4.47569
-660.132 -4.47574
-660.364 -4.4758
-660.595 -4.47586
-660.827 -4.47592
-661.059 -4.47598
-661.291 -4.47604
-661.522 -4.4761
-661.754 -4.47616
-661.986 -4.47621
-662.218 -4.47627
-662.449 -4.47633
-662.681 -4.47639
-662.913 -4.47645
-663.145 -4.4765
-663.376 -4.47656
-663.608 -4.47662
-663.84 -4.47668
-664.072 -4.47674
-664.303 -4.4768
-664.535 -4.47685
-664.767 -4.47691
-664.999 -4.47697
-665.231 -4.47703
-665.462 -4.47709
-665.694 -4.47714
-665.926 -4.4772
-666.158 -4.47726
-666.39 -4.47732
-666.622 -4.47738
-666.853 -4.47743
-667.085 -4.47749
-667.317 -4.47755
-667.549 -4.47761
-667.781 -4.47766
-668.012 -4.47772
-668.244 -4.47778
-668.476 -4.47784
-668.708 -4.47789
-668.94 -4.47795
-669.172 -4.47801
-669.404 -4.47807
-669.636 -4.47813
-669.867 -4.47818
-670.099 -4.47824
-670.331 -4.4783
-670.563 -4.47836
-670.795 -4.47841
-671.027 -4.47847
-671.259 -4.47853
-671.491 -4.47858
-671.722 -4.47864
-671.954 -4.4787
-672.186 -4.47876
-672.418 -4.47881
-672.65 -4.47887
-672.882 -4.47893
-673.114 -4.47899
-673.346 -4.47904
-673.578 -4.4791
-673.81 -4.47916
-674.042 -4.47921
-674.274 -4.47927
-674.506 -4.47933
-674.738 -4.47939
-674.97 -4.47944
-675.201 -4.4795
-675.433 -4.47956
-675.665 -4.47961
-675.897 -4.47967
-676.129 -4.47973
-676.361 -4.47978
-676.593 -4.47984
-676.825 -4.4799
-677.057 -4.47995
-677.289 -4.48001
-677.521 -4.48007
-677.753 -4.48012
-677.985 -4.48018
-678.217 -4.48024
-678.449 -4.48029
-678.681 -4.48035
-678.913 -4.48041
-679.145 -4.48046
-679.378 -4.48052
-679.61 -4.48058
-679.842 -4.48063
-680.074 -4.48069
-680.306 -4.48075
-680.538 -4.4808
-680.77 -4.48086
-681.002 -4.48091
-681.234 -4.48097
-681.466 -4.48103
-681.698 -4.48108
-681.93 -4.48114
-682.162 -4.4812
-682.394 -4.48125
-682.626 -4.48131
-682.858 -4.48136
-683.091 -4.48142
-683.323 -4.48148
-683.555 -4.48153
-683.787 -4.48159
-684.019 -4.48165
-684.251 -4.4817
-684.483 -4.48176
-684.715 -4.48181
-684.947 -4.48187
-685.18 -4.48192
-685.412 -4.48198
-685.644 -4.48204
-685.876 -4.48209
-686.108 -4.48215
-686.34 -4.4822
-686.572 -4.48226
-686.804 -4.48232
-687.037 -4.48237
-687.269 -4.48243
-687.501 -4.48248
-687.733 -4.48254
-687.965 -4.48259
-688.198 -4.48265
-688.43 -4.48271
-688.662 -4.48276
-688.894 -4.48282
-689.126 -4.48287
-689.358 -4.48293
-689.591 -4.48298
-689.823 -4.48304
-690.055 -4.48309
-690.287 -4.48315
-690.519 -4.4832
-690.752 -4.48326
-690.984 -4.48331
-691.216 -4.48337
-691.448 -4.48342
-691.681 -4.48348
-691.913 -4.48354
-692.145 -4.48359
-692.377 -4.48365
-692.609 -4.4837
-692.842 -4.48376
-693.074 -4.48381
-693.306 -4.48387
-693.538 -4.48392
-693.771 -4.48398
-694.003 -4.48403
-694.235 -4.48409
-694.467 -4.48414
-694.7 -4.4842
-694.932 -4.48425
-695.164 -4.48431
-695.397 -4.48436
-695.629 -4.48442
-695.861 -4.48447
-696.094 -4.48452
-696.326 -4.48458
-696.558 -4.48463
-696.79 -4.48469
-697.023 -4.48474
-697.255 -4.4848
-697.487 -4.48485
-697.72 -4.48491
-697.952 -4.48496
-698.184 -4.48502
-698.417 -4.48507
-698.649 -4.48513
-698.881 -4.48518
-699.114 -4.48524
-699.346 -4.48529
-699.578 -4.48534
-699.811 -4.4854
-700.043 -4.48545
-700.276 -4.48551
-700.508 -4.48556
-700.74 -4.48562
-700.973 -4.48567
-701.205 -4.48572
-701.437 -4.48578
-701.67 -4.48583
-701.902 -4.48589
-702.135 -4.48594
-702.367 -4.486
-702.599 -4.48605
-702.832 -4.4861
-703.064 -4.48616
-703.297 -4.48621
-703.529 -4.48627
-703.761 -4.48632
-703.994 -4.48637
-704.226 -4.48643
-704.459 -4.48648
-704.691 -4.48654
-704.924 -4.48659
-705.156 -4.48664
-705.388 -4.4867
-705.621 -4.48675
-705.853 -4.4868
-706.086 -4.48686
-706.318 -4.48691
-706.551 -4.48697
-706.783 -4.48702
-707.016 -4.48707
-707.248 -4.48713
-707.481 -4.48718
-707.713 -4.48724
-707.946 -4.48729
-708.178 -4.48734
-708.411 -4.4874
-708.643 -4.48745
-708.876 -4.4875
-709.108 -4.48756
-709.341 -4.48761
-709.573 -4.48766
-709.805 -4.48772
-710.038 -4.48777
-710.271 -4.48782
-710.503 -4.48788
-710.736 -4.48793
-710.968 -4.48798
-711.201 -4.48804
-711.433 -4.48809
-711.666 -4.48814
-711.898 -4.4882
-712.131 -4.48825
-712.363 -4.4883
-712.596 -4.48836
-712.829 -4.48841
-713.061 -4.48846
-713.294 -4.48852
-713.526 -4.48857
-713.759 -4.48862
-713.991 -4.48868
-714.224 -4.48873
-714.457 -4.48878
-714.689 -4.48883
-714.922 -4.48889
-715.154 -4.48894
-715.387 -4.48899
-715.62 -4.48905
-715.852 -4.4891
-716.085 -4.48915
-716.317 -4.4892
-716.55 -4.48926
-716.783 -4.48931
-717.015 -4.48936
-717.248 -4.48942
-717.48 -4.48947
-717.713 -4.48952
-717.946 -4.48957
-718.178 -4.48963
-718.411 -4.48968
-718.644 -4.48973
-718.876 -4.48978
-719.109 -4.48984
-719.342 -4.48989
-719.574 -4.48994
-719.807 -4.48999
-720.04 -4.49005
-720.272 -4.4901
-720.505 -4.49015
-720.738 -4.4902
-720.97 -4.49026
-721.203 -4.49031
-721.436 -4.49036
-721.668 -4.49041
-721.901 -4.49047
-722.134 -4.49052
-722.366 -4.49057
-722.599 -4.49062
-722.832 -4.49068
-723.065 -4.49073
-723.297 -4.49078
-723.53 -4.49083
-723.763 -4.49088
-723.995 -4.49094
-724.228 -4.49099
-724.461 -4.49104
-724.694 -4.49109
-724.926 -4.49114
-725.159 -4.4912
-725.392 -4.49125
-725.625 -4.4913
-725.857 -4.49135
-726.09 -4.4914
-726.323 -4.49146
-726.556 -4.49151
-726.788 -4.49156
-727.021 -4.49161
-727.254 -4.49166
-727.487 -4.49172
-727.72 -4.49177
-727.952 -4.49182
-728.185 -4.49187
-728.418 -4.49192
-728.651 -4.49197
-728.883 -4.49203
-729.116 -4.49208
-729.349 -4.49213
-729.582 -4.49218
-729.815 -4.49223
-730.047 -4.49228
-730.28 -4.49233
-730.513 -4.49239
-730.746 -4.49244
-730.979 -4.49249
-731.212 -4.49254
-731.445 -4.49259
-731.677 -4.49264
-731.91 -4.49269
-732.143 -4.49275
-732.376 -4.4928
-732.609 -4.49285
-732.842 -4.4929
-733.074 -4.49295
-733.307 -4.493
-733.54 -4.49305
-733.773 -4.49311
-734.006 -4.49316
-734.239 -4.49321
-734.472 -4.49326
-734.705 -4.49331
-734.937 -4.49336
-735.17 -4.49341
-735.403 -4.49346
-735.636 -4.49351
-735.869 -4.49357
-736.102 -4.49362
-736.335 -4.49367
-736.568 -4.49372
-736.801 -4.49377
-737.034 -4.49382
-737.267 -4.49387
-737.499 -4.49392
-737.732 -4.49397
-737.965 -4.49402
-738.198 -4.49408
-738.431 -4.49413
-738.664 -4.49418
-738.897 -4.49423
-739.13 -4.49428
-739.363 -4.49433
-739.596 -4.49438
-739.829 -4.49443
-740.062 -4.49448
-740.295 -4.49453
-740.528 -4.49458
-740.761 -4.49463
-740.994 -4.49468
-741.227 -4.49473
-741.46 -4.49478
-741.693 -4.49483
-741.926 -4.49489
-742.159 -4.49494
-742.392 -4.49499
-742.625 -4.49504
-742.858 -4.49509
-743.091 -4.49514
-743.324 -4.49519
-743.557 -4.49524
-743.79 -4.49529
-744.023 -4.49534
-744.256 -4.49539
-744.489 -4.49544
-744.722 -4.49549
-744.955 -4.49554
-745.188 -4.49559
-745.421 -4.49564
-745.654 -4.49569
-745.887 -4.49574
-746.12 -4.49579
-746.353 -4.49584
-746.586 -4.49589
-746.819 -4.49594
-747.052 -4.49599
-747.285 -4.49604
-747.518 -4.49609
-747.752 -4.49614
-747.985 -4.49619
-748.218 -4.49624
-748.451 -4.49629
-748.684 -4.49634
-748.917 -4.49639
-749.15 -4.49644
-749.383 -4.49649
-749.616 -4.49654
-749.849 -4.49659
-750.082 -4.49664
-750.316 -4.49669
-750.549 -4.49674
-750.782 -4.49679
-751.015 -4.49684
-751.248 -4.49689
-751.481 -4.49694
-751.714 -4.49699
-751.947 -4.49704
-752.181 -4.49709
-752.414 -4.49714
-752.647 -4.49719
-752.88 -4.49724
-753.113 -4.49729
-753.346 -4.49734
-753.579 -4.49739
-753.813 -4.49744
-754.046 -4.49749
-754.279 -4.49753
-754.512 -4.49758
-754.745 -4.49763
-754.978 -4.49768
-755.212 -4.49773
-755.445 -4.49778
-755.678 -4.49783
-755.911 -4.49788
-756.144 -4.49793
-756.378 -4.49798
-756.611 -4.49803
-756.844 -4.49808
-757.077 -4.49813
-757.31 -4.49818
-757.544 -4.49823
-757.777 -4.49827
-758.01 -4.49832
-758.243 -4.49837
-758.477 -4.49842
-758.71 -4.49847
-758.943 -4.49852
-759.176 -4.49857
-759.409 -4.49862
-759.643 -4.49867
-759.876 -4.49872
-760.109 -4.49877
-760.342 -4.49881
-760.576 -4.49886
-760.809 -4.49891
-761.042 -4.49896
-761.275 -4.49901
-761.509 -4.49906
-761.742 -4.49911
-761.975 -4.49916
-762.209 -4.49921
-762.442 -4.49925
-762.675 -4.4993
-762.908 -4.49935
-763.142 -4.4994
-763.375 -4.49945
-763.608 -4.4995
-763.841 -4.49955
-764.075 -4.49959
-764.308 -4.49964
-764.541 -4.49969
-764.775 -4.49974
-765.008 -4.49979
-765.241 -4.49984
-765.475 -4.49989
-765.708 -4.49994
-765.941 -4.49998
-766.175 -4.50003
-766.408 -4.50008
-766.641 -4.50013
-766.875 -4.50018
-767.108 -4.50023
-767.341 -4.50028
-767.575 -4.50032
-767.808 -4.50037
-768.041 -4.50042
-768.275 -4.50047
-768.508 -4.50052
-768.741 -4.50056
-768.975 -4.50061
-769.208 -4.50066
-769.442 -4.50071
-769.675 -4.50076
-769.908 -4.50081
-770.142 -4.50085
-770.375 -4.5009
-770.609 -4.50095
-770.842 -4.501
-771.075 -4.50105
-771.309 -4.50109
-771.542 -4.50114
-771.776 -4.50119
-772.009 -4.50124
-772.242 -4.50129
-772.476 -4.50134
-772.709 -4.50138
-772.943 -4.50143
-773.176 -4.50148
-773.409 -4.50153
-773.643 -4.50157
-773.876 -4.50162
-774.11 -4.50167
-774.343 -4.50172
-774.577 -4.50177
-774.81 -4.50181
-775.044 -4.50186
-775.277 -4.50191
-775.511 -4.50196
-775.744 -4.502
-775.978 -4.50205
-776.211 -4.5021
-776.444 -4.50215
-776.678 -4.50219
-776.911 -4.50224
-777.145 -4.50229
-777.378 -4.50234
-777.612 -4.50239
-777.845 -4.50243
-778.079 -4.50248
-778.312 -4.50253
-778.546 -4.50258
-778.779 -4.50262
-779.013 -4.50267
-779.246 -4.50272
-779.48 -4.50277
-779.713 -4.50281
-779.947 -4.50286
-780.18 -4.50291
-780.414 -4.50296
-780.648 -4.503
-780.881 -4.50305
-781.115 -4.5031
-781.348 -4.50314
-781.582 -4.50319
-781.815 -4.50324
-782.049 -4.50329
-782.282 -4.50333
-782.516 -4.50338
-782.749 -4.50343
-782.983 -4.50348
-783.217 -4.50352
-783.45 -4.50357
-783.684 -4.50362
-783.917 -4.50366
-784.151 -4.50371
-784.384 -4.50376
-784.618 -4.50381
-784.852 -4.50385
-785.085 -4.5039
-785.319 -4.50395
-785.552 -4.50399
-785.786 -4.50404
-786.02 -4.50409
-786.253 -4.50413
-786.487 -4.50418
-786.72 -4.50423
-786.954 -4.50427
-787.188 -4.50432
-787.421 -4.50437
-787.655 -4.50442
-787.889 -4.50446
-788.122 -4.50451
-788.356 -4.50456
-788.589 -4.5046
-788.823 -4.50465
-789.057 -4.5047
-789.29 -4.50474
-789.524 -4.50479
-789.758 -4.50484
-789.991 -4.50488
-790.225 -4.50493
-790.459 -4.50498
-790.692 -4.50502
-790.926 -4.50507
-791.16 -4.50512
-791.393 -4.50516
-791.627 -4.50521
-791.861 -4.50526
-792.094 -4.5053
-792.328 -4.50535
-792.562 -4.50539
-792.795 -4.50544
-793.029 -4.50549
-793.263 -4.50553
-793.497 -4.50558
-793.73 -4.50563
-793.964 -4.50567
-794.198 -4.50572
-794.431 -4.50576
-794.665 -4.50581
-794.899 -4.50586
-795.133 -4.5059
-795.366 -4.50595
-795.6 -4.506
-795.834 -4.50604
-796.067 -4.50609
-796.301 -4.50613
-796.535 -4.50618
-796.769 -4.50623
-797.002 -4.50627
-797.236 -4.50632
-797.47 -4.50637
-797.704 -4.50641
-797.938 -4.50646
-798.171 -4.50651
-798.405 -4.50655
-798.639 -4.5066
-798.873 -4.50664
-799.106 -4.50669
-799.34 -4.50673
-799.574 -4.50678
-799.808 -4.50683
-800.041 -4.50687
-800.275 -4.50692
-800.509 -4.50696
-800.743 -4.50701
-800.977 -4.50705
-801.21 -4.5071
-801.444 -4.50715
-801.678 -4.50719
-801.912 -4.50724
-802.146 -4.50728
-802.38 -4.50733
-802.613 -4.50738
-802.847 -4.50742
-803.081 -4.50747
-803.315 -4.50751
-803.549 -4.50756
-803.782 -4.5076
-804.016 -4.50765
-804.25 -4.5077
-804.484 -4.50774
-804.718 -4.50779
-804.952 -4.50783
-805.185 -4.50788
-805.419 -4.50792
-805.653 -4.50797
-805.887 -4.50801
-806.121 -4.50806
-806.355 -4.5081
-806.589 -4.50815
-806.823 -4.5082
-807.057 -4.50824
-807.29 -4.50829
-807.524 -4.50833
-807.758 -4.50838
-807.992 -4.50842
-808.226 -4.50847
-808.46 -4.50851
-808.694 -4.50856
-808.928 -4.5086
-809.161 -4.50865
-809.395 -4.50869
-809.629 -4.50874
-809.863 -4.50878
-810.097 -4.50883
-810.331 -4.50887
-810.565 -4.50892
-810.799 -4.50897
-811.033 -4.50901
-811.267 -4.50906
-811.501 -4.5091
-811.735 -4.50915
-811.969 -4.50919
-812.203 -4.50924
-812.437 -4.50928
-812.671 -4.50933
-812.904 -4.50937
-813.138 -4.50942
-813.372 -4.50946
-813.606 -4.50951
-813.84 -4.50955
-814.074 -4.50959
-814.308 -4.50964
-814.542 -4.50968
-814.776 -4.50973
-815.01 -4.50977
-815.244 -4.50982
-815.478 -4.50986
-815.712 -4.50991
-815.946 -4.50995
-816.18 -4.51
-816.414 -4.51004
-816.648 -4.51009
-816.882 -4.51013
-817.116 -4.51018
-817.35 -4.51022
-817.584 -4.51027
-817.818 -4.51031
-818.052 -4.51036
-818.286 -4.5104
-818.52 -4.51045
-818.754 -4.51049
-818.988 -4.51054
-819.222 -4.51058
-819.456 -4.51062
-819.69 -4.51067
-819.924 -4.51071
-820.159 -4.51076
-820.393 -4.5108
-820.627 -4.51085
-820.861 -4.51089
-821.095 -4.51093
-821.329 -4.51098
-821.563 -4.51102
-821.797 -4.51107
-822.031 -4.51111
-822.265 -4.51116
-822.499 -4.5112
-822.733 -4.51124
-822.967 -4.51129
-823.201 -4.51133
-823.435 -4.51138
-823.67 -4.51142
-823.904 -4.51147
-824.138 -4.51151
-824.372 -4.51156
-824.606 -4.5116
-824.84 -4.51164
-825.074 -4.51169
-825.308 -4.51173
-825.542 -4.51178
-825.777 -4.51182
-826.011 -4.51186
-826.245 -4.51191
-826.479 -4.51195
-826.713 -4.512
-826.947 -4.51204
-827.181 -4.51208
-827.416 -4.51213
-827.65 -4.51217
-827.884 -4.51222
-828.118 -4.51226
-828.352 -4.5123
-828.586 -4.51235
-828.82 -4.51239
-829.054 -4.51243
-829.289 -4.51248
-829.523 -4.51252
-829.757 -4.51257
-829.991 -4.51261
-830.225 -4.51265
-830.46 -4.5127
-830.694 -4.51274
-830.928 -4.51279
-831.162 -4.51283
-831.396 -4.51287
-831.631 -4.51292
-831.865 -4.51296
-832.099 -4.513
-832.333 -4.51305
-832.567 -4.51309
-832.802 -4.51314
-833.036 -4.51318
-833.27 -4.51322
-833.504 -4.51327
-833.738 -4.51331
-833.972 -4.51335
-834.207 -4.5134
-834.441 -4.51344
-834.675 -4.51348
-834.909 -4.51353
-835.144 -4.51357
-835.378 -4.51361
-835.612 -4.51366
-835.846 -4.5137
-836.081 -4.51374
-836.315 -4.51379
-836.549 -4.51383
-836.784 -4.51387
-837.018 -4.51392
-837.252 -4.51396
-837.486 -4.514
-837.721 -4.51405
-837.955 -4.51409
-838.189 -4.51413
-838.423 -4.51418
-838.658 -4.51422
-838.892 -4.51426
-839.126 -4.51431
-839.36 -4.51435
-839.595 -4.51439
-839.829 -4.51444
-840.063 -4.51448
-840.298 -4.51452
-840.532 -4.51457
-840.766 -4.51461
-841.001 -4.51465
-841.235 -4.5147
-841.469 -4.51474
-841.704 -4.51478
-841.938 -4.51482
-842.172 -4.51487
-842.406 -4.51491
-842.641 -4.51495
-842.875 -4.515
-843.109 -4.51504
-843.344 -4.51508
-843.578 -4.51512
-843.812 -4.51517
-844.047 -4.51521
-844.281 -4.51525
-844.516 -4.5153
-844.75 -4.51534
-844.984 -4.51538
-845.219 -4.51542
-845.453 -4.51547
-845.687 -4.51551
-845.922 -4.51555
-846.156 -4.5156
-846.391 -4.51564
-846.625 -4.51568
-846.859 -4.51573
-847.094 -4.51577
-847.328 -4.51581
-847.562 -4.51585
-847.797 -4.5159
-848.031 -4.51594
-848.266 -4.51598
-848.5 -4.51602
-848.734 -4.51607
-848.969 -4.51611
-849.203 -4.51615
-849.438 -4.51619
-849.672 -4.51623
-849.906 -4.51628
-850.141 -4.51632
-850.375 -4.51636
-850.61 -4.5164
-850.844 -4.51645
-851.079 -4.51649
-851.313 -4.51653
-851.547 -4.51657
-851.782 -4.51662
-852.016 -4.51666
-852.251 -4.5167
-852.485 -4.51674
-852.72 -4.51679
-852.954 -4.51683
-853.188 -4.51687
-853.423 -4.51691
-853.657 -4.51696
-853.892 -4.517
-854.126 -4.51704
-854.361 -4.51708
-854.595 -4.51713
-854.83 -4.51717
-855.064 -4.51721
-855.299 -4.51725
-855.533 -4.51729
-855.768 -4.51734
-856.002 -4.51738
-856.237 -4.51742
-856.471 -4.51746
-856.706 -4.5175
-856.94 -4.51755
-857.175 -4.51759
-857.409 -4.51763
-857.644 -4.51767
-857.878 -4.51771
-858.113 -4.51776
-858.347 -4.5178
-858.582 -4.51784
-858.816 -4.51788
-859.051 -4.51792
-859.285 -4.51797
-859.52 -4.51801
-859.754 -4.51805
-859.989 -4.51809
-860.224 -4.51813
-860.458 -4.51818
-860.693 -4.51822
-860.927 -4.51826
-861.162 -4.5183
-861.396 -4.51834
-861.631 -4.51838
-861.865 -4.51843
-862.1 -4.51847
-862.335 -4.51851
-862.569 -4.51855
-862.804 -4.51859
-863.038 -4.51864
-863.273 -4.51868
-863.507 -4.51872
-863.742 -4.51876
-863.976 -4.5188
-864.211 -4.51884
-864.446 -4.51888
-864.68 -4.51893
-864.915 -4.51897
-865.149 -4.51901
-865.384 -4.51905
-865.619 -4.51909
-865.853 -4.51913
-866.088 -4.51917
-866.323 -4.51922
-866.557 -4.51926
-866.792 -4.5193
-867.026 -4.51934
-867.261 -4.51938
-867.496 -4.51942
-867.73 -4.51946
-867.965 -4.51951
-868.2 -4.51955
-868.434 -4.51959
-868.669 -4.51963
-868.903 -4.51967
-869.138 -4.51971
-869.373 -4.51976
-869.607 -4.5198
-869.842 -4.51984
-870.077 -4.51988
-870.311 -4.51992
-870.546 -4.51996
-870.781 -4.52
-871.015 -4.52004
-871.25 -4.52008
-871.485 -4.52013
-871.719 -4.52017
-871.954 -4.52021
-872.189 -4.52025
-872.423 -4.52029
-872.658 -4.52033
-872.893 -4.52037
-873.128 -4.52041
-873.362 -4.52045
-873.597 -4.52049
-873.832 -4.52054
-874.066 -4.52058
-874.301 -4.52062
-874.536 -4.52066
-874.77 -4.5207
-875.005 -4.52074
-875.24 -4.52078
-875.474 -4.52082
-875.709 -4.52086
-875.944 -4.52091
-876.179 -4.52095
-876.413 -4.52099
-876.648 -4.52103
-876.883 -4.52107
-877.118 -4.52111
-877.352 -4.52115
-877.587 -4.52119
-877.822 -4.52123
-878.057 -4.52127
-878.291 -4.52131
-878.526 -4.52136
-878.761 -4.5214
-878.996 -4.52144
-879.23 -4.52148
-879.465 -4.52152
-879.7 -4.52156
-879.935 -4.5216
-880.169 -4.52164
-880.404 -4.52168
-880.639 -4.52172
-880.874 -4.52176
-881.109 -4.5218
-881.343 -4.52184
-881.578 -4.52188
-881.813 -4.52192
-882.048 -4.52196
-882.283 -4.522
-882.517 -4.52204
-882.752 -4.52208
-882.987 -4.52213
-883.222 -4.52217
-883.457 -4.52221
-883.691 -4.52225
-883.926 -4.52229
-884.161 -4.52233
-884.396 -4.52237
-884.631 -4.52241
-884.865 -4.52245
-885.1 -4.52249
-885.335 -4.52253
-885.57 -4.52257
-885.805 -4.52261
-886.04 -4.52265
-886.274 -4.52269
-886.509 -4.52273
-886.744 -4.52277
-886.979 -4.52281
-887.214 -4.52285
-887.449 -4.52289
-887.684 -4.52293
-887.919 -4.52297
-888.153 -4.52301
-888.388 -4.52305
-888.623 -4.52309
-888.858 -4.52313
-889.093 -4.52317
-889.328 -4.52321
-889.563 -4.52325
-889.797 -4.52329
-890.032 -4.52333
-890.267 -4.52337
-890.502 -4.52341
-890.737 -4.52345
-890.972 -4.52349
-891.207 -4.52353
-891.442 -4.52357
-891.677 -4.52361
-891.912 -4.52365
-892.146 -4.52369
-892.381 -4.52373
-892.616 -4.52377
-892.851 -4.52381
-893.086 -4.52385
-893.321 -4.52389
-893.556 -4.52393
-893.791 -4.52397
-894.026 -4.52401
-894.261 -4.52405
-894.496 -4.52409
-894.731 -4.52413
-894.966 -4.52417
-895.201 -4.52421
-895.435 -4.52425
-895.67 -4.52429
-895.905 -4.52433
-896.14 -4.52437
-896.375 -4.52441
-896.61 -4.52445
-896.845 -4.52449
-897.08 -4.52453
-897.315 -4.52457
-897.55 -4.52461
-897.785 -4.52465
-898.02 -4.52469
-898.255 -4.52473
-898.49 -4.52477
-898.725 -4.52481
-898.96 -4.52485
-899.195 -4.52489
-899.43 -4.52493
-899.665 -4.52497
-899.9 -4.52501
-900.135 -4.52504
-900.37 -4.52508
-900.605 -4.52512
-900.84 -4.52516
-901.075 -4.5252
-901.31 -4.52524
-901.545 -4.52528
-901.78 -4.52532
-902.015 -4.52536
-902.25 -4.5254
-902.485 -4.52544
-902.72 -4.52548
-902.955 -4.52552
-903.19 -4.52556
-903.425 -4.5256
-903.66 -4.52564
-903.895 -4.52568
-904.13 -4.52572
-904.366 -4.52575
-904.601 -4.52579
-904.836 -4.52583
-905.071 -4.52587
-905.306 -4.52591
-905.541 -4.52595
-905.776 -4.52599
-906.011 -4.52603
-906.246 -4.52607
-906.481 -4.52611
-906.716 -4.52615
-906.951 -4.52619
-907.186 -4.52622
-907.421 -4.52626
-907.656 -4.5263
-907.891 -4.52634
-908.127 -4.52638
-908.362 -4.52642
-908.597 -4.52646
-908.832 -4.5265
-909.067 -4.52654
-909.302 -4.52658
-909.537 -4.52662
-909.772 -4.52665
-910.007 -4.52669
-910.243 -4.52673
-910.478 -4.52677
-910.713 -4.52681
-910.948 -4.52685
-911.183 -4.52689
-911.418 -4.52693
-911.653 -4.52697
-911.888 -4.52701
-912.123 -4.52704
-912.359 -4.52708
-912.594 -4.52712
-912.829 -4.52716
-913.064 -4.5272
-913.299 -4.52724
-913.534 -4.52728
-913.77 -4.52732
-914.005 -4.52735
-914.24 -4.52739
-914.475 -4.52743
-914.71 -4.52747
-914.945 -4.52751
-915.181 -4.52755
-915.416 -4.52759
-915.651 -4.52762
-915.886 -4.52766
-916.121 -4.5277
-916.356 -4.52774
-916.592 -4.52778
-916.827 -4.52782
-917.062 -4.52786
-917.297 -4.52789
-917.532 -4.52793
-917.767 -4.52797
-918.003 -4.52801
-918.238 -4.52805
-918.473 -4.52809
-918.708 -4.52813
-918.943 -4.52816
-919.179 -4.5282
-919.414 -4.52824
-919.649 -4.52828
-919.884 -4.52832
-920.12 -4.52836
-920.355 -4.5284
-920.59 -4.52844
-920.825 -4.52847
-921.061 -4.52851
-921.296 -4.52855
-921.531 -4.52859
-921.766 -4.52863
-922.001 -4.52866
-922.237 -4.5287
-922.472 -4.52874
-922.707 -4.52878
-922.942 -4.52882
-923.178 -4.52886
-923.413 -4.52889
-923.648 -4.52893
-923.883 -4.52897
-924.119 -4.52901
-924.354 -4.52905
-924.589 -4.52908
-924.825 -4.52912
-925.06 -4.52916
-925.295 -4.5292
-925.53 -4.52924
-925.766 -4.52927
-926.001 -4.52931
-926.236 -4.52935
-926.472 -4.52939
-926.707 -4.52943
-926.942 -4.52947
-927.177 -4.5295
-927.413 -4.52954
-927.648 -4.52958
-927.883 -4.52962
-928.119 -4.52966
-928.354 -4.52969
-928.589 -4.52973
-928.824 -4.52977
-929.06 -4.52981
-929.295 -4.52985
-929.53 -4.52989
-929.766 -4.52992
-930.001 -4.52996
-930.236 -4.53
-930.472 -4.53004
-930.707 -4.53007
-930.943 -4.53011
-931.178 -4.53015
-931.413 -4.53019
-931.649 -4.53022
-931.884 -4.53026
-932.119 -4.5303
-932.355 -4.53034
-932.59 -4.53038
-932.825 -4.53041
-933.061 -4.53045
-933.296 -4.53049
-933.531 -4.53053
-933.767 -4.53056
-934.002 -4.5306
-934.237 -4.53064
-934.473 -4.53068
-934.708 -4.53071
-934.943 -4.53075
-935.179 -4.53079
-935.414 -4.53083
-935.65 -4.53087
-935.885 -4.5309
-936.121 -4.53094
-936.356 -4.53098
-936.591 -4.53102
-936.827 -4.53105
-937.062 -4.53109
-937.298 -4.53113
-937.533 -4.53117
-937.768 -4.5312
-938.004 -4.53124
-938.239 -4.53128
-938.475 -4.53132
-938.71 -4.53135
-938.945 -4.53139
-939.181 -4.53143
-939.416 -4.53147
-939.652 -4.5315
-939.887 -4.53154
-940.123 -4.53158
-940.358 -4.53162
-940.593 -4.53165
-940.829 -4.53169
-941.064 -4.53173
-941.3 -4.53176
-941.535 -4.5318
-941.771 -4.53184
-942.006 -4.53188
-942.242 -4.53191
-942.477 -4.53195
-942.713 -4.53199
-942.948 -4.53203
-943.184 -4.53206
-943.419 -4.5321
-943.655 -4.53214
-943.89 -4.53217
-944.125 -4.53221
-944.361 -4.53225
-944.596 -4.53229
-944.832 -4.53232
-945.067 -4.53236
-945.303 -4.5324
-945.538 -4.53243
-945.774 -4.53247
-946.009 -4.53251
-946.245 -4.53255
-946.48 -4.53258
-946.716 -4.53262
-946.951 -4.53266
-947.187 -4.53269
-947.422 -4.53273
-947.658 -4.53277
-947.893 -4.53281
-948.129 -4.53284
-948.365 -4.53288
-948.6 -4.53292
-948.836 -4.53295
-949.071 -4.53299
-949.307 -4.53303
-949.542 -4.53306
-949.778 -4.5331
-950.013 -4.53314
-950.249 -4.53317
-950.484 -4.53321
-950.72 -4.53325
-950.955 -4.53329
-951.191 -4.53332
-951.426 -4.53336
-951.662 -4.5334
-951.898 -4.53343
-952.133 -4.53347
-952.369 -4.53351
-952.604 -4.53354
-952.84 -4.53358
-953.075 -4.53362
-953.311 -4.53365
-953.547 -4.53369
-953.782 -4.53373
-954.018 -4.53376
-954.253 -4.5338
-954.489 -4.53384
-954.725 -4.53387
-954.96 -4.53391
-955.196 -4.53395
-955.431 -4.53398
-955.667 -4.53402
-955.903 -4.53406
-956.138 -4.53409
-956.374 -4.53413
-956.609 -4.53417
-956.845 -4.5342
-957.081 -4.53424
-957.316 -4.53428
-957.552 -4.53431
-957.787 -4.53435
-958.023 -4.53439
-958.258 -4.53442
-958.494 -4.53446
-958.73 -4.5345
-958.965 -4.53453
-959.201 -4.53457
-959.437 -4.53461
-959.672 -4.53464
-959.908 -4.53468
-960.144 -4.53471
-960.379 -4.53475
-960.615 -4.53479
-960.851 -4.53482
-961.086 -4.53486
-961.322 -4.53489
-961.558 -4.53493
-961.793 -4.53497
-962.029 -4.535
-962.265 -4.53504
-962.5 -4.53508
-962.736 -4.53511
-962.972 -4.53515
-963.207 -4.53518
-963.443 -4.53522
-963.679 -4.53526
-963.914 -4.53529
-964.15 -4.53533
-964.386 -4.53537
-964.621 -4.5354
-964.857 -4.53544
-965.093 -4.53547
-965.328 -4.53551
-965.564 -4.53555
-965.8 -4.53558
-966.036 -4.53562
-966.271 -4.53566
-966.507 -4.53569
-966.743 -4.53573
-966.979 -4.53576
-967.214 -4.5358
-967.45 -4.53584
-967.686 -4.53587
-967.921 -4.53591
-968.157 -4.53595
-968.393 -4.53598
-968.629 -4.53602
-968.864 -4.53605
-969.1 -4.53609
-969.336 -4.53613
-969.571 -4.53616
-969.807 -4.5362
-970.043 -4.53623
-970.279 -4.53627
-970.514 -4.5363
-970.75 -4.53634
-970.986 -4.53638
-971.222 -4.53641
-971.458 -4.53645
-971.693 -4.53648
-971.929 -4.53652
-972.165 -4.53655
-972.401 -4.53659
-972.636 -4.53663
-972.872 -4.53666
-973.108 -4.5367
-973.344 -4.53673
-973.58 -4.53677
-973.815 -4.5368
-974.051 -4.53684
-974.287 -4.53688
-974.523 -4.53691
-974.758 -4.53695
-974.994 -4.53698
-975.23 -4.53702
-975.466 -4.53706
-975.702 -4.53709
-975.937 -4.53713
-976.173 -4.53716
-976.409 -4.5372
-976.645 -4.53723
-976.881 -4.53727
-977.116 -4.53731
-977.352 -4.53734
-977.588 -4.53738
-977.824 -4.53741
-978.06 -4.53745
-978.296 -4.53748
-978.531 -4.53752
-978.767 -4.53756
-979.003 -4.53759
-979.239 -4.53763
-979.475 -4.53766
-979.711 -4.5377
-979.947 -4.53773
-980.182 -4.53777
-980.418 -4.5378
-980.654 -4.53784
-980.89 -4.53787
-981.126 -4.53791
-981.362 -4.53794
-981.597 -4.53798
-981.833 -4.53801
-982.069 -4.53805
-982.305 -4.53808
-982.541 -4.53812
-982.777 -4.53816
-983.013 -4.53819
-983.249 -4.53823
-983.484 -4.53826
-983.72 -4.5383
-983.956 -4.53833
-984.192 -4.53837
-984.428 -4.5384
-984.664 -4.53844
-984.9 -4.53847
-985.136 -4.53851
-985.372 -4.53854
-985.608 -4.53858
-985.843 -4.53861
-986.079 -4.53865
-986.315 -4.53868
-986.551 -4.53872
-986.787 -4.53875
-987.023 -4.53879
-987.259 -4.53883
-987.495 -4.53886
-987.731 -4.5389
-987.967 -4.53893
-988.202 -4.53897
-988.438 -4.539
-988.674 -4.53904
-988.91 -4.53907
-989.146 -4.53911
-989.382 -4.53914
-989.618 -4.53918
-989.854 -4.53921
-990.09 -4.53925
-990.326 -4.53928
-990.562 -4.53932
-990.798 -4.53935
-991.034 -4.53939
-991.27 -4.53942
-991.506 -4.53946
-991.742 -4.53949
-991.978 -4.53953
-992.214 -4.53956
-992.45 -4.5396
-992.686 -4.53963
-992.922 -4.53966
-993.158 -4.5397
-993.394 -4.53973
-993.63 -4.53977
-993.865 -4.5398
-994.101 -4.53984
-994.337 -4.53987
-994.573 -4.53991
-994.809 -4.53994
-995.045 -4.53998
-995.281 -4.54001
-995.517 -4.54005
-995.753 -4.54008
-995.99 -4.54012
-996.226 -4.54015
-996.462 -4.54019
-996.698 -4.54022
-996.934 -4.54026
-997.17 -4.54029
-997.406 -4.54033
-997.642 -4.54036
-997.878 -4.5404
-998.114 -4.54043
-998.35 -4.54047
-998.586 -4.5405
-998.822 -4.54053
-999.058 -4.54057
-999.294 -4.5406
-999.53 -4.54064
-999.766 -4.54067
-1000 -4.54071
-1000.24 -4.54074
-1000.47 -4.54078
-1000.71 -4.54081
-1000.95 -4.54085
-1001.18 -4.54088
-1001.42 -4.54091
-1001.65 -4.54095
-1001.89 -4.54098
-1002.13 -4.54102
-1002.36 -4.54105
-1002.6 -4.54109
-1002.83 -4.54112
-1003.07 -4.54115
-1003.31 -4.54119
-1003.54 -4.54122
-1003.78 -4.54126
-1004.02 -4.54129
-1004.25 -4.54133
-1004.49 -4.54136
-1004.72 -4.5414
-1004.96 -4.54143
-1005.2 -4.54146
-1005.43 -4.5415
-1005.67 -4.54153
-1005.9 -4.54157
-1006.14 -4.5416
-1006.38 -4.54164
-1006.61 -4.54167
-1006.85 -4.5417
-1007.08 -4.54174
-1007.32 -4.54177
-1007.56 -4.54181
-1007.79 -4.54184
-1008.03 -4.54188
-1008.26 -4.54191
-1008.5 -4.54194
-1008.74 -4.54198
-1008.97 -4.54201
-1009.21 -4.54205
-1009.45 -4.54208
-1009.68 -4.54212
-1009.92 -4.54215
-1010.15 -4.54218
-1010.39 -4.54222
-1010.63 -4.54225
-1010.86 -4.54229
-1011.1 -4.54232
-1011.33 -4.54236
-1011.57 -4.54239
-1011.81 -4.54242
-1012.04 -4.54246
-1012.28 -4.54249
-1012.52 -4.54252
-1012.75 -4.54256
-1012.99 -4.54259
-1013.22 -4.54263
-1013.46 -4.54266
-1013.7 -4.54269
-1013.93 -4.54273
-1014.17 -4.54276
-1014.4 -4.5428
-1014.64 -4.54283
-1014.88 -4.54286
-1015.11 -4.5429
-1015.35 -4.54293
-1015.59 -4.54296
-1015.82 -4.543
-1016.06 -4.54303
-1016.29 -4.54307
-1016.53 -4.5431
-1016.77 -4.54313
-1017 -4.54317
-1017.24 -4.5432
-1017.48 -4.54324
-1017.71 -4.54327
-1017.95 -4.5433
-1018.18 -4.54334
-1018.42 -4.54337
-1018.66 -4.5434
-1018.89 -4.54344
-1019.13 -4.54347
-1019.37 -4.54351
-1019.6 -4.54354
-1019.84 -4.54357
-1020.07 -4.54361
-1020.31 -4.54364
-1020.55 -4.54368
-1020.78 -4.54371
-1021.02 -4.54374
-1021.26 -4.54378
-1021.49 -4.54381
-1021.73 -4.54384
-1021.96 -4.54388
-1022.2 -4.54391
-1022.44 -4.54395
-1022.67 -4.54398
-1022.91 -4.54401
-1023.15 -4.54405
-1023.38 -4.54408
-1023.62 -4.54411
-1023.85 -4.54415
-1024.09 -4.54418
-1024.33 -4.54421
-1024.56 -4.54425
-1024.8 -4.54428
-1025.04 -4.54431
-1025.27 -4.54435
-1025.51 -4.54438
-1025.74 -4.54441
-1025.98 -4.54445
-1026.22 -4.54448
-1026.45 -4.54451
-1026.69 -4.54455
-1026.93 -4.54458
-1027.16 -4.54461
-1027.4 -4.54465
-1027.64 -4.54468
-1027.87 -4.54471
-1028.11 -4.54475
-1028.34 -4.54478
-1028.58 -4.54481
-1028.82 -4.54485
-1029.05 -4.54488
-1029.29 -4.54491
-1029.53 -4.54495
-1029.76 -4.54498
-1030 -4.54501
-1030.24 -4.54505
-1030.47 -4.54508
-1030.71 -4.54511
-1030.94 -4.54515
-1031.18 -4.54518
-1031.42 -4.54521
-1031.65 -4.54525
-1031.89 -4.54528
-1032.13 -4.54531
-1032.36 -4.54535
-1032.6 -4.54538
-1032.83 -4.54541
-1033.07 -4.54545
-1033.31 -4.54548
-1033.54 -4.54551
-1033.78 -4.54555
-1034.02 -4.54558
-1034.25 -4.54561
-1034.49 -4.54565
-1034.73 -4.54568
-1034.96 -4.54571
-1035.2 -4.54574
-1035.43 -4.54578
-1035.67 -4.54581
-1035.91 -4.54584
-1036.14 -4.54588
-1036.38 -4.54591
-1036.62 -4.54594
-1036.85 -4.54597
-1037.09 -4.54601
-1037.33 -4.54604
-1037.56 -4.54607
-1037.8 -4.54611
-1038.04 -4.54614
-1038.27 -4.54617
-1038.51 -4.54621
-1038.74 -4.54624
-1038.98 -4.54627
-1039.22 -4.5463
-1039.45 -4.54634
-1039.69 -4.54637
-1039.93 -4.5464
-1040.16 -4.54644
-1040.4 -4.54647
-1040.64 -4.5465
-1040.87 -4.54653
-1041.11 -4.54657
-1041.35 -4.5466
-1041.58 -4.54663
-1041.82 -4.54667
-1042.05 -4.5467
-1042.29 -4.54673
-1042.53 -4.54676
-1042.76 -4.5468
-1043 -4.54683
-1043.24 -4.54686
-1043.47 -4.5469
-1043.71 -4.54693
-1043.95 -4.54696
-1044.18 -4.54699
-1044.42 -4.54703
-1044.66 -4.54706
-1044.89 -4.54709
-1045.13 -4.54713
-1045.36 -4.54716
-1045.6 -4.54719
-1045.84 -4.54722
-1046.07 -4.54726
-1046.31 -4.54729
-1046.55 -4.54732
-1046.78 -4.54735
-1047.02 -4.54739
-1047.26 -4.54742
-1047.49 -4.54745
-1047.73 -4.54748
-1047.97 -4.54752
-1048.2 -4.54755
-1048.44 -4.54758
-1048.68 -4.54761
-1048.91 -4.54765
-1049.15 -4.54768
-1049.38 -4.54771
-1049.62 -4.54774
-1049.86 -4.54778
-1050.09 -4.54781
-1050.33 -4.54784
-1050.57 -4.54787
-1050.8 -4.5479
-1051.04 -4.54794
-1051.28 -4.54797
-1051.51 -4.548
-1051.75 -4.54803
-1051.99 -4.54807
-1052.22 -4.5481
-1052.46 -4.54813
-1052.7 -4.54816
-1052.93 -4.5482
-1053.17 -4.54823
-1053.41 -4.54826
-1053.64 -4.54829
-1053.88 -4.54833
-1054.12 -4.54836
-1054.35 -4.54839
-1054.59 -4.54842
-1054.83 -4.54846
-1055.06 -4.54849
-1055.3 -4.54852
-1055.54 -4.54855
-1055.77 -4.54859
-1056.01 -4.54862
-1056.25 -4.54865
-1056.48 -4.54868
-1056.72 -4.54872
-1056.96 -4.54875
-1057.19 -4.54878
-1057.43 -4.54881
-1057.66 -4.54885
-1057.9 -4.54888
-1058.14 -4.54891
-1058.37 -4.54894
-1058.61 -4.54897
-1058.85 -4.54901
-1059.08 -4.54904
-1059.32 -4.54907
-1059.56 -4.5491
-1059.79 -4.54913
-1060.03 -4.54916
-1060.27 -4.5492
-1060.5 -4.54923
-1060.74 -4.54926
-1060.98 -4.54929
-1061.21 -4.54932
-1061.45 -4.54936
-1061.69 -4.54939
-1061.92 -4.54942
-1062.16 -4.54945
-1062.4 -4.54948
-1062.63 -4.54952
-1062.87 -4.54955
-1063.11 -4.54958
-1063.34 -4.54961
-1063.58 -4.54964
-1063.82 -4.54968
-1064.05 -4.54971
-1064.29 -4.54974
-1064.53 -4.54977
-1064.76 -4.5498
-1065 -4.54984
-1065.24 -4.54987
-1065.47 -4.5499
-1065.71 -4.54993
-1065.95 -4.54996
-1066.18 -4.55
-1066.42 -4.55003
-1066.66 -4.55006
-1066.89 -4.55009
-1067.13 -4.55012
-1067.37 -4.55016
-1067.6 -4.55019
-1067.84 -4.55022
-1068.08 -4.55025
-1068.31 -4.55028
-1068.55 -4.55031
-1068.79 -4.55035
-1069.02 -4.55038
-1069.26 -4.55041
-1069.5 -4.55044
-1069.73 -4.55047
-1069.97 -4.55051
-1070.21 -4.55054
-1070.44 -4.55057
-1070.68 -4.5506
-1070.92 -4.55063
-1071.15 -4.55066
-1071.39 -4.5507
-1071.63 -4.55073
-1071.86 -4.55076
-1072.1 -4.55079
-1072.34 -4.55082
-1072.57 -4.55085
-1072.81 -4.55088
-1073.05 -4.55092
-1073.28 -4.55095
-1073.52 -4.55098
-1073.76 -4.55101
-1073.99 -4.55104
-1074.23 -4.55107
-1074.47 -4.5511
-1074.7 -4.55114
-1074.94 -4.55117
-1075.18 -4.5512
-1075.41 -4.55123
-1075.65 -4.55126
-1075.89 -4.55129
-1076.12 -4.55132
-1076.36 -4.55136
-1076.6 -4.55139
-1076.83 -4.55142
-1077.07 -4.55145
-1077.31 -4.55148
-1077.55 -4.55151
-1077.78 -4.55155
-1078.02 -4.55158
-1078.26 -4.55161
-1078.49 -4.55164
-1078.73 -4.55167
-1078.97 -4.5517
-1079.2 -4.55173
-1079.44 -4.55177
-1079.68 -4.5518
-1079.91 -4.55183
-1080.15 -4.55186
-1080.39 -4.55189
-1080.62 -4.55192
-1080.86 -4.55195
-1081.1 -4.55199
-1081.33 -4.55202
-1081.57 -4.55205
-1081.81 -4.55208
-1082.04 -4.55211
-1082.28 -4.55214
-1082.52 -4.55217
-1082.76 -4.55221
-1082.99 -4.55224
-1083.23 -4.55227
-1083.47 -4.5523
-1083.7 -4.55233
-1083.94 -4.55236
-1084.18 -4.55239
-1084.41 -4.55242
-1084.65 -4.55245
-1084.89 -4.55249
-1085.12 -4.55252
-1085.36 -4.55255
-1085.6 -4.55258
-1085.83 -4.55261
-1086.07 -4.55264
-1086.31 -4.55267
-1086.54 -4.5527
-1086.78 -4.55273
-1087.02 -4.55276
-1087.25 -4.5528
-1087.49 -4.55283
-1087.73 -4.55286
-1087.97 -4.55289
-1088.2 -4.55292
-1088.44 -4.55295
-1088.68 -4.55298
-1088.91 -4.55301
-1089.15 -4.55304
-1089.39 -4.55307
-1089.62 -4.55311
-1089.86 -4.55314
-1090.1 -4.55317
-1090.33 -4.5532
-1090.57 -4.55323
-1090.81 -4.55326
