0 0
0.0309018 0.0951056
0.0618036 0.190211
0.0927054 0.285317
0.123607 0.380422
0.154509 0.475528
0.185411 0.570634
0.216313 0.665739
0.247214 0.760845
0.278116 0.85595
0.309018 0.951056
0.33992 1.04616
0.370822 1.14127
0.401723 1.23637
0.432625 1.33148
0.463527 1.42658
0.494429 1.52169
0.525331 1.6168
0.556232 1.7119
0.587134 1.80701
0.618036 1.90211
0.648938 1.99722
0.679839 2.09232
0.710741 2.18743
0.741643 2.28254
0.772545 2.37764
0.803447 2.47275
0.834348 2.56785
0.86525 2.66296
0.896152 2.75806
0.927054 2.85317
0.957956 2.94827
0.988857 3.04338
1.01976 3.13849
1.05066 3.23359
1.08156 3.3287
1.11246 3.4238
1.14337 3.51891
1.17427 3.61401
1.20517 3.70912
1.23607 3.80423
1.26697 3.89933
1.29788 3.99444
1.32878 4.08954
1.35968 4.18465
1.39058 4.27975
1.42148 4.37486
1.45238 4.46996
1.48329 4.56507
1.51419 4.66018
1.54509 4.75528
1.57599 4.85039
1.60689 4.94549
1.63779 5.0406
1.6687 5.1357
1.6996 5.23081
1.7305 5.32592
1.7614 5.42102
1.7923 5.51613
1.82321 5.61123
1.85411 5.70634
1.88501 5.80144
1.91591 5.89655
1.94681 5.99166
1.97771 6.08676
2.00862 6.18187
2.03952 6.27697
2.07042 6.37208
2.10132 6.46718
2.13222 6.56229
2.16313 6.65739
2.19403 6.7525
2.22493 6.84761
2.25583 6.94271
2.28673 7.03782
2.31764 7.13292
2.34854 7.22803
2.37944 7.32313
2.41034 7.41824
2.44124 7.51335
2.47214 7.60845
2.50305 7.70356
2.53395 7.79866
2.56485 7.89377
2.59575 7.98887
2.62665 8.08398
2.65756 8.17908
2.68846 8.27419
2.71936 8.3693
2.75026 8.4644
2.78116 8.55951
2.81206 8.65461
2.84297 8.74972
2.87387 8.84482
2.90477 8.93993
2.93567 9.03503
2.96657 9.13014
2.99747 9.22524
3.02838 9.32035
3.05928 9.41545
3.09018 9.51056
