0 0
0.0137971 -0.00810185
0.0274646 -0.0162036
0.0410026 -0.0243053
0.054411 -0.0324068
0.0676899 -0.0405081
0.0808394 -0.0486091
0.0938594 -0.0567098
0.10675 -0.06481
0.119511 -0.0729098
0.132143 -0.0810091
0.144646 -0.0891078
0.15702 -0.0972059
0.169264 -0.105303
0.18138 -0.1134
0.193366 -0.121496
0.205223 -0.129591
0.216951 -0.137685
0.22855 -0.145778
0.240021 -0.15387
0.251362 -0.161961
0.262575 -0.170051
0.273659 -0.178139
0.284615 -0.186227
0.295441 -0.194313
0.30614 -0.202397
0.316709 -0.210481
0.327151 -0.218562
0.337463 -0.226642
0.347648 -0.234721
0.357704 -0.242798
0.367632 -0.250873
0.377432 -0.258946
0.387104 -0.267017
0.396648 -0.275087
0.406063 -0.283154
0.415351 -0.29122
0.424511 -0.299283
0.433544 -0.307345
0.442448 -0.315404
0.451225 -0.32346
0.459875 -0.331515
0.468397 -0.339567
0.476792 -0.347616
0.485059 -0.355663
0.493199 -0.363708
0.501212 -0.37175
0.509097 -0.379789
0.516856 -0.387825
0.524488 -0.395859
0.531993 -0.40389
0.539371 -0.411918
0.546622 -0.419943
0.553747 -0.427964
0.560745 -0.435983
0.567617 -0.443999
0.574362 -0.452011
0.580981 -0.46002
0.587474 -0.468026
0.59384 -0.476028
0.600081 -0.484027
0.606196 -0.492022
0.612184 -0.500014
0.618048 -0.508002
0.623785 -0.515986
0.629397 -0.523967
0.634883 -0.531944
0.640244 -0.539917
0.645479 -0.547886
0.65059 -0.555851
0.655575 -0.563812
0.660435 -0.571769
0.665171 -0.579721
0.669781 -0.58767
0.674267 -0.595614
0.678628 -0.603554
0.682865 -0.611489
0.686977 -0.61942
0.690965 -0.627347
0.694828 -0.635269
0.698568 -0.643186
0.702184 -0.651098
0.705675 -0.659006
0.709043 -0.666909
0.712287 -0.674807
0.715408 -0.6827
0.718405 -0.690589
0.721279 -0.698472
0.724029 -0.70635
0.726657 -0.714223
0.729161 -0.72209
0.731543 -0.729953
0.733801 -0.73781
0.735937 -0.745662
0.737951 -0.753508
0.739842 -0.761349
0.741611 -0.769184
0.743257 -0.777013
0.744781 -0.784837
0.746184 -0.792656
0.747464 -0.800468
0.748623 -0.808275
0.74966 -0.816075
0.750576 -0.82387
0.75137 -0.831659
0.752043 -0.839442
0.752595 -0.847218
0.753026 -0.854989
0.753336 -0.862753
0.753526 -0.870511
0.753594 -0.878262
0.753543 -0.886007
0.75337 -0.893746
0.753078 -0.901478
0.752666 -0.909204
0.752133 -0.916923
0.751481 -0.924636
0.750709 -0.932341
0.749817 -0.94004
0.748806 -0.947733
0.747676 -0.955418
0.746426 -0.963096
0.745058 -0.970768
0.743571 -0.978432
0.741964 -0.986089
0.740239 -0.993739
0.738396 -1.00138
0.736434 -1.00902
0.734354 -1.01665
0.732157 -1.02427
0.729841 -1.03188
0.727407 -1.03949
0.724855 -1.04709
0.722187 -1.05468
0.7194 -1.06226
0.716497 -1.06984
0.713476 -1.07741
0.710338 -1.08497
0.707084 -1.09252
0.703713 -1.10006
0.700226 -1.1076
0.696622 -1.11513
0.692902 -1.12265
0.689065 -1.13017
0.685113 -1.13767
0.681045 -1.14517
0.676862 -1.15266
0.672563 -1.16014
0.668149 -1.16761
0.663619 -1.17507
0.658975 -1.18253
0.654215 -1.18998
0.649341 -1.19742
0.644353 -1.20485
0.63925 -1.21227
0.634032 -1.21968
0.628701 -1.22709
0.623255 -1.23448
0.617696 -1.24187
0.612023 -1.24925
0.606237 -1.25662
0.600337 -1.26398
0.594324 -1.27133
0.588199 -1.27867
0.58196 -1.28601
0.575608 -1.29333
0.569145 -1.30065
0.562568 -1.30796
0.55588 -1.31525
0.549079 -1.32254
0.542166 -1.32982
0.535142 -1.33709
0.528006 -1.34435
0.520759 -1.3516
0.5134 -1.35885
0.505931 -1.36608
0.49835 -1.3733
0.490659 -1.38052
0.482857 -1.38772
0.474944 -1.39492
0.466922 -1.4021
0.458789 -1.40928
0.450546 -1.41644
0.442193 -1.4236
0.433731 -1.43074
0.42516 -1.43788
0.416479 -1.44501
0.407689 -1.45212
0.398789 -1.45923
0.389782 -1.46633
0.380665 -1.47342
0.37144 -1.48049
0.362107 -1.48756
0.352666 -1.49462
0.343116 -1.50166
0.333459 -1.5087
0.323695 -1.51573
0.313822 -1.52274
0.303843 -1.52975
0.293756 -1.53675
0.283563 -1.54373
0.273263 -1.55071
0.262856 -1.55767
0.252343 -1.56463
0.241723 -1.57157
0.230998 -1.5785
0.220166 -1.58543
0.209229 -1.59234
0.198186 -1.59924
0.187038 -1.60613
0.175785 -1.61302
0.164426 -1.61989
0.152963 -1.62675
0.141395 -1.63359
0.129722 -1.64043
0.117945 -1.64726
0.106064 -1.65408
0.0940791 -1.66088
0.0819902 -1.66768
0.0697976 -1.67446
0.0575015 -1.68124
0.0451022 -1.688
0.0325997 -1.69475
0.0199942 -1.70149
0.00728597 -1.70822
-0.00552487 -1.71494
-0.0184381 -1.72165
-0.0314537 -1.72835
-0.0445713 -1.73504
-0.0577908 -1.74171
-0.071112 -1.74837
-0.0845348 -1.75503
-0.0980589 -1.76167
-0.111684 -1.7683
-0.125411 -1.77492
-0.139238 -1.78153
-0.153166 -1.78813
-0.167194 -1.79471
-0.181323 -1.80129
-0.195551 -1.80785
-0.20988 -1.8144
-0.224309 -1.82094
-0.238837 -1.82747
-0.253464 -1.83399
-0.268191 -1.8405
-0.283017 -1.84699
-0.297942 -1.85348
-0.312965 -1.85995
-0.328087 -1.86641
-0.343307 -1.87286
-0.358626 -1.8793
-0.374042 -1.88573
-0.389556 -1.89214
-0.405168 -1.89855
-0.420878 -1.90494
-0.436684 -1.91132
-0.452588 -1.91769
-0.468589 -1.92405
-0.484686 -1.9304
-0.50088 -1.93673
-0.517171 -1.94306
-0.533557 -1.94937
-0.55004 -1.95567
-0.566618 -1.96196
-0.583292 -1.96823
-0.600062 -1.9745
-0.616927 -1.98075
-0.633887 -1.987
-0.650942 -1.99323
-0.668092 -1.99945
-0.685336 -2.00565
-0.702675 -2.01185
-0.720108 -2.01803
-0.737635 -2.02421
-0.755256 -2.03037
-0.77297 -2.03652
-0.790778 -2.04265
-0.80868 -2.04878
-0.826674 -2.05489
-0.844762 -2.06099
-0.862943 -2.06709
-0.881216 -2.07316
-0.899581 -2.07923
-0.918039 -2.08529
-0.936589 -2.09133
-0.95523 -2.09736
-0.973964 -2.10338
-0.992789 -2.10939
-1.01171 -2.11539
-1.03071 -2.12137
-1.04981 -2.12734
-1.069 -2.13331
-1.08828 -2.13926
-1.10765 -2.14519
-1.12711 -2.15112
-1.14666 -2.15703
-1.16631 -2.16294
-1.18604 -2.16883
-1.20586 -2.17471
-1.22577 -2.18057
-1.24577 -2.18643
-1.26585 -2.19227
-1.28603 -2.1981
-1.3063 -2.20392
-1.32665 -2.20973
-1.34709 -2.21553
-1.36762 -2.22131
-1.38824 -2.22709
-1.40895 -2.23285
-1.42974 -2.2386
-1.45063 -2.24433
-1.47159 -2.25006
-1.49265 -2.25577
-1.51379 -2.26148
-1.53502 -2.26717
-1.55634 -2.27285
-1.57774 -2.27851
-1.59923 -2.28417
-1.62081 -2.28981
-1.64247 -2.29544
-1.66421 -2.30107
-1.68605 -2.30667
-1.70796 -2.31227
-1.72997 -2.31786
-1.75206 -2.32343
-1.77423 -2.32899
-1.79649 -2.33454
-1.81883 -2.34008
-1.84125 -2.34561
-1.86376 -2.35112
-1.88636 -2.35663
-1.90904 -2.36212
-1.9318 -2.3676
-1.95464 -2.37307
-1.97757 -2.37852
-2.00058 -2.38397
-2.02368 -2.3894
-2.04685 -2.39482
-2.07011 -2.40023
-2.09346 -2.40563
-2.11688 -2.41102
-2.14039 -2.4164
-2.16398 -2.42176
-2.18765 -2.42711
-2.2114 -2.43246
-2.23523 -2.43779
-2.25914 -2.4431
-2.28314 -2.44841
-2.30722 -2.45371
-2.33137 -2.45899
-2.35561 -2.46426
-2.37993 -2.46952
-2.40433 -2.47477
-2.4288 -2.48001
-2.45336 -2.48524
-2.478 -2.49045
-2.50272 -2.49566
-2.52751 -2.50085
-2.55239 -2.50603
-2.57734 -2.5112
-2.60238 -2.51636
-2.62749 -2.52151
-2.65268 -2.52664
-2.67795 -2.53177
-2.7033 -2.53688
-2.72872 -2.54198
-2.75423 -2.54707
-2.77981 -2.55215
-2.80546 -2.55722
-2.8312 -2.56228
-2.85701 -2.56732
-2.8829 -2.57236
-2.90887 -2.57738
-2.93491 -2.58239
-2.96103 -2.58739
-2.98723 -2.59238
-3.0135 -2.59736
-3.03985 -2.60233
-3.06627 -2.60729
-3.09277 -2.61223
-3.11935 -2.61717
-3.146 -2.62209
-3.17273 -2.627
-3.19953 -2.63191
-3.22641 -2.6368
-3.25336 -2.64168
-3.28038 -2.64654
-3.30748 -2.6514
-3.33466 -2.65625
-3.3619 -2.66109
-3.38923 -2.66591
-3.41662 -2.67072
-3.44409 -2.67553
-3.47164 -2.68032
-3.49925 -2.6851
-3.52694 -2.68987
-3.5547 -2.69463
-3.58254 -2.69938
-3.61045 -2.70412
-3.63843 -2.70885
-3.66648 -2.71357
-3.69461 -2.71827
-3.7228 -2.72297
-3.75107 -2.72766
-3.77941 -2.73233
-3.80782 -2.73699
-3.83631 -2.74165
-3.86486 -2.74629
-3.89349 -2.75092
-3.92219 -2.75554
-3.95095 -2.76016
-3.97979 -2.76476
-4.0087 -2.76935
-4.03768 -2.77393
-4.06673 -2.7785
-4.09585 -2.78305
-4.12504 -2.7876
-4.15429 -2.79214
-4.18362 -2.79667
-4.21302 -2.80119
-4.24249 -2.80569
-4.27202 -2.81019
-4.30163 -2.81468
-4.3313 -2.81915
-4.36104 -2.82362
-4.39086 -2.82808
-4.42073 -2.83252
-4.45068 -2.83696
-4.4807 -2.84138
-4.51078 -2.8458
-4.54093 -2.8502
-4.57115 -2.8546
-4.60144 -2.85898
-4.63179 -2.86336
-4.66221 -2.86772
-4.6927 -2.87208
-4.72325 -2.87642
-4.75387 -2.88075
-4.78456 -2.88508
-4.81532 -2.88939
-4.84614 -2.8937
-4.87702 -2.89799
-4.90797 -2.90228
-4.93899 -2.90655
-4.97008 -2.91082
-5.00123 -2.91508
-5.03244 -2.91932
-5.06372 -2.92356
-5.09507 -2.92778
-5.12648 -2.932
-5.15795 -2.93621
-5.18949 -2.9404
-5.2211 -2.94459
-5.25276 -2.94877
-5.2845 -2.95294
-5.31629 -2.9571
-5.34816 -2.96125
-5.38008 -2.96539
-5.41207 -2.96952
-5.44412 -2.97364
-5.47624 -2.97775
-5.50841 -2.98185
-5.54066 -2.98594
-5.57296 -2.99002
-5.60533 -2.9941
-5.63776 -2.99816
-5.67025 -3.00222
-5.70281 -3.00626
-5.73542 -3.0103
-5.7681 -3.01432
-5.80085 -3.01834
-5.83365 -3.02235
-5.86651 -3.02635
-5.89944 -3.03034
-5.93243 -3.03432
-5.96548 -3.03829
-5.99859 -3.04225
-6.03176 -3.0462
-6.065 -3.05015
-6.09829 -3.05408
-6.13164 -3.05801
-6.16506 -3.06193
-6.19853 -3.06583
-6.23207 -3.06973
-6.26567 -3.07362
-6.29932 -3.0775
-6.33304 -3.08137
-6.36681 -3.08524
-6.40065 -3.08909
-6.43454 -3.09294
-6.46849 -3.09677
-6.50251 -3.1006
-6.53658 -3.10442
-6.57071 -3.10823
-6.6049 -3.11203
-6.63915 -3.11582
-6.67346 -3.11961
-6.70782 -3.12338
-6.74225 -3.12715
-6.77673 -3.13091
-6.81127 -3.13465
-6.84586 -3.1384
-6.88052 -3.14213
-6.91523 -3.14585
-6.95 -3.14957
-6.98483 -3.15327
-7.01972 -3.15697
-7.05466 -3.16066
-7.08966 -3.16434
-7.12472 -3.16801
-7.15983 -3.17168
-7.195 -3.17533
-7.23023 -3.17898
-7.26551 -3.18262
-7.30085 -3.18625
-7.33625 -3.18987
-7.3717 -3.19349
-7.4072 -3.19709
-7.44277 -3.20069
-7.47839 -3.20428
-7.51406 -3.20786
-7.54979 -3.21143
-7.58558 -3.215
-7.62142 -3.21855
-7.65731 -3.2221
-7.69326 -3.22564
-7.72927 -3.22918
-7.76533 -3.2327
-7.80144 -3.23622
-7.83761 -3.23972
-7.87383 -3.24322
-7.91011 -3.24672
-7.94644 -3.2502
-7.98283 -3.25368
-8.01927 -3.25715
-8.05576 -3.26061
-8.09231 -3.26406
-8.12891 -3.2675
-8.16556 -3.27094
-8.20227 -3.27437
-8.23903 -3.27779
-8.27584 -3.28121
-8.31271 -3.28461
-8.34962 -3.28801
-8.3866 -3.2914
-8.42362 -3.29478
-8.4607 -3.29816
-8.49783 -3.30153
-8.53501 -3.30489
-8.57224 -3.30824
-8.60953 -3.31159
-8.64686 -3.31492
-8.68425 -3.31825
-8.72169 -3.32158
-8.75919 -3.32489
-8.79673 -3.3282
-8.83433 -3.3315
-8.87197 -3.33479
-8.90967 -3.33808
-8.94742 -3.34135
-8.98522 -3.34462
-9.02307 -3.34789
-9.06097 -3.35114
-9.09892 -3.35439
-9.13692 -3.35763
-9.17498 -3.36087
-9.21308 -3.36409
-9.25123 -3.36731
-9.28943 -3.37053
-9.32769 -3.37373
-9.36599 -3.37693
-9.40434 -3.38012
-9.44274 -3.3833
-9.48119 -3.38648
-9.51969 -3.38965
-9.55824 -3.39281
-9.59684 -3.39597
-9.63549 -3.39911
-9.67419 -3.40226
-9.71294 -3.40539
-9.75173 -3.40852
-9.79057 -3.41164
-9.82946 -3.41475
-9.86841 -3.41786
-9.90739 -3.42096
-9.94643 -3.42405
-9.98552 -3.42714
-10.0246 -3.43022
-10.0638 -3.43329
-10.1031 -3.43635
-10.1423 -3.43941
-10.1817 -3.44246
-10.221 -3.44551
-10.2605 -3.44855
-10.2999 -3.45158
-10.3394 -3.4546
-10.379 -3.45762
-10.4186 -3.46063
-10.4583 -3.46364
-10.498 -3.46664
-10.5377 -3.46963
-10.5775 -3.47262
-10.6173 -3.47559
-10.6572 -3.47857
-10.6972 -3.48153
-10.7371 -3.48449
-10.7772 -3.48744
-10.8172 -3.49039
-10.8574 -3.49333
-10.8975 -3.49626
-10.9377 -3.49919
-10.978 -3.50211
-11.0183 -3.50503
-11.0586 -3.50793
-11.099 -3.51084
-11.1395 -3.51373
-11.18 -3.51662
-11.2205 -3.5195
-11.2611 -3.52238
-11.3017 -3.52525
-11.3423 -3.52811
-11.383 -3.53097
-11.4238 -3.53382
-11.4646 -3.53667
-11.5054 -3.53951
-11.5463 -3.54234
-11.5872 -3.54517
-11.6282 -3.54799
-11.6692 -3.5508
-11.7103 -3.55361
-11.7514 -3.55641
-11.7926 -3.55921
-11.8337 -3.562
-11.875 -3.56478
-11.9163 -3.56756
-11.9576 -3.57034
-11.9989 -3.5731
-12.0404 -3.57586
-12.0818 -3.57862
-12.1233 -3.58137
-12.1648 -3.58411
-12.2064 -3.58685
-12.2481 -3.58958
-12.2897 -3.5923
-12.3314 -3.59502
-12.3732 -3.59774
-12.415 -3.60044
-12.4568 -3.60315
-12.4987 -3.60584
-12.5406 -3.60853
-12.5826 -3.61122
-12.6246 -3.6139
-12.6666 -3.61657
-12.7087 -3.61924
-12.7508 -3.6219
-12.793 -3.62456
-12.8352 -3.62721
-12.8775 -3.62986
-12.9198 -3.6325
-12.9621 -3.63513
-13.0045 -3.63776
-13.0469 -3.64038
-13.0894 -3.643
-13.1319 -3.64561
-13.1744 -3.64822
-13.217 -3.65082
-13.2596 -3.65342
-13.3023 -3.65601
-13.345 -3.65859
-13.3878 -3.66117
-13.4305 -3.66374
-13.4734 -3.66631
-13.5162 -3.66888
-13.5592 -3.67143
-13.6021 -3.67399
-13.6451 -3.67653
-13.6881 -3.67908
-13.7312 -3.68161
-13.7743 -3.68414
-13.8174 -3.68667
-13.8606 -3.68919
-13.9039 -3.69171
-13.9471 -3.69422
-13.9904 -3.69672
-14.0338 -3.69922
-14.0771 -3.70172
-14.1206 -3.70421
-14.164 -3.70669
-14.2075 -3.70917
-14.2511 -3.71164
-14.2947 -3.71411
-14.3383 -3.71658
-14.3819 -3.71904
-14.4256 -3.72149
-14.4693 -3.72394
-14.5131 -3.72638
-14.5569 -3.72882
-14.6008 -3.73126
-14.6447 -3.73368
-14.6886 -3.73611
-14.7325 -3.73853
-14.7765 -3.74094
-14.8206 -3.74335
-14.8647 -3.74575
-14.9088 -3.74815
-14.9529 -3.75055
-14.9971 -3.75294
-15.0413 -3.75532
-15.0856 -3.7577
-15.1299 -3.76008
-15.1742 -3.76245
-15.2186 -3.76481
-15.263 -3.76717
-15.3075 -3.76953
-15.352 -3.77188
-15.3965 -3.77423
-15.441 -3.77657
-15.4856 -3.7789
-15.5303 -3.78124
-15.5749 -3.78356
-15.6196 -3.78589
-15.6644 -3.7882
-15.7092 -3.79052
-15.754 -3.79283
-15.7988 -3.79513
-15.8437 -3.79743
-15.8886 -3.79972
-15.9336 -3.80201
-15.9786 -3.8043
-16.0236 -3.80658
-16.0687 -3.80886
-16.1138 -3.81113
-16.1589 -3.8134
-16.2041 -3.81566
-16.2493 -3.81792
-16.2946 -3.82017
-16.3399 -3.82242
-16.3852 -3.82467
-16.4305 -3.82691
-16.4759 -3.82914
-16.5213 -3.83137
-16.5668 -3.8336
-16.6123 -3.83582
-16.6578 -3.83804
-16.7034 -3.84026
-16.749 -3.84247
-16.7946 -3.84467
-16.8403 -3.84687
-16.886 -3.84907
-16.9317 -3.85126
-16.9775 -3.85345
-17.0233 -3.85563
-17.0691 -3.85781
-17.115 -3.85999
-17.1609 -3.86216
-17.2069 -3.86433
-17.2528 -3.86649
-17.2988 -3.86865
-17.3449 -3.8708
-17.391 -3.87295
-17.4371 -3.8751
-17.4832 -3.87724
-17.5294 -3.87937
-17.5756 -3.88151
-17.6219 -3.88364
-17.6681 -3.88576
-17.7145 -3.88788
-17.7608 -3.89
-17.8072 -3.89211
-17.8536 -3.89422
-17.9 -3.89632
-17.9465 -3.89842
-17.993 -3.90052
-18.0396 -3.90261
-18.0862 -3.9047
-18.1328 -3.90679
-18.1794 -3.90887
-18.2261 -3.91094
-18.2728 -3.91301
-18.3195 -3.91508
-18.3663 -3.91715
-18.4131 -3.91921
-18.46 -3.92126
-18.5068 -3.92332
-18.5537 -3.92536
-18.6007 -3.92741
-18.6477 -3.92945
-18.6947 -3.93149
-18.7417 -3.93352
-18.7888 -3.93555
-18.8359 -3.93757
-18.883 -3.9396
-18.9301 -3.94161
-18.9773 -3.94363
-19.0246 -3.94564
-19.0718 -3.94764
-19.1191 -3.94965
-19.1664 -3.95165
-19.2138 -3.95364
-19.2612 -3.95563
-19.3086 -3.95762
-19.356 -3.9596
-19.4035 -3.96158
-19.451 -3.96356
-19.4985 -3.96553
-19.5461 -3.9675
-19.5937 -3.96946
-19.6413 -3.97143
-19.689 -3.97338
-19.7367 -3.97534
-19.7844 -3.97729
-19.8322 -3.97924
-19.88 -3.98118
-19.9278 -3.98312
-19.9756 -3.98505
-20.0235 -3.98699
-20.0714 -3.98892
-20.1194 -3.99084
-20.1673 -3.99276
-20.2153 -3.99468
-20.2634 -3.9966
-20.3114 -3.99851
-20.3595 -4.00041
-20.4076 -4.00232
-20.4558 -4.00422
-20.504 -4.00612
-20.5522 -4.00801
-20.6004 -4.0099
-20.6487 -4.01179
-20.697 -4.01367
-20.7453 -4.01555
-20.7937 -4.01742
-20.8421 -4.0193
-20.8905 -4.02117
-20.9389 -4.02303
-20.9874 -4.0249
-21.0359 -4.02675
-21.0844 -4.02861
-21.133 -4.03046
-21.1816 -4.03231
-21.2302 -4.03416
-21.2789 -4.036
-21.3276 -4.03784
-21.3763 -4.03968
-21.425 -4.04151
-21.4738 -4.04334
-21.5226 -4.04516
-21.5714 -4.04699
-21.6203 -4.0488
-21.6691 -4.05062
-21.7181 -4.05243
-21.767 -4.05424
-21.816 -4.05605
-21.865 -4.05785
-21.914 -4.05965
-21.963 -4.06145
-22.0121 -4.06324
-22.0612 -4.06503
-22.1104 -4.06682
-22.1596 -4.0686
-22.2088 -4.07038
-22.258 -4.07216
-22.3072 -4.07393
-22.3565 -4.0757
-22.4058 -4.07747
-22.4552 -4.07923
-22.5045 -4.081
-22.5539 -4.08275
-22.6033 -4.08451
-22.6528 -4.08626
-22.7023 -4.08801
-22.7518 -4.08976
-22.8013 -4.0915
-22.8509 -4.09324
-22.9004 -4.09497
-22.9501 -4.09671
-22.9997 -4.09844
-23.0494 -4.10017
-23.0991 -4.10189
-23.1488 -4.10361
-23.1985 -4.10533
-23.2483 -4.10705
-23.2981 -4.10876
-23.3479 -4.11047
-23.3978 -4.11217
-23.4477 -4.11388
-23.4976 -4.11558
-23.5475 -4.11728
-23.5975 -4.11897
-23.6475 -4.12066
-23.6975 -4.12235
-23.7476 -4.12404
-23.7976 -4.12572
-23.8477 -4.1274
-23.8979 -4.12908
-23.948 -4.13075
-23.9982 -4.13242
-24.0484 -4.13409
-24.0986 -4.13576
-24.1489 -4.13742
-24.1992 -4.13908
-24.2495 -4.14074
-24.2998 -4.14239
-24.3502 -4.14404
-24.4006 -4.14569
-24.451 -4.14733
-24.5014 -4.14898
-24.5519 -4.15062
-24.6024 -4.15225
-24.6529 -4.15389
-24.7035 -4.15552
-24.754 -4.15715
-24.8046 -4.15877
-24.8553 -4.1604
-24.9059 -4.16202
-24.9566 -4.16364
-25.0073 -4.16525
-25.058 -4.16686
-25.1088 -4.16847
-25.1595 -4.17008
-25.2103 -4.17168
-25.2612 -4.17328
-25.312 -4.17488
-25.3629 -4.17648
-25.4138 -4.17807
-25.4647 -4.17966
-25.5157 -4.18125
-25.5667 -4.18283
-25.6177 -4.18442
-25.6687 -4.186
-25.7198 -4.18757
-25.7708 -4.18915
-25.8219 -4.19072
-25.8731 -4.19229
-25.9242 -4.19386
-25.9754 -4.19542
-26.0266 -4.19698
-26.0778 -4.19854
-26.1291 -4.2001
-26.1804 -4.20165
-26.2317 -4.2032
-26.283 -4.20475
-26.3343 -4.20629
-26.3857 -4.20784
-26.4371 -4.20938
-26.4885 -4.21092
-26.54 -4.21245
-26.5915 -4.21399
-26.643 -4.21552
-26.6945 -4.21704
-26.746 -4.21857
-26.7976 -4.22009
-26.8492 -4.22161
-26.9008 -4.22313
-26.9524 -4.22465
-27.0041 -4.22616
-27.0558 -4.22767
-27.1075 -4.22918
-27.1593 -4.23068
-27.211 -4.23219
-27.2628 -4.23369
-27.3146 -4.23519
-27.3664 -4.23668
-27.4183 -4.23817
-27.4702 -4.23967
-27.5221 -4.24115
-27.574 -4.24264
-27.626 -4.24412
-27.6779 -4.24561
-27.7299 -4.24708
-27.782 -4.24856
-27.834 -4.25003
-27.8861 -4.25151
-27.9382 -4.25297
-27.9903 -4.25444
-28.0424 -4.25591
-28.0946 -4.25737
-28.1468 -4.25883
-28.199 -4.26029
-28.2512 -4.26174
-28.3035 -4.26319
-28.3557 -4.26464
-28.408 -4.26609
-28.4604 -4.26754
-28.5127 -4.26898
-28.5651 -4.27042
-28.6175 -4.27186
-28.6699 -4.2733
-28.7223 -4.27473
-28.7748 -4.27617
-28.8272 -4.27759
-28.8798 -4.27902
-28.9323 -4.28045
-28.9848 -4.28187
-29.0374 -4.28329
-29.09 -4.28471
-29.1426 -4.28613
-29.1953 -4.28754
-29.2479 -4.28895
-29.3006 -4.29036
-29.3533 -4.29177
-29.406 -4.29317
-29.4588 -4.29458
-29.5116 -4.29598
-29.5644 -4.29738
-29.6172 -4.29877
-29.67 -4.30017
-29.7229 -4.30156
-29.7758 -4.30295
-29.8287 -4.30433
-29.8816 -4.30572
-29.9346 -4.3071
-29.9875 -4.30848
-30.0405 -4.30986
-30.0936 -4.31124
-30.1466 -4.31261
-30.1997 -4.31399
-30.2527 -4.31536
-30.3058 -4.31673
-30.359 -4.31809
-30.4121 -4.31946
-30.4653 -4.32082
-30.5185 -4.32218
-30.5717 -4.32353
-30.6249 -4.32489
-30.6782 -4.32624
-30.7315 -4.32759
-30.7848 -4.32894
-30.8381 -4.33029
-30.8914 -4.33164
-30.9448 -4.33298
-30.9982 -4.33432
-31.0516 -4.33566
-31.105 -4.337
-31.1584 -4.33833
-31.2119 -4.33966
-31.2654 -4.34099
-31.3189 -4.34232
-31.3724 -4.34365
-31.426 -4.34497
-31.4796 -4.3463
-31.5332 -4.34762
-31.5868 -4.34894
-31.6404 -4.35025
-31.6941 -4.35157
-31.7477 -4.35288
-31.8014 -4.35419
-31.8552 -4.3555
-31.9089 -4.35681
-31.9627 -4.35811
-32.0165 -4.35941
-32.0703 -4.36071
-32.1241 -4.36201
-32.1779 -4.36331
-32.2318 -4.3646
-32.2857 -4.3659
-32.3396 -4.36719
-32.3935 -4.36848
-32.4475 -4.36976
-32.5014 -4.37105
-32.5554 -4.37233
-32.6094 -4.37361
-32.6635 -4.37489
-32.7175 -4.37617
-32.7716 -4.37745
-32.8257 -4.37872
-32.8798 -4.37999
-32.9339 -4.38126
-32.9881 -4.38253
-33.0422 -4.38379
-33.0964 -4.38506
-33.1506 -4.38632
-33.2049 -4.38758
-33.2591 -4.38884
-33.3134 -4.3901
-33.3677 -4.39135
-33.422 -4.3926
-33.4763 -4.39386
-33.5307 -4.39511
-33.585 -4.39635
-33.6394 -4.3976
-33.6938 -4.39884
-33.7483 -4.40008
-33.8027 -4.40132
-33.8572 -4.40256
-33.9117 -4.4038
-33.9662 -4.40503
-34.0207 -4.40627
-34.0753 -4.4075
-34.1298 -4.40873
-34.1844 -4.40995
-34.239 -4.41118
-34.2936 -4.4124
-34.3483 -4.41363
-34.403 -4.41485
-34.4576 -4.41607
-34.5123 -4.41728
-34.5671 -4.4185
-34.6218 -4.41971
-34.6766 -4.42092
-34.7313 -4.42213
-34.7861 -4.42334
-34.841 -4.42455
-34.8958 -4.42575
-34.9507 -4.42695
-35.0055 -4.42815
-35.0604 -4.42935
-35.1153 -4.43055
-35.1703 -4.43175
-35.2252 -4.43294
-35.2802 -4.43413
-35.3352 -4.43532
-35.3902 -4.43651
-35.4452 -4.4377
-35.5003 -4.43889
-35.5553 -4.44007
-35.6104 -4.44125
-35.6655 -4.44243
-35.7206 -4.44361
-35.7758 -4.44479
-35.8309 -4.44596
-35.8861 -4.44714
-35.9413 -4.44831
-35.9965 -4.44948
-36.0518 -4.45065
-36.107 -4.45182
-36.1623 -4.45298
-36.2176 -4.45415
-36.2729 -4.45531
-36.3282 -4.45647
-36.3836 -4.45763
-36.4389 -4.45878
-36.4943 -4.45994
-36.5497 -4.46109
-36.6051 -4.46225
-36.6606 -4.4634
-36.716 -4.46455
-36.7715 -4.46569
-36.827 -4.46684
-36.8825 -4.46798
-36.938 -4.46913
-36.9936 -4.47027
-37.0491 -4.47141
-37.1047 -4.47255
-37.1603 -4.47368
-37.2159 -4.47482
-37.2716 -4.47595
-37.3272 -4.47708
-37.3829 -4.47821
-37.4386 -4.47934
-37.4943 -4.48047
-37.55 -4.48159
-37.6058 -4.48272
-37.6615 -4.48384
-37.7173 -4.48496
-37.7731 -4.48608
-37.8289 -4.48719
-37.8848 -4.48831
-37.9406 -4.48942
-37.9965 -4.49054
-38.0524 -4.49165
-38.1083 -4.49276
-38.1642 -4.49387
-38.2202 -4.49497
-38.2761 -4.49608
-38.3321 -4.49718
-38.3881 -4.49829
-38.4441 -4.49939
-38.5001 -4.50048
-38.5562 -4.50158
-38.6122 -4.50268
-38.6683 -4.50377
-38.7244 -4.50487
-38.7805 -4.50596
-38.8367 -4.50705
-38.8928 -4.50814
-38.949 -4.50922
-39.0052 -4.51031
-39.0614 -4.51139
-39.1176 -4.51248
-39.1738 -4.51356
-39.2301 -4.51464
-39.2863 -4.51572
-39.3426 -4.5168
-39.3989 -4.51787
-39.4553 -4.51895
-39.5116 -4.52002
-39.5679 -4.52109
-39.6243 -4.52216
-39.6807 -4.52323
-39.7371 -4.52429
-39.7935 -4.52536
-39.85 -4.52642
-39.9064 -4.52748
-39.9629 -4.52855
-40.0194 -4.5296
-40.0759 -4.53066
-40.1324 -4.53172
-40.189 -4.53277
-40.2455 -4.53383
-40.3021 -4.53488
-40.3587 -4.53593
-40.4153 -4.53698
-40.4719 -4.53803
-40.5286 -4.53908
-40.5853 -4.54012
-40.6419 -4.54117
-40.6986 -4.54221
-40.7553 -4.54325
-40.8121 -4.54429
-40.8688 -4.54533
-40.9256 -4.54637
-40.9823 -4.54741
-41.0391 -4.54844
-41.0959 -4.54947
-41.1528 -4.55051
-41.2096 -4.55154
-41.2665 -4.55257
-41.3233 -4.55359
-41.3802 -4.55462
-41.4371 -4.55564
-41.494 -4.55667
-41.551 -4.55769
-41.6079 -4.55871
-41.6649 -4.55973
-41.7219 -4.56075
-41.7789 -4.56177
-41.8359 -4.56278
-41.893 -4.5638
-41.95 -4.56481
-42.0071 -4.56582
-42.0642 -4.56683
-42.1213 -4.56784
-42.1784 -4.56885
-42.2355 -4.56986
-42.2927 -4.57086
-42.3498 -4.57187
-42.407 -4.57287
-42.4642 -4.57387
-42.5214 -4.57487
-42.5787 -4.57587
-42.6359 -4.57687
-42.6932 -4.57786
-42.7504 -4.57886
-42.8077 -4.57985
-42.865 -4.58084
-42.9224 -4.58183
-42.9797 -4.58282
-43.0371 -4.58381
-43.0944 -4.5848
-43.1518 -4.58579
-43.2092 -4.58677
-43.2666 -4.58775
-43.3241 -4.58874
-43.3815 -4.58972
-43.439 -4.5907
-43.4965 -4.59167
-43.554 -4.59265
-43.6115 -4.59363
-43.669 -4.5946
-43.7266 -4.59558
-43.7841 -4.59655
-43.8417 -4.59752
-43.8993 -4.59849
-43.9569 -4.59946
-44.0145 -4.60042
-44.0721 -4.60139
-44.1298 -4.60236
-44.1875 -4.60332
-44.2451 -4.60428
-44.3028 -4.60524
-44.3606 -4.6062
-44.4183 -4.60716
-44.476 -4.60812
-44.5338 -4.60908
-44.5916 -4.61003
-44.6493 -4.61098
-44.7071 -4.61194
-44.765 -4.61289
-44.8228 -4.61384
-44.8807 -4.61479
-44.9385 -4.61574
-44.9964 -4.61668
-45.0543 -4.61763
-45.1122 -4.61857
-45.1701 -4.61952
-45.2281 -4.62046
-45.286 -4.6214
-45.344 -4.62234
-45.402 -4.62328
-45.46 -4.62422
-45.518 -4.62515
-45.576 -4.62609
-45.6341 -4.62702
-45.6921 -4.62795
-45.7502 -4.62889
-45.8083 -4.62982
-45.8664 -4.63075
-45.9245 -4.63167
-45.9827 -4.6326
-46.0408 -4.63353
-46.099 -4.63445
-46.1571 -4.63537
-46.2153 -4.6363
-46.2735 -4.63722
-46.3318 -4.63814
-46.39 -4.63906
-46.4482 -4.63998
-46.5065 -4.64089
-46.5648 -4.64181
-46.6231 -4.64272
-46.6814 -4.64364
-46.7397 -4.64455
-46.7981 -4.64546
-46.8564 -4.64637
-46.9148 -4.64728
-46.9732 -4.64819
-47.0316 -4.64909
-47.09 -4.65
-47.1484 -4.6509
-47.2068 -4.65181
-47.2653 -4.65271
-47.3238 -4.65361
-47.3822 -4.65451
-47.4407 -4.65541
-47.4993 -4.65631
-47.5578 -4.6572
-47.6163 -4.6581
-47.6749 -4.65899
-47.7334 -4.65989
-47.792 -4.66078
-47.8506 -4.66167
-47.9092 -4.66256
-47.9679 -4.66345
-48.0265 -4.66434
-48.0852 -4.66523
-48.1438 -4.66611
-48.2025 -4.667
-48.2612 -4.66788
-48.3199 -4.66877
-48.3786 -4.66965
-48.4374 -4.67053
-48.4961 -4.67141
-48.5549 -4.67229
-48.6137 -4.67316
-48.6725 -4.67404
-48.7313 -4.67492
-48.7901 -4.67579
-48.8489 -4.67666
-48.9078 -4.67754
-48.9667 -4.67841
-49.0255 -4.67928
-49.0844 -4.68015
-49.1433 -4.68102
-49.2023 -4.68188
-49.2612 -4.68275
-49.3201 -4.68362
-49.3791 -4.68448
-49.4381 -4.68534
-49.4971 -4.68621
-49.5561 -4.68707
-49.6151 -4.68793
-49.6741 -4.68879
-49.7332 -4.68964
-49.7922 -4.6905
-49.8513 -4.69136
-49.9104 -4.69221
-49.9695 -4.69307
-50.0286 -4.69392
-50.0877 -4.69477
-50.1468 -4.69562
-50.206 -4.69647
-50.2652 -4.69732
-50.3243 -4.69817
-50.3835 -4.69902
-50.4427 -4.69986
-50.502 -4.70071
-50.5612 -4.70155
-50.6204 -4.7024
-50.6797 -4.70324
-50.739 -4.70408
-50.7983 -4.70492
-50.8576 -4.70576
-50.9169 -4.7066
-50.9762 -4.70743
-51.0355 -4.70827
-51.0949 -4.70911
-51.1543 -4.70994
-51.2136 -4.71077
-51.273 -4.71161
-51.3324 -4.71244
-51.3919 -4.71327
-51.4513 -4.7141
-51.5107 -4.71493
-51.5702 -4.71575
-51.6297 -4.71658
-51.6892 -4.71741
-51.7487 -4.71823
-51.8082 -4.71906
-51.8677 -4.71988
-51.9272 -4.7207
-51.9868 -4.72152
-52.0464 -4.72234
-52.1059 -4.72316
-52.1655 -4.72398
-52.2251 -4.7248
-52.2848 -4.72561
-52.3444 -4.72643
-52.404 -4.72724
-52.4637 -4.72806
-52.5234 -4.72887
-52.583 -4.72968
-52.6427 -4.73049
-52.7024 -4.7313
-52.7622 -4.73211
-52.8219 -4.73292
-52.8816 -4.73373
-52.9414 -4.73453
-53.0012 -4.73534
-53.061 -4.73614
-53.1208 -4.73695
-53.1806 -4.73775
-53.2404 -4.73855
-53.3002 -4.73935
-53.3601 -4.74015
-53.42 -4.74095
-53.4798 -4.74175
-53.5397 -4.74255
-53.5996 -4.74334
-53.6595 -4.74414
-53.7195 -4.74493
-53.7794 -4.74573
-53.8393 -4.74652
-53.8993 -4.74731
-53.9593 -4.7481
-54.0193 -4.74889
-54.0793 -4.74968
-54.1393 -4.75047
-54.1993 -4.75126
-54.2594 -4.75204
-54.3194 -4.75283
-54.3795 -4.75361
-54.4396 -4.7544
-54.4996 -4.75518
-54.5597 -4.75596
-54.6199 -4.75674
-54.68 -4.75752
-54.7401 -4.7583
-54.8003 -4.75908
-54.8604 -4.75986
-54.9206 -4.76064
-54.9808 -4.76141
-55.041 -4.76219
-55.1012 -4.76296
-55.1614 -4.76374
-55.2217 -4.76451
-55.2819 -4.76528
-55.3422 -4.76605
-55.4025 -4.76682
-55.4628 -4.76759
-55.5231 -4.76836
-55.5834 -4.76913
-55.6437 -4.7699
-55.704 -4.77066
-55.7644 -4.77143
-55.8247 -4.77219
-55.8851 -4.77295
-55.9455 -4.77372
-56.0059 -4.77448
-56.0663 -4.77524
-56.1267 -4.776
-56.1872 -4.77676
-56.2476 -4.77752
-56.3081 -4.77828
-56.3685 -4.77903
-56.429 -4.77979
-56.4895 -4.78054
-56.55 -4.7813
-56.6105 -4.78205
-56.6711 -4.7828
-56.7316 -4.78356
-56.7922 -4.78431
-56.8527 -4.78506
-56.9133 -4.78581
-56.9739 -4.78656
-57.0345 -4.7873
-57.0951 -4.78805
-57.1557 -4.7888
-57.2164 -4.78954
-57.277 -4.79029
-57.3377 -4.79103
-57.3984 -4.79177
-57.4591 -4.79252
-57.5197 -4.79326
-57.5805 -4.794
-57.6412 -4.79474
-57.7019 -4.79548
-57.7627 -4.79622
-57.8234 -4.79695
-57.8842 -4.79769
-57.945 -4.79843
-58.0058 -4.79916
-58.0666 -4.7999
-58.1274 -4.80063
-58.1882 -4.80136
-58.249 -4.80209
-58.3099 -4.80283
-58.3708 -4.80356
-58.4316 -4.80429
-58.4925 -4.80501
-58.5534 -4.80574
-58.6143 -4.80647
-58.6752 -4.8072
-58.7362 -4.80792
-58.7971 -4.80865
-58.8581 -4.80937
-58.919 -4.8101
-58.98 -4.81082
-59.041 -4.81154
-59.102 -4.81226
-59.163 -4.81298
-59.224 -4.8137
-59.2851 -4.81442
-59.3461 -4.81514
-59.4072 -4.81586
-59.4683 -4.81657
-59.5293 -4.81729
-59.5904 -4.818
-59.6515 -4.81872
-59.7126 -4.81943
-59.7738 -4.82015
-59.8349 -4.82086
-59.8961 -4.82157
-59.9572 -4.82228
-60.0184 -4.82299
-60.0796 -4.8237
-60.1408 -4.82441
-60.202 -4.82512
-60.2632 -4.82582
-60.3244 -4.82653
-60.3857 -4.82723
-60.4469 -4.82794
-60.5082 -4.82864
-60.5695 -4.82935
-60.6307 -4.83005
-60.692 -4.83075
-60.7533 -4.83145
-60.8147 -4.83215
-60.876 -4.83285
-60.9373 -4.83355
-60.9987 -4.83425
-61.06 -4.83495
-61.1214 -4.83565
-61.1828 -4.83634
-61.2442 -4.83704
-61.3056 -4.83773
-61.367 -4.83843
-61.4285 -4.83912
-61.4899 -4.83981
-61.5513 -4.8405
-61.6128 -4.84119
-61.6743 -4.84188
-61.7358 -4.84257
-61.7973 -4.84326
-61.8588 -4.84395
-61.9203 -4.84464
-61.9818 -4.84533
-62.0434 -4.84601
-62.1049 -4.8467
-62.1665 -4.84738
-62.228 -4.84807
-62.2896 -4.84875
-62.3512 -4.84943
-62.4128 -4.85012
-62.4744 -4.8508
-62.5361 -4.85148
-62.5977 -4.85216
-62.6594 -4.85284
-62.721 -4.85352
-62.7827 -4.85419
-62.8444 -4.85487
-62.9061 -4.85555
-62.9678 -4.85622
-63.0295 -4.8569
-63.0912 -4.85757
-63.1529 -4.85825
-63.2147 -4.85892
-63.2764 -4.85959
-63.3382 -4.86026
-63.4 -4.86094
-63.4618 -4.86161
-63.5236 -4.86228
-63.5854 -4.86295
-63.6472 -4.86361
-63.709 -4.86428
-63.7709 -4.86495
-63.8327 -4.86561
-63.8946 -4.86628
-63.9565 -4.86695
-64.0184 -4.86761
-64.0803 -4.86827
-64.1422 -4.86894
-64.2041 -4.8696
-64.266 -4.87026
-64.3279 -4.87092
-64.3899 -4.87158
-64.4519 -4.87224
-64.5138 -4.8729
-64.5758 -4.87356
-64.6378 -4.87422
-64.6998 -4.87488
-64.7618 -4.87553
-64.8238 -4.87619
-64.8859 -4.87684
-64.9479 -4.8775
-65.01 -4.87815
-65.072 -4.8788
-65.1341 -4.87946
-65.1962 -4.88011
-65.2583 -4.88076
-65.3204 -4.88141
-65.3825 -4.88206
-65.4446 -4.88271
-65.5068 -4.88336
-65.5689 -4.88401
-65.6311 -4.88466
-65.6932 -4.8853
-65.7554 -4.88595
-65.8176 -4.88659
-65.8798 -4.88724
-65.942 -4.88788
-66.0042 -4.88853
-66.0665 -4.88917
-66.1287 -4.88981
-66.1909 -4.89045
-66.2532 -4.8911
-66.3155 -4.89174
-66.3778 -4.89238
-66.44 -4.89302
-66.5023 -4.89365
-66.5647 -4.89429
-66.627 -4.89493
-66.6893 -4.89557
-66.7517 -4.8962
-66.814 -4.89684
-66.8764 -4.89747
-66.9387 -4.89811
-67.0011 -4.89874
-67.0635 -4.89938
-67.1259 -4.90001
-67.1883 -4.90064
-67.2508 -4.90127
-67.3132 -4.9019
-67.3756 -4.90253
-67.4381 -4.90316
-67.5006 -4.90379
-67.563 -4.90442
-67.6255 -4.90505
-67.688 -4.90567
-67.7505 -4.9063
-67.813 -4.90693
-67.8755 -4.90755
-67.9381 -4.90818
-68.0006 -4.9088
-68.0632 -4.90942
-68.1257 -4.91005
-68.1883 -4.91067
-68.2509 -4.91129
-68.3135 -4.91191
-68.3761 -4.91253
-68.4387 -4.91315
-68.5013 -4.91377
-68.5639 -4.91439
-68.6266 -4.91501
-68.6892 -4.91563
-68.7519 -4.91624
-68.8146 -4.91686
-68.8773 -4.91748
-68.94 -4.91809
-69.0027 -4.9187
-69.0654 -4.91932
-69.1281 -4.91993
-69.1908 -4.92055
-69.2536 -4.92116
-69.3163 -4.92177
-69.3791 -4.92238
-69.4418 -4.92299
-69.5046 -4.9236
-69.5674 -4.92421
-69.6302 -4.92482
-69.693 -4.92543
-69.7558 -4.92604
-69.8187 -4.92664
-69.8815 -4.92725
-69.9444 -4.92786
-70.0072 -4.92846
-70.0701 -4.92907
-70.1329 -4.92967
-70.1958 -4.93027
-70.2587 -4.93088
-70.3216 -4.93148
-70.3846 -4.93208
-70.4475 -4.93268
-70.5104 -4.93328
-70.5734 -4.93388
-70.6363 -4.93448
-70.6993 -4.93508
-70.7622 -4.93568
-70.8252 -4.93628
-70.8882 -4.93688
-70.9512 -4.93747
-71.0142 -4.93807
-71.0772 -4.93867
-71.1403 -4.93926
-71.2033 -4.93986
-71.2664 -4.94045
-71.3294 -4.94104
-71.3925 -4.94164
-71.4556 -4.94223
-71.5187 -4.94282
-71.5817 -4.94341
-71.6449 -4.94401
-71.708 -4.9446
-71.7711 -4.94519
-71.8342 -4.94577
-71.8974 -4.94636
-71.9605 -4.94695
-72.0237 -4.94754
-72.0869 -4.94813
-72.15 -4.94871
-72.2132 -4.9493
-72.2764 -4.94988
-72.3396 -4.95047
-72.4029 -4.95105
-72.4661 -4.95164
-72.5293 -4.95222
-72.5926 -4.9528
-72.6558 -4.95339
-72.7191 -4.95397
-72.7824 -4.95455
-72.8456 -4.95513
-72.9089 -4.95571
-72.9722 -4.95629
-73.0355 -4.95687
-73.0989 -4.95745
-73.1622 -4.95803
-73.2255 -4.9586
-73.2889 -4.95918
-73.3522 -4.95976
-73.4156 -4.96033
-73.479 -4.96091
-73.5424 -4.96148
-73.6058 -4.96206
-73.6692 -4.96263
-73.7326 -4.96321
-73.796 -4.96378
-73.8594 -4.96435
-73.9229 -4.96492
-73.9863 -4.96549
-74.0498 -4.96606
-74.1133 -4.96663
-74.1767 -4.9672
-74.2402 -4.96777
-74.3037 -4.96834
-74.3672 -4.96891
-74.4307 -4.96948
-74.4942 -4.97005
-74.5578 -4.97061
-74.6213 -4.97118
-74.6849 -4.97174
-74.7484 -4.97231
-74.812 -4.97287
-74.8756 -4.97344
-74.9391 -4.974
-75.0027 -4.97456
-75.0663 -4.97513
-75.13 -4.97569
-75.1936 -4.97625
-75.2572 -4.97681
-75.3208 -4.97737
-75.3845 -4.97793
-75.4482 -4.97849
-75.5118 -4.97905
-75.5755 -4.97961
-75.6392 -4.98017
-75.7029 -4.98073
-75.7666 -4.98128
-75.8303 -4.98184
-75.894 -4.9824
-75.9577 -4.98295
-76.0215 -4.98351
-76.0852 -4.98406
-76.149 -4.98461
-76.2127 -4.98517
-76.2765 -4.98572
-76.3403 -4.98627
-76.4041 -4.98683
-76.4679 -4.98738
-76.5317 -4.98793
-76.5955 -4.98848
-76.6593 -4.98903
-76.7232 -4.98958
-76.787 -4.99013
-76.8508 -4.99068
-76.9147 -4.99123
-76.9786 -4.99177
-77.0424 -4.99232
-77.1063 -4.99287
-77.1702 -4.99342
-77.2341 -4.99396
-77.298 -4.99451
-77.362 -4.99505
-77.4259 -4.9956
-77.4898 -4.99614
-77.5538 -4.99668
-77.6177 -4.99723
-77.6817 -4.99777
-77.7457 -4.99831
-77.8097 -4.99885
-77.8736 -4.99939
-77.9377 -4.99994
-78.0017 -5.00048
-78.0657 -5.00102
-78.1297 -5.00155
-78.1937 -5.00209
-78.2578 -5.00263
-78.3218 -5.00317
-78.3859 -5.00371
-78.45 -5.00424
-78.514 -5.00478
-78.5781 -5.00532
-78.6422 -5.00585
-78.7063 -5.00639
-78.7704 -5.00692
-78.8345 -5.00746
-78.8987 -5.00799
-78.9628 -5.00852
-79.027 -5.00906
-79.0911 -5.00959
-79.1553 -5.01012
-79.2195 -5.01065
-79.2836 -5.01118
-79.3478 -5.01171
-79.412 -5.01224
-79.4762 -5.01277
-79.5404 -5.0133
-79.6047 -5.01383
-79.6689 -5.01436
-79.7331 -5.01489
-79.7974 -5.01541
-79.8616 -5.01594
-79.9259 -5.01647
-79.9902 -5.01699
-80.0544 -5.01752
-80.1187 -5.01804
-80.183 -5.01857
-80.2473 -5.01909
-80.3116 -5.01962
-80.376 -5.02014
-80.4403 -5.02066
-80.5046 -5.02118
-80.569 -5.02171
-80.6333 -5.02223
-80.6977 -5.02275
-80.7621 -5.02327
-80.8265 -5.02379
-80.8908 -5.02431
-80.9552 -5.02483
-81.0197 -5.02535
-81.0841 -5.02587
-81.1485 -5.02638
-81.2129 -5.0269
-81.2774 -5.02742
-81.3418 -5.02794
-81.4063 -5.02845
-81.4707 -5.02897
-81.5352 -5.02948
-81.5997 -5.03
-81.6642 -5.03051
-81.7287 -5.03103
-81.7932 -5.03154
-81.8577 -5.03205
-81.9222 -5.03257
-81.9867 -5.03308
-82.0513 -5.03359
-82.1158 -5.0341
-82.1804 -5.03461
-82.2449 -5.03512
-82.3095 -5.03563
-82.3741 -5.03614
-82.4387 -5.03665
-82.5033 -5.03716
-82.5679 -5.03767
-82.6325 -5.03818
-82.6971 -5.03869
-82.7617 -5.03919
-82.8264 -5.0397
-82.891 -5.04021
-82.9557 -5.04071
-83.0203 -5.04122
-83.085 -5.04172
-83.1497 -5.04223
-83.2143 -5.04273
-83.279 -5.04324
-83.3437 -5.04374
-83.4084 -5.04424
-83.4731 -5.04475
-83.5379 -5.04525
-83.6026 -5.04575
-83.6673 -5.04625
-83.7321 -5.04675
-83.7968 -5.04725
-83.8616 -5.04775
-83.9264 -5.04825
-83.9912 -5.04875
-84.056 -5.04925
-84.1208 -5.04975
-84.1856 -5.05025
-84.2504 -5.05074
-84.3152 -5.05124
-84.38 -5.05174
-84.4448 -5.05224
-84.5097 -5.05273
-84.5745 -5.05323
-84.6394 -5.05372
-84.7043 -5.05422
-84.7691 -5.05471
-84.834 -5.05521
-84.8989 -5.0557
-84.9638 -5.05619
-85.0287 -5.05668
-85.0936 -5.05718
-85.1585 -5.05767
-85.2235 -5.05816
-85.2884 -5.05865
-85.3534 -5.05914
-85.4183 -5.05963
-85.4833 -5.06012
-85.5483 -5.06061
-85.6132 -5.0611
-85.6782 -5.06159
-85.7432 -5.06208
-85.8082 -5.06257
-85.8732 -5.06305
-85.9382 -5.06354
-86.0033 -5.06403
-86.0683 -5.06452
-86.1333 -5.065
-86.1984 -5.06549
-86.2635 -5.06597
-86.3285 -5.06646
-86.3936 -5.06694
-86.4587 -5.06743
-86.5238 -5.06791
-86.5888 -5.06839
-86.6539 -5.06887
-86.7191 -5.06936
-86.7842 -5.06984
-86.8493 -5.07032
-86.9144 -5.0708
-86.9796 -5.07128
-87.0447 -5.07176
-87.1099 -5.07224
-87.175 -5.07272
-87.2402 -5.0732
-87.3054 -5.07368
-87.3706 -5.07416
-87.4358 -5.07464
-87.501 -5.07512
-87.5662 -5.07559
-87.6314 -5.07607
-87.6966 -5.07655
-87.7618 -5.07702
-87.8271 -5.0775
-87.8923 -5.07798
-87.9576 -5.07845
-88.0228 -5.07893
-88.0881 -5.0794
-88.1534 -5.07987
-88.2187 -5.08035
-88.284 -5.08082
-88.3493 -5.0813
-88.4146 -5.08177
-88.4799 -5.08224
-88.5452 -5.08271
-88.6105 -5.08318
-88.6759 -5.08365
-88.7412 -5.08412
-88.8066 -5.08459
-88.8719 -5.08506
-88.9373 -5.08553
-89.0027 -5.086
-89.0681 -5.08647
-89.1335 -5.08694
-89.1989 -5.08741
-89.2643 -5.08788
-89.3297 -5.08834
-89.3951 -5.08881
-89.4605 -5.08928
-89.526 -5.08974
-89.5914 -5.09021
-89.6569 -5.09068
-89.7223 -5.09114
-89.7878 -5.09161
-89.8533 -5.09207
-89.9188 -5.09253
-89.9842 -5.093
-90.0497 -5.09346
-90.1152 -5.09392
-90.1807 -5.09439
-90.2463 -5.09485
-90.3118 -5.09531
-90.3773 -5.09577
-90.4428 -5.09623
-90.5084 -5.09669
-90.5739 -5.09715
-90.6395 -5.09761
-90.7051 -5.09807
-90.7706 -5.09853
-90.8362 -5.09899
-90.9018 -5.09945
-90.9674 -5.09991
-91.033 -5.10037
-91.0986 -5.10082
-91.1643 -5.10128
-91.2299 -5.10174
-91.2955 -5.1022
-91.3612 -5.10265
-91.4268 -5.10311
-91.4925 -5.10356
-91.5581 -5.10402
-91.6238 -5.10447
-91.6895 -5.10493
-91.7552 -5.10538
-91.8209 -5.10583
-91.8866 -5.10629
-91.9523 -5.10674
-92.018 -5.10719
-92.0837 -5.10765
-92.1494 -5.1081
-92.2152 -5.10855
-92.2809 -5.109
-92.3467 -5.10945
-92.4124 -5.1099
-92.4782 -5.11035
-92.544 -5.1108
-92.6097 -5.11125
-92.6755 -5.1117
-92.7413 -5.11215
-92.8071 -5.1126
-92.8729 -5.11305
-92.9388 -5.11349
-93.0046 -5.11394
-93.0704 -5.11439
-93.1362 -5.11484
-93.2021 -5.11528
-93.2679 -5.11573
-93.3338 -5.11617
-93.3996 -5.11662
-93.4655 -5.11706
-93.5314 -5.11751
-93.5973 -5.11795
-93.6632 -5.1184
-93.7291 -5.11884
-93.795 -5.11928
-93.8609 -5.11973
-93.9268 -5.12017
-93.9928 -5.12061
-94.0587 -5.12105
-94.1246 -5.1215
-94.1906 -5.12194
-94.2565 -5.12238
-94.3225 -5.12282
-94.3885 -5.12326
-94.4544 -5.1237
-94.5204 -5.12414
-94.5864 -5.12458
-94.6524 -5.12502
-94.7184 -5.12546
-94.7844 -5.12589
-94.8505 -5.12633
-94.9165 -5.12677
-94.9825 -5.12721
-95.0486 -5.12765
-95.1146 -5.12808
-95.1807 -5.12852
-95.2467 -5.12895
-95.3128 -5.12939
-95.3789 -5.12983
-95.445 -5.13026
-95.5111 -5.13069
-95.5771 -5.13113
-95.6432 -5.13156
-95.7094 -5.132
-95.7755 -5.13243
-95.8416 -5.13286
-95.9077 -5.1333
-95.9739 -5.13373
-96.04 -5.13416
-96.1062 -5.13459
-96.1723 -5.13502
-96.2385 -5.13546
-96.3047 -5.13589
-96.3708 -5.13632
-96.437 -5.13675
-96.5032 -5.13718
-96.5694 -5.13761
-96.6356 -5.13804
-96.7019 -5.13847
-96.7681 -5.13889
-96.8343 -5.13932
-96.9005 -5.13975
-96.9668 -5.14018
-97.033 -5.14061
-97.0993 -5.14103
-97.1655 -5.14146
-97.2318 -5.14189
-97.2981 -5.14231
-97.3644 -5.14274
-97.4307 -5.14316
-97.497 -5.14359
-97.5633 -5.14401
-97.6296 -5.14444
-97.6959 -5.14486
-97.7622 -5.14529
-97.8285 -5.14571
-97.8949 -5.14613
-97.9612 -5.14656
-98.0276 -5.14698
-98.0939 -5.1474
-98.1603 -5.14782
-98.2267 -5.14824
-98.293 -5.14867
-98.3594 -5.14909
-98.4258 -5.14951
-98.4922 -5.14993
-98.5586 -5.15035
-98.625 -5.15077
-98.6915 -5.15119
-98.7579 -5.15161
-98.8243 -5.15203
-98.8907 -5.15244
-98.9572 -5.15286
-99.0236 -5.15328
-99.0901 -5.1537
-99.1566 -5.15412
-99.223 -5.15453
-99.2895 -5.15495
-99.356 -5.15537
-99.4225 -5.15578
-99.489 -5.1562
-99.5555 -5.15661
-99.622 -5.15703
-99.6885 -5.15744
-99.755 -5.15786
-99.8216 -5.15827
-99.8881 -5.15869
-99.9547 -5.1591
-100.021 -5.15951
-100.088 -5.15993
-100.154 -5.16034
-100.221 -5.16075
-100.287 -5.16117
-100.354 -5.16158
-100.421 -5.16199
-100.487 -5.1624
-100.554 -5.16281
-100.62 -5.16322
-100.687 -5.16363
-100.754 -5.16404
-100.82 -5.16445
-100.887 -5.16486
-100.954 -5.16527
-101.02 -5.16568
-101.087 -5.16609
-101.154 -5.1665
-101.22 -5.16691
-101.287 -5.16732
-101.354 -5.16772
-101.42 -5.16813
-101.487 -5.16854
-101.554 -5.16894
-101.62 -5.16935
-101.687 -5.16976
-101.754 -5.17016
-101.821 -5.17057
-101.887 -5.17097
-101.954 -5.17138
-102.021 -5.17178
-102.088 -5.17219
-102.154 -5.17259
-102.221 -5.17299
-102.288 -5.1734
-102.355 -5.1738
-102.421 -5.1742
-102.488 -5.17461
-102.555 -5.17501
-102.622 -5.17541
-102.689 -5.17581
-102.755 -5.17621
-102.822 -5.17662
-102.889 -5.17702
-102.956 -5.17742
-103.023 -5.17782
-103.09 -5.17822
-103.156 -5.17862
-103.223 -5.17902
-103.29 -5.17942
-103.357 -5.17981
-103.424 -5.18021
-103.491 -5.18061
-103.558 -5.18101
-103.625 -5.18141
-103.692 -5.18181
-103.758 -5.1822
-103.825 -5.1826
-103.892 -5.183
-103.959 -5.18339
-104.026 -5.18379
-104.093 -5.18418
-104.16 -5.18458
-104.227 -5.18498
-104.294 -5.18537
-104.361 -5.18577
-104.428 -5.18616
-104.495 -5.18655
-104.562 -5.18695
-104.629 -5.18734
-104.696 -5.18774
-104.763 -5.18813
-104.83 -5.18852
-104.897 -5.18891
-104.964 -5.18931
-105.031 -5.1897
-105.098 -5.19009
-105.165 -5.19048
-105.232 -5.19087
-105.299 -5.19126
-105.366 -5.19165
-105.433 -5.19204
-105.5 -5.19243
-105.568 -5.19282
-105.635 -5.19321
-105.702 -5.1936
-105.769 -5.19399
-105.836 -5.19438
-105.903 -5.19477
-105.97 -5.19516
-106.037 -5.19555
-106.104 -5.19593
-106.172 -5.19632
-106.239 -5.19671
-106.306 -5.19709
-106.373 -5.19748
-106.44 -5.19787
-106.507 -5.19825
-106.575 -5.19864
-106.642 -5.19902
-106.709 -5.19941
-106.776 -5.19979
-106.843 -5.20018
-106.911 -5.20056
-106.978 -5.20095
-107.045 -5.20133
-107.112 -5.20172
-107.179 -5.2021
-107.247 -5.20248
-107.314 -5.20287
-107.381 -5.20325
-107.448 -5.20363
-107.516 -5.20401
-107.583 -5.20439
-107.65 -5.20478
-107.717 -5.20516
-107.785 -5.20554
-107.852 -5.20592
-107.919 -5.2063
-107.987 -5.20668
-108.054 -5.20706
-108.121 -5.20744
-108.189 -5.20782
-108.256 -5.2082
-108.323 -5.20858
-108.391 -5.20896
-108.458 -5.20933
-108.525 -5.20971
-108.593 -5.21009
-108.66 -5.21047
-108.727 -5.21085
-108.795 -5.21122
-108.862 -5.2116
-108.93 -5.21198
-108.997 -5.21235
-109.064 -5.21273
-109.132 -5.2131
-109.199 -5.21348
-109.267 -5.21386
-109.334 -5.21423
-109.401 -5.21461
-109.469 -5.21498
-109.536 -5.21535
-109.604 -5.21573
-109.671 -5.2161
-109.739 -5.21648
-109.806 -5.21685
-109.874 -5.21722
-109.941 -5.2176
-110.009 -5.21797
-110.076 -5.21834
-110.144 -5.21871
-110.211 -5.21908
-110.279 -5.21946
-110.346 -5.21983
-110.414 -5.2202
-110.481 -5.22057
-110.549 -5.22094
-110.616 -5.22131
-110.684 -5.22168
-110.751 -5.22205
-110.819 -5.22242
-110.886 -5.22279
-110.954 -5.22316
-111.022 -5.22353
-111.089 -5.2239
-111.157 -5.22427
-111.224 -5.22463
-111.292 -5.225
-111.36 -5.22537
-111.427 -5.22574
-111.495 -5.2261
-111.562 -5.22647
-111.63 -5.22684
-111.698 -5.2272
-111.765 -5.22757
-111.833 -5.22793
-111.901 -5.2283
-111.968 -5.22867
-112.036 -5.22903
-112.104 -5.2294
-112.171 -5.22976
-112.239 -5.23012
-112.307 -5.23049
-112.374 -5.23085
-112.442 -5.23122
-112.51 -5.23158
-112.577 -5.23194
-112.645 -5.23231
-112.713 -5.23267
-112.781 -5.23303
-112.848 -5.23339
-112.916 -5.23376
-112.984 -5.23412
-113.052 -5.23448
-113.119 -5.23484
-113.187 -5.2352
-113.255 -5.23556
-113.323 -5.23592
-113.39 -5.23628
-113.458 -5.23664
-113.526 -5.237
-113.594 -5.23736
-113.662 -5.23772
-113.729 -5.23808
-113.797 -5.23844
-113.865 -5.2388
-113.933 -5.23916
-114.001 -5.23952
-114.069 -5.23987
-114.136 -5.24023
-114.204 -5.24059
-114.272 -5.24095
-114.34 -5.2413
-114.408 -5.24166
-114.476 -5.24202
-114.544 -5.24237
-114.611 -5.24273
-114.679 -5.24308
-114.747 -5.24344
-114.815 -5.2438
-114.883 -5.24415
-114.951 -5.24451
-115.019 -5.24486
-115.087 -5.24522
-115.155 -5.24557
-115.223 -5.24592
-115.291 -5.24628
-115.359 -5.24663
-115.426 -5.24699
-115.494 -5.24734
-115.562 -5.24769
-115.63 -5.24804
-115.698 -5.2484
-115.766 -5.24875
-115.834 -5.2491
-115.902 -5.24945
-115.97 -5.2498
-116.038 -5.25016
-116.106 -5.25051
-116.174 -5.25086
-116.242 -5.25121
-116.31 -5.25156
-116.378 -5.25191
-116.446 -5.25226
-116.514 -5.25261
-116.582 -5.25296
-116.651 -5.25331
-116.719 -5.25366
-116.787 -5.25401
-116.855 -5.25435
-116.923 -5.2547
-116.991 -5.25505
-117.059 -5.2554
-117.127 -5.25575
-117.195 -5.25609
-117.263 -5.25644
-117.331 -5.25679
-117.399 -5.25713
-117.468 -5.25748
-117.536 -5.25783
-117.604 -5.25817
-117.672 -5.25852
-117.74 -5.25887
-117.808 -5.25921
-117.876 -5.25956
-117.945 -5.2599
-118.013 -5.26025
-118.081 -5.26059
-118.149 -5.26094
-118.217 -5.26128
-118.285 -5.26162
-118.354 -5.26197
-118.422 -5.26231
-118.49 -5.26265
-118.558 -5.263
-118.626 -5.26334
-118.695 -5.26368
-118.763 -5.26403
-118.831 -5.26437
-118.899 -5.26471
-118.968 -5.26505
-119.036 -5.26539
-119.104 -5.26573
-119.172 -5.26608
-119.241 -5.26642
-119.309 -5.26676
-119.377 -5.2671
-119.445 -5.26744
-119.514 -5.26778
-119.582 -5.26812
-119.65 -5.26846
-119.719 -5.2688
-119.787 -5.26914
-119.855 -5.26948
-119.923 -5.26981
-119.992 -5.27015
-120.06 -5.27049
-120.128 -5.27083
-120.197 -5.27117
-120.265 -5.2715
-120.333 -5.27184
-120.402 -5.27218
-120.47 -5.27252
-120.539 -5.27285
-120.607 -5.27319
-120.675 -5.27353
-120.744 -5.27386
-120.812 -5.2742
-120.88 -5.27453
-120.949 -5.27487
-121.017 -5.27521
-121.086 -5.27554
-121.154 -5.27588
-121.222 -5.27621
-121.291 -5.27655
-121.359 -5.27688
-121.428 -5.27721
-121.496 -5.27755
-121.565 -5.27788
-121.633 -5.27821
-121.702 -5.27855
-121.77 -5.27888
-121.838 -5.27921
-121.907 -5.27955
-121.975 -5.27988
-122.044 -5.28021
-122.112 -5.28054
-122.181 -5.28088
-122.249 -5.28121
-122.318 -5.28154
-122.386 -5.28187
-122.455 -5.2822
-122.523 -5.28253
-122.592 -5.28286
-122.66 -5.28319
-122.729 -5.28352
-122.798 -5.28385
-122.866 -5.28418
-122.935 -5.28451
-123.003 -5.28484
-123.072 -5.28517
-123.14 -5.2855
-123.209 -5.28583
-123.277 -5.28616
-123.346 -5.28649
-123.415 -5.28681
-123.483 -5.28714
-123.552 -5.28747
-123.62 -5.2878
-123.689 -5.28813
-123.758 -5.28845
-123.826 -5.28878
-123.895 -5.28911
-123.964 -5.28943
-124.032 -5.28976
-124.101 -5.29008
-124.169 -5.29041
-124.238 -5.29074
-124.307 -5.29106
-124.375 -5.29139
-124.444 -5.29171
-124.513 -5.29204
-124.581 -5.29236
-124.65 -5.29269
-124.719 -5.29301
-124.787 -5.29334
-124.856 -5.29366
-124.925 -5.29398
-124.994 -5.29431
-125.062 -5.29463
-125.131 -5.29495
-125.2 -5.29528
-125.268 -5.2956
-125.337 -5.29592
-125.406 -5.29624
-125.475 -5.29657
-125.543 -5.29689
-125.612 -5.29721
-125.681 -5.29753
-125.75 -5.29785
-125.818 -5.29818
-125.887 -5.2985
-125.956 -5.29882
-126.025 -5.29914
-126.094 -5.29946
-126.162 -5.29978
-126.231 -5.3001
-126.3 -5.30042
-126.369 -5.30074
-126.438 -5.30106
-126.506 -5.30138
-126.575 -5.3017
-126.644 -5.30201
-126.713 -5.30233
-126.782 -5.30265
-126.851 -5.30297
-126.919 -5.30329
-126.988 -5.30361
-127.057 -5.30392
-127.126 -5.30424
-127.195 -5.30456
-127.264 -5.30488
-127.333 -5.30519
-127.402 -5.30551
-127.47 -5.30583
-127.539 -5.30614
-127.608 -5.30646
-127.677 -5.30678
-127.746 -5.30709
-127.815 -5.30741
-127.884 -5.30772
-127.953 -5.30804
-128.022 -5.30835
-128.091 -5.30867
-128.16 -5.30898
-128.229 -5.3093
-128.298 -5.30961
-128.367 -5.30993
-128.435 -5.31024
-128.504 -5.31055
-128.573 -5.31087
-128.642 -5.31118
-128.711 -5.31149
-128.78 -5.31181
-128.849 -5.31212
-128.918 -5.31243
-128.987 -5.31274
-129.056 -5.31306
-129.125 -5.31337
-129.194 -5.31368
-129.263 -5.31399
-129.332 -5.3143
-129.401 -5.31462
-129.47 -5.31493
-129.54 -5.31524
-129.609 -5.31555
-129.678 -5.31586
-129.747 -5.31617
-129.816 -5.31648
-129.885 -5.31679
-129.954 -5.3171
-130.023 -5.31741
-130.092 -5.31772
-130.161 -5.31803
-130.23 -5.31834
-130.299 -5.31865
-130.368 -5.31896
-130.438 -5.31926
-130.507 -5.31957
-130.576 -5.31988
-130.645 -5.32019
-130.714 -5.3205
-130.783 -5.3208
-130.852 -5.32111
-130.921 -5.32142
-130.991 -5.32173
-131.06 -5.32203
-131.129 -5.32234
-131.198 -5.32265
-131.267 -5.32295
-131.336 -5.32326
-131.406 -5.32357
-131.475 -5.32387
-131.544 -5.32418
-131.613 -5.32448
-131.682 -5.32479
-131.751 -5.32509
-131.821 -5.3254
-131.89 -5.3257
-131.959 -5.32601
-132.028 -5.32631
-132.098 -5.32662
-132.167 -5.32692
-132.236 -5.32722
-132.305 -5.32753
-132.374 -5.32783
-132.444 -5.32814
-132.513 -5.32844
-132.582 -5.32874
-132.652 -5.32904
-132.721 -5.32935
-132.79 -5.32965
-132.859 -5.32995
-132.929 -5.33025
-132.998 -5.33056
-133.067 -5.33086
-133.136 -5.33116
-133.206 -5.33146
-133.275 -5.33176
-133.344 -5.33206
-133.414 -5.33237
-133.483 -5.33267
-133.552 -5.33297
-133.622 -5.33327
-133.691 -5.33357
-133.76 -5.33387
-133.83 -5.33417
-133.899 -5.33447
-133.968 -5.33477
-134.038 -5.33507
-134.107 -5.33537
-134.177 -5.33566
-134.246 -5.33596
-134.315 -5.33626
-134.385 -5.33656
-134.454 -5.33686
-134.523 -5.33716
-134.593 -5.33745
-134.662 -5.33775
-134.732 -5.33805
-134.801 -5.33835
-134.87 -5.33865
-134.94 -5.33894
-135.009 -5.33924
-135.079 -5.33954
-135.148 -5.33983
-135.218 -5.34013
-135.287 -5.34043
-135.357 -5.34072
-135.426 -5.34102
-135.495 -5.34131
-135.565 -5.34161
-135.634 -5.3419
-135.704 -5.3422
-135.773 -5.34249
-135.843 -5.34279
-135.912 -5.34308
-135.982 -5.34338
-136.051 -5.34367
-136.121 -5.34397
-136.19 -5.34426
-136.26 -5.34456
-136.329 -5.34485
-136.399 -5.34514
-136.468 -5.34544
-136.538 -5.34573
-136.607 -5.34602
-136.677 -5.34632
-136.746 -5.34661
-136.816 -5.3469
-136.886 -5.34719
-136.955 -5.34749
-137.025 -5.34778
-137.094 -5.34807
-137.164 -5.34836
-137.233 -5.34865
-137.303 -5.34895
-137.373 -5.34924
-137.442 -5.34953
-137.512 -5.34982
-137.581 -5.35011
-137.651 -5.3504
-137.721 -5.35069
-137.79 -5.35098
-137.86 -5.35127
-137.929 -5.35156
-137.999 -5.35185
-138.069 -5.35214
-138.138 -5.35243
-138.208 -5.35272
-138.278 -5.35301
-138.347 -5.3533
-138.417 -5.35359
-138.487 -5.35388
-138.556 -5.35416
-138.626 -5.35445
-138.696 -5.35474
-138.765 -5.35503
-138.835 -5.35532
-138.905 -5.3556
-138.974 -5.35589
-139.044 -5.35618
-139.114 -5.35647
-139.183 -5.35675
-139.253 -5.35704
-139.323 -5.35733
-139.393 -5.35761
-139.462 -5.3579
-139.532 -5.35819
-139.602 -5.35847
-139.672 -5.35876
-139.741 -5.35904
-139.811 -5.35933
-139.881 -5.35961
-139.951 -5.3599
-140.02 -5.36019
-140.09 -5.36047
-140.16 -5.36075
-140.23 -5.36104
-140.299 -5.36132
-140.369 -5.36161
-140.439 -5.36189
-140.509 -5.36218
-140.579 -5.36246
-140.648 -5.36274
-140.718 -5.36303
-140.788 -5.36331
-140.858 -5.36359
-140.928 -5.36388
-140.997 -5.36416
-141.067 -5.36444
-141.137 -5.36473
-141.207 -5.36501
-141.277 -5.36529
-141.347 -5.36557
-141.416 -5.36585
-141.486 -5.36614
-141.556 -5.36642
-141.626 -5.3667
-141.696 -5.36698
-141.766 -5.36726
-141.836 -5.36754
-141.906 -5.36782
-141.975 -5.3681
-142.045 -5.36839
-142.115 -5.36867
-142.185 -5.36895
-142.255 -5.36923
-142.325 -5.36951
-142.395 -5.36979
-142.465 -5.37007
-142.535 -5.37035
-142.605 -5.37062
-142.675 -5.3709
-142.745 -5.37118
-142.814 -5.37146
-142.884 -5.37174
-142.954 -5.37202
-143.024 -5.3723
-143.094 -5.37258
-143.164 -5.37285
-143.234 -5.37313
-143.304 -5.37341
-143.374 -5.37369
-143.444 -5.37397
-143.514 -5.37424
-143.584 -5.37452
-143.654 -5.3748
-143.724 -5.37507
-143.794 -5.37535
-143.864 -5.37563
-143.934 -5.3759
-144.004 -5.37618
-144.074 -5.37646
-144.144 -5.37673
-144.214 -5.37701
-144.284 -5.37728
-144.354 -5.37756
-144.424 -5.37783
-144.494 -5.37811
-144.564 -5.37839
-144.634 -5.37866
-144.705 -5.37893
-144.775 -5.37921
-144.845 -5.37948
-144.915 -5.37976
-144.985 -5.38003
-145.055 -5.38031
-145.125 -5.38058
-145.195 -5.38085
-145.265 -5.38113
-145.335 -5.3814
-145.405 -5.38167
-145.476 -5.38195
-145.546 -5.38222
-145.616 -5.38249
-145.686 -5.38277
-145.756 -5.38304
-145.826 -5.38331
-145.896 -5.38358
-145.966 -5.38386
-146.037 -5.38413
-146.107 -5.3844
-146.177 -5.38467
-146.247 -5.38494
-146.317 -5.38521
-146.387 -5.38549
-146.458 -5.38576
-146.528 -5.38603
-146.598 -5.3863
-146.668 -5.38657
-146.738 -5.38684
-146.808 -5.38711
-146.879 -5.38738
-146.949 -5.38765
-147.019 -5.38792
-147.089 -5.38819
-147.159 -5.38846
-147.23 -5.38873
-147.3 -5.389
-147.37 -5.38927
-147.44 -5.38954
-147.511 -5.38981
-147.581 -5.39008
-147.651 -5.39034
-147.721 -5.39061
-147.792 -5.39088
-147.862 -5.39115
-147.932 -5.39142
-148.002 -5.39169
-148.073 -5.39195
-148.143 -5.39222
-148.213 -5.39249
-148.283 -5.39276
-148.354 -5.39302
-148.424 -5.39329
-148.494 -5.39356
-148.565 -5.39382
-148.635 -5.39409
-148.705 -5.39436
-148.776 -5.39462
-148.846 -5.39489
-148.916 -5.39516
-148.987 -5.39542
-149.057 -5.39569
-149.127 -5.39595
-149.198 -5.39622
-149.268 -5.39648
-149.338 -5.39675
-149.409 -5.39702
-149.479 -5.39728
-149.549 -5.39754
-149.62 -5.39781
-149.69 -5.39807
-149.76 -5.39834
-149.831 -5.3986
-149.901 -5.39887
-149.971 -5.39913
-150.042 -5.39939
-150.112 -5.39966
-150.183 -5.39992
-150.253 -5.40019
-150.323 -5.40045
-150.394 -5.40071
-150.464 -5.40098
-150.535 -5.40124
-150.605 -5.4015
-150.676 -5.40176
-150.746 -5.40203
-150.816 -5.40229
-150.887 -5.40255
-150.957 -5.40281
-151.028 -5.40307
-151.098 -5.40334
-151.169 -5.4036
-151.239 -5.40386
-151.31 -5.40412
-151.38 -5.40438
-151.451 -5.40464
-151.521 -5.4049
-151.591 -5.40517
-151.662 -5.40543
-151.732 -5.40569
-151.803 -5.40595
-151.873 -5.40621
-151.944 -5.40647
-152.014 -5.40673
-152.085 -5.40699
-152.155 -5.40725
-152.226 -5.40751
-152.297 -5.40777
-152.367 -5.40803
-152.438 -5.40828
-152.508 -5.40854
-152.579 -5.4088
-152.649 -5.40906
-152.72 -5.40932
-152.79 -5.40958
-152.861 -5.40984
-152.931 -5.4101
-153.002 -5.41035
-153.073 -5.41061
-153.143 -5.41087
-153.214 -5.41113
-153.284 -5.41138
-153.355 -5.41164
-153.425 -5.4119
-153.496 -5.41216
-153.567 -5.41241
-153.637 -5.41267
-153.708 -5.41293
-153.778 -5.41318
-153.849 -5.41344
-153.92 -5.4137
-153.99 -5.41395
-154.061 -5.41421
-154.132 -5.41447
-154.202 -5.41472
-154.273 -5.41498
-154.343 -5.41523
-154.414 -5.41549
-154.485 -5.41574
-154.555 -5.416
-154.626 -5.41625
-154.697 -5.41651
-154.767 -5.41676
-154.838 -5.41702
-154.909 -5.41727
-154.979 -5.41753
-155.05 -5.41778
-155.121 -5.41804
-155.191 -5.41829
-155.262 -5.41854
-155.333 -5.4188
-155.404 -5.41905
-155.474 -5.41931
-155.545 -5.41956
-155.616 -5.41981
-155.686 -5.42006
-155.757 -5.42032
-155.828 -5.42057
-155.899 -5.42082
-155.969 -5.42108
-156.04 -5.42133
-156.111 -5.42158
-156.182 -5.42183
-156.252 -5.42209
-156.323 -5.42234
-156.394 -5.42259
-156.465 -5.42284
-156.535 -5.42309
-156.606 -5.42334
-156.677 -5.4236
-156.748 -5.42385
-156.818 -5.4241
-156.889 -5.42435
-156.96 -5.4246
-157.031 -5.42485
-157.102 -5.4251
-157.172 -5.42535
-157.243 -5.4256
-157.314 -5.42585
-157.385 -5.4261
-157.456 -5.42635
-157.527 -5.4266
-157.597 -5.42685
-157.668 -5.4271
-157.739 -5.42735
-157.81 -5.4276
-157.881 -5.42785
-157.952 -5.4281
-158.022 -5.42835
-158.093 -5.4286
-158.164 -5.42884
-158.235 -5.42909
-158.306 -5.42934
-158.377 -5.42959
-158.448 -5.42984
-158.518 -5.43009
-158.589 -5.43033
-158.66 -5.43058
-158.731 -5.43083
-158.802 -5.43108
-158.873 -5.43132
-158.944 -5.43157
-159.015 -5.43182
-159.086 -5.43207
-159.157 -5.43231
-159.227 -5.43256
-159.298 -5.43281
-159.369 -5.43305
-159.44 -5.4333
-159.511 -5.43355
-159.582 -5.43379
-159.653 -5.43404
-159.724 -5.43428
-159.795 -5.43453
-159.866 -5.43478
-159.937 -5.43502
-160.008 -5.43527
-160.079 -5.43551
-160.15 -5.43576
-160.221 -5.436
-160.292 -5.43625
-160.363 -5.43649
-160.434 -5.43674
-160.505 -5.43698
-160.576 -5.43723
-160.647 -5.43747
-160.718 -5.43771
-160.789 -5.43796
-160.86 -5.4382
-160.931 -5.43845
-161.002 -5.43869
-161.073 -5.43893
-161.144 -5.43918
-161.215 -5.43942
-161.286 -5.43966
-161.357 -5.43991
-161.428 -5.44015
-161.499 -5.44039
-161.57 -5.44063
-161.641 -5.44088
-161.712 -5.44112
-161.783 -5.44136
-161.854 -5.4416
-161.925 -5.44185
-161.996 -5.44209
-162.067 -5.44233
-162.139 -5.44257
-162.21 -5.44281
-162.281 -5.44306
-162.352 -5.4433
-162.423 -5.44354
-162.494 -5.44378
-162.565 -5.44402
-162.636 -5.44426
-162.707 -5.4445
-162.778 -5.44474
-162.85 -5.44498
-162.921 -5.44522
-162.992 -5.44547
-163.063 -5.44571
-163.134 -5.44595
-163.205 -5.44619
-163.276 -5.44643
-163.347 -5.44667
-163.419 -5.44691
-163.49 -5.44714
-163.561 -5.44738
-163.632 -5.44762
-163.703 -5.44786
-163.774 -5.4481
-163.846 -5.44834
-163.917 -5.44858
-163.988 -5.44882
-164.059 -5.44906
-164.13 -5.4493
-164.202 -5.44953
-164.273 -5.44977
-164.344 -5.45001
-164.415 -5.45025
-164.486 -5.45049
-164.558 -5.45072
-164.629 -5.45096
-164.7 -5.4512
-164.771 -5.45144
-164.842 -5.45167
-164.914 -5.45191
-164.985 -5.45215
-165.056 -5.45238
-165.127 -5.45262
-165.199 -5.45286
-165.27 -5.45309
-165.341 -5.45333
-165.412 -5.45357
-165.484 -5.4538
-165.555 -5.45404
-165.626 -5.45428
-165.697 -5.45451
-165.769 -5.45475
-165.84 -5.45498
-165.911 -5.45522
-165.983 -5.45546
-166.054 -5.45569
-166.125 -5.45593
-166.196 -5.45616
-166.268 -5.4564
-166.339 -5.45663
-166.41 -5.45687
-166.482 -5.4571
-166.553 -5.45733
-166.624 -5.45757
-166.696 -5.4578
-166.767 -5.45804
-166.838 -5.45827
-166.91 -5.45851
-166.981 -5.45874
-167.052 -5.45897
-167.124 -5.45921
-167.195 -5.45944
-167.266 -5.45967
-167.338 -5.45991
-167.409 -5.46014
-167.48 -5.46037
-167.552 -5.46061
-167.623 -5.46084
-167.695 -5.46107
-167.766 -5.46131
-167.837 -5.46154
-167.909 -5.46177
-167.98 -5.462
-168.051 -5.46223
-168.123 -5.46247
-168.194 -5.4627
-168.266 -5.46293
-168.337 -5.46316
-168.408 -5.46339
-168.48 -5.46363
-168.551 -5.46386
-168.623 -5.46409
-168.694 -5.46432
-168.766 -5.46455
-168.837 -5.46478
-168.908 -5.46501
-168.98 -5.46524
-169.051 -5.46547
-169.123 -5.46571
-169.194 -5.46594
-169.266 -5.46617
-169.337 -5.4664
-169.409 -5.46663
-169.48 -5.46686
-169.552 -5.46709
-169.623 -5.46732
-169.695 -5.46755
-169.766 -5.46778
-169.837 -5.468
-169.909 -5.46823
-169.98 -5.46846
-170.052 -5.46869
-170.123 -5.46892
-170.195 -5.46915
-170.266 -5.46938
-170.338 -5.46961
-170.41 -5.46984
-170.481 -5.47007
-170.553 -5.47029
-170.624 -5.47052
-170.696 -5.47075
-170.767 -5.47098
-170.839 -5.47121
-170.91 -5.47143
-170.982 -5.47166
-171.053 -5.47189
-171.125 -5.47212
-171.196 -5.47234
-171.268 -5.47257
-171.34 -5.4728
-171.411 -5.47303
-171.483 -5.47325
-171.554 -5.47348
-171.626 -5.47371
-171.697 -5.47393
-171.769 -5.47416
-171.841 -5.47439
-171.912 -5.47461
-171.984 -5.47484
-172.055 -5.47506
-172.127 -5.47529
-172.199 -5.47552
-172.27 -5.47574
-172.342 -5.47597
-172.413 -5.47619
-172.485 -5.47642
-172.557 -5.47664
-172.628 -5.47687
-172.7 -5.47709
-172.772 -5.47732
-172.843 -5.47754
-172.915 -5.47777
-172.986 -5.47799
-173.058 -5.47822
-173.13 -5.47844
-173.201 -5.47867
-173.273 -5.47889
-173.345 -5.47912
-173.416 -5.47934
-173.488 -5.47956
-173.56 -5.47979
-173.631 -5.48001
-173.703 -5.48024
-173.775 -5.48046
-173.847 -5.48068
-173.918 -5.48091
-173.99 -5.48113
-174.062 -5.48135
-174.133 -5.48158
-174.205 -5.4818
-174.277 -5.48202
-174.348 -5.48224
-174.42 -5.48247
-174.492 -5.48269
-174.564 -5.48291
-174.635 -5.48313
-174.707 -5.48336
-174.779 -5.48358
-174.851 -5.4838
-174.922 -5.48402
-174.994 -5.48424
-175.066 -5.48447
-175.138 -5.48469
-175.209 -5.48491
-175.281 -5.48513
-175.353 -5.48535
-175.425 -5.48557
-175.496 -5.48579
-175.568 -5.48602
-175.64 -5.48624
-175.712 -5.48646
-175.783 -5.48668
-175.855 -5.4869
-175.927 -5.48712
-175.999 -5.48734
-176.071 -5.48756
-176.142 -5.48778
-176.214 -5.488
-176.286 -5.48822
-176.358 -5.48844
-176.43 -5.48866
-176.501 -5.48888
-176.573 -5.4891
-176.645 -5.48932
-176.717 -5.48954
-176.789 -5.48976
-176.861 -5.48998
-176.932 -5.49019
-177.004 -5.49041
-177.076 -5.49063
-177.148 -5.49085
-177.22 -5.49107
-177.292 -5.49129
-177.364 -5.49151
-177.435 -5.49173
-177.507 -5.49194
-177.579 -5.49216
-177.651 -5.49238
-177.723 -5.4926
-177.795 -5.49282
-177.867 -5.49303
-177.939 -5.49325
-178.011 -5.49347
-178.082 -5.49369
-178.154 -5.4939
-178.226 -5.49412
-178.298 -5.49434
-178.37 -5.49455
-178.442 -5.49477
-178.514 -5.49499
-178.586 -5.49521
-178.658 -5.49542
-178.73 -5.49564
-178.802 -5.49586
-178.874 -5.49607
-178.945 -5.49629
-179.017 -5.4965
-179.089 -5.49672
-179.161 -5.49694
-179.233 -5.49715
-179.305 -5.49737
-179.377 -5.49758
-179.449 -5.4978
-179.521 -5.49801
-179.593 -5.49823
-179.665 -5.49845
-179.737 -5.49866
-179.809 -5.49888
-179.881 -5.49909
-179.953 -5.49931
-180.025 -5.49952
-180.097 -5.49973
-180.169 -5.49995
-180.241 -5.50016
-180.313 -5.50038
-180.385 -5.50059
-180.457 -5.50081
-180.529 -5.50102
-180.601 -5.50124
-180.673 -5.50145
-180.745 -5.50166
-180.817 -5.50188
-180.889 -5.50209
-180.961 -5.5023
-181.033 -5.50252
-181.105 -5.50273
-181.177 -5.50294
-181.249 -5.50316
-181.321 -5.50337
-181.393 -5.50358
-181.465 -5.5038
-181.538 -5.50401
-181.61 -5.50422
-181.682 -5.50443
-181.754 -5.50465
-181.826 -5.50486
-181.898 -5.50507
-181.97 -5.50528
-182.042 -5.5055
-182.114 -5.50571
-182.186 -5.50592
-182.258 -5.50613
-182.33 -5.50634
-182.403 -5.50655
-182.475 -5.50677
-182.547 -5.50698
-182.619 -5.50719
-182.691 -5.5074
-182.763 -5.50761
-182.835 -5.50782
-182.907 -5.50803
-182.979 -5.50824
-183.052 -5.50845
-183.124 -5.50867
-183.196 -5.50888
-183.268 -5.50909
-183.34 -5.5093
-183.412 -5.50951
-183.484 -5.50972
-183.557 -5.50993
-183.629 -5.51014
-183.701 -5.51035
-183.773 -5.51056
-183.845 -5.51077
-183.917 -5.51098
-183.99 -5.51119
-184.062 -5.51139
-184.134 -5.5116
-184.206 -5.51181
-184.278 -5.51202
-184.351 -5.51223
-184.423 -5.51244
-184.495 -5.51265
-184.567 -5.51286
-184.639 -5.51307
-184.712 -5.51328
-184.784 -5.51348
-184.856 -5.51369
-184.928 -5.5139
-185.001 -5.51411
-185.073 -5.51432
-185.145 -5.51453
-185.217 -5.51473
-185.289 -5.51494
-185.362 -5.51515
-185.434 -5.51536
-185.506 -5.51556
-185.578 -5.51577
-185.651 -5.51598
-185.723 -5.51619
-185.795 -5.51639
-185.867 -5.5166
-185.94 -5.51681
-186.012 -5.51702
-186.084 -5.51722
-186.157 -5.51743
-186.229 -5.51764
-186.301 -5.51784
-186.373 -5.51805
-186.446 -5.51826
-186.518 -5.51846
-186.59 -5.51867
-186.663 -5.51887
-186.735 -5.51908
-186.807 -5.51929
-186.879 -5.51949
-186.952 -5.5197
-187.024 -5.5199
-187.096 -5.52011
-187.169 -5.52031
-187.241 -5.52052
-187.313 -5.52073
-187.386 -5.52093
-187.458 -5.52114
-187.53 -5.52134
-187.603 -5.52155
-187.675 -5.52175
-187.747 -5.52196
-187.82 -5.52216
-187.892 -5.52236
-187.965 -5.52257
-188.037 -5.52277
-188.109 -5.52298
-188.182 -5.52318
-188.254 -5.52339
-188.326 -5.52359
-188.399 -5.52379
-188.471 -5.524
-188.544 -5.5242
-188.616 -5.52441
-188.688 -5.52461
-188.761 -5.52481
-188.833 -5.52502
-188.905 -5.52522
-188.978 -5.52542
-189.05 -5.52563
-189.123 -5.52583
-189.195 -5.52603
-189.268 -5.52624
-189.34 -5.52644
-189.412 -5.52664
-189.485 -5.52684
-189.557 -5.52705
-189.63 -5.52725
-189.702 -5.52745
-189.775 -5.52765
-189.847 -5.52786
-189.919 -5.52806
-189.992 -5.52826
-190.064 -5.52846
-190.137 -5.52866
-190.209 -5.52887
-190.282 -5.52907
-190.354 -5.52927
-190.427 -5.52947
-190.499 -5.52967
-190.572 -5.52987
-190.644 -5.53007
-190.717 -5.53028
-190.789 -5.53048
-190.862 -5.53068
-190.934 -5.53088
-191.007 -5.53108
-191.079 -5.53128
-191.152 -5.53148
-191.224 -5.53168
-191.297 -5.53188
-191.369 -5.53208
-191.442 -5.53228
-191.514 -5.53248
-191.587 -5.53268
-191.659 -5.53288
-191.732 -5.53308
-191.804 -5.53328
-191.877 -5.53348
-191.949 -5.53368
-192.022 -5.53388
-192.094 -5.53408
-192.167 -5.53428
-192.239 -5.53448
-192.312 -5.53468
-192.385 -5.53488
-192.457 -5.53508
-192.53 -5.53528
-192.602 -5.53548
-192.675 -5.53567
-192.747 -5.53587
-192.82 -5.53607
-192.893 -5.53627
-192.965 -5.53647
-193.038 -5.53667
-193.11 -5.53687
-193.183 -5.53706
-193.255 -5.53726
-193.328 -5.53746
-193.401 -5.53766
-193.473 -5.53786
-193.546 -5.53805
-193.618 -5.53825
-193.691 -5.53845
-193.764 -5.53865
-193.836 -5.53884
-193.909 -5.53904
-193.982 -5.53924
-194.054 -5.53944
-194.127 -5.53963
-194.199 -5.53983
-194.272 -5.54003
-194.345 -5.54022
-194.417 -5.54042
-194.49 -5.54062
-194.563 -5.54081
-194.635 -5.54101
-194.708 -5.54121
-194.781 -5.5414
-194.853 -5.5416
-194.926 -5.5418
-194.999 -5.54199
-195.071 -5.54219
-195.144 -5.54239
-195.217 -5.54258
-195.289 -5.54278
-195.362 -5.54297
-195.435 -5.54317
-195.507 -5.54336
-195.58 -5.54356
-195.653 -5.54375
-195.726 -5.54395
-195.798 -5.54415
-195.871 -5.54434
-195.944 -5.54454
-196.016 -5.54473
-196.089 -5.54493
-196.162 -5.54512
-196.235 -5.54531
-196.307 -5.54551
-196.38 -5.5457
-196.453 -5.5459
-196.525 -5.54609
-196.598 -5.54629
-196.671 -5.54648
-196.744 -5.54668
-196.816 -5.54687
-196.889 -5.54706
-196.962 -5.54726
-197.035 -5.54745
-197.107 -5.54765
-197.18 -5.54784
-197.253 -5.54803
-197.326 -5.54823
-197.399 -5.54842
-197.471 -5.54861
-197.544 -5.54881
-197.617 -5.549
-197.69 -5.54919
-197.762 -5.54939
-197.835 -5.54958
-197.908 -5.54977
-197.981 -5.54996
-198.054 -5.55016
-198.126 -5.55035
-198.199 -5.55054
-198.272 -5.55073
-198.345 -5.55093
-198.418 -5.55112
-198.49 -5.55131
-198.563 -5.5515
-198.636 -5.5517
-198.709 -5.55189
-198.782 -5.55208
-198.855 -5.55227
-198.927 -5.55246
-199 -5.55265
-199.073 -5.55285
-199.146 -5.55304
-199.219 -5.55323
-199.292 -5.55342
-199.365 -5.55361
-199.437 -5.5538
-199.51 -5.55399
-199.583 -5.55418
-199.656 -5.55438
-199.729 -5.55457
-199.802 -5.55476
-199.875 -5.55495
-199.947 -5.55514
-200.02 -5.55533
-200.093 -5.55552
-200.166 -5.55571
-200.239 -5.5559
-200.312 -5.55609
-200.385 -5.55628
-200.458 -5.55647
-200.531 -5.55666
-200.604 -5.55685
-200.676 -5.55704
-200.749 -5.55723
-200.822 -5.55742
-200.895 -5.55761
-200.968 -5.5578
-201.041 -5.55799
-201.114 -5.55818
-201.187 -5.55837
-201.26 -5.55856
-201.333 -5.55875
-201.406 -5.55893
-201.479 -5.55912
-201.552 -5.55931
-201.625 -5.5595
-201.698 -5.55969
-201.77 -5.55988
-201.843 -5.56007
-201.916 -5.56026
-201.989 -5.56044
-202.062 -5.56063
-202.135 -5.56082
-202.208 -5.56101
-202.281 -5.5612
-202.354 -5.56138
-202.427 -5.56157
-202.5 -5.56176
-202.573 -5.56195
-202.646 -5.56214
-202.719 -5.56232
-202.792 -5.56251
-202.865 -5.5627
-202.938 -5.56289
-203.011 -5.56307
-203.084 -5.56326
-203.157 -5.56345
-203.23 -5.56364
-203.303 -5.56382
-203.376 -5.56401
-203.449 -5.5642
-203.522 -5.56438
-203.595 -5.56457
-203.668 -5.56476
-203.741 -5.56494
-203.814 -5.56513
-203.887 -5.56532
-203.961 -5.5655
-204.034 -5.56569
-204.107 -5.56587
-204.18 -5.56606
-204.253 -5.56625
-204.326 -5.56643
-204.399 -5.56662
-204.472 -5.5668
-204.545 -5.56699
-204.618 -5.56718
-204.691 -5.56736
-204.764 -5.56755
-204.837 -5.56773
-204.91 -5.56792
-204.984 -5.5681
-205.057 -5.56829
-205.13 -5.56847
-205.203 -5.56866
-205.276 -5.56884
-205.349 -5.56903
-205.422 -5.56921
-205.495 -5.5694
-205.568 -5.56958
-205.641 -5.56977
-205.715 -5.56995
-205.788 -5.57014
-205.861 -5.57032
-205.934 -5.57051
-206.007 -5.57069
-206.08 -5.57087
-206.153 -5.57106
-206.226 -5.57124
-206.3 -5.57143
-206.373 -5.57161
-206.446 -5.57179
-206.519 -5.57198
-206.592 -5.57216
-206.665 -5.57234
-206.738 -5.57253
-206.812 -5.57271
-206.885 -5.57289
-206.958 -5.57308
-207.031 -5.57326
-207.104 -5.57344
-207.178 -5.57363
-207.251 -5.57381
-207.324 -5.57399
-207.397 -5.57418
-207.47 -5.57436
-207.543 -5.57454
-207.617 -5.57472
-207.69 -5.57491
-207.763 -5.57509
-207.836 -5.57527
-207.909 -5.57545
-207.983 -5.57563
-208.056 -5.57582
-208.129 -5.576
-208.202 -5.57618
-208.275 -5.57636
-208.349 -5.57655
-208.422 -5.57673
-208.495 -5.57691
-208.568 -5.57709
-208.642 -5.57727
-208.715 -5.57745
-208.788 -5.57763
-208.861 -5.57782
-208.935 -5.578
-209.008 -5.57818
-209.081 -5.57836
-209.154 -5.57854
-209.228 -5.57872
-209.301 -5.5789
-209.374 -5.57908
-209.447 -5.57926
-209.521 -5.57944
-209.594 -5.57963
-209.667 -5.57981
-209.74 -5.57999
-209.814 -5.58017
-209.887 -5.58035
-209.96 -5.58053
-210.034 -5.58071
-210.107 -5.58089
-210.18 -5.58107
-210.254 -5.58125
-210.327 -5.58143
-210.4 -5.58161
-210.473 -5.58179
-210.547 -5.58197
-210.62 -5.58215
-210.693 -5.58233
-210.767 -5.58251
-210.84 -5.58269
-210.913 -5.58286
-210.987 -5.58304
-211.06 -5.58322
-211.133 -5.5834
-211.207 -5.58358
-211.28 -5.58376
-211.353 -5.58394
-211.427 -5.58412
-211.5 -5.5843
-211.573 -5.58448
-211.647 -5.58465
-211.72 -5.58483
-211.793 -5.58501
-211.867 -5.58519
-211.94 -5.58537
-212.014 -5.58555
-212.087 -5.58572
-212.16 -5.5859
-212.234 -5.58608
-212.307 -5.58626
-212.38 -5.58644
-212.454 -5.58661
-212.527 -5.58679
-212.601 -5.58697
-212.674 -5.58715
-212.747 -5.58733
-212.821 -5.5875
-212.894 -5.58768
-212.968 -5.58786
-213.041 -5.58804
-213.114 -5.58821
-213.188 -5.58839
-213.261 -5.58857
-213.335 -5.58874
-213.408 -5.58892
-213.481 -5.5891
-213.555 -5.58927
-213.628 -5.58945
-213.702 -5.58963
-213.775 -5.5898
-213.849 -5.58998
-213.922 -5.59016
-213.996 -5.59033
-214.069 -5.59051
-214.142 -5.59069
-214.216 -5.59086
-214.289 -5.59104
-214.363 -5.59121
-214.436 -5.59139
-214.51 -5.59157
-214.583 -5.59174
-214.657 -5.59192
-214.73 -5.59209
-214.804 -5.59227
-214.877 -5.59244
-214.951 -5.59262
-215.024 -5.5928
-215.098 -5.59297
-215.171 -5.59315
-215.244 -5.59332
-215.318 -5.5935
-215.391 -5.59367
-215.465 -5.59385
-215.538 -5.59402
-215.612 -5.5942
-215.685 -5.59437
-215.759 -5.59455
-215.833 -5.59472
-215.906 -5.5949
-215.98 -5.59507
-216.053 -5.59524
-216.127 -5.59542
-216.2 -5.59559
-216.274 -5.59577
-216.347 -5.59594
-216.421 -5.59612
-216.494 -5.59629
-216.568 -5.59646
-216.641 -5.59664
-216.715 -5.59681
-216.788 -5.59699
-216.862 -5.59716
-216.936 -5.59733
-217.009 -5.59751
-217.083 -5.59768
-217.156 -5.59785
-217.23 -5.59803
-217.303 -5.5982
-217.377 -5.59837
-217.451 -5.59855
-217.524 -5.59872
-217.598 -5.59889
-217.671 -5.59907
-217.745 -5.59924
-217.818 -5.59941
-217.892 -5.59958
-217.966 -5.59976
-218.039 -5.59993
-218.113 -5.6001
-218.186 -5.60027
-218.26 -5.60045
-218.334 -5.60062
-218.407 -5.60079
-218.481 -5.60096
-218.554 -5.60114
-218.628 -5.60131
-218.702 -5.60148
-218.775 -5.60165
-218.849 -5.60182
-218.923 -5.602
-218.996 -5.60217
-219.07 -5.60234
-219.144 -5.60251
-219.217 -5.60268
-219.291 -5.60285
-219.364 -5.60303
-219.438 -5.6032
-219.512 -5.60337
-219.585 -5.60354
-219.659 -5.60371
-219.733 -5.60388
-219.806 -5.60405
-219.88 -5.60422
-219.954 -5.6044
-220.027 -5.60457
-220.101 -5.60474
-220.175 -5.60491
-220.248 -5.60508
-220.322 -5.60525
-220.396 -5.60542
-220.469 -5.60559
-220.543 -5.60576
-220.617 -5.60593
-220.691 -5.6061
-220.764 -5.60627
-220.838 -5.60644
-220.912 -5.60661
-220.985 -5.60678
-221.059 -5.60695
-221.133 -5.60712
-221.207 -5.60729
-221.28 -5.60746
-221.354 -5.60763
-221.428 -5.6078
-221.501 -5.60797
-221.575 -5.60814
-221.649 -5.60831
-221.723 -5.60848
-221.796 -5.60865
-221.87 -5.60882
-221.944 -5.60899
-222.018 -5.60916
-222.091 -5.60932
-222.165 -5.60949
-222.239 -5.60966
-222.313 -5.60983
-222.386 -5.61
-222.46 -5.61017
-222.534 -5.61034
-222.608 -5.61051
-222.681 -5.61067
-222.755 -5.61084
-222.829 -5.61101
-222.903 -5.61118
-222.976 -5.61135
-223.05 -5.61152
-223.124 -5.61168
-223.198 -5.61185
-223.272 -5.61202
-223.345 -5.61219
-223.419 -5.61236
-223.493 -5.61252
-223.567 -5.61269
-223.641 -5.61286
-223.714 -5.61303
-223.788 -5.61319
-223.862 -5.61336
-223.936 -5.61353
-224.01 -5.6137
-224.084 -5.61386
-224.157 -5.61403
-224.231 -5.6142
-224.305 -5.61437
-224.379 -5.61453
-224.453 -5.6147
-224.526 -5.61487
-224.6 -5.61503
-224.674 -5.6152
-224.748 -5.61537
-224.822 -5.61553
-224.896 -5.6157
-224.97 -5.61587
-225.043 -5.61603
-225.117 -5.6162
-225.191 -5.61637
-225.265 -5.61653
-225.339 -5.6167
-225.413 -5.61687
-225.487 -5.61703
-225.56 -5.6172
-225.634 -5.61736
-225.708 -5.61753
-225.782 -5.6177
-225.856 -5.61786
-225.93 -5.61803
-226.004 -5.61819
-226.078 -5.61836
-226.152 -5.61852
-226.225 -5.61869
-226.299 -5.61886
-226.373 -5.61902
-226.447 -5.61919
-226.521 -5.61935
-226.595 -5.61952
-226.669 -5.61968
-226.743 -5.61985
-226.817 -5.62001
-226.891 -5.62018
-226.965 -5.62034
-227.038 -5.62051
-227.112 -5.62067
-227.186 -5.62084
-227.26 -5.621
-227.334 -5.62117
-227.408 -5.62133
-227.482 -5.62149
-227.556 -5.62166
-227.63 -5.62182
-227.704 -5.62199
-227.778 -5.62215
-227.852 -5.62232
-227.926 -5.62248
-228 -5.62264
-228.074 -5.62281
-228.148 -5.62297
-228.222 -5.62314
-228.296 -5.6233
-228.37 -5.62346
-228.444 -5.62363
-228.518 -5.62379
-228.592 -5.62395
-228.666 -5.62412
-228.74 -5.62428
-228.814 -5.62444
-228.887 -5.62461
-228.961 -5.62477
-229.035 -5.62493
-229.109 -5.6251
-229.183 -5.62526
-229.257 -5.62542
-229.331 -5.62559
-229.406 -5.62575
-229.48 -5.62591
-229.554 -5.62607
-229.628 -5.62624
-229.702 -5.6264
-229.776 -5.62656
-229.85 -5.62673
-229.924 -5.62689
-229.998 -5.62705
-230.072 -5.62721
-230.146 -5.62737
-230.22 -5.62754
-230.294 -5.6277
-230.368 -5.62786
-230.442 -5.62802
-230.516 -5.62819
-230.59 -5.62835
-230.664 -5.62851
-230.738 -5.62867
-230.812 -5.62883
-230.886 -5.62899
-230.96 -5.62916
-231.034 -5.62932
-231.108 -5.62948
-231.183 -5.62964
-231.257 -5.6298
-231.331 -5.62996
-231.405 -5.63012
-231.479 -5.63029
-231.553 -5.63045
-231.627 -5.63061
-231.701 -5.63077
-231.775 -5.63093
-231.849 -5.63109
-231.923 -5.63125
-231.998 -5.63141
-232.072 -5.63157
-232.146 -5.63173
-232.22 -5.63189
-232.294 -5.63205
-232.368 -5.63222
-232.442 -5.63238
-232.516 -5.63254
-232.59 -5.6327
-232.665 -5.63286
-232.739 -5.63302
-232.813 -5.63318
-232.887 -5.63334
-232.961 -5.6335
-233.035 -5.63366
-233.109 -5.63382
-233.183 -5.63398
-233.258 -5.63414
-233.332 -5.6343
-233.406 -5.63446
-233.48 -5.63462
-233.554 -5.63478
-233.628 -5.63494
-233.703 -5.63509
-233.777 -5.63525
-233.851 -5.63541
-233.925 -5.63557
-233.999 -5.63573
-234.073 -5.63589
-234.148 -5.63605
-234.222 -5.63621
-234.296 -5.63637
-234.37 -5.63653
-234.444 -5.63669
-234.518 -5.63684
-234.593 -5.637
-234.667 -5.63716
-234.741 -5.63732
-234.815 -5.63748
-234.889 -5.63764
-234.964 -5.6378
-235.038 -5.63795
-235.112 -5.63811
-235.186 -5.63827
-235.26 -5.63843
-235.335 -5.63859
-235.409 -5.63875
-235.483 -5.6389
-235.557 -5.63906
-235.632 -5.63922
-235.706 -5.63938
-235.78 -5.63954
-235.854 -5.63969
-235.928 -5.63985
-236.003 -5.64001
-236.077 -5.64017
-236.151 -5.64032
-236.225 -5.64048
-236.3 -5.64064
-236.374 -5.6408
-236.448 -5.64095
-236.522 -5.64111
-236.597 -5.64127
-236.671 -5.64143
-236.745 -5.64158
-236.82 -5.64174
-236.894 -5.6419
-236.968 -5.64205
-237.042 -5.64221
-237.117 -5.64237
-237.191 -5.64252
-237.265 -5.64268
-237.339 -5.64284
-237.414 -5.64299
-237.488 -5.64315
-237.562 -5.64331
-237.637 -5.64346
-237.711 -5.64362
-237.785 -5.64378
-237.859 -5.64393
-237.934 -5.64409
-238.008 -5.64425
-238.082 -5.6444
-238.157 -5.64456
-238.231 -5.64471
-238.305 -5.64487
-238.38 -5.64502
-238.454 -5.64518
-238.528 -5.64534
-238.603 -5.64549
-238.677 -5.64565
-238.751 -5.6458
-238.826 -5.64596
-238.9 -5.64611
-238.974 -5.64627
-239.049 -5.64643
-239.123 -5.64658
-239.197 -5.64674
-239.272 -5.64689
-239.346 -5.64705
-239.42 -5.6472
-239.495 -5.64736
-239.569 -5.64751
-239.643 -5.64767
-239.718 -5.64782
-239.792 -5.64798
-239.867 -5.64813
-239.941 -5.64829
-240.015 -5.64844
-240.09 -5.64859
-240.164 -5.64875
-240.238 -5.6489
-240.313 -5.64906
-240.387 -5.64921
-240.462 -5.64937
-240.536 -5.64952
-240.61 -5.64968
-240.685 -5.64983
-240.759 -5.64998
-240.834 -5.65014
-240.908 -5.65029
-240.982 -5.65045
-241.057 -5.6506
-241.131 -5.65075
-241.206 -5.65091
-241.28 -5.65106
-241.354 -5.65121
-241.429 -5.65137
-241.503 -5.65152
-241.578 -5.65167
-241.652 -5.65183
-241.727 -5.65198
-241.801 -5.65214
-241.875 -5.65229
-241.95 -5.65244
-242.024 -5.65259
-242.099 -5.65275
-242.173 -5.6529
-242.248 -5.65305
-242.322 -5.65321
-242.397 -5.65336
-242.471 -5.65351
-242.545 -5.65367
-242.62 -5.65382
-242.694 -5.65397
-242.769 -5.65412
-242.843 -5.65428
-242.918 -5.65443
-242.992 -5.65458
-243.067 -5.65473
-243.141 -5.65489
-243.216 -5.65504
-243.29 -5.65519
-243.365 -5.65534
-243.439 -5.65549
-243.514 -5.65565
-243.588 -5.6558
-243.663 -5.65595
-243.737 -5.6561
-243.812 -5.65626
-243.886 -5.65641
-243.961 -5.65656
-244.035 -5.65671
-244.11 -5.65686
-244.184 -5.65701
-244.259 -5.65717
-244.333 -5.65732
-244.408 -5.65747
-244.482 -5.65762
-244.557 -5.65777
-244.631 -5.65792
-244.706 -5.65807
-244.78 -5.65822
-244.855 -5.65838
-244.929 -5.65853
-245.004 -5.65868
-245.078 -5.65883
-245.153 -5.65898
-245.228 -5.65913
-245.302 -5.65928
-245.377 -5.65943
-245.451 -5.65958
-245.526 -5.65973
-245.6 -5.65988
-245.675 -5.66004
-245.749 -5.66019
-245.824 -5.66034
-245.899 -5.66049
-245.973 -5.66064
-246.048 -5.66079
-246.122 -5.66094
-246.197 -5.66109
-246.271 -5.66124
-246.346 -5.66139
-246.421 -5.66154
-246.495 -5.66169
-246.57 -5.66184
-246.644 -5.66199
-246.719 -5.66214
-246.794 -5.66229
-246.868 -5.66244
-246.943 -5.66259
-247.017 -5.66274
-247.092 -5.66289
-247.167 -5.66304
-247.241 -5.66319
-247.316 -5.66333
-247.39 -5.66348
-247.465 -5.66363
-247.54 -5.66378
-247.614 -5.66393
-247.689 -5.66408
-247.763 -5.66423
-247.838 -5.66438
-247.913 -5.66453
-247.987 -5.66468
-248.062 -5.66483
-248.137 -5.66497
-248.211 -5.66512
-248.286 -5.66527
-248.361 -5.66542
-248.435 -5.66557
-248.51 -5.66572
-248.585 -5.66587
-248.659 -5.66602
-248.734 -5.66616
-248.808 -5.66631
-248.883 -5.66646
-248.958 -5.66661
-249.032 -5.66676
-249.107 -5.6669
-249.182 -5.66705
-249.256 -5.6672
-249.331 -5.66735
-249.406 -5.6675
-249.481 -5.66764
-249.555 -5.66779
-249.63 -5.66794
-249.705 -5.66809
-249.779 -5.66824
-249.854 -5.66838
-249.929 -5.66853
-250.003 -5.66868
-250.078 -5.66883
-250.153 -5.66897
-250.227 -5.66912
-250.302 -5.66927
-250.377 -5.66942
-250.452 -5.66956
-250.526 -5.66971
-250.601 -5.66986
-250.676 -5.67001
-250.75 -5.67015
-250.825 -5.6703
-250.9 -5.67045
-250.975 -5.67059
-251.049 -5.67074
-251.124 -5.67089
-251.199 -5.67103
-251.274 -5.67118
-251.348 -5.67133
-251.423 -5.67147
-251.498 -5.67162
-251.573 -5.67177
-251.647 -5.67191
-251.722 -5.67206
-251.797 -5.67221
-251.872 -5.67235
-251.946 -5.6725
-252.021 -5.67264
-252.096 -5.67279
-252.171 -5.67294
-252.245 -5.67308
-252.32 -5.67323
-252.395 -5.67337
-252.47 -5.67352
-252.544 -5.67367
-252.619 -5.67381
-252.694 -5.67396
-252.769 -5.6741
-252.844 -5.67425
-252.918 -5.6744
-252.993 -5.67454
-253.068 -5.67469
-253.143 -5.67483
-253.218 -5.67498
-253.292 -5.67512
-253.367 -5.67527
-253.442 -5.67541
-253.517 -5.67556
-253.592 -5.6757
-253.666 -5.67585
-253.741 -5.67599
-253.816 -5.67614
-253.891 -5.67628
-253.966 -5.67643
-254.04 -5.67657
-254.115 -5.67672
-254.19 -5.67686
-254.265 -5.67701
-254.34 -5.67715
-254.415 -5.6773
-254.489 -5.67744
-254.564 -5.67759
-254.639 -5.67773
-254.714 -5.67788
-254.789 -5.67802
-254.864 -5.67816
-254.939 -5.67831
-255.013 -5.67845
-255.088 -5.6786
-255.163 -5.67874
-255.238 -5.67888
-255.313 -5.67903
-255.388 -5.67917
-255.463 -5.67932
-255.537 -5.67946
-255.612 -5.6796
-255.687 -5.67975
-255.762 -5.67989
-255.837 -5.68004
-255.912 -5.68018
-255.987 -5.68032
-256.062 -5.68047
-256.137 -5.68061
-256.211 -5.68075
-256.286 -5.6809
-256.361 -5.68104
-256.436 -5.68118
-256.511 -5.68133
-256.586 -5.68147
-256.661 -5.68161
-256.736 -5.68176
-256.811 -5.6819
-256.885 -5.68204
-256.96 -5.68219
-257.035 -5.68233
-257.11 -5.68247
-257.185 -5.68261
-257.26 -5.68276
-257.335 -5.6829
-257.41 -5.68304
-257.485 -5.68318
-257.56 -5.68333
-257.635 -5.68347
-257.71 -5.68361
-257.785 -5.68375
-257.86 -5.6839
-257.935 -5.68404
-258.009 -5.68418
-258.084 -5.68432
-258.159 -5.68447
-258.234 -5.68461
-258.309 -5.68475
-258.384 -5.68489
-258.459 -5.68503
-258.534 -5.68518
-258.609 -5.68532
-258.684 -5.68546
-258.759 -5.6856
-258.834 -5.68574
-258.909 -5.68589
-258.984 -5.68603
-259.059 -5.68617
-259.134 -5.68631
-259.209 -5.68645
-259.284 -5.68659
-259.359 -5.68674
-259.434 -5.68688
-259.509 -5.68702
-259.584 -5.68716
-259.659 -5.6873
-259.734 -5.68744
-259.809 -5.68758
-259.884 -5.68772
-259.959 -5.68787
-260.034 -5.68801
-260.109 -5.68815
-260.184 -5.68829
-260.259 -5.68843
-260.334 -5.68857
-260.409 -5.68871
-260.484 -5.68885
-260.559 -5.68899
-260.634 -5.68913
-260.709 -5.68927
-260.784 -5.68941
-260.859 -5.68955
-260.934 -5.6897
-261.009 -5.68984
-261.084 -5.68998
-261.159 -5.69012
-261.234 -5.69026
-261.309 -5.6904
-261.384 -5.69054
-261.459 -5.69068
-261.534 -5.69082
-261.609 -5.69096
-261.685 -5.6911
-261.76 -5.69124
-261.835 -5.69138
-261.91 -5.69152
-261.985 -5.69166
-262.06 -5.6918
-262.135 -5.69194
-262.21 -5.69208
-262.285 -5.69222
-262.36 -5.69236
-262.435 -5.6925
-262.51 -5.69264
-262.585 -5.69277
-262.66 -5.69291
-262.736 -5.69305
-262.811 -5.69319
-262.886 -5.69333
-262.961 -5.69347
-263.036 -5.69361
-263.111 -5.69375
-263.186 -5.69389
-263.261 -5.69403
-263.336 -5.69417
-263.411 -5.69431
-263.487 -5.69444
-263.562 -5.69458
-263.637 -5.69472
-263.712 -5.69486
-263.787 -5.695
-263.862 -5.69514
-263.937 -5.69528
-264.012 -5.69542
-264.088 -5.69555
-264.163 -5.69569
-264.238 -5.69583
-264.313 -5.69597
-264.388 -5.69611
-264.463 -5.69625
-264.538 -5.69638
-264.613 -5.69652
-264.689 -5.69666
-264.764 -5.6968
-264.839 -5.69694
-264.914 -5.69708
-264.989 -5.69721
-265.064 -5.69735
-265.14 -5.69749
-265.215 -5.69763
-265.29 -5.69776
-265.365 -5.6979
-265.44 -5.69804
-265.515 -5.69818
-265.591 -5.69832
-265.666 -5.69845
-265.741 -5.69859
-265.816 -5.69873
-265.891 -5.69887
-265.966 -5.699
-266.042 -5.69914
-266.117 -5.69928
-266.192 -5.69941
-266.267 -5.69955
-266.342 -5.69969
-266.418 -5.69983
-266.493 -5.69996
-266.568 -5.7001
-266.643 -5.70024
-266.718 -5.70037
-266.794 -5.70051
-266.869 -5.70065
-266.944 -5.70079
-267.019 -5.70092
-267.094 -5.70106
-267.17 -5.7012
-267.245 -5.70133
-267.32 -5.70147
-267.395 -5.70161
-267.471 -5.70174
-267.546 -5.70188
-267.621 -5.70201
-267.696 -5.70215
-267.771 -5.70229
-267.847 -5.70242
-267.922 -5.70256
-267.997 -5.7027
-268.072 -5.70283
-268.148 -5.70297
-268.223 -5.7031
-268.298 -5.70324
-268.373 -5.70338
-268.449 -5.70351
-268.524 -5.70365
-268.599 -5.70378
-268.674 -5.70392
-268.75 -5.70406
-268.825 -5.70419
-268.9 -5.70433
-268.975 -5.70446
-269.051 -5.7046
-269.126 -5.70473
-269.201 -5.70487
-269.277 -5.70501
-269.352 -5.70514
-269.427 -5.70528
-269.503 -5.70541
-269.578 -5.70555
-269.653 -5.70568
-269.728 -5.70582
-269.804 -5.70595
-269.879 -5.70609
-269.954 -5.70622
-270.03 -5.70636
-270.105 -5.70649
-270.18 -5.70663
-270.255 -5.70676
-270.331 -5.7069
-270.406 -5.70703
-270.481 -5.70717
-270.557 -5.7073
-270.632 -5.70744
-270.707 -5.70757
-270.783 -5.70771
-270.858 -5.70784
-270.933 -5.70797
-271.009 -5.70811
-271.084 -5.70824
-271.159 -5.70838
-271.235 -5.70851
-271.31 -5.70865
-271.385 -5.70878
-271.461 -5.70892
-271.536 -5.70905
-271.611 -5.70918
-271.687 -5.70932
-271.762 -5.70945
-271.837 -5.70959
-271.913 -5.70972
-271.988 -5.70985
-272.063 -5.70999
-272.139 -5.71012
-272.214 -5.71026
-272.29 -5.71039
-272.365 -5.71052
-272.44 -5.71066
-272.516 -5.71079
-272.591 -5.71092
-272.666 -5.71106
-272.742 -5.71119
-272.817 -5.71132
-272.893 -5.71146
-272.968 -5.71159
-273.043 -5.71172
-273.119 -5.71186
-273.194 -5.71199
-273.269 -5.71212
-273.345 -5.71226
-273.42 -5.71239
-273.496 -5.71252
-273.571 -5.71266
-273.646 -5.71279
-273.722 -5.71292
-273.797 -5.71305
-273.873 -5.71319
-273.948 -5.71332
-274.024 -5.71345
-274.099 -5.71359
-274.174 -5.71372
-274.25 -5.71385
-274.325 -5.71398
-274.401 -5.71412
-274.476 -5.71425
-274.551 -5.71438
-274.627 -5.71451
-274.702 -5.71465
-274.778 -5.71478
-274.853 -5.71491
-274.929 -5.71504
-275.004 -5.71517
-275.08 -5.71531
-275.155 -5.71544
-275.23 -5.71557
-275.306 -5.7157
-275.381 -5.71584
-275.457 -5.71597
-275.532 -5.7161
-275.608 -5.71623
-275.683 -5.71636
-275.759 -5.71649
-275.834 -5.71663
-275.91 -5.71676
-275.985 -5.71689
-276.061 -5.71702
-276.136 -5.71715
-276.211 -5.71728
-276.287 -5.71742
-276.362 -5.71755
-276.438 -5.71768
-276.513 -5.71781
-276.589 -5.71794
-276.664 -5.71807
-276.74 -5.7182
-276.815 -5.71834
-276.891 -5.71847
-276.966 -5.7186
-277.042 -5.71873
-277.117 -5.71886
-277.193 -5.71899
-277.268 -5.71912
-277.344 -5.71925
-277.419 -5.71938
-277.495 -5.71951
-277.57 -5.71965
-277.646 -5.71978
-277.721 -5.71991
-277.797 -5.72004
-277.872 -5.72017
-277.948 -5.7203
-278.023 -5.72043
-278.099 -5.72056
-278.175 -5.72069
-278.25 -5.72082
-278.326 -5.72095
-278.401 -5.72108
-278.477 -5.72121
-278.552 -5.72134
-278.628 -5.72147
-278.703 -5.7216
-278.779 -5.72173
-278.854 -5.72186
-278.93 -5.72199
-279.005 -5.72212
-279.081 -5.72225
-279.157 -5.72238
-279.232 -5.72251
-279.308 -5.72264
-279.383 -5.72277
-279.459 -5.7229
-279.534 -5.72303
-279.61 -5.72316
-279.686 -5.72329
-279.761 -5.72342
-279.837 -5.72355
-279.912 -5.72368
-279.988 -5.72381
-280.063 -5.72394
-280.139 -5.72407
-280.215 -5.7242
-280.29 -5.72433
-280.366 -5.72446
-280.441 -5.72459
-280.517 -5.72472
-280.593 -5.72484
-280.668 -5.72497
-280.744 -5.7251
-280.819 -5.72523
-280.895 -5.72536
-280.971 -5.72549
-281.046 -5.72562
-281.122 -5.72575
-281.197 -5.72588
-281.273 -5.72601
-281.349 -5.72613
-281.424 -5.72626
-281.5 -5.72639
-281.576 -5.72652
-281.651 -5.72665
-281.727 -5.72678
-281.802 -5.72691
-281.878 -5.72704
-281.954 -5.72716
-282.029 -5.72729
-282.105 -5.72742
-282.181 -5.72755
-282.256 -5.72768
-282.332 -5.7278
-282.408 -5.72793
-282.483 -5.72806
-282.559 -5.72819
-282.634 -5.72832
-282.71 -5.72845
-282.786 -5.72857
-282.861 -5.7287
-282.937 -5.72883
-283.013 -5.72896
-283.088 -5.72908
-283.164 -5.72921
-283.24 -5.72934
-283.315 -5.72947
-283.391 -5.7296
-283.467 -5.72972
-283.542 -5.72985
-283.618 -5.72998
-283.694 -5.73011
-283.769 -5.73023
-283.845 -5.73036
-283.921 -5.73049
-283.997 -5.73062
-284.072 -5.73074
-284.148 -5.73087
-284.224 -5.731
-284.299 -5.73113
-284.375 -5.73125
-284.451 -5.73138
-284.526 -5.73151
-284.602 -5.73164
-284.678 -5.73176
-284.754 -5.73189
-284.829 -5.73202
-284.905 -5.73214
-284.981 -5.73227
-285.056 -5.7324
-285.132 -5.73252
-285.208 -5.73265
-285.284 -5.73278
-285.359 -5.7329
-285.435 -5.73303
-285.511 -5.73316
-285.586 -5.73328
-285.662 -5.73341
-285.738 -5.73354
-285.814 -5.73366
-285.889 -5.73379
-285.965 -5.73392
-286.041 -5.73404
-286.117 -5.73417
-286.192 -5.73429
-286.268 -5.73442
-286.344 -5.73455
-286.42 -5.73467
-286.495 -5.7348
-286.571 -5.73493
-286.647 -5.73505
-286.723 -5.73518
-286.798 -5.7353
-286.874 -5.73543
-286.95 -5.73555
-287.026 -5.73568
-287.101 -5.73581
-287.177 -5.73593
-287.253 -5.73606
-287.329 -5.73618
-287.405 -5.73631
-287.48 -5.73644
-287.556 -5.73656
-287.632 -5.73669
-287.708 -5.73681
-287.783 -5.73694
-287.859 -5.73706
-287.935 -5.73719
-288.011 -5.73731
-288.087 -5.73744
-288.162 -5.73756
-288.238 -5.73769
-288.314 -5.73781
-288.39 -5.73794
-288.466 -5.73806
-288.542 -5.73819
-288.617 -5.73831
-288.693 -5.73844
-288.769 -5.73856
-288.845 -5.73869
-288.921 -5.73881
-288.996 -5.73894
-289.072 -5.73906
-289.148 -5.73919
-289.224 -5.73931
-289.3 -5.73944
-289.376 -5.73956
-289.451 -5.73969
-289.527 -5.73981
-289.603 -5.73994
-289.679 -5.74006
-289.755 -5.74019
-289.831 -5.74031
-289.906 -5.74043
-289.982 -5.74056
-290.058 -5.74068
-290.134 -5.74081
-290.21 -5.74093
-290.286 -5.74106
-290.362 -5.74118
-290.437 -5.7413
-290.513 -5.74143
-290.589 -5.74155
-290.665 -5.74168
-290.741 -5.7418
-290.817 -5.74192
-290.893 -5.74205
-290.968 -5.74217
-291.044 -5.7423
-291.12 -5.74242
-291.196 -5.74254
-291.272 -5.74267
-291.348 -5.74279
-291.424 -5.74291
-291.5 -5.74304
-291.576 -5.74316
-291.651 -5.74329
-291.727 -5.74341
-291.803 -5.74353
-291.879 -5.74366
-291.955 -5.74378
-292.031 -5.7439
-292.107 -5.74403
-292.183 -5.74415
-292.259 -5.74427
-292.334 -5.7444
-292.41 -5.74452
-292.486 -5.74464
-292.562 -5.74476
-292.638 -5.74489
-292.714 -5.74501
-292.79 -5.74513
-292.866 -5.74526
-292.942 -5.74538
-293.018 -5.7455
-293.094 -5.74563
-293.17 -5.74575
-293.246 -5.74587
-293.322 -5.74599
-293.397 -5.74612
-293.473 -5.74624
-293.549 -5.74636
-293.625 -5.74648
-293.701 -5.74661
-293.777 -5.74673
-293.853 -5.74685
-293.929 -5.74697
-294.005 -5.7471
-294.081 -5.74722
-294.157 -5.74734
-294.233 -5.74746
-294.309 -5.74759
-294.385 -5.74771
-294.461 -5.74783
-294.537 -5.74795
-294.613 -5.74807
-294.689 -5.7482
-294.765 -5.74832
-294.841 -5.74844
-294.917 -5.74856
-294.993 -5.74868
-295.069 -5.74881
-295.145 -5.74893
-295.221 -5.74905
-295.297 -5.74917
-295.372 -5.74929
-295.448 -5.74942
-295.524 -5.74954
-295.6 -5.74966
-295.676 -5.74978
-295.752 -5.7499
-295.828 -5.75002
-295.904 -5.75014
-295.98 -5.75027
-296.056 -5.75039
-296.132 -5.75051
-296.208 -5.75063
-296.284 -5.75075
-296.361 -5.75087
-296.437 -5.75099
-296.513 -5.75112
-296.589 -5.75124
-296.665 -5.75136
-296.741 -5.75148
-296.817 -5.7516
-296.893 -5.75172
-296.969 -5.75184
-297.045 -5.75196
-297.121 -5.75208
-297.197 -5.75221
-297.273 -5.75233
-297.349 -5.75245
-297.425 -5.75257
-297.501 -5.75269
-297.577 -5.75281
-297.653 -5.75293
-297.729 -5.75305
-297.805 -5.75317
-297.881 -5.75329
-297.957 -5.75341
-298.033 -5.75353
-298.109 -5.75365
-298.185 -5.75377
-298.261 -5.75389
-298.337 -5.75401
-298.414 -5.75413
-298.49 -5.75425
-298.566 -5.75437
-298.642 -5.75449
-298.718 -5.75461
-298.794 -5.75473
-298.87 -5.75486
-298.946 -5.75498
-299.022 -5.7551
-299.098 -5.75522
-299.174 -5.75534
-299.25 -5.75546
-299.326 -5.75558
-299.403 -5.75569
-299.479 -5.75581
-299.555 -5.75593
-299.631 -5.75605
-299.707 -5.75617
-299.783 -5.75629
-299.859 -5.75641
-299.935 -5.75653
-300.011 -5.75665
-300.087 -5.75677
-300.164 -5.75689
-300.24 -5.75701
-300.316 -5.75713
-300.392 -5.75725
-300.468 -5.75737
-300.544 -5.75749
-300.62 -5.75761
-300.696 -5.75773
-300.772 -5.75785
-300.849 -5.75797
-300.925 -5.75808
-301.001 -5.7582
-301.077 -5.75832
-301.153 -5.75844
-301.229 -5.75856
-301.305 -5.75868
-301.382 -5.7588
-301.458 -5.75892
-301.534 -5.75904
-301.61 -5.75916
-301.686 -5.75927
-301.762 -5.75939
-301.838 -5.75951
-301.915 -5.75963
-301.991 -5.75975
-302.067 -5.75987
-302.143 -5.75999
-302.219 -5.76011
-302.295 -5.76022
-302.372 -5.76034
-302.448 -5.76046
-302.524 -5.76058
-302.6 -5.7607
-302.676 -5.76082
-302.752 -5.76093
-302.829 -5.76105
-302.905 -5.76117
-302.981 -5.76129
-303.057 -5.76141
-303.133 -5.76152
-303.209 -5.76164
-303.286 -5.76176
-303.362 -5.76188
-303.438 -5.762
-303.514 -5.76212
-303.59 -5.76223
-303.667 -5.76235
-303.743 -5.76247
-303.819 -5.76259
-303.895 -5.7627
-303.971 -5.76282
-304.048 -5.76294
-304.124 -5.76306
-304.2 -5.76318
-304.276 -5.76329
-304.352 -5.76341
-304.429 -5.76353
-304.505 -5.76365
-304.581 -5.76376
-304.657 -5.76388
-304.734 -5.764
-304.81 -5.76411
-304.886 -5.76423
-304.962 -5.76435
-305.038 -5.76447
-305.115 -5.76458
-305.191 -5.7647
-305.267 -5.76482
-305.343 -5.76494
-305.42 -5.76505
-305.496 -5.76517
-305.572 -5.76529
-305.648 -5.7654
-305.725 -5.76552
