0 0
0.0574879 -0.0337577
0.112729 -0.0675088
0.165728 -0.101247
0.21649 -0.134964
0.265019 -0.168655
0.311322 -0.202313
0.355405 -0.235929
0.397275 -0.269498
0.436939 -0.303013
0.474404 -0.336465
0.509679 -0.369849
0.542772 -0.403157
0.573692 -0.436382
0.602449 -0.469517
0.629052 -0.502555
0.653513 -0.535489
0.67584 -0.568311
0.696047 -0.601015
0.714143 -0.633594
0.730141 -0.666041
0.744053 -0.69835
0.755892 -0.730513
0.765669 -0.762523
0.7734 -0.794375
0.779096 -0.826062
0.782772 -0.857578
0.784443 -0.888916
0.784121 -0.92007
0.781822 -0.951035
0.777561 -0.981804
0.771353 -1.01237
0.763213 -1.04274
0.753156 -1.07289
0.741199 -1.10282
0.727356 -1.13253
0.711645 -1.16202
0.694082 -1.19128
0.674682 -1.2203
0.653463 -1.24908
0.63044 -1.27762
0.605631 -1.30591
0.579052 -1.33395
0.55072 -1.36174
0.520653 -1.38928
0.488867 -1.41655
0.455379 -1.44356
0.420206 -1.47031
0.383365 -1.4968
0.344875 -1.52301
0.30475 -1.54896
0.26301 -1.57464
0.219671 -1.60004
0.17475 -1.62517
0.128264 -1.65003
0.0802308 -1.67461
0.0306668 -1.69892
-0.0204108 -1.72296
-0.0729851 -1.74671
-0.127039 -1.7702
-0.182556 -1.79341
-0.23952 -1.81634
-0.297913 -1.83901
-0.357719 -1.8614
-0.418922 -1.88351
-0.481504 -1.90536
-0.545451 -1.92694
-0.610746 -1.94826
-0.677372 -1.9693
-0.745314 -1.99008
-0.814556 -2.0106
-0.885082 -2.03086
-0.956877 -2.05086
-1.02992 -2.0706
-1.10421 -2.09009
-1.17972 -2.10933
-1.25644 -2.12832
-1.33434 -2.14706
-1.41343 -2.16555
-1.49368 -2.1838
-1.57508 -2.20182
-1.65762 -2.21959
-1.74127 -2.23713
-1.82603 -2.25444
-1.91189 -2.27152
-1.99882 -2.28837
-2.08682 -2.305
-2.17587 -2.32141
-2.26596 -2.3376
-2.35708 -2.35357
-2.4492 -2.36934
-2.54233 -2.38489
-2.63645 -2.40024
-2.73154 -2.41538
-2.82759 -2.43032
-2.9246 -2.44506
-3.02254 -2.45961
-3.12142 -2.47397
-3.2212 -2.48813
-3.32189 -2.50211
-3.42348 -2.5159
-3.52594 -2.52952
-3.62928 -2.54295
-3.73347 -2.55621
-3.83852 -2.56929
-3.9444 -2.58221
-4.05111 -2.59495
-4.15864 -2.60753
-4.26697 -2.61995
-4.3761 -2.63221
-4.48602 -2.64431
-4.59672 -2.65625
-4.70819 -2.66804
-4.82042 -2.67968
-4.9334 -2.69117
-5.04711 -2.70252
-5.16156 -2.71372
-5.27674 -2.72479
-5.39262 -2.73571
-5.50921 -2.7465
-5.6265 -2.75715
-5.74448 -2.76767
-5.86314 -2.77806
-5.98247 -2.78832
-6.10247 -2.79846
-6.22312 -2.80847
-6.34443 -2.81836
-6.46637 -2.82813
-6.58895 -2.83778
-6.71215 -2.84732
-6.83597 -2.85674
-6.96041 -2.86605
-7.08545 -2.87525
-7.21109 -2.88434
-7.33732 -2.89332
-7.46414 -2.9022
-7.59153 -2.91097
-7.71949 -2.91964
-7.84802 -2.92821
-7.97711 -2.93669
-8.10675 -2.94506
-8.23694 -2.95334
-8.36767 -2.96153
-8.49893 -2.96962
-8.63072 -2.97762
-8.76303 -2.98553
-8.89586 -2.99336
-9.0292 -3.0011
-9.16305 -3.00875
-9.29739 -3.01631
-9.43224 -3.0238
-9.56757 -3.0312
-9.70339 -3.03852
-9.83968 -3.04577
-9.97645 -3.05293
-10.1137 -3.06002
-10.2514 -3.06703
-10.3896 -3.07397
-10.5282 -3.08084
-10.6673 -3.08763
-10.8068 -3.09435
-10.9467 -3.10101
-11.0871 -3.10759
-11.2279 -3.11411
-11.3692 -3.12055
-11.5109 -3.12694
-11.653 -3.13326
-11.7955 -3.13951
-11.9384 -3.1457
-12.0817 -3.15183
-12.2255 -3.1579
-12.3696 -3.16391
-12.5141 -3.16986
-12.659 -3.17575
-12.8043 -3.18158
-12.95 -3.18736
-13.0961 -3.19308
-13.2425 -3.19875
-13.3894 -3.20436
-13.5366 -3.20991
-13.6841 -3.21542
-13.832 -3.22087
-13.9803 -3.22627
-14.1289 -3.23162
-14.2779 -3.23692
-14.4273 -3.24218
-14.5769 -3.24738
-14.727 -3.25253
-14.8773 -3.25764
-15.028 -3.2627
-15.1791 -3.26772
-15.3304 -3.27269
-15.4821 -3.27762
-15.6342 -3.2825
-15.7865 -3.28734
-15.9392 -3.29213
-16.0921 -3.29689
-16.2454 -3.3016
-16.399 -3.30627
-16.5529 -3.3109
-16.7072 -3.31549
-16.8617 -3.32004
-17.0165 -3.32455
-17.1716 -3.32902
-17.327 -3.33346
-17.4828 -3.33786
-17.6388 -3.34222
-17.795 -3.34654
-17.9516 -3.35083
-18.1085 -3.35508
-18.2656 -3.3593
-18.423 -3.36348
-18.5807 -3.36763
-18.7387 -3.37174
-18.8969 -3.37583
-19.0554 -3.37987
-19.2142 -3.38389
-19.3733 -3.38787
-19.5326 -3.39182
-19.6922 -3.39574
-19.852 -3.39963
-20.0121 -3.40349
-20.1724 -3.40732
-20.333 -3.41112
-20.4939 -3.41489
-20.655 -3.41863
-20.8163 -3.42234
-20.9779 -3.42602
-21.1397 -3.42968
-21.3018 -3.4333
-21.4641 -3.4369
-21.6267 -3.44047
-21.7895 -3.44402
-21.9525 -3.44754
-22.1158 -3.45103
-22.2792 -3.4545
-22.443 -3.45794
-22.6069 -3.46135
-22.7711 -3.46475
-22.9355 -3.46811
-23.1001 -3.47145
-23.265 -3.47477
-23.43 -3.47807
-23.5953 -3.48134
-23.7608 -3.48458
-23.9265 -3.48781
-24.0925 -3.49101
-24.2586 -3.49419
-24.425 -3.49734
-24.5915 -3.50048
-24.7583 -3.50359
-24.9253 -3.50668
-25.0925 -3.50975
-25.2598 -3.5128
-25.4274 -3.51582
-25.5952 -3.51883
-25.7632 -3.52182
-25.9314 -3.52478
-26.0998 -3.52773
-26.2684 -3.53065
-26.4371 -3.53356
-26.6061 -3.53645
-26.7753 -3.53932
-26.9446 -3.54217
-27.1141 -3.545
-27.2839 -3.54781
-27.4538 -3.5506
-27.6239 -3.55338
-27.7942 -3.55613
-27.9646 -3.55887
-28.1353 -3.5616
-28.3061 -3.5643
-28.4771 -3.56699
-28.6483 -3.56966
-28.8197 -3.57231
-28.9912 -3.57495
-29.1629 -3.57757
-29.3348 -3.58017
-29.5069 -3.58276
-29.6791 -3.58533
-29.8515 -3.58788
-30.0241 -3.59042
-30.1968 -3.59295
-30.3697 -3.59546
-30.5428 -3.59795
-30.7161 -3.60043
-30.8895 -3.60289
-31.063 -3.60534
-31.2368 -3.60777
-31.4107 -3.61019
-31.5847 -3.61259
-31.7589 -3.61498
-31.9333 -3.61736
-32.1078 -3.61972
-32.2825 -3.62207
-32.4574 -3.6244
-32.6324 -3.62673
-32.8075 -3.62903
-32.9828 -3.63133
-33.1583 -3.63361
-33.3339 -3.63587
-33.5097 -3.63813
-33.6856 -3.64037
-33.8617 -3.6426
-34.0379 -3.64481
-34.2142 -3.64702
-34.3907 -3.64921
-34.5674 -3.65139
-34.7442 -3.65355
-34.9211 -3.65571
-35.0982 -3.65785
-35.2754 -3.65998
-35.4528 -3.6621
-35.6303 -3.66421
-35.8079 -3.6663
-35.9857 -3.66839
-36.1636 -3.67046
-36.3417 -3.67252
-36.5199 -3.67457
-36.6982 -3.67661
-36.8767 -3.67864
-37.0553 -3.68066
-37.2341 -3.68266
-37.4129 -3.68466
-37.5919 -3.68665
-37.7711 -3.68862
-37.9504 -3.69059
-38.1298 -3.69254
-38.3093 -3.69448
-38.4889 -3.69642
-38.6687 -3.69834
-38.8487 -3.70026
-39.0287 -3.70216
-39.2089 -3.70405
-39.3892 -3.70594
-39.5696 -3.70781
-39.7501 -3.70968
-39.9308 -3.71153
-40.1116 -3.71338
-40.2925 -3.71522
-40.4736 -3.71705
-40.6547 -3.71886
-40.836 -3.72067
-41.0174 -3.72247
-41.1989 -3.72427
-41.3806 -3.72605
-41.5623 -3.72782
-41.7442 -3.72959
-41.9262 -3.73134
-42.1083 -3.73309
-42.2905 -3.73483
-42.4729 -3.73656
-42.6553 -3.73828
-42.8379 -3.74
-43.0206 -3.7417
-43.2034 -3.7434
-43.3863 -3.74509
-43.5694 -3.74677
-43.7525 -3.74845
-43.9357 -3.75011
-44.1191 -3.75177
-44.3026 -3.75342
-44.4862 -3.75506
-44.6698 -3.7567
-44.8536 -3.75832
-45.0376 -3.75994
-45.2216 -3.76155
-45.4057 -3.76316
-45.5899 -3.76476
-45.7743 -3.76635
-45.9587 -3.76793
-46.1433 -3.7695
-46.3279 -3.77107
-46.5127 -3.77263
-46.6975 -3.77418
-46.8825 -3.77573
-47.0676 -3.77727
-47.2527 -3.7788
-47.438 -3.78033
-47.6234 -3.78185
-47.8088 -3.78336
-47.9944 -3.78486
-48.1801 -3.78636
-48.3659 -3.78786
-48.5517 -3.78934
-48.7377 -3.79082
-48.9238 -3.79229
-49.1099 -3.79376
-49.2962 -3.79522
-49.4826 -3.79667
-49.669 -3.79812
-49.8556 -3.79956
-50.0422 -3.80099
-50.229 -3.80242
-50.4158 -3.80384
-50.6028 -3.80526
-50.7898 -3.80667
-50.9769 -3.80807
-51.1642 -3.80947
-51.3515 -3.81087
-51.5389 -3.81225
-51.7264 -3.81363
-51.914 -3.81501
-52.1016 -3.81638
-52.2894 -3.81774
-52.4773 -3.8191
-52.6652 -3.82045
-52.8533 -3.8218
-53.0414 -3.82314
-53.2296 -3.82447
-53.4179 -3.8258
-53.6063 -3.82713
-53.7948 -3.82844
-53.9834 -3.82976
-54.1721 -3.83107
-54.3608 -3.83237
-54.5497 -3.83367
-54.7386 -3.83496
-54.9276 -3.83625
-55.1167 -3.83753
-55.3059 -3.83881
-55.4951 -3.84008
-55.6845 -3.84135
-55.8739 -3.84261
-56.0634 -3.84386
-56.253 -3.84512
-56.4427 -3.84636
-56.6325 -3.84761
-56.8223 -3.84884
-57.0123 -3.85008
-57.2023 -3.8513
-57.3924 -3.85253
-57.5826 -3.85374
-57.7728 -3.85496
-57.9632 -3.85617
-58.1536 -3.85737
-58.3441 -3.85857
-58.5347 -3.85976
-58.7253 -3.86095
-58.9161 -3.86214
-59.1069 -3.86332
-59.2978 -3.8645
-59.4888 -3.86567
-59.6798 -3.86684
-59.871 -3.868
-60.0622 -3.86916
-60.2535 -3.87032
-60.4448 -3.87147
-60.6363 -3.87261
-60.8278 -3.87376
-61.0194 -3.87489
-61.2111 -3.87603
-61.4028 -3.87716
-61.5946 -3.87828
-61.7865 -3.8794
-61.9785 -3.88052
-62.1705 -3.88163
-62.3626 -3.88274
-62.5548 -3.88385
-62.7471 -3.88495
-62.9394 -3.88604
-63.1319 -3.88714
-63.3243 -3.88823
-63.5169 -3.88931
-63.7095 -3.89039
-63.9022 -3.89147
-64.095 -3.89254
-64.2879 -3.89361
-64.4808 -3.89468
-64.6738 -3.89574
-64.8668 -3.8968
-65.0599 -3.89785
-65.2531 -3.89891
-65.4464 -3.89995
-65.6397 -3.901
-65.8332 -3.90204
-66.0266 -3.90307
-66.2202 -3.90411
-66.4138 -3.90513
-66.6075 -3.90616
-66.8012 -3.90718
-66.995 -3.9082
-67.1889 -3.90922
-67.3829 -3.91023
-67.5769 -3.91124
-67.771 -3.91224
-67.9651 -3.91324
-68.1594 -3.91424
-68.3537 -3.91523
-68.548 -3.91623
-68.7424 -3.91721
-68.9369 -3.9182
-69.1315 -3.91918
-69.3261 -3.92016
-69.5208 -3.92113
-69.7155 -3.9221
-69.9104 -3.92307
-70.1052 -3.92404
-70.3002 -3.925
-70.4952 -3.92596
-70.6903 -3.92691
-70.8854 -3.92786
-71.0806 -3.92881
-71.2758 -3.92976
-71.4712 -3.9307
-71.6666 -3.93164
-71.862 -3.93258
-72.0575 -3.93351
-72.2531 -3.93444
-72.4487 -3.93537
-72.6444 -3.9363
-72.8402 -3.93722
-73.036 -3.93814
-73.2319 -3.93905
-73.4278 -3.93996
-73.6238 -3.94087
-73.8199 -3.94178
-74.016 -3.94269
-74.2122 -3.94359
-74.4085 -3.94449
-74.6048 -3.94538
-74.8011 -3.94627
-74.9976 -3.94716
-75.194 -3.94805
-75.3906 -3.94894
-75.5872 -3.94982
-75.7838 -3.9507
-75.9806 -3.95157
-76.1773 -3.95245
-76.3742 -3.95332
-76.5711 -3.95419
-76.768 -3.95505
-76.965 -3.95591
-77.1621 -3.95677
-77.3592 -3.95763
-77.5564 -3.95849
-77.7536 -3.95934
-77.9509 -3.96019
-78.1483 -3.96104
-78.3457 -3.96188
-78.5431 -3.96272
-78.7407 -3.96356
-78.9382 -3.9644
-79.1359 -3.96523
-79.3336 -3.96606
-79.5313 -3.96689
-79.7291 -3.96772
-79.927 -3.96855
-80.1249 -3.96937
-80.3228 -3.97019
-80.5208 -3.971
-80.7189 -3.97182
-80.917 -3.97263
-81.1152 -3.97344
-81.3135 -3.97425
-81.5117 -3.97505
-81.7101 -3.97586
-81.9085 -3.97666
-82.1069 -3.97745
-82.3054 -3.97825
-82.504 -3.97904
-82.7026 -3.97984
-82.9013 -3.98062
-83.1 -3.98141
-83.2987 -3.98219
-83.4976 -3.98298
-83.6964 -3.98376
-83.8953 -3.98453
-84.0943 -3.98531
-84.2934 -3.98608
-84.4924 -3.98685
-84.6916 -3.98762
-84.8907 -3.98839
-85.09 -3.98915
-85.2892 -3.98992
-85.4886 -3.99068
-85.688 -3.99143
-85.8874 -3.99219
-86.0869 -3.99294
-86.2864 -3.99369
-86.486 -3.99444
-86.6856 -3.99519
-86.8853 -3.99594
-87.085 -3.99668
-87.2848 -3.99742
-87.4846 -3.99816
-87.6845 -3.9989
-87.8845 -3.99963
-88.0844 -4.00036
-88.2845 -4.0011
-88.4845 -4.00182
-88.6847 -4.00255
-88.8848 -4.00328
-89.0851 -4.004
-89.2853 -4.00472
-89.4857 -4.00544
-89.686 -4.00616
-89.8864 -4.00687
-90.0869 -4.00759
-90.2874 -4.0083
-90.488 -4.00901
-90.6886 -4.00971
-90.8892 -4.01042
-91.0899 -4.01112
-91.2907 -4.01183
-91.4915 -4.01253
-91.6923 -4.01322
-91.8932 -4.01392
-92.0941 -4.01461
-92.2951 -4.01531
-92.4961 -4.016
-92.6972 -4.01669
-92.8983 -4.01737
-93.0995 -4.01806
-93.3007 -4.01874
-93.5019 -4.01942
-93.7032 -4.0201
-93.9046 -4.02078
-94.106 -4.02146
-94.3074 -4.02213
-94.5089 -4.0228
-94.7104 -4.02348
-94.912 -4.02414
-95.1136 -4.02481
-95.3152 -4.02548
-95.5169 -4.02614
-95.7187 -4.0268
-95.9205 -4.02747
-96.1223 -4.02812
-96.3242 -4.02878
-96.5261 -4.02944
-96.7281 -4.03009
-96.9301 -4.03074
-97.1321 -4.03139
-97.3342 -4.03204
-97.5364 -4.03269
-97.7386 -4.03334
-97.9408 -4.03398
-98.1431 -4.03462
-98.3454 -4.03526
-98.5477 -4.0359
-98.7501 -4.03654
-98.9526 -4.03718
-99.155 -4.03781
-99.3576 -4.03844
-99.5601 -4.03908
-99.7627 -4.03971
-99.9654 -4.04033
-100.168 -4.04096
-100.371 -4.04159
-100.574 -4.04221
-100.776 -4.04283
-100.979 -4.04345
-101.182 -4.04407
-101.385 -4.04469
-101.588 -4.0453
-101.791 -4.04592
-101.994 -4.04653
-102.197 -4.04714
-102.4 -4.04775
-102.604 -4.04836
-102.807 -4.04897
-103.01 -4.04957
-103.213 -4.05018
-103.417 -4.05078
-103.62 -4.05138
-103.824 -4.05198
-104.027 -4.05258
-104.231 -4.05318
-104.434 -4.05377
-104.638 -4.05437
-104.841 -4.05496
-105.045 -4.05555
-105.249 -4.05614
-105.452 -4.05673
-105.656 -4.05732
-105.86 -4.0579
-106.064 -4.05849
-106.268 -4.05907
-106.472 -4.05965
-106.676 -4.06023
-106.88 -4.06081
-107.084 -4.06139
-107.288 -4.06196
-107.492 -4.06254
-107.696 -4.06311
-107.9 -4.06368
-108.105 -4.06425
-108.309 -4.06482
-108.513 -4.06539
-108.718 -4.06596
-108.922 -4.06652
-109.126 -4.06709
-109.331 -4.06765
-109.535 -4.06821
-109.74 -4.06877
-109.945 -4.06933
-110.149 -4.06989
-110.354 -4.07045
-110.559 -4.071
-110.763 -4.07156
-110.968 -4.07211
-111.173 -4.07266
-111.378 -4.07321
-111.583 -4.07376
-111.788 -4.07431
-111.992 -4.07485
-112.197 -4.0754
-112.403 -4.07594
-112.608 -4.07649
-112.813 -4.07703
-113.018 -4.07757
-113.223 -4.07811
-113.428 -4.07865
-113.633 -4.07918
-113.839 -4.07972
-114.044 -4.08025
-114.249 -4.08079
-114.455 -4.08132
-114.66 -4.08185
-114.866 -4.08238
-115.071 -4.08291
-115.277 -4.08343
-115.482 -4.08396
-115.688 -4.08449
-115.893 -4.08501
-116.099 -4.08553
-116.305 -4.08605
-116.511 -4.08657
-116.716 -4.08709
-116.922 -4.08761
-117.128 -4.08813
-117.334 -4.08864
-117.54 -4.08916
-117.746 -4.08967
-117.952 -4.09019
-118.158 -4.0907
-118.364 -4.09121
-118.57 -4.09172
-118.776 -4.09223
-118.982 -4.09273
-119.188 -4.09324
-119.395 -4.09374
-119.601 -4.09425
-119.807 -4.09475
-120.013 -4.09525
-120.22 -4.09575
-120.426 -4.09625
-120.633 -4.09675
-120.839 -4.09725
-121.046 -4.09775
-121.252 -4.09824
-121.459 -4.09874
-121.665 -4.09923
-121.872 -4.09972
-122.078 -4.10021
-122.285 -4.1007
-122.492 -4.10119
-122.699 -4.10168
-122.905 -4.10217
-123.112 -4.10266
-123.319 -4.10314
-123.526 -4.10363
-123.733 -4.10411
-123.94 -4.10459
-124.147 -4.10507
-124.354 -4.10555
-124.561 -4.10603
-124.768 -4.10651
-124.975 -4.10699
-125.182 -4.10746
-125.389 -4.10794
-125.596 -4.10841
-125.804 -4.10889
-126.011 -4.10936
-126.218 -4.10983
-126.426 -4.1103
-126.633 -4.11077
-126.84 -4.11124
-127.048 -4.11171
-127.255 -4.11217
-127.463 -4.11264
-127.67 -4.11311
-127.878 -4.11357
-128.085 -4.11403
-128.293 -4.11449
-128.501 -4.11496
-128.708 -4.11542
-128.916 -4.11588
-129.124 -4.11633
-129.331 -4.11679
-129.539 -4.11725
-129.747 -4.1177
-129.955 -4.11816
-130.163 -4.11861
-130.371 -4.11907
-130.579 -4.11952
-130.787 -4.11997
-130.995 -4.12042
-131.203 -4.12087
-131.411 -4.12132
-131.619 -4.12177
-131.827 -4.12221
-132.035 -4.12266
-132.243 -4.1231
-132.451 -4.12355
-132.66 -4.12399
-132.868 -4.12443
-133.076 -4.12488
-133.284 -4.12532
-133.493 -4.12576
-133.701 -4.12619
-133.91 -4.12663
-134.118 -4.12707
-134.327 -4.12751
-134.535 -4.12794
-134.744 -4.12838
-134.952 -4.12881
-135.161 -4.12925
-135.369 -4.12968
-135.578 -4.13011
-135.787 -4.13054
-135.995 -4.13097
-136.204 -4.1314
-136.413 -4.13183
-136.622 -4.13226
-136.83 -4.13268
-137.039 -4.13311
-137.248 -4.13353
-137.457 -4.13396
-137.666 -4.13438
-137.875 -4.1348
-138.084 -4.13522
-138.293 -4.13565
-138.502 -4.13607
-138.711 -4.13649
-138.92 -4.1369
-139.129 -4.13732
-139.339 -4.13774
-139.548 -4.13816
-139.757 -4.13857
-139.966 -4.13899
-140.175 -4.1394
-140.385 -4.13981
-140.594 -4.14023
-140.803 -4.14064
-141.013 -4.14105
-141.222 -4.14146
-141.432 -4.14187
-141.641 -4.14228
-141.851 -4.14269
-142.06 -4.14309
-142.27 -4.1435
-142.479 -4.14391
-142.689 -4.14431
-142.898 -4.14471
-143.108 -4.14512
-143.318 -4.14552
-143.527 -4.14592
-143.737 -4.14632
-143.947 -4.14673
-144.157 -4.14713
-144.367 -4.14752
-144.576 -4.14792
-144.786 -4.14832
-144.996 -4.14872
-145.206 -4.14911
-145.416 -4.14951
-145.626 -4.1499
-145.836 -4.1503
-146.046 -4.15069
-146.256 -4.15109
-146.466 -4.15148
-146.676 -4.15187
-146.886 -4.15226
-147.096 -4.15265
-147.307 -4.15304
-147.517 -4.15343
-147.727 -4.15382
-147.937 -4.1542
-148.148 -4.15459
-148.358 -4.15497
-148.568 -4.15536
-148.779 -4.15574
-148.989 -4.15613
-149.199 -4.15651
-149.41 -4.15689
-149.62 -4.15728
-149.831 -4.15766
-150.041 -4.15804
-150.252 -4.15842
-150.462 -4.1588
-150.673 -4.15918
-150.884 -4.15955
-151.094 -4.15993
-151.305 -4.16031
-151.516 -4.16068
-151.726 -4.16106
-151.937 -4.16143
-152.148 -4.16181
-152.359 -4.16218
-152.569 -4.16255
-152.78 -4.16292
-152.991 -4.1633
-153.202 -4.16367
-153.413 -4.16404
-153.624 -4.16441
-153.835 -4.16478
-154.046 -4.16514
-154.257 -4.16551
-154.468 -4.16588
-154.679 -4.16624
-154.89 -4.16661
-155.101 -4.16698
-155.312 -4.16734
-155.523 -4.1677
-155.735 -4.16807
-155.946 -4.16843
-156.157 -4.16879
-156.368 -4.16915
-156.579 -4.16951
-156.791 -4.16987
-157.002 -4.17023
-157.213 -4.17059
-157.425 -4.17095
-157.636 -4.17131
-157.848 -4.17167
-158.059 -4.17202
-158.271 -4.17238
-158.482 -4.17273
-158.694 -4.17309
-158.905 -4.17344
-159.117 -4.1738
-159.328 -4.17415
-159.54 -4.1745
-159.752 -4.17485
-159.963 -4.17521
-160.175 -4.17556
-160.387 -4.17591
-160.598 -4.17626
-160.81 -4.17661
-161.022 -4.17695
-161.234 -4.1773
-161.445 -4.17765
-161.657 -4.178
-161.869 -4.17834
-162.081 -4.17869
-162.293 -4.17903
-162.505 -4.17938
-162.717 -4.17972
-162.929 -4.18006
-163.141 -4.18041
-163.353 -4.18075
-163.565 -4.18109
-163.777 -4.18143
-163.989 -4.18177
-164.201 -4.18211
-164.413 -4.18245
-164.625 -4.18279
-164.838 -4.18313
-165.05 -4.18347
-165.262 -4.18381
-165.474 -4.18414
-165.687 -4.18448
-165.899 -4.18481
-166.111 -4.18515
-166.324 -4.18548
-166.536 -4.18582
-166.748 -4.18615
-166.961 -4.18648
-167.173 -4.18682
-167.386 -4.18715
-167.598 -4.18748
-167.811 -4.18781
-168.023 -4.18814
-168.236 -4.18847
-168.448 -4.1888
-168.661 -4.18913
-168.873 -4.18946
-169.086 -4.18979
-169.299 -4.19011
-169.511 -4.19044
-169.724 -4.19077
-169.937 -4.19109
-170.15 -4.19142
-170.362 -4.19174
-170.575 -4.19207
-170.788 -4.19239
-171.001 -4.19271
-171.214 -4.19304
-171.426 -4.19336
-171.639 -4.19368
-171.852 -4.194
-172.065 -4.19432
-172.278 -4.19464
-172.491 -4.19496
-172.704 -4.19528
-172.917 -4.1956
-173.13 -4.19592
-173.343 -4.19624
-173.556 -4.19655
-173.769 -4.19687
-173.983 -4.19719
-174.196 -4.1975
-174.409 -4.19782
-174.622 -4.19813
-174.835 -4.19845
-175.048 -4.19876
-175.262 -4.19907
-175.475 -4.19939
-175.688 -4.1997
-175.902 -4.20001
-176.115 -4.20032
-176.328 -4.20063
-176.542 -4.20094
-176.755 -4.20125
-176.969 -4.20156
-177.182 -4.20187
-177.395 -4.20218
-177.609 -4.20249
-177.822 -4.2028
-178.036 -4.2031
-178.249 -4.20341
-178.463 -4.20372
-178.677 -4.20402
-178.89 -4.20433
-179.104 -4.20463
-179.317 -4.20494
-179.531 -4.20524
-179.745 -4.20555
-179.959 -4.20585
-180.172 -4.20615
-180.386 -4.20646
-180.6 -4.20676
-180.814 -4.20706
-181.027 -4.20736
-181.241 -4.20766
-181.455 -4.20796
-181.669 -4.20826
-181.883 -4.20856
-182.097 -4.20886
-182.311 -4.20916
-182.525 -4.20945
-182.738 -4.20975
-182.952 -4.21005
-183.166 -4.21035
-183.381 -4.21064
-183.595 -4.21094
-183.809 -4.21123
-184.023 -4.21153
-184.237 -4.21182
-184.451 -4.21212
-184.665 -4.21241
-184.879 -4.2127
-185.093 -4.213
-185.308 -4.21329
-185.522 -4.21358
-185.736 -4.21387
-185.95 -4.21416
-186.165 -4.21445
-186.379 -4.21474
-186.593 -4.21503
-186.808 -4.21532
-187.022 -4.21561
-187.236 -4.2159
-187.451 -4.21619
-187.665 -4.21648
-187.88 -4.21676
-188.094 -4.21705
-188.308 -4.21734
-188.523 -4.21762
-188.737 -4.21791
-188.952 -4.21819
-189.167 -4.21848
-189.381 -4.21876
-189.596 -4.21905
-189.81 -4.21933
-190.025 -4.21961
-190.24 -4.2199
-190.454 -4.22018
-190.669 -4.22046
-190.884 -4.22074
-191.098 -4.22102
-191.313 -4.22131
-191.528 -4.22159
-191.743 -4.22187
-191.957 -4.22215
-192.172 -4.22243
-192.387 -4.2227
-192.602 -4.22298
-192.817 -4.22326
-193.032 -4.22354
-193.247 -4.22382
-193.461 -4.22409
-193.676 -4.22437
-193.891 -4.22465
-194.106 -4.22492
-194.321 -4.2252
-194.536 -4.22547
-194.751 -4.22575
-194.966 -4.22602
-195.181 -4.22629
-195.397 -4.22657
-195.612 -4.22684
-195.827 -4.22711
-196.042 -4.22739
-196.257 -4.22766
-196.472 -4.22793
-196.687 -4.2282
-196.903 -4.22847
-197.118 -4.22874
-197.333 -4.22901
-197.548 -4.22928
-197.764 -4.22955
-197.979 -4.22982
-198.194 -4.23009
-198.41 -4.23036
-198.625 -4.23063
-198.84 -4.23089
-199.056 -4.23116
-199.271 -4.23143
-199.487 -4.23169
-199.702 -4.23196
-199.918 -4.23223
-200.133 -4.23249
-200.349 -4.23276
-200.564 -4.23302
-200.78 -4.23329
-200.995 -4.23355
-201.211 -4.23381
-201.426 -4.23408
-201.642 -4.23434
-201.858 -4.2346
-202.073 -4.23486
-202.289 -4.23513
-202.505 -4.23539
-202.72 -4.23565
-202.936 -4.23591
-203.152 -4.23617
-203.367 -4.23643
-203.583 -4.23669
-203.799 -4.23695
-204.015 -4.23721
-204.231 -4.23747
-204.446 -4.23773
-204.662 -4.23798
-204.878 -4.23824
-205.094 -4.2385
-205.31 -4.23876
-205.526 -4.23901
-205.742 -4.23927
-205.958 -4.23953
-206.174 -4.23978
-206.39 -4.24004
-206.606 -4.24029
-206.822 -4.24055
-207.038 -4.2408
-207.254 -4.24105
-207.47 -4.24131
-207.686 -4.24156
-207.902 -4.24181
-208.118 -4.24207
-208.334 -4.24232
-208.55 -4.24257
-208.767 -4.24282
-208.983 -4.24307
-209.199 -4.24333
-209.415 -4.24358
-209.631 -4.24383
-209.848 -4.24408
-210.064 -4.24433
-210.28 -4.24458
-210.497 -4.24483
-210.713 -4.24507
-210.929 -4.24532
-211.146 -4.24557
-211.362 -4.24582
-211.578 -4.24607
-211.795 -4.24631
-212.011 -4.24656
-212.228 -4.24681
-212.444 -4.24705
-212.661 -4.2473
-212.877 -4.24754
-213.094 -4.24779
-213.31 -4.24803
-213.527 -4.24828
-213.743 -4.24852
-213.96 -4.24877
-214.176 -4.24901
-214.393 -4.24926
-214.61 -4.2495
-214.826 -4.24974
-215.043 -4.24998
-215.259 -4.25023
-215.476 -4.25047
-215.693 -4.25071
-215.91 -4.25095
-216.126 -4.25119
-216.343 -4.25143
-216.56 -4.25167
-216.777 -4.25191
-216.993 -4.25215
-217.21 -4.25239
-217.427 -4.25263
-217.644 -4.25287
-217.861 -4.25311
-218.078 -4.25335
-218.294 -4.25359
-218.511 -4.25382
-218.728 -4.25406
-218.945 -4.2543
-219.162 -4.25453
-219.379 -4.25477
-219.596 -4.25501
-219.813 -4.25524
-220.03 -4.25548
-220.247 -4.25571
-220.464 -4.25595
-220.681 -4.25618
-220.898 -4.25642
-221.115 -4.25665
-221.333 -4.25689
-221.55 -4.25712
-221.767 -4.25735
-221.984 -4.25759
-222.201 -4.25782
-222.418 -4.25805
-222.636 -4.25828
-222.853 -4.25852
-223.07 -4.25875
-223.287 -4.25898
-223.505 -4.25921
-223.722 -4.25944
-223.939 -4.25967
-224.156 -4.2599
-224.374 -4.26013
-224.591 -4.26036
-224.809 -4.26059
-225.026 -4.26082
-225.243 -4.26105
-225.461 -4.26128
-225.678 -4.2615
-225.896 -4.26173
-226.113 -4.26196
-226.33 -4.26219
-226.548 -4.26241
-226.765 -4.26264
-226.983 -4.26287
-227.201 -4.26309
-227.418 -4.26332
-227.636 -4.26355
-227.853 -4.26377
-228.071 -4.264
-228.288 -4.26422
-228.506 -4.26445
-228.724 -4.26467
-228.941 -4.26489
-229.159 -4.26512
-229.377 -4.26534
-229.594 -4.26557
-229.812 -4.26579
-230.03 -4.26601
-230.247 -4.26623
-230.465 -4.26646
-230.683 -4.26668
-230.901 -4.2669
-231.119 -4.26712
-231.336 -4.26734
-231.554 -4.26756
-231.772 -4.26779
-231.99 -4.26801
-232.208 -4.26823
-232.426 -4.26845
-232.643 -4.26867
-232.861 -4.26888
-233.079 -4.2691
-233.297 -4.26932
-233.515 -4.26954
-233.733 -4.26976
-233.951 -4.26998
-234.169 -4.2702
-234.387 -4.27041
-234.605 -4.27063
-234.823 -4.27085
-235.041 -4.27106
-235.259 -4.27128
-235.478 -4.2715
-235.696 -4.27171
-235.914 -4.27193
-236.132 -4.27215
-236.35 -4.27236
-236.568 -4.27258
-236.786 -4.27279
-237.004 -4.27301
-237.223 -4.27322
-237.441 -4.27343
-237.659 -4.27365
-237.877 -4.27386
-238.096 -4.27407
-238.314 -4.27429
-238.532 -4.2745
-238.751 -4.27471
-238.969 -4.27493
-239.187 -4.27514
-239.405 -4.27535
-239.624 -4.27556
-239.842 -4.27577
-240.061 -4.27598
-240.279 -4.27619
-240.497 -4.2764
-240.716 -4.27662
-240.934 -4.27683
-241.153 -4.27704
-241.371 -4.27725
-241.59 -4.27745
-241.808 -4.27766
-242.027 -4.27787
-242.245 -4.27808
-242.464 -4.27829
-242.682 -4.2785
-242.901 -4.27871
-243.119 -4.27891
-243.338 -4.27912
-243.557 -4.27933
-243.775 -4.27954
-243.994 -4.27974
-244.213 -4.27995
-244.431 -4.28016
-244.65 -4.28036
-244.869 -4.28057
-245.087 -4.28077
-245.306 -4.28098
-245.525 -4.28118
-245.744 -4.28139
-245.962 -4.28159
-246.181 -4.2818
-246.4 -4.282
-246.619 -4.28221
-246.837 -4.28241
-247.056 -4.28261
-247.275 -4.28282
-247.494 -4.28302
-247.713 -4.28322
-247.932 -4.28343
-248.151 -4.28363
-248.37 -4.28383
-248.588 -4.28403
-248.807 -4.28424
-249.026 -4.28444
-249.245 -4.28464
-249.464 -4.28484
-249.683 -4.28504
-249.902 -4.28524
-250.121 -4.28544
-250.34 -4.28564
-250.559 -4.28584
-250.778 -4.28604
-250.997 -4.28624
-251.217 -4.28644
-251.436 -4.28664
-251.655 -4.28684
-251.874 -4.28704
-252.093 -4.28724
-252.312 -4.28743
-252.531 -4.28763
-252.751 -4.28783
-252.97 -4.28803
-253.189 -4.28823
-253.408 -4.28842
-253.627 -4.28862
-253.847 -4.28882
-254.066 -4.28901
-254.285 -4.28921
-254.504 -4.28941
-254.724 -4.2896
-254.943 -4.2898
-255.162 -4.28999
-255.382 -4.29019
-255.601 -4.29038
-255.82 -4.29058
-256.04 -4.29077
-256.259 -4.29097
-256.479 -4.29116
-256.698 -4.29136
-256.917 -4.29155
-257.137 -4.29174
-257.356 -4.29194
-257.576 -4.29213
-257.795 -4.29232
-258.015 -4.29252
-258.234 -4.29271
-258.454 -4.2929
-258.673 -4.29309
-258.893 -4.29328
-259.112 -4.29348
-259.332 -4.29367
-259.551 -4.29386
-259.771 -4.29405
-259.991 -4.29424
-260.21 -4.29443
-260.43 -4.29462
-260.65 -4.29481
-260.869 -4.295
-261.089 -4.29519
-261.309 -4.29538
-261.528 -4.29557
-261.748 -4.29576
-261.968 -4.29595
-262.187 -4.29614
-262.407 -4.29633
-262.627 -4.29652
-262.847 -4.29671
-263.066 -4.29689
-263.286 -4.29708
-263.506 -4.29727
-263.726 -4.29746
-263.946 -4.29764
-264.166 -4.29783
-264.385 -4.29802
-264.605 -4.29821
-264.825 -4.29839
-265.045 -4.29858
-265.265 -4.29876
-265.485 -4.29895
-265.705 -4.29914
-265.925 -4.29932
-266.145 -4.29951
-266.365 -4.29969
-266.585 -4.29988
-266.805 -4.30006
-267.025 -4.30025
-267.245 -4.30043
-267.465 -4.30062
-267.685 -4.3008
-267.905 -4.30098
-268.125 -4.30117
-268.345 -4.30135
-268.565 -4.30153
-268.785 -4.30172
-269.005 -4.3019
-269.225 -4.30208
-269.445 -4.30227
-269.666 -4.30245
-269.886 -4.30263
-270.106 -4.30281
-270.326 -4.30299
-270.546 -4.30318
-270.767 -4.30336
-270.987 -4.30354
-271.207 -4.30372
-271.427 -4.3039
-271.648 -4.30408
-271.868 -4.30426
-272.088 -4.30444
-272.308 -4.30462
-272.529 -4.3048
-272.749 -4.30498
-272.969 -4.30516
-273.19 -4.30534
-273.41 -4.30552
-273.63 -4.3057
-273.851 -4.30588
-274.071 -4.30606
-274.292 -4.30623
-274.512 -4.30641
-274.732 -4.30659
-274.953 -4.30677
-275.173 -4.30695
-275.394 -4.30712
-275.614 -4.3073
-275.835 -4.30748
-276.055 -4.30766
-276.276 -4.30783
-276.496 -4.30801
-276.717 -4.30819
-276.937 -4.30836
-277.158 -4.30854
-277.379 -4.30871
-277.599 -4.30889
-277.82 -4.30907
-278.04 -4.30924
-278.261 -4.30942
-278.482 -4.30959
-278.702 -4.30977
-278.923 -4.30994
-279.143 -4.31012
-279.364 -4.31029
-279.585 -4.31046
-279.806 -4.31064
-280.026 -4.31081
-280.247 -4.31099
-280.468 -4.31116
-280.688 -4.31133
-280.909 -4.31151
-281.13 -4.31168
-281.351 -4.31185
-281.572 -4.31202
-281.792 -4.3122
-282.013 -4.31237
-282.234 -4.31254
-282.455 -4.31271
-282.676 -4.31289
-282.897 -4.31306
-283.117 -4.31323
-283.338 -4.3134
-283.559 -4.31357
-283.78 -4.31374
-284.001 -4.31391
-284.222 -4.31408
-284.443 -4.31425
-284.664 -4.31442
-284.885 -4.31459
-285.106 -4.31476
-285.327 -4.31493
-285.548 -4.3151
-285.769 -4.31527
-285.99 -4.31544
-286.211 -4.31561
-286.432 -4.31578
-286.653 -4.31595
-286.874 -4.31612
-287.095 -4.31629
-287.316 -4.31645
-287.537 -4.31662
-287.758 -4.31679
-287.979 -4.31696
-288.201 -4.31713
-288.422 -4.31729
-288.643 -4.31746
-288.864 -4.31763
-289.085 -4.3178
-289.306 -4.31796
-289.528 -4.31813
-289.749 -4.3183
-289.97 -4.31846
-290.191 -4.31863
-290.412 -4.31879
-290.634 -4.31896
-290.855 -4.31913
-291.076 -4.31929
-291.298 -4.31946
-291.519 -4.31962
-291.74 -4.31979
-291.961 -4.31995
-292.183 -4.32012
-292.404 -4.32028
-292.625 -4.32045
-292.847 -4.32061
-293.068 -4.32078
-293.29 -4.32094
-293.511 -4.3211
-293.732 -4.32127
-293.954 -4.32143
-294.175 -4.32159
-294.397 -4.32176
-294.618 -4.32192
-294.84 -4.32208
-295.061 -4.32225
-295.283 -4.32241
-295.504 -4.32257
-295.726 -4.32273
-295.947 -4.3229
-296.169 -4.32306
-296.39 -4.32322
-296.612 -4.32338
-296.833 -4.32354
-297.055 -4.3237
-297.276 -4.32386
-297.498 -4.32403
-297.72 -4.32419
-297.941 -4.32435
-298.163 -4.32451
-298.384 -4.32467
-298.606 -4.32483
-298.828 -4.32499
-299.049 -4.32515
-299.271 -4.32531
-299.493 -4.32547
-299.714 -4.32563
-299.936 -4.32579
-300.158 -4.32595
-300.38 -4.32611
-300.601 -4.32627
-300.823 -4.32642
-301.045 -4.32658
-301.267 -4.32674
-301.488 -4.3269
-301.71 -4.32706
-301.932 -4.32722
-302.154 -4.32737
-302.376 -4.32753
-302.598 -4.32769
-302.819 -4.32785
-303.041 -4.328
-303.263 -4.32816
-303.485 -4.32832
-303.707 -4.32848
-303.929 -4.32863
-304.151 -4.32879
-304.373 -4.32895
-304.594 -4.3291
-304.816 -4.32926
-305.038 -4.32941
-305.26 -4.32957
-305.482 -4.32973
-305.704 -4.32988
-305.926 -4.33004
-306.148 -4.33019
-306.37 -4.33035
-306.592 -4.3305
-306.814 -4.33066
-307.036 -4.33081
-307.258 -4.33097
-307.481 -4.33112
-307.703 -4.33128
-307.925 -4.33143
-308.147 -4.33158
-308.369 -4.33174
-308.591 -4.33189
-308.813 -4.33205
-309.035 -4.3322
-309.257 -4.33235
-309.48 -4.33251
-309.702 -4.33266
-309.924 -4.33281
-310.146 -4.33296
-310.368 -4.33312
-310.591 -4.33327
-310.813 -4.33342
-311.035 -4.33357
-311.257 -4.33373
-311.479 -4.33388
-311.702 -4.33403
-311.924 -4.33418
-312.146 -4.33433
-312.369 -4.33448
-312.591 -4.33464
-312.813 -4.33479
-313.036 -4.33494
-313.258 -4.33509
-313.48 -4.33524
-313.703 -4.33539
-313.925 -4.33554
-314.147 -4.33569
-314.37 -4.33584
-314.592 -4.33599
-314.814 -4.33614
-315.037 -4.33629
-315.259 -4.33644
-315.482 -4.33659
-315.704 -4.33674
-315.927 -4.33689
-316.149 -4.33704
-316.372 -4.33719
-316.594 -4.33734
-316.817 -4.33748
-317.039 -4.33763
-317.262 -4.33778
-317.484 -4.33793
-317.707 -4.33808
-317.929 -4.33823
-318.152 -4.33837
-318.374 -4.33852
-318.597 -4.33867
-318.819 -4.33882
-319.042 -4.33896
-319.265 -4.33911
-319.487 -4.33926
-319.71 -4.33941
-319.932 -4.33955
-320.155 -4.3397
-320.378 -4.33985
-320.6 -4.33999
-320.823 -4.34014
-321.046 -4.34029
-321.268 -4.34043
-321.491 -4.34058
-321.714 -4.34072
-321.936 -4.34087
-322.159 -4.34102
-322.382 -4.34116
-322.605 -4.34131
-322.827 -4.34145
-323.05 -4.3416
-323.273 -4.34174
-323.496 -4.34189
-323.719 -4.34203
-323.941 -4.34218
-324.164 -4.34232
-324.387 -4.34247
-324.61 -4.34261
-324.833 -4.34275
-325.056 -4.3429
-325.278 -4.34304
-325.501 -4.34319
-325.724 -4.34333
-325.947 -4.34347
-326.17 -4.34362
-326.393 -4.34376
-326.616 -4.3439
-326.839 -4.34405
-327.062 -4.34419
-327.285 -4.34433
-327.508 -4.34447
-327.73 -4.34462
-327.953 -4.34476
-328.176 -4.3449
-328.399 -4.34504
-328.622 -4.34518
-328.845 -4.34533
-329.068 -4.34547
-329.291 -4.34561
-329.515 -4.34575
-329.738 -4.34589
-329.961 -4.34603
-330.184 -4.34618
-330.407 -4.34632
-330.63 -4.34646
-330.853 -4.3466
-331.076 -4.34674
-331.299 -4.34688
-331.522 -4.34702
-331.745 -4.34716
-331.969 -4.3473
-332.192 -4.34744
-332.415 -4.34758
-332.638 -4.34772
-332.861 -4.34786
-333.084 -4.348
-333.308 -4.34814
-333.531 -4.34828
-333.754 -4.34842
-333.977 -4.34856
-334.201 -4.3487
-334.424 -4.34884
-334.647 -4.34897
-334.87 -4.34911
-335.094 -4.34925
-335.317 -4.34939
-335.54 -4.34953
-335.763 -4.34967
-335.987 -4.34981
-336.21 -4.34994
-336.433 -4.35008
-336.657 -4.35022
-336.88 -4.35036
-337.103 -4.35049
-337.327 -4.35063
-337.55 -4.35077
-337.774 -4.35091
-337.997 -4.35104
-338.22 -4.35118
-338.444 -4.35132
-338.667 -4.35145
-338.891 -4.35159
-339.114 -4.35173
-339.338 -4.35186
-339.561 -4.352
-339.784 -4.35214
-340.008 -4.35227
-340.231 -4.35241
-340.455 -4.35254
-340.678 -4.35268
-340.902 -4.35281
-341.125 -4.35295
-341.349 -4.35309
-341.573 -4.35322
-341.796 -4.35336
-342.02 -4.35349
-342.243 -4.35363
-342.467 -4.35376
-342.69 -4.35389
-342.914 -4.35403
-343.138 -4.35416
-343.361 -4.3543
-343.585 -4.35443
-343.808 -4.35457
-344.032 -4.3547
-344.256 -4.35483
-344.479 -4.35497
-344.703 -4.3551
-344.927 -4.35524
-345.15 -4.35537
-345.374 -4.3555
-345.598 -4.35564
-345.822 -4.35577
-346.045 -4.3559
-346.269 -4.35603
-346.493 -4.35617
-346.716 -4.3563
-346.94 -4.35643
-347.164 -4.35657
-347.388 -4.3567
-347.612 -4.35683
-347.835 -4.35696
-348.059 -4.35709
-348.283 -4.35723
-348.507 -4.35736
-348.731 -4.35749
-348.954 -4.35762
-349.178 -4.35775
-349.402 -4.35788
-349.626 -4.35802
-349.85 -4.35815
-350.074 -4.35828
-350.298 -4.35841
-350.521 -4.35854
-350.745 -4.35867
-350.969 -4.3588
-351.193 -4.35893
-351.417 -4.35906
-351.641 -4.35919
-351.865 -4.35932
-352.089 -4.35945
-352.313 -4.35958
-352.537 -4.35971
-352.761 -4.35984
-352.985 -4.35997
-353.209 -4.3601
-353.433 -4.36023
-353.657 -4.36036
-353.881 -4.36049
-354.105 -4.36062
-354.329 -4.36075
-354.553 -4.36088
-354.777 -4.36101
-355.001 -4.36114
-355.225 -4.36126
-355.449 -4.36139
-355.673 -4.36152
-355.898 -4.36165
-356.122 -4.36178
-356.346 -4.36191
-356.57 -4.36203
-356.794 -4.36216
-357.018 -4.36229
-357.242 -4.36242
-357.466 -4.36255
-357.691 -4.36267
-357.915 -4.3628
-358.139 -4.36293
-358.363 -4.36306
-358.587 -4.36318
-358.812 -4.36331
-359.036 -4.36344
-359.26 -4.36356
-359.484 -4.36369
-359.709 -4.36382
-359.933 -4.36394
-360.157 -4.36407
-360.381 -4.3642
-360.606 -4.36432
-360.83 -4.36445
-361.054 -4.36457
-361.279 -4.3647
-361.503 -4.36483
-361.727 -4.36495
-361.951 -4.36508
-362.176 -4.3652
-362.4 -4.36533
-362.625 -4.36545
-362.849 -4.36558
-363.073 -4.36571
-363.298 -4.36583
-363.522 -4.36596
-363.746 -4.36608
-363.971 -4.36621
-364.195 -4.36633
-364.42 -4.36645
-364.644 -4.36658
-364.868 -4.3667
-365.093 -4.36683
-365.317 -4.36695
-365.542 -4.36708
-365.766 -4.3672
-365.991 -4.36732
-366.215 -4.36745
-366.44 -4.36757
-366.664 -4.36769
-366.889 -4.36782
-367.113 -4.36794
-367.338 -4.36807
-367.562 -4.36819
-367.787 -4.36831
-368.012 -4.36843
-368.236 -4.36856
-368.461 -4.36868
-368.685 -4.3688
-368.91 -4.36893
-369.134 -4.36905
-369.359 -4.36917
-369.584 -4.36929
-369.808 -4.36942
-370.033 -4.36954
-370.258 -4.36966
-370.482 -4.36978
-370.707 -4.3699
-370.931 -4.37003
-371.156 -4.37015
-371.381 -4.37027
-371.605 -4.37039
-371.83 -4.37051
-372.055 -4.37063
-372.28 -4.37075
-372.504 -4.37088
-372.729 -4.371
-372.954 -4.37112
-373.178 -4.37124
-373.403 -4.37136
-373.628 -4.37148
-373.853 -4.3716
-374.078 -4.37172
-374.302 -4.37184
-374.527 -4.37196
-374.752 -4.37208
-374.977 -4.3722
-375.202 -4.37232
-375.426 -4.37244
-375.651 -4.37256
-375.876 -4.37268
-376.101 -4.3728
-376.326 -4.37292
-376.551 -4.37304
-376.775 -4.37316
-377 -4.37328
-377.225 -4.3734
-377.45 -4.37352
-377.675 -4.37364
-377.9 -4.37376
-378.125 -4.37388
-378.35 -4.37399
-378.575 -4.37411
-378.8 -4.37423
-379.025 -4.37435
-379.25 -4.37447
-379.475 -4.37459
-379.699 -4.37471
-379.924 -4.37482
-380.149 -4.37494
-380.374 -4.37506
-380.599 -4.37518
-380.824 -4.3753
-381.049 -4.37541
-381.275 -4.37553
-381.5 -4.37565
-381.725 -4.37577
-381.95 -4.37588
-382.175 -4.376
-382.4 -4.37612
-382.625 -4.37624
-382.85 -4.37635
-383.075 -4.37647
-383.3 -4.37659
-383.525 -4.3767
-383.75 -4.37682
-383.975 -4.37694
-384.201 -4.37705
-384.426 -4.37717
-384.651 -4.37729
-384.876 -4.3774
-385.101 -4.37752
-385.326 -4.37763
-385.552 -4.37775
-385.777 -4.37787
-386.002 -4.37798
-386.227 -4.3781
-386.452 -4.37821
-386.678 -4.37833
-386.903 -4.37844
-387.128 -4.37856
-387.353 -4.37867
-387.578 -4.37879
-387.804 -4.3789
-388.029 -4.37902
-388.254 -4.37913
-388.48 -4.37925
-388.705 -4.37936
-388.93 -4.37948
-389.155 -4.37959
-389.381 -4.37971
-389.606 -4.37982
-389.831 -4.37994
-390.057 -4.38005
-390.282 -4.38017
-390.507 -4.38028
-390.733 -4.38039
-390.958 -4.38051
-391.183 -4.38062
-391.409 -4.38074
-391.634 -4.38085
-391.86 -4.38096
-392.085 -4.38108
-392.31 -4.38119
-392.536 -4.3813
-392.761 -4.38142
-392.987 -4.38153
-393.212 -4.38164
-393.438 -4.38176
-393.663 -4.38187
