0 0
-0.0681245 0.144772
-0.113277 0.289455
-0.135665 0.433954
-0.135515 0.578176
-0.113066 0.722022
-0.0685732 0.865391
-0.00230531 1.00818
0.0854564 1.15027
0.194419 1.29156
0.324277 1.43193
0.474718 1.57125
0.645419 1.70941
0.836049 1.84628
1.04627 1.98172
1.27574 2.1156
1.52412 2.24781
1.79105 2.3782
2.07617 2.50666
2.37915 2.63306
2.69961 2.7573
3.0372 2.87925
3.39158 2.99883
3.76238 3.11595
4.14926 3.23053
4.55186 3.34251
4.96983 3.45183
5.40283 3.55846
5.85052 3.66237
6.31255 3.76354
6.78859 3.86199
7.27829 3.9577
7.78134 4.05072
8.2974 4.14105
8.82614 4.22875
9.36725 4.31386
9.92042 4.39643
10.4853 4.47651
11.0617 4.55417
11.6492 4.62947
12.2475 4.70249
12.8564 4.77328
13.4756 4.84192
14.1048 4.90848
14.7438 4.97303
15.3922 5.03564
16.0499 5.09637
16.7166 5.15531
17.392 5.2125
18.076 5.26803
18.7682 5.32194
19.4685 5.37431
20.1767 5.42519
20.8926 5.47463
21.6159 5.5227
22.3465 5.56945
23.0842 5.61492
23.8289 5.65917
24.5802 5.70224
25.3382 5.74418
26.1026 5.78504
26.8732 5.82484
27.6499 5.86364
28.4327 5.90147
29.2212 5.93836
30.0154 5.97435
30.8152 6.00948
31.6205 6.04378
32.431 6.07727
33.2468 6.10998
34.0676 6.14194
34.8934 6.17319
35.724 6.20374
36.5595 6.23361
37.3995 6.26284
38.2442 6.29144
39.0933 6.31944
39.9467 6.34684
40.8045 6.37369
41.6665 6.39998
42.5325 6.42575
43.4027 6.451
44.2767 6.47576
45.1547 6.50004
46.0365 6.52385
46.922 6.54721
47.8112 6.57013
48.7041 6.59263
49.6004 6.61471
50.5002 6.6364
51.4035 6.6577
52.3101 6.67862
53.22 6.69918
54.1331 6.71939
55.0495 6.73924
55.969 6.75877
56.8915 6.77797
57.8171 6.79685
58.7457 6.81542
59.6772 6.83369
60.6116 6.85167
61.5489 6.86937
62.4889 6.88679
63.4317 6.90394
64.3772 6.92083
65.3254 6.93746
66.2763 6.95385
67.2297 6.96999
68.1857 6.98589
69.1442 7.00156
70.1052 7.01701
71.0687 7.03223
72.0345 7.04724
73.0028 7.06204
73.9734 7.07664
74.9463 7.09104
75.9215 7.10524
76.8989 7.11925
77.8786 7.13307
78.8605 7.14671
79.8445 7.16017
80.8307 7.17346
81.819 7.18658
82.8094 7.19953
83.8018 7.21231
84.7963 7.22494
85.7927 7.23741
86.7912 7.24973
87.7916 7.2619
88.794 7.27392
89.7982 7.28579
90.8044 7.29753
91.8124 7.30913
92.8223 7.32059
93.834 7.33192
94.8475 7.34312
95.8628 7.3542
96.8798 7.36514
97.8986 7.37597
98.9191 7.38668
99.9413 7.39726
100.965 7.40774
101.991 7.4181
103.018 7.42834
104.047 7.43848
105.077 7.44851
106.109 7.45844
107.143 7.46826
108.178 7.47798
109.215 7.4876
110.253 7.49713
111.293 7.50655
112.335 7.51589
113.377 7.52513
114.422 7.53427
115.467 7.54333
116.515 7.5523
117.563 7.56119
118.613 7.56998
119.665 7.5787
120.717 7.58733
121.772 7.59588
122.827 7.60435
123.884 7.61274
124.942 7.62106
126.002 7.6293
127.063 7.63746
128.125 7.64555
129.189 7.65357
130.253 7.66151
131.319 7.66939
132.387 7.6772
133.455 7.68494
134.525 7.69261
135.596 7.70021
136.668 7.70775
137.742 7.71523
138.816 7.72264
139.892 7.72999
140.969 7.73728
142.047 7.74451
143.126 7.75168
144.207 7.75879
145.288 7.76585
146.371 7.77284
147.455 7.77978
148.54 7.78667
149.626 7.7935
150.713 7.80027
151.801 7.80699
152.89 7.81366
153.981 7.82028
155.072 7.82685
156.164 7.83337
157.258 7.83984
158.352 7.84625
159.448 7.85262
160.544 7.85895
161.642 7.86522
162.741 7.87145
163.84 7.87763
164.941 7.88377
166.042 7.88986
167.145 7.89591
168.248 7.90192
169.353 7.90788
170.458 7.9138
171.564 7.91968
172.672 7.92552
173.78 7.93131
174.889 7.93707
175.999 7.94278
177.11 7.94846
178.222 7.95409
179.334 7.95969
180.448 7.96525
181.563 7.97078
182.678 7.97626
183.794 7.98171
184.911 7.98713
186.029 7.9925
187.148 7.99785
188.268 8.00315
189.389 8.00842
190.51 8.01366
191.632 8.01887
192.756 8.02404
193.879 8.02918
195.004 8.03428
196.13 8.03936
197.256 8.0444
198.383 8.04941
199.511 8.05438
200.64 8.05933
201.77 8.06425
202.9 8.06914
204.031 8.07399
205.163 8.07882
206.296 8.08362
207.429 8.08839
208.563 8.09313
209.698 8.09784
210.834 8.10252
211.971 8.10718
213.108 8.11181
214.246 8.11641
215.384 8.12099
216.524 8.12554
217.664 8.13006
218.805 8.13456
219.946 8.13903
221.089 8.14347
222.232 8.14789
223.376 8.15229
224.52 8.15666
225.665 8.161
226.811 8.16532
227.957 8.16962
229.105 8.17389
230.252 8.17814
231.401 8.18237
232.55 8.18657
233.7 8.19075
234.851 8.19491
236.002 8.19905
237.154 8.20316
238.306 8.20725
239.46 8.21132
240.614 8.21537
241.768 8.2194
242.923 8.2234
244.079 8.22739
245.235 8.23135
246.392 8.23529
247.55 8.23921
248.708 8.24312
249.867 8.247
251.027 8.25086
252.187 8.25471
253.348 8.25853
254.509 8.26233
255.671 8.26612
256.834 8.26988
257.997 8.27363
259.161 8.27736
260.326 8.28107
261.491 8.28476
262.656 8.28843
263.822 8.29209
264.989 8.29573
266.156 8.29935
267.324 8.30295
268.493 8.30654
269.662 8.31011
270.832 8.31366
272.002 8.31719
273.173 8.32071
274.344 8.32421
275.516 8.32769
276.688 8.33116
277.861 8.33461
279.035 8.33805
280.209 8.34147
281.384 8.34487
282.559 8.34826
283.735 8.35163
284.911 8.35499
286.088 8.35833
287.265 8.36166
288.443 8.36497
289.622 8.36826
290.801 8.37155
291.98 8.37481
293.16 8.37807
294.341 8.3813
295.522 8.38453
296.703 8.38774
297.885 8.39093
299.068 8.39411
300.251 8.39728
301.434 8.40043
302.619 8.40357
303.803 8.4067
304.988 8.40981
306.174 8.41291
307.36 8.416
308.547 8.41907
309.734 8.42213
310.921 8.42518
312.109 8.42821
313.298 8.43123
314.487 8.43424
315.676 8.43724
316.866 8.44022
318.057 8.4432
319.248 8.44615
320.439 8.4491
321.631 8.45204
322.823 8.45496
324.016 8.45787
325.209 8.46077
326.403 8.46366
327.597 8.46653
328.792 8.46939
329.987 8.47225
331.183 8.47509
332.379 8.47792
333.575 8.48074
334.772 8.48354
335.97 8.48634
337.167 8.48912
338.366 8.4919
339.564 8.49466
340.764 8.49741
341.963 8.50015
343.163 8.50289
344.364 8.50561
345.565 8.50832
346.766 8.51101
347.968 8.5137
349.17 8.51638
350.373 8.51905
351.576 8.52171
352.779 8.52436
353.983 8.527
355.188 8.52963
356.392 8.53224
357.597 8.53485
358.803 8.53745
360.009 8.54004
361.215 8.54262
362.422 8.54519
363.63 8.54775
364.837 8.5503
366.045 8.55284
367.254 8.55538
368.463 8.5579
369.672 8.56041
370.882 8.56292
372.092 8.56542
373.302 8.5679
374.513 8.57038
375.724 8.57285
376.936 8.57531
378.148 8.57776
379.361 8.58021
380.573 8.58264
381.787 8.58507
383 8.58748
384.214 8.58989
385.429 8.59229
386.643 8.59469
387.859 8.59707
389.074 8.59944
390.29 8.60181
391.506 8.60417
392.723 8.60652
393.94 8.60886
395.158 8.6112
396.375 8.61352
397.594 8.61584
398.812 8.61815
400.031 8.62046
401.25 8.62275
402.47 8.62504
403.69 8.62732
404.91 8.62959
406.131 8.63186
407.352 8.63412
408.574 8.63636
409.796 8.63861
411.018 8.64084
412.24 8.64307
413.463 8.64529
414.687 8.6475
415.91 8.64971
417.134 8.65191
418.358 8.6541
419.583 8.65628
420.808 8.65846
422.034 8.66063
423.259 8.66279
424.485 8.66495
425.712 8.6671
426.938 8.66924
428.166 8.67137
429.393 8.6735
430.621 8.67562
431.849 8.67774
433.077 8.67985
434.306 8.68195
435.535 8.68404
436.765 8.68613
437.995 8.68822
439.225 8.69029
440.455 8.69236
441.686 8.69442
442.917 8.69648
444.148 8.69853
445.38 8.70057
446.612 8.70261
447.845 8.70464
449.078 8.70667
450.311 8.70869
451.544 8.7107
452.778 8.71271
454.012 8.71471
455.246 8.7167
456.481 8.71869
457.716 8.72067
458.951 8.72265
460.187 8.72462
461.423 8.72659
462.659 8.72854
463.896 8.7305
465.133 8.73244
466.37 8.73439
467.607 8.73632
468.845 8.73825
470.083 8.74018
471.322 8.7421
472.56 8.74401
473.799 8.74592
475.039 8.74782
476.278 8.74972
477.518 8.75161
478.759 8.75349
479.999 8.75537
481.24 8.75725
482.481 8.75912
483.723 8.76098
484.964 8.76284
486.207 8.7647
487.449 8.76655
488.692 8.76839
489.935 8.77023
491.178 8.77206
492.421 8.77389
493.665 8.77571
494.909 8.77753
496.154 8.77934
497.398 8.78115
498.643 8.78295
499.889 8.78475
501.134 8.78654
502.38 8.78833
503.626 8.79011
504.873 8.79189
506.119 8.79366
507.366 8.79543
508.614 8.79719
509.861 8.79895
511.109 8.8007
512.357 8.80245
513.606 8.8042
514.854 8.80594
516.103 8.80767
517.352 8.8094
518.602 8.81113
519.852 8.81285
521.102 8.81456
522.352 8.81628
523.603 8.81798
524.854 8.81968
526.105 8.82138
527.356 8.82308
528.608 8.82477
529.86 8.82645
531.112 8.82813
532.365 8.82981
533.617 8.83148
534.87 8.83314
536.124 8.83481
537.377 8.83646
538.631 8.83812
539.885 8.83977
541.14 8.84141
542.394 8.84305
543.649 8.84469
544.904 8.84632
546.16 8.84795
547.416 8.84958
548.671 8.8512
549.928 8.85281
551.184 8.85443
552.441 8.85604
553.698 8.85764
554.955 8.85924
556.213 8.86084
557.47 8.86243
558.728 8.86402
559.987 8.8656
561.245 8.86718
562.504 8.86876
563.763 8.87033
565.022 8.8719
566.282 8.87346
567.541 8.87502
568.801 8.87658
570.062 8.87813
571.322 8.87968
572.583 8.88122
573.844 8.88276
575.105 8.8843
576.367 8.88584
577.628 8.88737
578.89 8.88889
580.152 8.89042
581.415 8.89194
582.678 8.89345
583.94 8.89496
585.204 8.89647
586.467 8.89797
587.731 8.89948
588.995 8.90097
590.259 8.90247
591.523 8.90396
592.788 8.90544
594.053 8.90693
595.318 8.90841
596.583 8.90988
597.849 8.91136
599.115 8.91283
600.381 8.91429
601.647 8.91575
602.914 8.91721
604.18 8.91867
605.447 8.92012
606.715 8.92157
607.982 8.92301
609.25 8.92446
610.518 8.9259
611.786 8.92733
613.054 8.92876
614.323 8.93019
615.592 8.93162
616.861 8.93304
618.13 8.93446
619.399 8.93587
620.669 8.93729
621.939 8.9387
623.209 8.9401
624.48 8.94151
625.75 8.94291
627.021 8.9443
628.292 8.94569
629.564 8.94709
630.835 8.94847
632.107 8.94986
633.379 8.95124
634.651 8.95262
635.924 8.95399
637.196 8.95536
638.469 8.95673
639.742 8.9581
641.016 8.95946
642.289 8.96082
643.563 8.96218
644.837 8.96353
646.111 8.96488
647.385 8.96623
648.66 8.96757
649.935 8.96891
651.21 8.97025
652.485 8.97159
653.761 8.97292
655.036 8.97425
656.312 8.97558
657.588 8.9769
658.865 8.97823
660.141 8.97955
661.418 8.98086
662.695 8.98217
663.972 8.98349
665.249 8.98479
666.527 8.9861
667.805 8.9874
669.083 8.9887
670.361 8.98999
671.639 8.99129
672.918 8.99258
674.197 8.99387
675.476 8.99515
676.755 8.99644
678.034 8.99772
679.314 8.99899
680.594 9.00027
681.874 9.00154
683.154 9.00281
684.435 9.00408
685.715 9.00534
686.996 9.0066
688.277 9.00786
689.558 9.00912
690.84 9.01037
692.122 9.01162
693.404 9.01287
694.686 9.01412
695.968 9.01536
697.25 9.0166
698.533 9.01784
699.816 9.01908
701.099 9.02031
702.382 9.02154
703.666 9.02277
704.949 9.024
706.233 9.02522
707.517 9.02644
708.801 9.02766
710.086 9.02887
711.37 9.03009
712.655 9.0313
713.94 9.03251
715.225 9.03371
716.511 9.03492
717.796 9.03612
719.082 9.03732
720.368 9.03851
721.654 9.03971
722.941 9.0409
724.227 9.04209
725.514 9.04328
726.801 9.04446
728.088 9.04564
729.375 9.04682
730.663 9.048
731.95 9.04918
733.238 9.05035
734.526 9.05152
735.815 9.05269
737.103 9.05386
738.392 9.05502
739.681 9.05618
740.97 9.05734
742.259 9.0585
743.548 9.05966
744.838 9.06081
746.127 9.06196
747.417 9.06311
748.707 9.06425
749.998 9.0654
751.288 9.06654
752.579 9.06768
753.87 9.06882
755.161 9.06995
756.452 9.07109
757.743 9.07222
759.035 9.07335
760.327 9.07447
761.619 9.0756
762.911 9.07672
764.203 9.07784
765.495 9.07896
766.788 9.08008
768.081 9.08119
769.374 9.0823
770.667 9.08341
771.96 9.08452
773.254 9.08563
774.548 9.08673
775.841 9.08783
777.135 9.08893
778.43 9.09003
779.724 9.09112
781.019 9.09222
782.313 9.09331
783.608 9.0944
784.904 9.09549
786.199 9.09657
787.494 9.09766
788.79 9.09874
790.086 9.09982
791.382 9.10089
792.678 9.10197
793.974 9.10304
795.271 9.10412
796.567 9.10519
797.864 9.10625
799.161 9.10732
800.458 9.10838
801.756 9.10945
803.053 9.11051
804.351 9.11157
805.649 9.11262
806.947 9.11368
808.245 9.11473
809.543 9.11578
810.842 9.11683
812.141 9.11788
813.439 9.11892
814.738 9.11997
816.038 9.12101
817.337 9.12205
818.637 9.12308
819.936 9.12412
821.236 9.12515
822.536 9.12619
823.836 9.12722
825.137 9.12825
826.437 9.12927
827.738 9.1303
829.039 9.13132
830.34 9.13234
831.641 9.13336
832.942 9.13438
834.244 9.1354
835.545 9.13641
836.847 9.13742
838.149 9.13843
839.451 9.13944
840.754 9.14045
842.056 9.14146
843.359 9.14246
844.662 9.14346
845.965 9.14446
847.268 9.14546
848.571 9.14646
849.874 9.14746
851.178 9.14845
852.482 9.14944
853.786 9.15043
855.09 9.15142
856.394 9.15241
857.698 9.15339
859.003 9.15438
860.308 9.15536
861.612 9.15634
862.917 9.15732
864.223 9.15829
865.528 9.15927
866.833 9.16024
868.139 9.16121
869.445 9.16218
870.751 9.16315
872.057 9.16412
873.363 9.16509
874.67 9.16605
875.976 9.16701
877.283 9.16797
878.59 9.16893
879.897 9.16989
881.204 9.17085
882.511 9.1718
883.819 9.17276
885.126 9.17371
886.434 9.17466
887.742 9.1756
889.05 9.17655
890.359 9.1775
891.667 9.17844
892.975 9.17938
894.284 9.18032
895.593 9.18126
896.902 9.1822
898.211 9.18314
899.521 9.18407
900.83 9.185
902.14 9.18593
903.449 9.18686
904.759 9.18779
906.069 9.18872
907.379 9.18964
908.69 9.19057
910 9.19149
911.311 9.19241
912.622 9.19333
913.933 9.19425
915.244 9.19517
916.555 9.19608
917.866 9.19699
919.178 9.19791
920.49 9.19882
921.801 9.19973
923.113 9.20063
924.425 9.20154
925.738 9.20245
927.05 9.20335
928.363 9.20425
929.675 9.20515
930.988 9.20605
932.301 9.20695
933.614 9.20785
934.927 9.20874
936.241 9.20963
937.554 9.21053
938.868 9.21142
940.182 9.21231
941.496 9.2132
942.81 9.21408
944.124 9.21497
945.439 9.21585
946.753 9.21673
948.068 9.21762
949.383 9.2185
950.698 9.21937
952.013 9.22025
953.328 9.22113
954.643 9.222
955.959 9.22288
957.275 9.22375
958.59 9.22462
959.906 9.22549
961.222 9.22635
962.539 9.22722
963.855 9.22809
965.171 9.22895
966.488 9.22981
967.805 9.23067
969.122 9.23153
970.439 9.23239
971.756 9.23325
973.073 9.23411
974.391 9.23496
975.708 9.23582
977.026 9.23667
978.344 9.23752
979.662 9.23837
980.98 9.23922
982.298 9.24006
983.617 9.24091
984.935 9.24175
986.254 9.2426
987.573 9.24344
988.892 9.24428
990.211 9.24512
991.53 9.24596
992.849 9.2468
994.169 9.24763
995.489 9.24847
996.808 9.2493
998.128 9.25013
999.448 9.25096
1000.77 9.25179
1002.09 9.25262
1003.41 9.25345
1004.73 9.25428
1006.05 9.2551
1007.37 9.25592
1008.69 9.25675
1010.01 9.25757
1011.33 9.25839
1012.66 9.25921
1013.98 9.26002
1015.3 9.26084
1016.62 9.26166
1017.94 9.26247
1019.26 9.26328
1020.59 9.2641
1021.91 9.26491
1023.23 9.26572
1024.55 9.26652
1025.88 9.26733
1027.2 9.26814
1028.52 9.26894
1029.85 9.26975
1031.17 9.27055
1032.49 9.27135
1033.81 9.27215
1035.14 9.27295
1036.46 9.27375
1037.79 9.27454
1039.11 9.27534
1040.43 9.27613
1041.76 9.27693
1043.08 9.27772
1044.41 9.27851
1045.73 9.2793
1047.06 9.28009
1048.38 9.28088
1049.71 9.28167
1051.03 9.28245
1052.36 9.28324
1053.68 9.28402
1055.01 9.2848
1056.33 9.28558
1057.66 9.28636
1058.98 9.28714
1060.31 9.28792
1061.64 9.2887
1062.96 9.28947
1064.29 9.29025
1065.61 9.29102
1066.94 9.29179
1068.27 9.29257
1069.59 9.29334
1070.92 9.29411
1072.25 9.29488
1073.58 9.29564
1074.9 9.29641
1076.23 9.29717
1077.56 9.29794
1078.89 9.2987
1080.21 9.29946
1081.54 9.30022
1082.87 9.30098
1084.2 9.30174
1085.53 9.3025
1086.85 9.30326
1088.18 9.30402
1089.51 9.30477
1090.84 9.30552
1092.17 9.30628
1093.5 9.30703
1094.83 9.30778
1096.16 9.30853
1097.49 9.30928
1098.82 9.31002
1100.14 9.31077
1101.47 9.31152
1102.8 9.31226
1104.13 9.31301
1105.46 9.31375
1106.79 9.31449
1108.12 9.31523
1109.46 9.31597
1110.79 9.31671
1112.12 9.31745
1113.45 9.31819
1114.78 9.31892
1116.11 9.31966
1117.44 9.32039
1118.77 9.32113
1120.1 9.32186
1121.43 9.32259
1122.77 9.32332
1124.1 9.32405
1125.43 9.32477
1126.76 9.3255
1128.09 9.32623
1129.43 9.32695
1130.76 9.32767
1132.09 9.3284
1133.42 9.32912
1134.76 9.32984
1136.09 9.33056
1137.42 9.33128
1138.75 9.332
1140.09 9.33272
1141.42 9.33344
1142.75 9.33415
1144.09 9.33487
1145.42 9.33558
1146.76 9.33629
1148.09 9.33701
1149.42 9.33772
1150.76 9.33843
1152.09 9.33914
1153.43 9.33985
1154.76 9.34055
1156.09 9.34126
1157.43 9.34197
1158.76 9.34267
1160.1 9.34338
1161.43 9.34408
1162.77 9.34478
1164.1 9.34548
1165.44 9.34618
1166.77 9.34688
1168.11 9.34758
1169.45 9.34828
1170.78 9.34897
1172.12 9.34967
1173.45 9.35036
1174.79 9.35106
1176.13 9.35175
1177.46 9.35244
1178.8 9.35314
1180.13 9.35383
1181.47 9.35452
1182.81 9.3552
1184.14 9.35589
1185.48 9.35658
1186.82 9.35727
1188.16 9.35795
1189.49 9.35864
1190.83 9.35932
1192.17 9.36
1193.51 9.36069
1194.84 9.36137
1196.18 9.36205
1197.52 9.36273
1198.86 9.3634
1200.19 9.36408
1201.53 9.36476
1202.87 9.36544
1204.21 9.36611
1205.55 9.36679
1206.89 9.36746
1208.23 9.36813
1209.57 9.3688
1210.9 9.36947
1212.24 9.37014
1213.58 9.37081
1214.92 9.37148
1216.26 9.37215
1217.6 9.37282
1218.94 9.37348
1220.28 9.37415
1221.62 9.37481
1222.96 9.37548
1224.3 9.37614
1225.64 9.3768
1226.98 9.37746
1228.32 9.37812
1229.66 9.37878
1231 9.37944
1232.34 9.3801
1233.68 9.38076
1235.02 9.38141
1236.37 9.38207
1237.71 9.38273
1239.05 9.38338
1240.39 9.38403
1241.73 9.38469
1243.07 9.38534
1244.41 9.38599
1245.76 9.38664
1247.1 9.38729
1248.44 9.38794
1249.78 9.38858
1251.12 9.38923
1252.47 9.38988
1253.81 9.39052
1255.15 9.39117
1256.49 9.39181
1257.84 9.39246
1259.18 9.3931
1260.52 9.39374
1261.86 9.39438
1263.21 9.39502
1264.55 9.39566
1265.89 9.3963
1267.24 9.39694
1268.58 9.39758
1269.93 9.39821
1271.27 9.39885
1272.61 9.39948
1273.96 9.40012
1275.3 9.40075
1276.64 9.40138
1277.99 9.40202
1279.33 9.40265
1280.68 9.40328
1282.02 9.40391
1283.37 9.40454
1284.71 9.40516
1286.06 9.40579
1287.4 9.40642
1288.75 9.40705
1290.09 9.40767
1291.44 9.4083
1292.78 9.40892
1294.13 9.40954
1295.47 9.41017
1296.82 9.41079
1298.16 9.41141
1299.51 9.41203
1300.86 9.41265
1302.2 9.41327
1303.55 9.41389
1304.89 9.4145
1306.24 9.41512
1307.59 9.41574
1308.93 9.41635
1310.28 9.41697
1311.63 9.41758
1312.97 9.41819
1314.32 9.41881
1315.67 9.41942
1317.01 9.42003
1318.36 9.42064
1319.71 9.42125
1321.06 9.42186
1322.4 9.42247
1323.75 9.42308
1325.1 9.42368
1326.45 9.42429
1327.8 9.4249
1329.14 9.4255
1330.49 9.4261
1331.84 9.42671
1333.19 9.42731
1334.54 9.42791
1335.88 9.42852
1337.23 9.42912
1338.58 9.42972
1339.93 9.43032
1341.28 9.43091
1342.63 9.43151
1343.98 9.43211
1345.33 9.43271
1346.68 9.4333
1348.03 9.4339
1349.37 9.43449
1350.72 9.43509
1352.07 9.43568
1353.42 9.43628
1354.77 9.43687
1356.12 9.43746
1357.47 9.43805
1358.82 9.43864
1360.17 9.43923
1361.52 9.43982
1362.87 9.44041
1364.22 9.441
1365.57 9.44158
1366.93 9.44217
1368.28 9.44275
1369.63 9.44334
1370.98 9.44392
1372.33 9.44451
1373.68 9.44509
1375.03 9.44567
1376.38 9.44626
1377.73 9.44684
1379.09 9.44742
1380.44 9.448
1381.79 9.44858
1383.14 9.44916
1384.49 9.44974
1385.84 9.45031
1387.2 9.45089
1388.55 9.45147
1389.9 9.45204
1391.25 9.45262
1392.61 9.45319
1393.96 9.45377
1395.31 9.45434
1396.66 9.45491
1398.02 9.45548
1399.37 9.45605
1400.72 9.45662
1402.08 9.4572
1403.43 9.45776
1404.78 9.45833
1406.14 9.4589
1407.49 9.45947
1408.84 9.46004
1410.2 9.4606
1411.55 9.46117
1412.9 9.46173
1414.26 9.4623
1415.61 9.46286
1416.96 9.46343
1418.32 9.46399
1419.67 9.46455
1421.03 9.46511
1422.38 9.46567
1423.74 9.46624
1425.09 9.46679
1426.45 9.46735
1427.8 9.46791
1429.16 9.46847
1430.51 9.46903
1431.87 9.46959
1433.22 9.47014
1434.58 9.4707
1435.93 9.47125
1437.29 9.47181
1438.64 9.47236
1440 9.47291
1441.35 9.47347
1442.71 9.47402
1444.06 9.47457
1445.42 9.47512
1446.78 9.47567
1448.13 9.47622
1449.49 9.47677
1450.85 9.47732
1452.2 9.47787
1453.56 9.47842
1454.91 9.47896
1456.27 9.47951
1457.63 9.48006
1458.99 9.4806
1460.34 9.48115
1461.7 9.48169
1463.06 9.48223
1464.41 9.48278
1465.77 9.48332
1467.13 9.48386
1468.49 9.4844
1469.84 9.48494
1471.2 9.48549
1472.56 9.48602
1473.92 9.48656
1475.27 9.4871
1476.63 9.48764
1477.99 9.48818
1479.35 9.48872
1480.71 9.48925
1482.06 9.48979
1483.42 9.49032
1484.78 9.49086
1486.14 9.49139
1487.5 9.49193
1488.86 9.49246
1490.22 9.49299
1491.57 9.49352
1492.93 9.49406
1494.29 9.49459
1495.65 9.49512
1497.01 9.49565
1498.37 9.49618
1499.73 9.49671
1501.09 9.49723
1502.45 9.49776
1503.81 9.49829
1505.17 9.49882
1506.53 9.49934
1507.89 9.49987
1509.25 9.50039
1510.61 9.50092
1511.97 9.50144
1513.33 9.50197
1514.69 9.50249
1516.05 9.50301
1517.41 9.50353
1518.77 9.50406
1520.13 9.50458
1521.49 9.5051
1522.85 9.50562
1524.21 9.50614
1525.57 9.50666
1526.94 9.50717
1528.3 9.50769
1529.66 9.50821
1531.02 9.50873
1532.38 9.50924
1533.74 9.50976
1535.1 9.51027
1536.46 9.51079
1537.83 9.5113
1539.19 9.51182
1540.55 9.51233
1541.91 9.51284
1543.27 9.51336
1544.64 9.51387
1546 9.51438
1547.36 9.51489
1548.72 9.5154
1550.09 9.51591
1551.45 9.51642
1552.81 9.51693
1554.17 9.51744
1555.54 9.51795
1556.9 9.51845
1558.26 9.51896
1559.63 9.51947
1560.99 9.51997
1562.35 9.52048
1563.72 9.52098
1565.08 9.52149
1566.44 9.52199
1567.81 9.52249
1569.17 9.523
1570.53 9.5235
1571.9 9.524
1573.26 9.5245
1574.62 9.525
1575.99 9.5255
1577.35 9.526
1578.72 9.5265
1580.08 9.527
1581.45 9.5275
1582.81 9.528
1584.17 9.5285
1585.54 9.52899
1586.9 9.52949
1588.27 9.52999
1589.63 9.53048
1591 9.53098
1592.36 9.53147
1593.73 9.53197
1595.09 9.53246
1596.46 9.53295
1597.82 9.53345
1599.19 9.53394
1600.55 9.53443
1601.92 9.53492
1603.29 9.53541
1604.65 9.5359
1606.02 9.53639
1607.38 9.53688
1608.75 9.53737
1610.11 9.53786
1611.48 9.53835
1612.85 9.53884
1614.21 9.53932
1615.58 9.53981
1616.95 9.5403
1618.31 9.54078
1619.68 9.54127
1621.04 9.54176
1622.41 9.54224
1623.78 9.54272
1625.15 9.54321
1626.51 9.54369
1627.88 9.54417
1629.25 9.54466
1630.61 9.54514
1631.98 9.54562
1633.35 9.5461
1634.72 9.54658
1636.08 9.54706
1637.45 9.54754
1638.82 9.54802
1640.19 9.5485
1641.55 9.54898
1642.92 9.54946
1644.29 9.54993
1645.66 9.55041
1647.02 9.55089
1648.39 9.55136
1649.76 9.55184
1651.13 9.55231
1652.5 9.55279
1653.87 9.55326
1655.23 9.55374
1656.6 9.55421
1657.97 9.55468
1659.34 9.55516
1660.71 9.55563
1662.08 9.5561
1663.45 9.55657
1664.82 9.55704
1666.19 9.55751
1667.56 9.55798
1668.92 9.55845
1670.29 9.55892
1671.66 9.55939
1673.03 9.55986
1674.4 9.56033
1675.77 9.56079
1677.14 9.56126
1678.51 9.56173
1679.88 9.56219
1681.25 9.56266
1682.62 9.56313
1683.99 9.56359
1685.36 9.56406
1686.73 9.56452
1688.1 9.56498
1689.47 9.56545
1690.84 9.56591
1692.21 9.56637
1693.58 9.56683
1694.95 9.5673
1696.33 9.56776
1697.7 9.56822
1699.07 9.56868
1700.44 9.56914
1701.81 9.5696
1703.18 9.57006
1704.55 9.57051
1705.92 9.57097
1707.29 9.57143
1708.67 9.57189
1710.04 9.57235
1711.41 9.5728
1712.78 9.57326
1714.15 9.57371
1715.52 9.57417
1716.9 9.57463
1718.27 9.57508
1719.64 9.57553
1721.01 9.57599
1722.38 9.57644
1723.76 9.57689
1725.13 9.57735
1726.5 9.5778
1727.87 9.57825
1729.25 9.5787
1730.62 9.57915
1731.99 9.5796
1733.36 9.58005
1734.74 9.5805
1736.11 9.58095
1737.48 9.5814
1738.86 9.58185
1740.23 9.5823
1741.6 9.58275
1742.98 9.58319
1744.35 9.58364
1745.72 9.58409
1747.1 9.58453
1748.47 9.58498
1749.84 9.58543
1751.22 9.58587
1752.59 9.58632
1753.96 9.58676
1755.34 9.5872
1756.71 9.58765
1758.09 9.58809
1759.46 9.58853
1760.83 9.58898
1762.21 9.58942
1763.58 9.58986
1764.96 9.5903
1766.33 9.59074
1767.71 9.59118
1769.08 9.59162
1770.46 9.59206
1771.83 9.5925
1773.2 9.59294
1774.58 9.59338
1775.95 9.59382
1777.33 9.59426
1778.7 9.5947
1780.08 9.59513
1781.45 9.59557
1782.83 9.59601
1784.21 9.59644
1785.58 9.59688
1786.96 9.59731
1788.33 9.59775
1789.71 9.59818
1791.08 9.59862
1792.46 9.59905
1793.84 9.59948
1795.21 9.59992
1796.59 9.60035
1797.96 9.60078
1799.34 9.60121
1800.72 9.60164
1802.09 9.60208
1803.47 9.60251
1804.84 9.60294
1806.22 9.60337
1807.6 9.6038
1808.97 9.60423
1810.35 9.60466
1811.73 9.60508
1813.1 9.60551
1814.48 9.60594
1815.86 9.60637
1817.24 9.60679
1818.61 9.60722
1819.99 9.60765
1821.37 9.60807
1822.74 9.6085
1824.12 9.60892
1825.5 9.60935
1826.88 9.60977
1828.25 9.6102
1829.63 9.61062
1831.01 9.61105
1832.39 9.61147
1833.76 9.61189
1835.14 9.61232
1836.52 9.61274
1837.9 9.61316
1839.28 9.61358
1840.65 9.614
1842.03 9.61442
1843.41 9.61484
1844.79 9.61526
1846.17 9.61568
1847.55 9.6161
1848.93 9.61652
1850.3 9.61694
1851.68 9.61736
1853.06 9.61778
1854.44 9.61819
1855.82 9.61861
1857.2 9.61903
1858.58 9.61945
1859.96 9.61986
1861.34 9.62028
1862.71 9.62069
1864.09 9.62111
1865.47 9.62152
1866.85 9.62194
1868.23 9.62235
1869.61 9.62277
1870.99 9.62318
1872.37 9.62359
1873.75 9.62401
1875.13 9.62442
1876.51 9.62483
1877.89 9.62524
1879.27 9.62566
1880.65 9.62607
1882.03 9.62648
1883.41 9.62689
1884.79 9.6273
1886.17 9.62771
1887.55 9.62812
1888.93 9.62853
1890.31 9.62894
1891.69 9.62934
1893.07 9.62975
1894.46 9.63016
1895.84 9.63057
1897.22 9.63097
1898.6 9.63138
1899.98 9.63179
1901.36 9.63219
1902.74 9.6326
1904.12 9.63301
1905.5 9.63341
1906.89 9.63382
1908.27 9.63422
1909.65 9.63463
1911.03 9.63503
1912.41 9.63543
1913.79 9.63584
1915.17 9.63624
1916.56 9.63664
1917.94 9.63704
1919.32 9.63745
1920.7 9.63785
1922.08 9.63825
1923.47 9.63865
1924.85 9.63905
1926.23 9.63945
1927.61 9.63985
1929 9.64025
1930.38 9.64065
1931.76 9.64105
1933.14 9.64145
1934.53 9.64185
1935.91 9.64225
1937.29 9.64265
1938.67 9.64304
1940.06 9.64344
1941.44 9.64384
1942.82 9.64423
1944.21 9.64463
1945.59 9.64503
1946.97 9.64542
1948.36 9.64582
1949.74 9.64621
1951.12 9.64661
1952.51 9.647
1953.89 9.6474
1955.27 9.64779
1956.66 9.64818
1958.04 9.64858
1959.42 9.64897
1960.81 9.64936
1962.19 9.64976
1963.58 9.65015
1964.96 9.65054
1966.34 9.65093
1967.73 9.65132
1969.11 9.65171
1970.5 9.6521
1971.88 9.65249
1973.27 9.65288
1974.65 9.65327
1976.03 9.65366
1977.42 9.65405
1978.8 9.65444
1980.19 9.65483
1981.57 9.65521
1982.96 9.6556
1984.34 9.65599
1985.73 9.65638
1987.11 9.65676
1988.5 9.65715
1989.88 9.65754
1991.27 9.65792
1992.65 9.65831
1994.04 9.65869
1995.42 9.65908
1996.81 9.65946
1998.2 9.65985
1999.58 9.66023
2000.97 9.66061
2002.35 9.661
2003.74 9.66138
2005.12 9.66177
2006.51 9.66215
2007.9 9.66253
2009.28 9.66291
2010.67 9.66329
2012.05 9.66368
2013.44 9.66406
2014.83 9.66444
2016.21 9.66482
2017.6 9.6652
2018.99 9.66558
2020.37 9.66596
2021.76 9.66634
2023.15 9.66672
2024.53 9.6671
2025.92 9.66747
2027.31 9.66785
2028.69 9.66823
2030.08 9.66861
2031.47 9.66899
2032.85 9.66936
2034.24 9.66974
2035.63 9.67012
2037.01 9.67049
2038.4 9.67087
2039.79 9.67124
2041.18 9.67162
2042.56 9.67199
2043.95 9.67237
2045.34 9.67274
2046.73 9.67312
2048.11 9.67349
2049.5 9.67387
2050.89 9.67424
2052.28 9.67461
2053.67 9.67498
2055.05 9.67536
2056.44 9.67573
2057.83 9.6761
2059.22 9.67647
2060.61 9.67685
2062 9.67722
2063.38 9.67759
2064.77 9.67796
2066.16 9.67833
2067.55 9.6787
2068.94 9.67907
2070.33 9.67944
2071.71 9.67981
2073.1 9.68018
2074.49 9.68055
2075.88 9.68091
2077.27 9.68128
2078.66 9.68165
2080.05 9.68202
2081.44 9.68239
2082.83 9.68275
2084.22 9.68312
2085.61 9.68349
2086.99 9.68385
2088.38 9.68422
2089.77 9.68458
2091.16 9.68495
2092.55 9.68532
2093.94 9.68568
2095.33 9.68604
2096.72 9.68641
2098.11 9.68677
2099.5 9.68714
2100.89 9.6875
2102.28 9.68786
2103.67 9.68823
2105.06 9.68859
2106.45 9.68895
2107.84 9.68931
2109.23 9.68968
2110.62 9.69004
2112.01 9.6904
2113.4 9.69076
2114.79 9.69112
2116.18 9.69148
2117.58 9.69184
2118.97 9.6922
2120.36 9.69256
2121.75 9.69292
2123.14 9.69328
2124.53 9.69364
2125.92 9.694
2127.31 9.69436
2128.7 9.69472
2130.09 9.69508
2131.48 9.69543
2132.88 9.69579
2134.27 9.69615
2135.66 9.6965
2137.05 9.69686
2138.44 9.69722
2139.83 9.69757
2141.22 9.69793
2142.62 9.69829
2144.01 9.69864
2145.4 9.699
2146.79 9.69935
2148.18 9.69971
2149.58 9.70006
2150.97 9.70041
2152.36 9.70077
2153.75 9.70112
2155.14 9.70148
2156.54 9.70183
2157.93 9.70218
2159.32 9.70253
2160.71 9.70289
2162.11 9.70324
2163.5 9.70359
2164.89 9.70394
2166.28 9.70429
2167.68 9.70465
2169.07 9.705
2170.46 9.70535
2171.85 9.7057
2173.25 9.70605
2174.64 9.7064
2176.03 9.70675
2177.43 9.7071
2178.82 9.70745
2180.21 9.70779
2181.61 9.70814
2183 9.70849
2184.39 9.70884
2185.79 9.70919
2187.18 9.70954
2188.57 9.70988
2189.97 9.71023
2191.36 9.71058
2192.75 9.71092
2194.15 9.71127
2195.54 9.71162
2196.94 9.71196
2198.33 9.71231
2199.72 9.71265
2201.12 9.713
2202.51 9.71334
2203.91 9.71369
2205.3 9.71403
2206.69 9.71438
2208.09 9.71472
2209.48 9.71507
2210.88 9.71541
2212.27 9.71575
2213.67 9.7161
2215.06 9.71644
2216.46 9.71678
2217.85 9.71712
2219.25 9.71747
2220.64 9.71781
2222.03 9.71815
2223.43 9.71849
2224.82 9.71883
2226.22 9.71917
2227.61 9.71951
2229.01 9.71985
2230.41 9.72019
2231.8 9.72053
2233.2 9.72087
2234.59 9.72121
2235.99 9.72155
2237.38 9.72189
2238.78 9.72223
2240.17 9.72257
2241.57 9.72291
2242.96 9.72324
2244.36 9.72358
2245.76 9.72392
2247.15 9.72426
2248.55 9.7246
2249.94 9.72493
2251.34 9.72527
2252.74 9.72561
2254.13 9.72594
2255.53 9.72628
2256.92 9.72661
2258.32 9.72695
2259.72 9.72728
2261.11 9.72762
2262.51 9.72795
2263.91 9.72829
2265.3 9.72862
2266.7 9.72896
2268.1 9.72929
2269.49 9.72962
2270.89 9.72996
2272.29 9.73029
2273.68 9.73062
2275.08 9.73096
2276.48 9.73129
2277.87 9.73162
2279.27 9.73195
2280.67 9.73229
2282.06 9.73262
2283.46 9.73295
2284.86 9.73328
2286.26 9.73361
2287.65 9.73394
2289.05 9.73427
2290.45 9.7346
2291.85 9.73493
2293.24 9.73526
2294.64 9.73559
2296.04 9.73592
2297.44 9.73625
2298.83 9.73658
2300.23 9.73691
2301.63 9.73724
2303.03 9.73757
2304.43 9.73789
2305.82 9.73822
2307.22 9.73855
2308.62 9.73888
2310.02 9.7392
2311.42 9.73953
2312.82 9.73986
2314.21 9.74018
2315.61 9.74051
2317.01 9.74084
2318.41 9.74116
2319.81 9.74149
2321.21 9.74181
2322.61 9.74214
2324 9.74246
2325.4 9.74279
2326.8 9.74311
2328.2 9.74344
2329.6 9.74376
2331 9.74409
2332.4 9.74441
2333.8 9.74473
2335.2 9.74506
2336.6 9.74538
2337.99 9.7457
2339.39 9.74602
2340.79 9.74635
2342.19 9.74667
2343.59 9.74699
2344.99 9.74731
2346.39 9.74763
2347.79 9.74796
2349.19 9.74828
2350.59 9.7486
2351.99 9.74892
2353.39 9.74924
2354.79 9.74956
2356.19 9.74988
2357.59 9.7502
2358.99 9.75052
2360.39 9.75084
2361.79 9.75116
2363.19 9.75148
2364.59 9.7518
2365.99 9.75211
2367.39 9.75243
2368.79 9.75275
2370.19 9.75307
2371.59 9.75339
2372.99 9.7537
2374.39 9.75402
2375.79 9.75434
2377.19 9.75466
2378.6 9.75497
2380 9.75529
2381.4 9.75561
2382.8 9.75592
2384.2 9.75624
2385.6 9.75655
2387 9.75687
2388.4 9.75718
2389.8 9.7575
2391.2 9.75781
2392.61 9.75813
2394.01 9.75844
2395.41 9.75876
2396.81 9.75907
2398.21 9.75939
2399.61 9.7597
2401.01 9.76001
2402.42 9.76033
2403.82 9.76064
2405.22 9.76095
2406.62 9.76126
2408.02 9.76158
2409.42 9.76189
2410.83 9.7622
2412.23 9.76251
2413.63 9.76282
2415.03 9.76314
2416.43 9.76345
2417.84 9.76376
2419.24 9.76407
2420.64 9.76438
2422.04 9.76469
2423.45 9.765
2424.85 9.76531
2426.25 9.76562
2427.65 9.76593
2429.06 9.76624
2430.46 9.76655
2431.86 9.76686
2433.26 9.76717
2434.67 9.76748
2436.07 9.76778
2437.47 9.76809
2438.87 9.7684
2440.28 9.76871
2441.68 9.76902
2443.08 9.76932
2444.49 9.76963
2445.89 9.76994
2447.29 9.77024
2448.7 9.77055
2450.1 9.77086
2451.5 9.77116
2452.91 9.77147
2454.31 9.77178
2455.71 9.77208
2457.12 9.77239
2458.52 9.77269
2459.92 9.773
2461.33 9.7733
2462.73 9.77361
2464.14 9.77391
2465.54 9.77422
2466.94 9.77452
2468.35 9.77482
2469.75 9.77513
2471.15 9.77543
2472.56 9.77573
2473.96 9.77604
2475.37 9.77634
2476.77 9.77664
2478.18 9.77695
2479.58 9.77725
2480.98 9.77755
2482.39 9.77785
2483.79 9.77816
2485.2 9.77846
2486.6 9.77876
2488.01 9.77906
2489.41 9.77936
2490.82 9.77966
2492.22 9.77996
2493.63 9.78026
2495.03 9.78056
2496.43 9.78086
2497.84 9.78117
2499.24 9.78146
2500.65 9.78176
2502.05 9.78206
2503.46 9.78236
2504.87 9.78266
2506.27 9.78296
2507.68 9.78326
2509.08 9.78356
2510.49 9.78386
2511.89 9.78415
2513.3 9.78445
2514.7 9.78475
2516.11 9.78505
2517.51 9.78535
2518.92 9.78564
2520.33 9.78594
2521.73 9.78624
2523.14 9.78653
2524.54 9.78683
2525.95 9.78713
2527.35 9.78742
2528.76 9.78772
2530.17 9.78801
2531.57 9.78831
2532.98 9.7886
2534.39 9.7889
2535.79 9.78919
2537.2 9.78949
2538.6 9.78978
2540.01 9.79008
2541.42 9.79037
2542.82 9.79067
2544.23 9.79096
2545.64 9.79125
2547.04 9.79155
2548.45 9.79184
2549.86 9.79213
2551.26 9.79243
2552.67 9.79272
2554.08 9.79301
2555.48 9.79331
2556.89 9.7936
2558.3 9.79389
2559.7 9.79418
2561.11 9.79447
2562.52 9.79477
2563.93 9.79506
2565.33 9.79535
2566.74 9.79564
2568.15 9.79593
2569.55 9.79622
2570.96 9.79651
2572.37 9.7968
2573.78 9.79709
2575.18 9.79738
2576.59 9.79767
2578 9.79796
2579.41 9.79825
2580.82 9.79854
2582.22 9.79883
2583.63 9.79912
2585.04 9.79941
2586.45 9.7997
2587.85 9.79998
2589.26 9.80027
2590.67 9.80056
2592.08 9.80085
2593.49 9.80114
2594.9 9.80142
2596.3 9.80171
2597.71 9.802
2599.12 9.80229
2600.53 9.80257
2601.94 9.80286
2603.35 9.80315
2604.75 9.80343
2606.16 9.80372
2607.57 9.804
2608.98 9.80429
2610.39 9.80458
2611.8 9.80486
2613.21 9.80515
2614.61 9.80543
2616.02 9.80572
2617.43 9.806
2618.84 9.80629
2620.25 9.80657
2621.66 9.80685
2623.07 9.80714
2624.48 9.80742
2625.89 9.80771
2627.3 9.80799
2628.71 9.80827
2630.11 9.80856
2631.52 9.80884
2632.93 9.80912
2634.34 9.80941
2635.75 9.80969
2637.16 9.80997
2638.57 9.81025
2639.98 9.81054
2641.39 9.81082
2642.8 9.8111
2644.21 9.81138
2645.62 9.81166
2647.03 9.81194
2648.44 9.81222
2649.85 9.81251
2651.26 9.81279
2652.67 9.81307
2654.08 9.81335
2655.49 9.81363
2656.9 9.81391
2658.31 9.81419
2659.72 9.81447
2661.13 9.81475
2662.54 9.81503
2663.95 9.81531
2665.36 9.81559
2666.77 9.81586
2668.18 9.81614
2669.59 9.81642
2671 9.8167
2672.42 9.81698
2673.83 9.81726
2675.24 9.81753
2676.65 9.81781
2678.06 9.81809
2679.47 9.81837
2680.88 9.81864
2682.29 9.81892
2683.7 9.8192
2685.11 9.81948
2686.52 9.81975
2687.94 9.82003
2689.35 9.8203
2690.76 9.82058
2692.17 9.82086
2693.58 9.82113
2694.99 9.82141
2696.4 9.82168
2697.81 9.82196
2699.23 9.82224
2700.64 9.82251
2702.05 9.82278
2703.46 9.82306
2704.87 9.82333
2706.28 9.82361
2707.7 9.82388
2709.11 9.82416
2710.52 9.82443
2711.93 9.8247
2713.34 9.82498
2714.76 9.82525
2716.17 9.82553
2717.58 9.8258
2718.99 9.82607
2720.4 9.82634
2721.82 9.82662
2723.23 9.82689
2724.64 9.82716
2726.05 9.82743
2727.47 9.82771
2728.88 9.82798
2730.29 9.82825
2731.7 9.82852
2733.12 9.82879
2734.53 9.82906
2735.94 9.82933
2737.35 9.82961
2738.77 9.82988
2740.18 9.83015
2741.59 9.83042
2743.01 9.83069
2744.42 9.83096
2745.83 9.83123
2747.24 9.8315
2748.66 9.83177
2750.07 9.83204
2751.48 9.83231
2752.9 9.83258
2754.31 9.83284
2755.72 9.83311
2757.14 9.83338
2758.55 9.83365
2759.96 9.83392
2761.38 9.83419
2762.79 9.83446
2764.2 9.83472
2765.62 9.83499
2767.03 9.83526
2768.44 9.83553
2769.86 9.8358
2771.27 9.83606
2772.69 9.83633
2774.1 9.8366
2775.51 9.83686
2776.93 9.83713
2778.34 9.8374
2779.75 9.83766
2781.17 9.83793
2782.58 9.83819
2784 9.83846
2785.41 9.83873
2786.83 9.83899
2788.24 9.83926
2789.65 9.83952
2791.07 9.83979
2792.48 9.84005
2793.9 9.84032
2795.31 9.84058
2796.73 9.84085
2798.14 9.84111
2799.56 9.84138
2800.97 9.84164
2802.38 9.8419
2803.8 9.84217
2805.21 9.84243
2806.63 9.8427
2808.04 9.84296
2809.46 9.84322
2810.87 9.84349
2812.29 9.84375
2813.7 9.84401
2815.12 9.84427
2816.53 9.84454
2817.95 9.8448
2819.36 9.84506
2820.78 9.84532
2822.19 9.84559
2823.61 9.84585
2825.02 9.84611
2826.44 9.84637
2827.86 9.84663
2829.27 9.84689
2830.69 9.84715
2832.1 9.84742
2833.52 9.84768
2834.93 9.84794
2836.35 9.8482
2837.76 9.84846
2839.18 9.84872
2840.6 9.84898
2842.01 9.84924
2843.43 9.8495
2844.84 9.84976
2846.26 9.85002
2847.68 9.85028
2849.09 9.85054
2850.51 9.85079
2851.92 9.85105
2853.34 9.85131
2854.76 9.85157
2856.17 9.85183
2857.59 9.85209
2859.01 9.85235
2860.42 9.8526
2861.84 9.85286
2863.25 9.85312
2864.67 9.85338
2866.09 9.85363
2867.5 9.85389
2868.92 9.85415
2870.34 9.85441
2871.75 9.85466
2873.17 9.85492
2874.59 9.85518
2876 9.85543
2877.42 9.85569
2878.84 9.85595
2880.25 9.8562
2881.67 9.85646
2883.09 9.85671
2884.51 9.85697
2885.92 9.85722
2887.34 9.85748
2888.76 9.85774
2890.17 9.85799
2891.59 9.85825
2893.01 9.8585
2894.43 9.85876
2895.84 9.85901
2897.26 9.85926
2898.68 9.85952
2900.1 9.85977
2901.51 9.86003
2902.93 9.86028
2904.35 9.86053
2905.77 9.86079
2907.19 9.86104
2908.6 9.86129
2910.02 9.86155
2911.44 9.8618
2912.86 9.86205
2914.27 9.86231
2915.69 9.86256
2917.11 9.86281
2918.53 9.86306
2919.95 9.86332
2921.36 9.86357
2922.78 9.86382
2924.2 9.86407
2925.62 9.86432
2927.04 9.86457
2928.46 9.86483
2929.87 9.86508
2931.29 9.86533
2932.71 9.86558
2934.13 9.86583
2935.55 9.86608
2936.97 9.86633
2938.39 9.86658
2939.8 9.86683
2941.22 9.86708
2942.64 9.86733
2944.06 9.86758
2945.48 9.86783
2946.9 9.86808
2948.32 9.86833
2949.74 9.86858
2951.15 9.86883
2952.57 9.86908
2953.99 9.86933
2955.41 9.86958
2956.83 9.86983
2958.25 9.87008
2959.67 9.87032
2961.09 9.87057
2962.51 9.87082
2963.93 9.87107
2965.35 9.87132
2966.77 9.87156
2968.19 9.87181
2969.6 9.87206
2971.02 9.87231
2972.44 9.87255
2973.86 9.8728
2975.28 9.87305
2976.7 9.87329
2978.12 9.87354
2979.54 9.87379
2980.96 9.87403
2982.38 9.87428
2983.8 9.87453
2985.22 9.87477
2986.64 9.87502
2988.06 9.87527
2989.48 9.87551
2990.9 9.87576
2992.32 9.876
2993.74 9.87625
2995.16 9.87649
2996.58 9.87674
2998 9.87698
2999.42 9.87723
3000.84 9.87747
3002.26 9.87772
3003.68 9.87796
3005.1 9.87821
3006.52 9.87845
3007.95 9.87869
3009.37 9.87894
3010.79 9.87918
3012.21 9.87943
3013.63 9.87967
3015.05 9.87991
3016.47 9.88016
3017.89 9.8804
3019.31 9.88064
3020.73 9.88089
3022.15 9.88113
3023.57 9.88137
3025 9.88161
3026.42 9.88186
3027.84 9.8821
3029.26 9.88234
3030.68 9.88258
3032.1 9.88282
3033.52 9.88307
3034.94 9.88331
3036.36 9.88355
3037.79 9.88379
3039.21 9.88403
3040.63 9.88427
3042.05 9.88451
3043.47 9.88476
3044.89 9.885
3046.32 9.88524
3047.74 9.88548
3049.16 9.88572
3050.58 9.88596
3052 9.8862
3053.42 9.88644
3054.85 9.88668
3056.27 9.88692
3057.69 9.88716
3059.11 9.8874
3060.53 9.88764
3061.96 9.88787
3063.38 9.88811
3064.8 9.88835
3066.22 9.88859
3067.64 9.88883
3069.07 9.88907
3070.49 9.88931
3071.91 9.88955
3073.33 9.88978
3074.76 9.89002
3076.18 9.89026
3077.6 9.8905
3079.02 9.89074
3080.45 9.89097
3081.87 9.89121
3083.29 9.89145
3084.71 9.89169
3086.14 9.89192
3087.56 9.89216
3088.98 9.8924
3090.4 9.89263
3091.83 9.89287
3093.25 9.89311
3094.67 9.89334
3096.1 9.89358
3097.52 9.89382
3098.94 9.89405
3100.36 9.89429
3101.79 9.89452
3103.21 9.89476
3104.63 9.895
3106.06 9.89523
3107.48 9.89547
3108.9 9.8957
3110.33 9.89594
3111.75 9.89617
3113.17 9.89641
3114.6 9.89664
3116.02 9.89688
3117.44 9.89711
3118.87 9.89735
3120.29 9.89758
3121.71 9.89781
3123.14 9.89805
3124.56 9.89828
3125.99 9.89852
3127.41 9.89875
3128.83 9.89898
3130.26 9.89922
3131.68 9.89945
3133.1 9.89968
3134.53 9.89992
3135.95 9.90015
3137.38 9.90038
3138.8 9.90061
3140.22 9.90085
3141.65 9.90108
3143.07 9.90131
3144.5 9.90155
3145.92 9.90178
3147.35 9.90201
3148.77 9.90224
3150.19 9.90247
3151.62 9.9027
3153.04 9.90294
3154.47 9.90317
3155.89 9.9034
3157.32 9.90363
3158.74 9.90386
3160.17 9.90409
3161.59 9.90432
3163.02 9.90455
3164.44 9.90479
3165.86 9.90502
3167.29 9.90525
3168.71 9.90548
3170.14 9.90571
3171.56 9.90594
3172.99 9.90617
3174.41 9.9064
3175.84 9.90663
3177.26 9.90686
3178.69 9.90709
3180.11 9.90732
3181.54 9.90755
3182.96 9.90777
3184.39 9.908
3185.82 9.90823
3187.24 9.90846
3188.67 9.90869
3190.09 9.90892
3191.52 9.90915
3192.94 9.90938
3194.37 9.9096
3195.79 9.90983
3197.22 9.91006
3198.64 9.91029
3200.07 9.91052
3201.5 9.91074
3202.92 9.91097
3204.35 9.9112
3205.77 9.91143
3207.2 9.91165
3208.62 9.91188
3210.05 9.91211
3211.48 9.91233
3212.9 9.91256
3214.33 9.91279
3215.75 9.91302
3217.18 9.91324
3218.61 9.91347
3220.03 9.91369
3221.46 9.91392
3222.89 9.91415
3224.31 9.91437
3225.74 9.9146
3227.16 9.91482
3228.59 9.91505
3230.02 9.91528
3231.44 9.9155
3232.87 9.91573
3234.3 9.91595
3235.72 9.91618
3237.15 9.9164
3238.58 9.91663
3240 9.91685
3241.43 9.91708
3242.86 9.9173
3244.28 9.91752
3245.71 9.91775
3247.14 9.91797
3248.56 9.9182
3249.99 9.91842
3251.42 9.91864
3252.84 9.91887
3254.27 9.91909
3255.7 9.91932
3257.13 9.91954
3258.55 9.91976
3259.98 9.91999
3261.41 9.92021
3262.83 9.92043
3264.26 9.92066
3265.69 9.92088
3267.12 9.9211
3268.54 9.92132
3269.97 9.92155
3271.4 9.92177
3272.83 9.92199
3274.25 9.92221
3275.68 9.92243
3277.11 9.92266
3278.54 9.92288
3279.96 9.9231
3281.39 9.92332
3282.82 9.92354
3284.25 9.92376
3285.68 9.92398
3287.1 9.92421
3288.53 9.92443
3289.96 9.92465
3291.39 9.92487
3292.81 9.92509
3294.24 9.92531
3295.67 9.92553
3297.1 9.92575
3298.53 9.92597
3299.96 9.92619
3301.38 9.92641
3302.81 9.92663
3304.24 9.92685
3305.67 9.92707
3307.1 9.92729
3308.52 9.92751
3309.95 9.92773
3311.38 9.92795
3312.81 9.92817
3314.24 9.92839
3315.67 9.92861
3317.1 9.92883
3318.52 9.92904
3319.95 9.92926
3321.38 9.92948
3322.81 9.9297
3324.24 9.92992
3325.67 9.93014
3327.1 9.93036
3328.53 9.93057
3329.95 9.93079
3331.38 9.93101
3332.81 9.93123
3334.24 9.93144
3335.67 9.93166
3337.1 9.93188
3338.53 9.9321
3339.96 9.93231
3341.39 9.93253
3342.82 9.93275
3344.25 9.93297
3345.67 9.93318
3347.1 9.9334
3348.53 9.93362
3349.96 9.93383
3351.39 9.93405
3352.82 9.93427
3354.25 9.93448
3355.68 9.9347
3357.11 9.93491
3358.54 9.93513
3359.97 9.93535
3361.4 9.93556
3362.83 9.93578
3364.26 9.93599
3365.69 9.93621
3367.12 9.93642
3368.55 9.93664
3369.98 9.93685
3371.41 9.93707
3372.84 9.93728
3374.27 9.9375
3375.7 9.93771
3377.13 9.93793
3378.56 9.93814
3379.99 9.93836
3381.42 9.93857
3382.85 9.93879
3384.28 9.939
3385.71 9.93921
3387.14 9.93943
3388.57 9.93964
3390 9.93985
3391.43 9.94007
3392.86 9.94028
3394.29 9.9405
3395.72 9.94071
3397.15 9.94092
3398.58 9.94114
3400.01 9.94135
3401.44 9.94156
3402.87 9.94177
3404.3 9.94199
3405.74 9.9422
3407.17 9.94241
3408.6 9.94262
3410.03 9.94284
3411.46 9.94305
3412.89 9.94326
3414.32 9.94347
3415.75 9.94368
3417.18 9.9439
3418.61 9.94411
3420.04 9.94432
3421.48 9.94453
3422.91 9.94474
3424.34 9.94495
3425.77 9.94517
3427.2 9.94538
3428.63 9.94559
3430.06 9.9458
3431.49 9.94601
3432.93 9.94622
3434.36 9.94643
3435.79 9.94664
3437.22 9.94685
3438.65 9.94706
3440.08 9.94727
3441.51 9.94748
3442.95 9.94769
3444.38 9.9479
3445.81 9.94811
3447.24 9.94832
3448.67 9.94853
3450.1 9.94874
3451.54 9.94895
3452.97 9.94916
3454.4 9.94937
3455.83 9.94958
3457.26 9.94979
3458.7 9.95
3460.13 9.95021
3461.56 9.95041
3462.99 9.95062
3464.42 9.95083
3465.86 9.95104
3467.29 9.95125
3468.72 9.95146
3470.15 9.95167
3471.58 9.95187
3473.02 9.95208
3474.45 9.95229
3475.88 9.9525
3477.31 9.95271
3478.75 9.95291
3480.18 9.95312
3481.61 9.95333
3483.04 9.95354
3484.48 9.95374
3485.91 9.95395
3487.34 9.95416
3488.77 9.95436
3490.21 9.95457
3491.64 9.95478
3493.07 9.95498
3494.51 9.95519
3495.94 9.9554
3497.37 9.9556
3498.8 9.95581
3500.24 9.95602
3501.67 9.95622
3503.1 9.95643
3504.54 9.95663
3505.97 9.95684
3507.4 9.95705
3508.84 9.95725
3510.27 9.95746
3511.7 9.95766
3513.13 9.95787
3514.57 9.95807
3516 9.95828
3517.43 9.95848
3518.87 9.95869
3520.3 9.95889
3521.73 9.9591
3523.17 9.9593
3524.6 9.95951
3526.04 9.95971
3527.47 9.95992
3528.9 9.96012
3530.34 9.96033
3531.77 9.96053
3533.2 9.96074
3534.64 9.96094
3536.07 9.96114
3537.5 9.96135
3538.94 9.96155
3540.37 9.96176
3541.81 9.96196
3543.24 9.96216
3544.67 9.96237
3546.11 9.96257
3547.54 9.96277
3548.98 9.96297
3550.41 9.96318
3551.84 9.96338
3553.28 9.96358
3554.71 9.96379
3556.15 9.96399
3557.58 9.96419
3559.02 9.96439
3560.45 9.9646
3561.88 9.9648
3563.32 9.965
3564.75 9.9652
3566.19 9.96541
3567.62 9.96561
3569.06 9.96581
3570.49 9.96601
3571.93 9.96621
3573.36 9.96641
3574.79 9.96662
3576.23 9.96682
3577.66 9.96702
3579.1 9.96722
3580.53 9.96742
3581.97 9.96762
3583.4 9.96782
3584.84 9.96802
3586.27 9.96823
3587.71 9.96843
3589.14 9.96863
3590.58 9.96883
3592.01 9.96903
3593.45 9.96923
3594.88 9.96943
3596.32 9.96963
3597.75 9.96983
3599.19 9.97003
3600.62 9.97023
3602.06 9.97043
3603.49 9.97063
3604.93 9.97083
3606.36 9.97103
3607.8 9.97123
3609.23 9.97143
3610.67 9.97162
3612.11 9.97182
3613.54 9.97202
3614.98 9.97222
3616.41 9.97242
3617.85 9.97262
3619.28 9.97282
3620.72 9.97302
3622.16 9.97322
3623.59 9.97341
3625.03 9.97361
3626.46 9.97381
3627.9 9.97401
3629.33 9.97421
3630.77 9.97441
3632.21 9.9746
3633.64 9.9748
3635.08 9.975
3636.51 9.9752
3637.95 9.97539
3639.39 9.97559
3640.82 9.97579
3642.26 9.97599
3643.69 9.97618
3645.13 9.97638
3646.57 9.97658
3648 9.97678
3649.44 9.97697
3650.88 9.97717
3652.31 9.97737
3653.75 9.97756
3655.18 9.97776
3656.62 9.97796
3658.06 9.97815
3659.49 9.97835
3660.93 9.97855
3662.37 9.97874
3663.8 9.97894
3665.24 9.97913
3666.68 9.97933
3668.11 9.97953
3669.55 9.97972
3670.99 9.97992
3672.42 9.98011
3673.86 9.98031
3675.3 9.9805
3676.73 9.9807
3678.17 9.98089
3679.61 9.98109
3681.05 9.98129
3682.48 9.98148
3683.92 9.98167
3685.36 9.98187
3686.79 9.98206
3688.23 9.98226
3689.67 9.98245
3691.1 9.98265
3692.54 9.98284
3693.98 9.98304
3695.42 9.98323
3696.85 9.98343
3698.29 9.98362
3699.73 9.98381
3701.17 9.98401
3702.6 9.9842
3704.04 9.98439
3705.48 9.98459
3706.92 9.98478
3708.35 9.98497
3709.79 9.98517
3711.23 9.98536
3712.67 9.98555
3714.1 9.98575
3715.54 9.98594
3716.98 9.98613
3718.42 9.98633
3719.86 9.98652
3721.29 9.98671
3722.73 9.9869
3724.17 9.9871
3725.61 9.98729
3727.05 9.98748
3728.48 9.98767
3729.92 9.98787
3731.36 9.98806
3732.8 9.98825
3734.24 9.98844
3735.67 9.98863
3737.11 9.98883
3738.55 9.98902
3739.99 9.98921
3741.43 9.9894
3742.86 9.98959
3744.3 9.98978
3745.74 9.98998
3747.18 9.99017
3748.62 9.99036
3750.06 9.99055
3751.5 9.99074
3752.93 9.99093
3754.37 9.99112
3755.81 9.99131
3757.25 9.9915
3758.69 9.99169
3760.13 9.99188
3761.57 9.99207
3763 9.99227
3764.44 9.99246
3765.88 9.99265
3767.32 9.99284
3768.76 9.99303
3770.2 9.99322
3771.64 9.99341
3773.08 9.9936
3774.52 9.99378
3775.95 9.99397
3777.39 9.99416
3778.83 9.99435
3780.27 9.99454
3781.71 9.99473
3783.15 9.99492
3784.59 9.99511
3786.03 9.9953
3787.47 9.99549
3788.91 9.99568
3790.35 9.99587
3791.79 9.99606
3793.22 9.99624
3794.66 9.99643
3796.1 9.99662
3797.54 9.99681
3798.98 9.997
3800.42 9.99719
3801.86 9.99738
3803.3 9.99756
3804.74 9.99775
3806.18 9.99794
3807.62 9.99813
3809.06 9.99831
3810.5 9.9985
3811.94 9.99869
3813.38 9.99888
3814.82 9.99907
3816.26 9.99925
3817.7 9.99944
3819.14 9.99963
3820.58 9.99981
3822.02 10
3823.46 10.0002
3824.9 10.0004
3826.34 10.0006
3827.78 10.0007
3829.22 10.0009
3830.66 10.0011
3832.1 10.0013
3833.54 10.0015
3834.98 10.0017
3836.42 10.0019
3837.86 10.0021
3839.3 10.0022
3840.74 10.0024
3842.18 10.0026
3843.62 10.0028
3845.06 10.003
3846.5 10.0032
3847.94 10.0034
3849.38 10.0035
3850.82 10.0037
3852.26 10.0039
3853.71 10.0041
3855.15 10.0043
3856.59 10.0045
3858.03 10.0047
3859.47 10.0048
3860.91 10.005
3862.35 10.0052
3863.79 10.0054
3865.23 10.0056
3866.67 10.0058
3868.11 10.0059
3869.55 10.0061
3871 10.0063
3872.44 10.0065
3873.88 10.0067
3875.32 10.0069
3876.76 10.0071
3878.2 10.0072
3879.64 10.0074
3881.08 10.0076
3882.52 10.0078
3883.97 10.008
3885.41 10.0082
3886.85 10.0083
3888.29 10.0085
3889.73 10.0087
3891.17 10.0089
3892.61 10.0091
3894.06 10.0093
3895.5 10.0094
3896.94 10.0096
3898.38 10.0098
3899.82 10.01
3901.26 10.0102
3902.7 10.0104
3904.15 10.0105
3905.59 10.0107
3907.03 10.0109
3908.47 10.0111
3909.91 10.0113
3911.35 10.0115
3912.8 10.0116
3914.24 10.0118
3915.68 10.012
3917.12 10.0122
3918.56 10.0124
3920.01 10.0125
3921.45 10.0127
3922.89 10.0129
3924.33 10.0131
3925.77 10.0133
3927.22 10.0135
3928.66 10.0136
3930.1 10.0138
3931.54 10.014
3932.99 10.0142
3934.43 10.0144
3935.87 10.0145
3937.31 10.0147
3938.75 10.0149
3940.2 10.0151
3941.64 10.0153
3943.08 10.0154
3944.52 10.0156
3945.97 10.0158
3947.41 10.016
3948.85 10.0162
3950.29 10.0163
3951.74 10.0165
3953.18 10.0167
3954.62 10.0169
3956.07 10.0171
3957.51 10.0172
3958.95 10.0174
3960.39 10.0176
3961.84 10.0178
3963.28 10.018
3964.72 10.0181
3966.17 10.0183
3967.61 10.0185
3969.05 10.0187
3970.49 10.0189
3971.94 10.019
3973.38 10.0192
3974.82 10.0194
3976.27 10.0196
3977.71 10.0198
3979.15 10.0199
3980.6 10.0201
3982.04 10.0203
3983.48 10.0205
3984.93 10.0207
3986.37 10.0208
3987.81 10.021
3989.26 10.0212
3990.7 10.0214
3992.14 10.0215
3993.59 10.0217
3995.03 10.0219
3996.47 10.0221
3997.92 10.0223
3999.36 10.0224
4000.8 10.0226
4002.25 10.0228
4003.69 10.023
4005.13 10.0231
4006.58 10.0233
4008.02 10.0235
4009.47 10.0237
4010.91 10.0239
4012.35 10.024
4013.8 10.0242
4015.24 10.0244
4016.68 10.0246
4018.13 10.0247
4019.57 10.0249
4021.02 10.0251
4022.46 10.0253
4023.9 10.0255
4025.35 10.0256
4026.79 10.0258
4028.24 10.026
4029.68 10.0262
4031.13 10.0263
4032.57 10.0265
4034.01 10.0267
4035.46 10.0269
4036.9 10.027
4038.35 10.0272
4039.79 10.0274
4041.24 10.0276
4042.68 10.0277
4044.12 10.0279
4045.57 10.0281
4047.01 10.0283
4048.46 10.0284
4049.9 10.0286
4051.35 10.0288
4052.79 10.029
4054.24 10.0291
4055.68 10.0293
4057.13 10.0295
4058.57 10.0297
4060.01 10.0298
4061.46 10.03
4062.9 10.0302
4064.35 10.0304
4065.79 10.0305
4067.24 10.0307
4068.68 10.0309
4070.13 10.0311
4071.57 10.0312
4073.02 10.0314
4074.46 10.0316
4075.91 10.0318
4077.35 10.0319
4078.8 10.0321
4080.24 10.0323
4081.69 10.0325
4083.13 10.0326
4084.58 10.0328
4086.02 10.033
4087.47 10.0332
4088.92 10.0333
4090.36 10.0335
4091.81 10.0337
4093.25 10.0339
4094.7 10.034
4096.14 10.0342
4097.59 10.0344
4099.03 10.0345
4100.48 10.0347
4101.92 10.0349
4103.37 10.0351
4104.81 10.0352
4106.26 10.0354
4107.71 10.0356
4109.15 10.0358
4110.6 10.0359
4112.04 10.0361
4113.49 10.0363
4114.94 10.0364
4116.38 10.0366
4117.83 10.0368
4119.27 10.037
4120.72 10.0371
4122.16 10.0373
4123.61 10.0375
4125.06 10.0376
4126.5 10.0378
4127.95 10.038
4129.39 10.0382
4130.84 10.0383
4132.29 10.0385
4133.73 10.0387
4135.18 10.0389
4136.63 10.039
4138.07 10.0392
4139.52 10.0394
4140.96 10.0395
4142.41 10.0397
4143.86 10.0399
4145.3 10.04
4146.75 10.0402
4148.2 10.0404
4149.64 10.0406
4151.09 10.0407
4152.54 10.0409
4153.98 10.0411
4155.43 10.0412
4156.88 10.0414
4158.32 10.0416
4159.77 10.0418
4161.22 10.0419
4162.66 10.0421
4164.11 10.0423
4165.56 10.0424
4167 10.0426
4168.45 10.0428
4169.9 10.0429
4171.34 10.0431
4172.79 10.0433
4174.24 10.0435
4175.68 10.0436
4177.13 10.0438
4178.58 10.044
4180.02 10.0441
4181.47 10.0443
4182.92 10.0445
4184.37 10.0446
4185.81 10.0448
4187.26 10.045
4188.71 10.0451
4190.16 10.0453
4191.6 10.0455
4193.05 10.0457
4194.5 10.0458
4195.94 10.046
4197.39 10.0462
4198.84 10.0463
4200.29 10.0465
4201.73 10.0467
4203.18 10.0468
4204.63 10.047
4206.08 10.0472
4207.52 10.0473
4208.97 10.0475
4210.42 10.0477
4211.87 10.0478
4213.31 10.048
4214.76 10.0482
4216.21 10.0483
4217.66 10.0485
4219.11 10.0487
4220.55 10.0489
4222 10.049
4223.45 10.0492
4224.9 10.0494
4226.34 10.0495
4227.79 10.0497
4229.24 10.0499
4230.69 10.05
4232.14 10.0502
4233.58 10.0504
4235.03 10.0505
4236.48 10.0507
4237.93 10.0509
4239.38 10.051
4240.83 10.0512
4242.27 10.0514
4243.72 10.0515
4245.17 10.0517
4246.62 10.0519
4248.07 10.052
4249.51 10.0522
4250.96 10.0524
4252.41 10.0525
4253.86 10.0527
4255.31 10.0529
4256.76 10.053
4258.2 10.0532
4259.65 10.0534
4261.1 10.0535
4262.55 10.0537
4264 10.0538
4265.45 10.054
4266.9 10.0542
4268.35 10.0543
4269.79 10.0545
4271.24 10.0547
4272.69 10.0548
4274.14 10.055
4275.59 10.0552
4277.04 10.0553
4278.49 10.0555
4279.94 10.0557
4281.38 10.0558
4282.83 10.056
4284.28 10.0562
4285.73 10.0563
4287.18 10.0565
4288.63 10.0567
4290.08 10.0568
4291.53 10.057
4292.98 10.0572
4294.43 10.0573
4295.88 10.0575
4297.32 10.0576
4298.77 10.0578
4300.22 10.058
4301.67 10.0581
4303.12 10.0583
4304.57 10.0585
4306.02 10.0586
4307.47 10.0588
4308.92 10.059
4310.37 10.0591
4311.82 10.0593
4313.27 10.0594
4314.72 10.0596
4316.17 10.0598
4317.62 10.0599
4319.06 10.0601
4320.51 10.0603
4321.96 10.0604
4323.41 10.0606
4324.86 10.0608
4326.31 10.0609
4327.76 10.0611
4329.21 10.0612
4330.66 10.0614
4332.11 10.0616
4333.56 10.0617
4335.01 10.0619
4336.46 10.0621
4337.91 10.0622
4339.36 10.0624
4340.81 10.0625
4342.26 10.0627
4343.71 10.0629
4345.16 10.063
4346.61 10.0632
4348.06 10.0634
4349.51 10.0635
4350.96 10.0637
4352.41 10.0638
4353.86 10.064
4355.31 10.0642
4356.76 10.0643
4358.21 10.0645
4359.66 10.0647
4361.11 10.0648
4362.56 10.065
4364.01 10.0651
4365.46 10.0653
4366.92 10.0655
4368.37 10.0656
4369.82 10.0658
4371.27 10.0659
4372.72 10.0661
4374.17 10.0663
4375.62 10.0664
4377.07 10.0666
4378.52 10.0667
4379.97 10.0669
4381.42 10.0671
4382.87 10.0672
4384.32 10.0674
4385.77 10.0676
4387.23 10.0677
4388.68 10.0679
4390.13 10.068
4391.58 10.0682
4393.03 10.0684
4394.48 10.0685
4395.93 10.0687
4397.38 10.0688
4398.83 10.069
4400.28 10.0692
4401.73 10.0693
4403.19 10.0695
4404.64 10.0696
4406.09 10.0698
4407.54 10.07
4408.99 10.0701
4410.44 10.0703
4411.89 10.0704
4413.34 10.0706
4414.8 10.0708
4416.25 10.0709
4417.7 10.0711
4419.15 10.0712
4420.6 10.0714
4422.05 10.0715
4423.5 10.0717
4424.96 10.0719
4426.41 10.072
4427.86 10.0722
4429.31 10.0723
4430.76 10.0725
4432.21 10.0727
4433.67 10.0728
4435.12 10.073
4436.57 10.0731
4438.02 10.0733
4439.47 10.0735
4440.92 10.0736
4442.38 10.0738
4443.83 10.0739
4445.28 10.0741
4446.73 10.0742
4448.18 10.0744
4449.63 10.0746
4451.09 10.0747
4452.54 10.0749
4453.99 10.075
4455.44 10.0752
4456.89 10.0754
4458.35 10.0755
4459.8 10.0757
4461.25 10.0758
4462.7 10.076
4464.16 10.0761
4465.61 10.0763
4467.06 10.0765
4468.51 10.0766
4469.96 10.0768
4471.42 10.0769
4472.87 10.0771
4474.32 10.0772
4475.77 10.0774
4477.22 10.0776
4478.68 10.0777
4480.13 10.0779
4481.58 10.078
4483.04 10.0782
4484.49 10.0783
4485.94 10.0785
4487.39 10.0786
4488.85 10.0788
4490.3 10.079
4491.75 10.0791
4493.2 10.0793
4494.66 10.0794
4496.11 10.0796
4497.56 10.0797
4499.01 10.0799
4500.47 10.0801
4501.92 10.0802
4503.37 10.0804
4504.82 10.0805
4506.28 10.0807
4507.73 10.0808
4509.18 10.081
4510.64 10.0811
4512.09 10.0813
4513.54 10.0815
4515 10.0816
4516.45 10.0818
4517.9 10.0819
4519.36 10.0821
4520.81 10.0822
4522.26 10.0824
4523.72 10.0825
4525.17 10.0827
4526.62 10.0829
4528.07 10.083
4529.53 10.0832
4530.98 10.0833
4532.43 10.0835
4533.89 10.0836
4535.34 10.0838
4536.79 10.0839
4538.25 10.0841
4539.7 10.0842
4541.16 10.0844
4542.61 10.0846
4544.06 10.0847
4545.52 10.0849
4546.97 10.085
4548.42 10.0852
4549.88 10.0853
4551.33 10.0855
4552.78 10.0856
4554.24 10.0858
4555.69 10.0859
4557.15 10.0861
4558.6 10.0863
4560.05 10.0864
4561.51 10.0866
4562.96 10.0867
4564.41 10.0869
4565.87 10.087
4567.32 10.0872
4568.78 10.0873
4570.23 10.0875
4571.68 10.0876
4573.14 10.0878
4574.59 10.0879
4576.05 10.0881
4577.5 10.0883
4578.95 10.0884
4580.41 10.0886
4581.86 10.0887
4583.32 10.0889
4584.77 10.089
4586.23 10.0892
4587.68 10.0893
4589.13 10.0895
4590.59 10.0896
4592.04 10.0898
4593.5 10.0899
4594.95 10.0901
4596.41 10.0902
4597.86 10.0904
4599.31 10.0905
4600.77 10.0907
4602.22 10.0908
4603.68 10.091
4605.13 10.0912
4606.59 10.0913
4608.04 10.0915
4609.5 10.0916
4610.95 10.0918
4612.41 10.0919
4613.86 10.0921
4615.31 10.0922
4616.77 10.0924
4618.22 10.0925
4619.68 10.0927
4621.13 10.0928
4622.59 10.093
4624.04 10.0931
4625.5 10.0933
4626.95 10.0934
4628.41 10.0936
4629.86 10.0937
4631.32 10.0939
4632.77 10.094
4634.23 10.0942
4635.68 10.0943
4637.14 10.0945
4638.59 10.0946
4640.05 10.0948
4641.5 10.0949
4642.96 10.0951
4644.41 10.0952
4645.87 10.0954
4647.32 10.0955
4648.78 10.0957
4650.23 10.0958
4651.69 10.096
4653.15 10.0961
4654.6 10.0963
4656.06 10.0964
4657.51 10.0966
4658.97 10.0967
4660.42 10.0969
4661.88 10.097
4663.33 10.0972
4664.79 10.0973
4666.25 10.0975
4667.7 10.0976
4669.16 10.0978
4670.61 10.0979
4672.07 10.0981
4673.52 10.0982
4674.98 10.0984
4676.44 10.0985
4677.89 10.0987
4679.35 10.0988
4680.8 10.099
4682.26 10.0991
4683.71 10.0993
4685.17 10.0994
4686.63 10.0996
4688.08 10.0997
4689.54 10.0999
4690.99 10.1
4692.45 10.1002
4693.91 10.1003
4695.36 10.1005
4696.82 10.1006
4698.27 10.1008
4699.73 10.1009
4701.19 10.1011
4702.64 10.1012
4704.1 10.1014
4705.56 10.1015
4707.01 10.1017
4708.47 10.1018
4709.92 10.102
4711.38 10.1021
4712.84 10.1023
4714.29 10.1024
4715.75 10.1026
4717.21 10.1027
4718.66 10.1029
4720.12 10.103
4721.58 10.1032
4723.03 10.1033
4724.49 10.1035
4725.95 10.1036
4727.4 10.1037
4728.86 10.1039
4730.31 10.104
4731.77 10.1042
4733.23 10.1043
4734.68 10.1045
4736.14 10.1046
4737.6 10.1048
4739.05 10.1049
4740.51 10.1051
4741.97 10.1052
4743.43 10.1054
4744.88 10.1055
4746.34 10.1057
4747.8 10.1058
4749.25 10.106
4750.71 10.1061
4752.17 10.1063
4753.62 10.1064
4755.08 10.1065
4756.54 10.1067
4758 10.1068
4759.45 10.107
4760.91 10.1071
4762.37 10.1073
4763.82 10.1074
4765.28 10.1076
4766.74 10.1077
4768.19 10.1079
4769.65 10.108
4771.11 10.1082
4772.57 10.1083
4774.02 10.1085
4775.48 10.1086
4776.94 10.1087
4778.4 10.1089
4779.85 10.109
4781.31 10.1092
4782.77 10.1093
4784.23 10.1095
4785.68 10.1096
4787.14 10.1098
4788.6 10.1099
4790.06 10.1101
4791.51 10.1102
4792.97 10.1103
4794.43 10.1105
4795.89 10.1106
4797.34 10.1108
4798.8 10.1109
4800.26 10.1111
4801.72 10.1112
4803.18 10.1114
4804.63 10.1115
4806.09 10.1117
4807.55 10.1118
4809.01 10.1119
4810.47 10.1121
4811.92 10.1122
4813.38 10.1124
4814.84 10.1125
4816.3 10.1127
4817.76 10.1128
4819.21 10.113
4820.67 10.1131
4822.13 10.1132
4823.59 10.1134
4825.05 10.1135
4826.5 10.1137
4827.96 10.1138
4829.42 10.114
4830.88 10.1141
4832.34 10.1143
4833.79 10.1144
4835.25 10.1145
4836.71 10.1147
4838.17 10.1148
4839.63 10.115
4841.09 10.1151
4842.55 10.1153
4844 10.1154
4845.46 10.1156
4846.92 10.1157
4848.38 10.1158
4849.84 10.116
4851.3 10.1161
4852.76 10.1163
4854.21 10.1164
4855.67 10.1166
4857.13 10.1167
4858.59 10.1168
4860.05 10.117
4861.51 10.1171
4862.97 10.1173
4864.42 10.1174
4865.88 10.1176
4867.34 10.1177
4868.8 10.1178
4870.26 10.118
4871.72 10.1181
4873.18 10.1183
4874.64 10.1184
4876.1 10.1186
4877.56 10.1187
4879.01 10.1189
4880.47 10.119
4881.93 10.1191
4883.39 10.1193
4884.85 10.1194
4886.31 10.1196
4887.77 10.1197
4889.23 10.1198
4890.69 10.12
4892.15 10.1201
4893.6 10.1203
4895.06 10.1204
4896.52 10.1206
4897.98 10.1207
4899.44 10.1208
4900.9 10.121
4902.36 10.1211
4903.82 10.1213
4905.28 10.1214
4906.74 10.1216
4908.2 10.1217
4909.66 10.1218
4911.12 10.122
4912.58 10.1221
4914.04 10.1223
4915.5 10.1224
4916.96 10.1225
4918.42 10.1227
4919.87 10.1228
4921.33 10.123
4922.79 10.1231
4924.25 10.1233
4925.71 10.1234
4927.17 10.1235
4928.63 10.1237
4930.09 10.1238
4931.55 10.124
4933.01 10.1241
4934.47 10.1242
4935.93 10.1244
4937.39 10.1245
4938.85 10.1247
4940.31 10.1248
4941.77 10.1249
4943.23 10.1251
4944.69 10.1252
4946.15 10.1254
4947.61 10.1255
4949.07 10.1256
4950.53 10.1258
4951.99 10.1259
4953.45 10.1261
4954.91 10.1262
4956.37 10.1263
4957.83 10.1265
4959.29 10.1266
4960.75 10.1268
4962.21 10.1269
4963.67 10.127
4965.13 10.1272
4966.6 10.1273
4968.06 10.1275
4969.52 10.1276
4970.98 10.1277
4972.44 10.1279
4973.9 10.128
4975.36 10.1282
4976.82 10.1283
4978.28 10.1284
4979.74 10.1286
4981.2 10.1287
4982.66 10.1289
4984.12 10.129
4985.58 10.1291
4987.04 10.1293
4988.5 10.1294
4989.96 10.1296
4991.42 10.1297
4992.88 10.1298
4994.35 10.13
4995.81 10.1301
4997.27 10.1303
4998.73 10.1304
5000.19 10.1305
5001.65 10.1307
5003.11 10.1308
5004.57 10.131
5006.03 10.1311
5007.49 10.1312
5008.96 10.1314
5010.42 10.1315
5011.88 10.1316
5013.34 10.1318
5014.8 10.1319
5016.26 10.1321
5017.72 10.1322
5019.18 10.1323
5020.64 10.1325
5022.1 10.1326
5023.57 10.1328
5025.03 10.1329
5026.49 10.133
5027.95 10.1332
5029.41 10.1333
5030.87 10.1334
5032.33 10.1336
5033.8 10.1337
5035.26 10.1339
5036.72 10.134
5038.18 10.1341
5039.64 10.1343
5041.1 10.1344
5042.56 10.1345
5044.03 10.1347
5045.49 10.1348
5046.95 10.135
5048.41 10.1351
5049.87 10.1352
5051.33 10.1354
5052.79 10.1355
5054.26 10.1356
5055.72 10.1358
5057.18 10.1359
5058.64 10.1361
5060.1 10.1362
5061.57 10.1363
5063.03 10.1365
5064.49 10.1366
5065.95 10.1367
5067.41 10.1369
5068.88 10.137
5070.34 10.1372
5071.8 10.1373
5073.26 10.1374
5074.72 10.1376
5076.18 10.1377
5077.65 10.1378
5079.11 10.138
5080.57 10.1381
5082.03 10.1382
5083.49 10.1384
5084.96 10.1385
5086.42 10.1387
5087.88 10.1388
5089.34 10.1389
5090.81 10.1391
5092.27 10.1392
5093.73 10.1393
5095.19 10.1395
5096.66 10.1396
5098.12 10.1397
5099.58 10.1399
5101.04 10.14
5102.5 10.1402
5103.97 10.1403
5105.43 10.1404
5106.89 10.1406
5108.35 10.1407
5109.82 10.1408
5111.28 10.141
5112.74 10.1411
5114.2 10.1412
5115.67 10.1414
5117.13 10.1415
5118.59 10.1416
5120.05 10.1418
5121.52 10.1419
5122.98 10.142
5124.44 10.1422
5125.91 10.1423
5127.37 10.1425
5128.83 10.1426
5130.29 10.1427
5131.76 10.1429
5133.22 10.143
5134.68 10.1431
5136.15 10.1433
5137.61 10.1434
5139.07 10.1435
5140.53 10.1437
5142 10.1438
5143.46 10.1439
5144.92 10.1441
5146.39 10.1442
5147.85 10.1443
5149.31 10.1445
5150.77 10.1446
5152.24 10.1447
5153.7 10.1449
5155.17 10.145
5156.63 10.1451
5158.09 10.1453
5159.56 10.1454
5161.02 10.1455
5162.48 10.1457
5163.95 10.1458
5165.41 10.146
5166.87 10.1461
5168.34 10.1462
5169.8 10.1464
5171.26 10.1465
5172.73 10.1466
5174.19 10.1468
5175.65 10.1469
5177.12 10.147
5178.58 10.1472
5180.04 10.1473
5181.51 10.1474
5182.97 10.1476
5184.43 10.1477
5185.9 10.1478
5187.36 10.148
5188.82 10.1481
5190.29 10.1482
5191.75 10.1484
5193.22 10.1485
5194.68 10.1486
5196.14 10.1488
5197.61 10.1489
5199.07 10.149
5200.54 10.1492
5202 10.1493
5203.46 10.1494
5204.93 10.1496
5206.39 10.1497
5207.85 10.1498
5209.32 10.1499
5210.78 10.1501
5212.25 10.1502
5213.71 10.1503
5215.17 10.1505
5216.64 10.1506
5218.1 10.1507
5219.57 10.1509
5221.03 10.151
5222.49 10.1511
5223.96 10.1513
5225.42 10.1514
5226.89 10.1515
5228.35 10.1517
5229.82 10.1518
5231.28 10.1519
5232.75 10.1521
5234.21 10.1522
5235.67 10.1523
5237.14 10.1525
5238.6 10.1526
5240.07 10.1527
5241.53 10.1529
5243 10.153
5244.46 10.1531
5245.92 10.1533
5247.39 10.1534
5248.85 10.1535
5250.32 10.1536
5251.78 10.1538
5253.25 10.1539
5254.71 10.154
5256.18 10.1542
5257.64 10.1543
5259.11 10.1544
5260.57 10.1546
5262.04 10.1547
5263.5 10.1548
5264.97 10.155
5266.43 10.1551
5267.9 10.1552
5269.36 10.1554
5270.82 10.1555
5272.29 10.1556
5273.75 10.1557
5275.22 10.1559
5276.68 10.156
5278.15 10.1561
5279.61 10.1563
5281.08 10.1564
5282.54 10.1565
5284.01 10.1567
5285.47 10.1568
5286.94 10.1569
5288.4 10.1571
5289.87 10.1572
5291.33 10.1573
5292.8 10.1574
5294.26 10.1576
5295.73 10.1577
5297.2 10.1578
5298.66 10.158
5300.13 10.1581
5301.59 10.1582
5303.06 10.1584
5304.52 10.1585
5305.99 10.1586
5307.45 10.1587
5308.92 10.1589
5310.38 10.159
5311.85 10.1591
5313.31 10.1593
5314.78 10.1594
5316.24 10.1595
5317.71 10.1597
5319.18 10.1598
5320.64 10.1599
5322.11 10.16
5323.57 10.1602
5325.04 10.1603
5326.5 10.1604
5327.97 10.1606
5329.44 10.1607
5330.9 10.1608
5332.37 10.161
5333.83 10.1611
5335.3 10.1612
5336.76 10.1613
5338.23 10.1615
5339.7 10.1616
5341.16 10.1617
5342.63 10.1619
5344.09 10.162
5345.56 10.1621
5347.03 10.1622
5348.49 10.1624
5349.96 10.1625
5351.42 10.1626
5352.89 10.1628
5354.35 10.1629
5355.82 10.163
5357.29 10.1631
5358.75 10.1633
5360.22 10.1634
5361.69 10.1635
5363.15 10.1637
5364.62 10.1638
5366.08 10.1639
5367.55 10.164
5369.02 10.1642
5370.48 10.1643
5371.95 10.1644
5373.42 10.1646
5374.88 10.1647
5376.35 10.1648
5377.81 10.1649
5379.28 10.1651
5380.75 10.1652
5382.21 10.1653
5383.68 10.1655
5385.15 10.1656
5386.61 10.1657
5388.08 10.1658
5389.55 10.166
5391.01 10.1661
5392.48 10.1662
5393.95 10.1664
5395.41 10.1665
5396.88 10.1666
5398.35 10.1667
5399.81 10.1669
5401.28 10.167
5402.75 10.1671
5404.21 10.1672
5405.68 10.1674
5407.15 10.1675
5408.61 10.1676
5410.08 10.1678
5411.55 10.1679
5413.01 10.168
5414.48 10.1681
5415.95 10.1683
5417.41 10.1684
5418.88 10.1685
5420.35 10.1686
5421.81 10.1688
5423.28 10.1689
5424.75 10.169
5426.22 10.1692
5427.68 10.1693
5429.15 10.1694
5430.62 10.1695
5432.08 10.1697
5433.55 10.1698
5435.02 10.1699
5436.49 10.17
5437.95 10.1702
5439.42 10.1703
5440.89 10.1704
5442.36 10.1705
5443.82 10.1707
5445.29 10.1708
5446.76 10.1709
5448.23 10.1711
5449.69 10.1712
5451.16 10.1713
5452.63 10.1714
5454.09 10.1716
5455.56 10.1717
5457.03 10.1718
5458.5 10.1719
5459.96 10.1721
5461.43 10.1722
5462.9 10.1723
5464.37 10.1724
5465.83 10.1726
5467.3 10.1727
5468.77 10.1728
5470.24 10.1729
5471.71 10.1731
5473.17 10.1732
5474.64 10.1733
5476.11 10.1734
5477.58 10.1736
5479.04 10.1737
5480.51 10.1738
5481.98 10.1739
5483.45 10.1741
5484.92 10.1742
5486.38 10.1743
5487.85 10.1744
5489.32 10.1746
5490.79 10.1747
5492.25 10.1748
5493.72 10.1749
5495.19 10.1751
5496.66 10.1752
5498.13 10.1753
5499.59 10.1754
5501.06 10.1756
5502.53 10.1757
5504 10.1758
5505.47 10.1759
5506.94 10.1761
5508.4 10.1762
5509.87 10.1763
5511.34 10.1764
5512.81 10.1766
5514.28 10.1767
5515.74 10.1768
5517.21 10.1769
5518.68 10.1771
5520.15 10.1772
5521.62 10.1773
5523.09 10.1774
5524.55 10.1776
5526.02 10.1777
5527.49 10.1778
5528.96 10.1779
5530.43 10.1781
5531.9 10.1782
5533.36 10.1783
5534.83 10.1784
5536.3 10.1786
5537.77 10.1787
5539.24 10.1788
5540.71 10.1789
5542.18 10.1791
5543.65 10.1792
5545.11 10.1793
5546.58 10.1794
5548.05 10.1796
5549.52 10.1797
5550.99 10.1798
5552.46 10.1799
5553.93 10.18
5555.4 10.1802
5556.86 10.1803
5558.33 10.1804
5559.8 10.1805
5561.27 10.1807
5562.74 10.1808
5564.21 10.1809
5565.68 10.181
5567.15 10.1812
5568.61 10.1813
5570.08 10.1814
5571.55 10.1815
5573.02 10.1816
5574.49 10.1818
5575.96 10.1819
5577.43 10.182
5578.9 10.1821
5580.37 10.1823
5581.84 10.1824
5583.31 10.1825
5584.78 10.1826
5586.25 10.1828
5587.71 10.1829
5589.18 10.183
5590.65 10.1831
5592.12 10.1832
5593.59 10.1834
5595.06 10.1835
5596.53 10.1836
5598 10.1837
5599.47 10.1839
5600.94 10.184
5602.41 10.1841
5603.88 10.1842
5605.35 10.1844
5606.81 10.1845
5608.28 10.1846
5609.75 10.1847
5611.22 10.1848
5612.69 10.185
5614.16 10.1851
5615.63 10.1852
5617.1 10.1853
5618.57 10.1854
5620.04 10.1856
5621.51 10.1857
5622.98 10.1858
5624.45 10.1859
5625.92 10.1861
5627.39 10.1862
5628.86 10.1863
5630.33 10.1864
5631.8 10.1865
5633.27 10.1867
5634.74 10.1868
5636.21 10.1869
5637.68 10.187
5639.15 10.1872
5640.62 10.1873
5642.09 10.1874
5643.56 10.1875
5645.03 10.1876
5646.5 10.1878
5647.97 10.1879
5649.44 10.188
5650.91 10.1881
5652.38 10.1882
5653.85 10.1884
5655.32 10.1885
5656.79 10.1886
5658.26 10.1887
5659.73 10.1889
5661.2 10.189
5662.67 10.1891
5664.14 10.1892
5665.61 10.1893
5667.08 10.1895
5668.55 10.1896
5670.02 10.1897
5671.49 10.1898
5672.96 10.1899
5674.43 10.1901
5675.9 10.1902
5677.37 10.1903
5678.84 10.1904
5680.31 10.1905
5681.79 10.1907
5683.26 10.1908
5684.73 10.1909
5686.2 10.191
5687.67 10.1911
5689.14 10.1913
5690.61 10.1914
5692.08 10.1915
5693.55 10.1916
5695.02 10.1917
5696.49 10.1919
5697.96 10.192
5699.43 10.1921
5700.9 10.1922
5702.38 10.1923
5703.85 10.1925
5705.32 10.1926
5706.79 10.1927
5708.26 10.1928
5709.73 10.1929
5711.2 10.1931
5712.67 10.1932
5714.14 10.1933
5715.61 10.1934
5717.08 10.1936
5718.55 10.1937
5720.02 10.1938
5721.5 10.1939
5722.97 10.194
5724.44 10.1941
5725.91 10.1943
5727.38 10.1944
5728.85 10.1945
5730.32 10.1946
5731.79 10.1947
5733.27 10.1949
5734.74 10.195
5736.21 10.1951
5737.68 10.1952
5739.15 10.1953
5740.62 10.1955
5742.09 10.1956
5743.56 10.1957
5745.04 10.1958
5746.51 10.1959
5747.98 10.1961
5749.45 10.1962
5750.92 10.1963
5752.39 10.1964
5753.86 10.1965
5755.33 10.1967
5756.81 10.1968
5758.28 10.1969
5759.75 10.197
5761.22 10.1971
5762.69 10.1972
5764.16 10.1974
5765.64 10.1975
5767.11 10.1976
5768.58 10.1977
5770.05 10.1978
5771.52 10.198
5772.99 10.1981
5774.47 10.1982
5775.94 10.1983
5777.41 10.1984
5778.88 10.1985
5780.35 10.1987
5781.82 10.1988
5783.3 10.1989
5784.77 10.199
5786.24 10.1991
5787.71 10.1993
5789.18 10.1994
5790.65 10.1995
5792.13 10.1996
5793.6 10.1997
5795.07 10.1998
5796.54 10.2
5798.01 10.2001
5799.49 10.2002
5800.96 10.2003
5802.43 10.2004
5803.9 10.2006
5805.38 10.2007
5806.85 10.2008
5808.32 10.2009
5809.79 10.201
5811.26 10.2011
5812.74 10.2013
5814.21 10.2014
5815.68 10.2015
5817.15 10.2016
5818.63 10.2017
5820.1 10.2018
5821.57 10.202
5823.04 10.2021
5824.51 10.2022
5825.99 10.2023
5827.46 10.2024
5828.93 10.2025
5830.4 10.2027
5831.88 10.2028
5833.35 10.2029
5834.82 10.203
5836.29 10.2031
5837.77 10.2033
5839.24 10.2034
5840.71 10.2035
5842.18 10.2036
5843.66 10.2037
5845.13 10.2038
5846.6 10.204
5848.07 10.2041
5849.55 10.2042
5851.02 10.2043
5852.49 10.2044
5853.96 10.2045
5855.44 10.2047
5856.91 10.2048
5858.38 10.2049
5859.86 10.205
5861.33 10.2051
5862.8 10.2052
5864.27 10.2054
5865.75 10.2055
5867.22 10.2056
5868.69 10.2057
5870.16 10.2058
5871.64 10.2059
5873.11 10.206
5874.58 10.2062
5876.06 10.2063
5877.53 10.2064
5879 10.2065
5880.48 10.2066
5881.95 10.2067
5883.42 10.2069
5884.9 10.207
5886.37 10.2071
5887.84 10.2072
5889.32 10.2073
5890.79 10.2074
5892.26 10.2076
5893.73 10.2077
5895.21 10.2078
5896.68 10.2079
5898.15 10.208
5899.63 10.2081
5901.1 10.2083
5902.57 10.2084
5904.05 10.2085
5905.52 10.2086
5906.99 10.2087
5908.47 10.2088
5909.94 10.2089
5911.41 10.2091
5912.89 10.2092
5914.36 10.2093
5915.83 10.2094
5917.31 10.2095
5918.78 10.2096
5920.26 10.2098
5921.73 10.2099
5923.2 10.21
5924.68 10.2101
5926.15 10.2102
5927.62 10.2103
5929.1 10.2104
5930.57 10.2106
5932.04 10.2107
5933.52 10.2108
5934.99 10.2109
5936.47 10.211
5937.94 10.2111
5939.41 10.2112
5940.89 10.2114
5942.36 10.2115
5943.83 10.2116
5945.31 10.2117
5946.78 10.2118
5948.26 10.2119
5949.73 10.212
5951.2 10.2122
5952.68 10.2123
5954.15 10.2124
5955.63 10.2125
5957.1 10.2126
5958.57 10.2127
5960.05 10.2128
5961.52 10.213
5963 10.2131
5964.47 10.2132
5965.94 10.2133
5967.42 10.2134
5968.89 10.2135
5970.37 10.2137
5971.84 10.2138
5973.32 10.2139
5974.79 10.214
5976.26 10.2141
5977.74 10.2142
5979.21 10.2143
5980.69 10.2144
5982.16 10.2146
5983.63 10.2147
5985.11 10.2148
5986.58 10.2149
5988.06 10.215
5989.53 10.2151
5991.01 10.2152
5992.48 10.2154
5993.96 10.2155
5995.43 10.2156
5996.91 10.2157
5998.38 10.2158
5999.85 10.2159
6001.33 10.216
6002.8 10.2162
6004.28 10.2163
6005.75 10.2164
6007.23 10.2165
6008.7 10.2166
6010.18 10.2167
6011.65 10.2168
6013.13 10.2169
6014.6 10.2171
6016.08 10.2172
6017.55 10.2173
6019.02 10.2174
6020.5 10.2175
6021.97 10.2176
6023.45 10.2177
6024.92 10.2179
6026.4 10.218
6027.87 10.2181
6029.35 10.2182
6030.82 10.2183
6032.3 10.2184
6033.77 10.2185
6035.25 10.2186
6036.72 10.2188
6038.2 10.2189
6039.67 10.219
6041.15 10.2191
6042.62 10.2192
6044.1 10.2193
6045.57 10.2194
6047.05 10.2195
6048.52 10.2197
6050 10.2198
6051.47 10.2199
6052.95 10.22
6054.42 10.2201
6055.9 10.2202
6057.38 10.2203
6058.85 10.2204
6060.33 10.2206
6061.8 10.2207
6063.28 10.2208
6064.75 10.2209
6066.23 10.221
6067.7 10.2211
6069.18 10.2212
6070.65 10.2213
6072.13 10.2215
6073.6 10.2216
6075.08 10.2217
6076.56 10.2218
6078.03 10.2219
6079.51 10.222
6080.98 10.2221
6082.46 10.2222
6083.93 10.2223
6085.41 10.2225
6086.88 10.2226
6088.36 10.2227
6089.84 10.2228
6091.31 10.2229
6092.79 10.223
6094.26 10.2231
6095.74 10.2232
6097.21 10.2233
6098.69 10.2235
6100.16 10.2236
6101.64 10.2237
6103.12 10.2238
6104.59 10.2239
6106.07 10.224
6107.54 10.2241
6109.02 10.2242
6110.5 10.2244
6111.97 10.2245
6113.45 10.2246
6114.92 10.2247
6116.4 10.2248
6117.88 10.2249
6119.35 10.225
6120.83 10.2251
6122.3 10.2252
6123.78 10.2254
6125.26 10.2255
6126.73 10.2256
6128.21 10.2257
6129.68 10.2258
6131.16 10.2259
6132.64 10.226
6134.11 10.2261
6135.59 10.2262
6137.06 10.2263
6138.54 10.2265
6140.02 10.2266
6141.49 10.2267
6142.97 10.2268
6144.44 10.2269
6145.92 10.227
6147.4 10.2271
6148.87 10.2272
6150.35 10.2273
6151.83 10.2275
6153.3 10.2276
6154.78 10.2277
6156.26 10.2278
6157.73 10.2279
6159.21 10.228
6160.69 10.2281
6162.16 10.2282
6163.64 10.2283
6165.12 10.2284
6166.59 10.2286
6168.07 10.2287
6169.55 10.2288
6171.02 10.2289
6172.5 10.229
6173.98 10.2291
6175.45 10.2292
6176.93 10.2293
6178.41 10.2294
6179.88 10.2295
6181.36 10.2297
6182.83 10.2298
6184.31 10.2299
6185.79 10.23
6187.26 10.2301
6188.74 10.2302
6190.22 10.2303
6191.7 10.2304
6193.17 10.2305
6194.65 10.2306
6196.13 10.2308
6197.6 10.2309
6199.08 10.231
6200.56 10.2311
6202.04 10.2312
6203.51 10.2313
6204.99 10.2314
6206.47 10.2315
6207.94 10.2316
6209.42 10.2317
6210.9 10.2318
6212.37 10.232
6213.85 10.2321
6215.33 10.2322
6216.81 10.2323
6218.28 10.2324
6219.76 10.2325
6221.24 10.2326
6222.71 10.2327
6224.19 10.2328
6225.67 10.2329
6227.15 10.233
6228.62 10.2332
6230.1 10.2333
6231.58 10.2334
6233.05 10.2335
6234.53 10.2336
6236.01 10.2337
6237.49 10.2338
6238.96 10.2339
6240.44 10.234
6241.92 10.2341
6243.4 10.2342
6244.88 10.2344
6246.35 10.2345
6247.83 10.2346
6249.31 10.2347
6250.79 10.2348
6252.26 10.2349
6253.74 10.235
6255.22 10.2351
6256.7 10.2352
6258.17 10.2353
6259.65 10.2354
6261.13 10.2355
6262.61 10.2357
6264.08 10.2358
6265.56 10.2359
6267.04 10.236
6268.52 10.2361
6269.99 10.2362
6271.47 10.2363
6272.95 10.2364
6274.43 10.2365
6275.91 10.2366
6277.38 10.2367
6278.86 10.2368
6280.34 10.2369
6281.82 10.2371
6283.3 10.2372
6284.77 10.2373
6286.25 10.2374
6287.73 10.2375
6289.21 10.2376
6290.69 10.2377
6292.16 10.2378
6293.64 10.2379
6295.12 10.238
6296.6 10.2381
6298.08 10.2382
6299.55 10.2383
6301.03 10.2385
6302.51 10.2386
6303.99 10.2387
6305.47 10.2388
6306.94 10.2389
6308.42 10.239
6309.9 10.2391
6311.38 10.2392
6312.86 10.2393
6314.33 10.2394
6315.81 10.2395
6317.29 10.2396
6318.77 10.2397
6320.25 10.2399
6321.73 10.24
6323.21 10.2401
6324.68 10.2402
6326.16 10.2403
6327.64 10.2404
6329.12 10.2405
6330.6 10.2406
6332.08 10.2407
6333.56 10.2408
6335.03 10.2409
6336.51 10.241
6337.99 10.2411
6339.47 10.2412
6340.95 10.2413
6342.43 10.2415
6343.91 10.2416
6345.38 10.2417
6346.86 10.2418
6348.34 10.2419
6349.82 10.242
6351.3 10.2421
6352.78 10.2422
6354.25 10.2423
6355.73 10.2424
6357.21 10.2425
6358.69 10.2426
6360.17 10.2427
6361.65 10.2428
6363.13 10.243
6364.61 10.2431
6366.09 10.2432
6367.57 10.2433
6369.04 10.2434
6370.52 10.2435
6372 10.2436
6373.48 10.2437
6374.96 10.2438
6376.44 10.2439
6377.92 10.244
6379.4 10.2441
6380.88 10.2442
6382.36 10.2443
6383.83 10.2444
6385.31 10.2445
6386.79 10.2446
6388.27 10.2448
6389.75 10.2449
6391.23 10.245
6392.71 10.2451
6394.19 10.2452
6395.67 10.2453
6397.15 10.2454
6398.63 10.2455
6400.1 10.2456
6401.58 10.2457
6403.06 10.2458
6404.54 10.2459
6406.02 10.246
6407.5 10.2461
6408.98 10.2462
6410.46 10.2463
6411.94 10.2464
6413.42 10.2466
6414.9 10.2467
6416.38 10.2468
6417.86 10.2469
6419.34 10.247
6420.82 10.2471
6422.3 10.2472
6423.78 10.2473
6425.26 10.2474
6426.74 10.2475
6428.22 10.2476
6429.69 10.2477
6431.17 10.2478
6432.65 10.2479
6434.13 10.248
6435.61 10.2481
6437.09 10.2482
6438.57 10.2483
6440.05 10.2484
6441.53 10.2485
6443.01 10.2486
6444.49 10.2488
6445.97 10.2489
6447.45 10.249
6448.93 10.2491
6450.41 10.2492
6451.89 10.2493
6453.37 10.2494
6454.85 10.2495
6456.33 10.2496
6457.81 10.2497
6459.29 10.2498
6460.77 10.2499
6462.25 10.25
6463.73 10.2501
6465.21 10.2502
6466.69 10.2503
6468.17 10.2504
6469.65 10.2505
6471.13 10.2506
6472.61 10.2507
6474.09 10.2508
6475.57 10.251
6477.05 10.2511
6478.53 10.2512
6480.01 10.2513
6481.49 10.2514
6482.97 10.2515
6484.45 10.2516
6485.93 10.2517
6487.41 10.2518
6488.89 10.2519
6490.37 10.252
6491.85 10.2521
6493.33 10.2522
6494.81 10.2523
6496.29 10.2524
6497.78 10.2525
6499.26 10.2526
6500.74 10.2527
6502.22 10.2528
6503.7 10.2529
6505.18 10.253
6506.66 10.2531
6508.14 10.2532
6509.62 10.2533
6511.1 10.2534
6512.58 10.2536
6514.06 10.2537
6515.54 10.2538
6517.02 10.2539
6518.5 10.254
6519.98 10.2541
6521.46 10.2542
6522.94 10.2543
6524.42 10.2544
6525.9 10.2545
6527.39 10.2546
6528.87 10.2547
6530.35 10.2548
6531.83 10.2549
6533.31 10.255
6534.79 10.2551
6536.27 10.2552
6537.75 10.2553
6539.23 10.2554
6540.71 10.2555
6542.19 10.2556
6543.68 10.2557
6545.16 10.2558
6546.64 10.2559
6548.12 10.256
6549.6 10.2561
6551.08 10.2562
6552.56 10.2563
6554.04 10.2564
6555.52 10.2565
6557 10.2566
6558.49 10.2568
6559.97 10.2569
6561.45 10.257
6562.93 10.2571
6564.41 10.2572
6565.89 10.2573
6567.37 10.2574
6568.85 10.2575
6570.33 10.2576
6571.81 10.2577
6573.3 10.2578
6574.78 10.2579
6576.26 10.258
6577.74 10.2581
6579.22 10.2582
6580.7 10.2583
6582.18 10.2584
6583.67 10.2585
6585.15 10.2586
6586.63 10.2587
6588.11 10.2588
6589.59 10.2589
6591.07 10.259
6592.55 10.2591
6594.04 10.2592
6595.52 10.2593
6597 10.2594
6598.48 10.2595
6599.96 10.2596
6601.44 10.2597
6602.92 10.2598
6604.41 10.2599
6605.89 10.26
6607.37 10.2601
6608.85 10.2602
6610.33 10.2603
6611.81 10.2604
6613.29 10.2605
6614.78 10.2606
6616.26 10.2607
6617.74 10.2608
6619.22 10.2609
6620.7 10.261
6622.19 10.2612
6623.67 10.2613
6625.15 10.2614
6626.63 10.2615
6628.11 10.2616
6629.6 10.2617
6631.08 10.2618
6632.56 10.2619
6634.04 10.262
6635.52 10.2621
6637.01 10.2622
6638.49 10.2623
6639.97 10.2624
6641.45 10.2625
6642.93 10.2626
6644.42 10.2627
6645.9 10.2628
6647.38 10.2629
6648.86 10.263
6650.34 10.2631
6651.82 10.2632
6653.31 10.2633
6654.79 10.2634
6656.27 10.2635
6657.75 10.2636
6659.23 10.2637
6660.72 10.2638
6662.2 10.2639
6663.68 10.264
6665.16 10.2641
6666.65 10.2642
6668.13 10.2643
6669.61 10.2644
6671.09 10.2645
6672.58 10.2646
6674.06 10.2647
6675.54 10.2648
6677.02 10.2649
6678.51 10.265
6679.99 10.2651
6681.47 10.2652
6682.95 10.2653
6684.44 10.2654
6685.92 10.2655
6687.4 10.2656
6688.88 10.2657
6690.37 10.2658
6691.85 10.2659
6693.33 10.266
6694.81 10.2661
6696.29 10.2662
6697.78 10.2663
6699.26 10.2664
6700.74 10.2665
6702.22 10.2666
6703.71 10.2667
6705.19 10.2668
6706.67 10.2669
6708.16 10.267
6709.64 10.2671
6711.12 10.2672
6712.6 10.2673
6714.09 10.2674
6715.57 10.2675
6717.05 10.2676
6718.54 10.2677
6720.02 10.2678
6721.5 10.2679
6722.98 10.268
6724.47 10.2681
6725.95 10.2682
6727.43 10.2683
6728.92 10.2684
6730.4 10.2685
6731.88 10.2686
6733.37 10.2687
6734.85 10.2688
6736.33 10.2689
6737.81 10.269
6739.3 10.2691
6740.78 10.2692
6742.26 10.2693
6743.75 10.2694
6745.23 10.2695
6746.71 10.2696
6748.19 10.2697
6749.68 10.2698
6751.16 10.2699
6752.64 10.27
6754.13 10.2701
6755.61 10.2702
6757.09 10.2703
6758.58 10.2704
6760.06 10.2705
6761.54 10.2706
6763.03 10.2707
6764.51 10.2708
6765.99 10.2709
6767.48 10.271
6768.96 10.2711
6770.44 10.2712
6771.93 10.2713
6773.41 10.2714
6774.9 10.2715
6776.38 10.2716
6777.86 10.2717
6779.35 10.2718
6780.83 10.2719
6782.31 10.272
6783.8 10.2721
6785.28 10.2722
6786.76 10.2723
6788.25 10.2724
6789.73 10.2725
6791.21 10.2726
6792.7 10.2727
6794.18 10.2728
6795.66 10.2729
6797.15 10.273
6798.63 10.2731
6800.11 10.2732
6801.6 10.2733
6803.08 10.2734
6804.57 10.2735
6806.05 10.2736
6807.53 10.2737
6809.02 10.2738
6810.5 10.2739
6811.99 10.274
6813.47 10.2741
6814.95 10.2742
6816.44 10.2743
6817.92 10.2744
6819.41 10.2745
6820.89 10.2746
6822.37 10.2747
6823.86 10.2748
6825.34 10.2749
6826.82 10.275
6828.31 10.2751
6829.79 10.2752
6831.28 10.2753
6832.76 10.2753
6834.24 10.2754
6835.73 10.2755
6837.21 10.2756
6838.7 10.2757
6840.18 10.2758
6841.66 10.2759
6843.15 10.276
6844.63 10.2761
6846.12 10.2762
6847.6 10.2763
6849.09 10.2764
6850.57 10.2765
6852.05 10.2766
6853.54 10.2767
6855.02 10.2768
6856.51 10.2769
6857.99 10.277
6859.48 10.2771
6860.96 10.2772
6862.45 10.2773
6863.93 10.2774
6865.41 10.2775
6866.9 10.2776
6868.38 10.2777
6869.87 10.2778
6871.35 10.2779
6872.84 10.278
6874.32 10.2781
6875.8 10.2782
6877.29 10.2783
6878.77 10.2784
6880.26 10.2785
6881.74 10.2786
6883.23 10.2787
6884.71 10.2788
6886.2 10.2789
6887.68 10.279
6889.17 10.2791
6890.65 10.2792
6892.13 10.2793
6893.62 10.2794
6895.1 10.2795
6896.59 10.2796
6898.07 10.2797
6899.56 10.2797
6901.04 10.2798
6902.53 10.2799
6904.01 10.28
