0 0
0.0309018 0.0951056
0.062746 0.190214
0.0955237 0.285328
0.129226 0.380451
0.163843 0.475585
0.199367 0.570735
0.235787 0.665901
0.273094 0.761089
0.311278 0.856301
0.350328 0.95154
0.390235 1.04681
0.430987 1.14211
0.472574 1.23746
0.514985 1.33284
0.558208 1.42827
0.602232 1.52374
0.647044 1.61927
0.692633 1.71485
0.738985 1.81049
0.786087 1.90619
0.833927 2.00196
0.88249 2.0978
0.931762 2.19372
0.981728 2.28971
1.03237 2.38578
1.08368 2.48194
1.13564 2.57819
1.18822 2.67453
1.24142 2.77097
1.29522 2.8675
1.34959 2.96415
1.40452 3.0609
1.45998 3.15776
1.51596 3.25473
1.57244 3.35183
1.62938 3.44905
1.68678 3.54639
1.7446 3.64386
1.80282 3.74146
1.86141 3.83919
1.92034 3.93706
1.97959 4.03506
2.03912 4.1332
2.09891 4.23149
2.15892 4.32991
2.21911 4.42847
2.27945 4.52717
2.33991 4.62601
2.40043 4.72499
2.46099 4.8241
2.52153 4.92334
2.58202 5.02271
2.64239 5.12219
2.70262 5.22178
2.76263 5.32148
2.82238 5.42127
2.88181 5.52113
2.94085 5.62106
2.99946 5.72103
3.05755 5.82102
3.11507 5.92102
3.17194 6.02099
3.22808 6.12091
3.28343 6.22074
3.33789 6.32044
3.3914 6.41997
3.44386 6.51928
3.49518 6.61831
3.54528 6.71701
3.59408 6.81531
3.64147 6.91313
3.68737 7.01039
3.73168 7.10701
3.77433 7.20288
3.81522 7.29791
3.85427 7.39198
3.89141 7.48497
3.92656 7.57675
3.95967 7.6672
3.99068 7.75616
4.01955 7.84351
4.04625 7.92908
4.07076 8.01275
4.0931 8.09436
4.11326 8.17377
4.1313 8.25085
4.14724 8.32548
4.16116 8.39754
4.17313 8.46693
4.18324 8.53357
4.19159 8.59739
4.1983 8.65836
4.20347 8.71643
4.20723 8.7716
4.20971 8.82389
4.21101 8.87331
4.21127 8.91992
4.2106 8.96378
4.20911 9.00496
4.2069 9.04354
4.20408 9.07962
4.20072 9.1133
4.1969 9.14469
4.19271 9.1739
4.1882 9.20103
4.18343 9.2262
4.17845 9.24953
4.1733 9.27111
4.16803 9.29107
4.16265 9.3095
4.1572 9.3265
4.1517 9.34216
4.14617 9.35659
4.14062 9.36987
4.13506 9.38207
4.12952 9.39328
4.12398 9.40358
4.11846 9.41302
4.11297 9.42168
4.1075 9.42961
4.10206 9.43687
4.09665 9.44352
4.09127 9.4496
4.08592 9.45516
4.0806 9.46023
4.07531 9.46486
4.07005 9.46909
4.06481 9.47295
4.05961 9.47647
4.05442 9.47967
4.04926 9.48258
4.04412 9.48524
4.039 9.48765
4.0339 9.48985
4.02882 9.49184
4.02376 9.49365
4.01871 9.4953
4.01367 9.49679
4.00865 9.49814
4.00364 9.49936
3.99864 9.50047
3.99365 9.50148
3.98867 9.50239
3.98369 9.50321
3.97873 9.50396
3.97377 9.50463
3.96882 9.50523
3.96387 9.50578
3.95893 9.50627
3.95399 9.50672
3.94906 9.50712
3.94413 9.50748
3.93921 9.5078
3.93429 9.5081
3.92937 9.50836
3.92445 9.50859
3.91954 9.50881
3.91463 9.509
3.90972 9.50917
3.90481 9.50932
3.8999 9.50946
3.895 9.50958
3.89009 9.50969
3.88519 9.50978
3.88029 9.50987
3.87539 9.50995
3.87049 9.51002
3.86559 9.51008
3.86069 9.51014
3.85579 9.51019
3.85089 9.51023
3.84599 9.51027
3.8411 9.5103
3.8362 9.51033
3.8313 9.51036
3.82641 9.51038
3.82151 9.51041
3.81661 9.51042
3.81172 9.51044
3.80682 9.51046
3.80193 9.51047
3.79703 9.51048
3.79214 9.51049
3.78724 9.5105
3.78235 9.51051
3.77745 9.51051
3.77256 9.51052
3.76766 9.51053
3.76277 9.51053
3.75787 9.51053
3.75298 9.51054
3.74808 9.51054
3.74319 9.51054
3.73829 9.51055
3.7334 9.51055
3.72851 9.51055
3.72361 9.51055
3.71872 9.51055
3.71382 9.51055
3.70893 9.51056
3.70403 9.51056
3.69914 9.51056
3.69424 9.51056
3.68935 9.51056
3.68445 9.51056
3.67956 9.51056
3.67467 9.51056
3.66977 9.51056
3.66488 9.51056
3.65998 9.51056
3.65509 9.51056
3.65019 9.51056
3.6453 9.51056
3.6404 9.51056
3.63551 9.51056
3.63062 9.51056
3.62572 9.51056
3.62083 9.51056
3.61593 9.51056
3.61104 9.51056
3.60614 9.51056
3.60125 9.51056
3.59635 9.51056
3.59146 9.51056
3.58657 9.51056
3.58167 9.51056
3.57678 9.51056
3.57188 9.51056
3.56699 9.51056
3.56209 9.51056
3.5572 9.51056
3.5523 9.51056
3.54741 9.51056
3.54251 9.51056
3.53762 9.51056
3.53273 9.51056
3.52783 9.51056
3.52294 9.51056
3.51804 9.51056
3.51315 9.51056
3.50825 9.51056
3.50336 9.51056
3.49846 9.51056
3.49357 9.51056
3.48868 9.51056
3.48378 9.51056
3.47889 9.51056
3.47399 9.51056
3.4691 9.51056
3.4642 9.51056
3.45931 9.51056
3.45441 9.51056
3.44952 9.51056
3.44462 9.51056
3.43973 9.51056
3.43484 9.51056
3.42994 9.51056
3.42505 9.51056
3.42015 9.51056
3.41526 9.51056
3.41036 9.51056
3.40547 9.51056
3.40057 9.51056
3.39568 9.51056
3.39079 9.51056
3.38589 9.51056
3.381 9.51056
3.3761 9.51056
3.37121 9.51056
3.36631 9.51056
3.36142 9.51056
3.35652 9.51056
3.35163 9.51056
3.34673 9.51056
3.34184 9.51056
3.33695 9.51056
3.33205 9.51056
3.32716 9.51056
3.32226 9.51056
3.31737 9.51056
3.31247 9.51056
3.30758 9.51056
3.30268 9.51056
3.29779 9.51056
3.2929 9.51056
3.288 9.51056
3.28311 9.51056
3.27821 9.51056
3.27332 9.51056
3.26842 9.51056
3.26353 9.51056
3.25863 9.51056
3.25374 9.51056
3.24884 9.51056
3.24395 9.51056
3.23906 9.51056
3.23416 9.51056
3.22927 9.51056
3.22437 9.51056
3.21948 9.51056
3.21458 9.51056
3.20969 9.51056
3.20479 9.51056
3.1999 9.51056
3.19501 9.51056
3.19011 9.51056
3.18522 9.51056
3.18032 9.51056
3.17543 9.51056
3.17053 9.51056
3.16564 9.51056
3.16074 9.51056
3.15585 9.51056
3.15095 9.51056
3.14606 9.51056
3.14117 9.51056
3.13627 9.51056
