0 0
0.0309018 0.0951056
0.156036 0.19049
0.374767 0.28642
0.686652 0.383123
1.09139 0.48076
1.58873 0.579376
2.17837 0.678847
2.85986 0.778813
3.6324 0.878616
4.49477 0.977288
5.44518 1.07361
6.48114 1.16625
7.59945 1.25401
8.79623 1.33601
10.067 1.41178
11.4068 1.48123
12.8107 1.54462
14.2737 1.60235
15.791 1.65496
17.3582 1.70296
18.9713 1.74688
20.6267 1.78719
22.321 1.8243
24.0514 1.85859
25.8152 1.89038
27.61 1.91996
29.4338 1.94755
31.2848 1.97338
33.1611 1.99761
35.0614 2.02043
36.9842 2.04194
38.9282 2.06229
40.8924 2.08158
42.8756 2.09989
44.877 2.11731
46.8957 2.13392
48.9309 2.14977
50.9819 2.16493
53.0478 2.17945
55.1283 2.19337
57.2225 2.20675
59.3301 2.2196
61.4505 2.23198
63.5832 2.2439
65.7277 2.25541
67.8838 2.26652
70.0509 2.27726
72.2287 2.28765
74.4168 2.29771
76.615 2.30746
78.8229 2.31692
81.0403 2.3261
83.2668 2.33501
85.5022 2.34367
87.7462 2.3521
89.9986 2.3603
92.2592 2.36828
94.5278 2.37606
96.8042 2.38365
99.0881 2.39104
101.379 2.39826
103.678 2.40531
105.983 2.41219
108.296 2.41891
110.615 2.42549
112.941 2.43192
115.273 2.43821
117.611 2.44437
119.956 2.4504
122.306 2.45631
124.663 2.46209
127.025 2.46777
129.393 2.47333
131.766 2.47879
134.145 2.48414
136.53 2.4894
138.919 2.49455
141.314 2.49962
143.714 2.5046
146.118 2.50948
148.528 2.51429
150.942 2.51901
153.361 2.52366
155.785 2.52823
158.214 2.53272
160.646 2.53714
163.084 2.54149
165.525 2.54578
167.971 2.54999
170.421 2.55415
172.875 2.55824
175.334 2.56227
177.796 2.56624
180.262 2.57016
182.733 2.57401
185.207 2.57782
187.685 2.58157
190.166 2.58527
192.652 2.58892
195.141 2.59252
197.633 2.59607
200.129 2.59957
202.629 2.60303
205.132 2.60645
207.638 2.60982
210.148 2.61315
212.662 2.61644
215.178 2.61969
217.698 2.62289
220.221 2.62606
222.747 2.62919
225.276 2.63229
227.808 2.63535
230.344 2.63837
232.882 2.64136
235.424 2.64431
237.968 2.64723
240.515 2.65012
243.065 2.65298
245.618 2.6558
248.174 2.6586
250.733 2.66136
253.294 2.6641
255.858 2.6668
258.425 2.66948
260.995 2.67213
263.567 2.67475
266.142 2.67735
268.719 2.67992
271.299 2.68247
273.882 2.68499
276.467 2.68748
279.054 2.68995
281.644 2.6924
284.237 2.69482
286.831 2.69722
289.429 2.6996
292.028 2.70196
294.63 2.70429
297.235 2.7066
299.841 2.7089
302.45 2.71117
305.061 2.71342
307.675 2.71565
310.29 2.71786
312.908 2.72005
315.528 2.72222
318.151 2.72437
320.775 2.72651
323.402 2.72863
326.03 2.73073
328.661 2.73281
331.294 2.73487
333.929 2.73692
336.566 2.73895
339.205 2.74096
341.846 2.74296
344.489 2.74494
347.134 2.74691
349.78 2.74886
352.429 2.75079
355.08 2.75271
357.733 2.75461
360.388 2.7565
363.044 2.75838
365.702 2.76024
368.363 2.76209
371.025 2.76392
373.689 2.76574
376.355 2.76755
379.022 2.76934
381.691 2.77112
384.363 2.77289
387.035 2.77464
389.71 2.77638
392.387 2.77811
395.065 2.77983
397.745 2.78153
400.426 2.78323
403.109 2.78491
405.794 2.78658
408.481 2.78824
411.169 2.78988
413.859 2.79152
416.55 2.79314
419.244 2.79476
421.938 2.79636
424.635 2.79795
427.333 2.79953
430.032 2.8011
432.733 2.80266
435.436 2.80422
438.14 2.80576
440.846 2.80729
443.553 2.80881
446.262 2.81032
448.973 2.81182
451.684 2.81332
454.398 2.8148
457.112 2.81627
459.829 2.81774
462.547 2.8192
465.266 2.82064
467.986 2.82208
470.708 2.82351
473.432 2.82493
476.157 2.82635
478.883 2.82775
481.611 2.82915
484.34 2.83053
487.071 2.83191
489.803 2.83329
492.536 2.83465
495.271 2.836
498.007 2.83735
500.744 2.83869
503.483 2.84003
506.223 2.84135
508.964 2.84267
511.707 2.84398
514.451 2.84528
517.196 2.84658
519.943 2.84787
522.69 2.84915
525.44 2.85043
528.19 2.85169
530.942 2.85296
533.695 2.85421
536.449 2.85546
539.204 2.8567
541.961 2.85793
544.719 2.85916
547.478 2.86038
550.239 2.8616
553 2.86281
555.763 2.86401
558.527 2.8652
561.292 2.86639
564.059 2.86758
566.826 2.86876
569.595 2.86993
572.365 2.8711
575.136 2.87226
577.908 2.87341
580.682 2.87456
583.456 2.8757
586.232 2.87684
589.009 2.87797
591.787 2.8791
594.566 2.88022
597.346 2.88133
600.128 2.88244
602.91 2.88355
605.694 2.88465
608.478 2.88574
611.264 2.88683
614.051 2.88792
616.839 2.889
619.628 2.89007
622.418 2.89114
625.209 2.8922
628.001 2.89326
630.794 2.89431
633.589 2.89536
636.384 2.89641
639.181 2.89745
641.978 2.89848
644.776 2.89951
647.576 2.90054
650.376 2.90156
653.178 2.90258
655.981 2.90359
658.784 2.90459
661.589 2.9056
664.394 2.9066
667.201 2.90759
670.009 2.90858
672.817 2.90957
675.627 2.91055
678.437 2.91152
681.249 2.9125
684.061 2.91347
686.875 2.91443
689.689 2.91539
692.505 2.91635
695.321 2.9173
698.138 2.91825
700.957 2.91919
703.776 2.92013
706.596 2.92107
709.417 2.922
712.239 2.92293
715.062 2.92386
717.886 2.92478
720.711 2.9257
723.536 2.92661
726.363 2.92752
729.19 2.92843
732.019 2.92933
734.848 2.93023
737.678 2.93112
740.509 2.93202
743.341 2.9329
746.174 2.93379
749.008 2.93467
751.843 2.93555
754.678 2.93642
757.515 2.9373
760.352 2.93816
763.19 2.93903
766.029 2.93989
768.869 2.94075
771.71 2.9416
774.552 2.94245
777.394 2.9433
780.237 2.94415
783.082 2.94499
785.927 2.94583
788.772 2.94666
791.619 2.94749
794.467 2.94832
797.315 2.94915
800.164 2.94997
803.014 2.95079
805.865 2.95161
808.716 2.95242
811.569 2.95323
814.422 2.95404
817.276 2.95485
820.131 2.95565
822.987 2.95645
825.843 2.95725
828.7 2.95804
831.558 2.95883
834.417 2.95962
837.277 2.9604
840.137 2.96119
842.998 2.96197
845.86 2.96274
848.723 2.96352
851.587 2.96429
854.451 2.96506
857.316 2.96582
860.182 2.96659
863.048 2.96735
865.916 2.96811
868.784 2.96886
871.653 2.96961
874.522 2.97036
877.393 2.97111
880.264 2.97186
883.136 2.9726
886.008 2.97334
888.882 2.97408
891.756 2.97481
894.631 2.97555
897.506 2.97628
900.382 2.97701
903.259 2.97773
906.137 2.97846
909.016 2.97918
911.895 2.97989
914.775 2.98061
917.655 2.98132
920.537 2.98204
923.419 2.98275
926.301 2.98345
929.185 2.98416
932.069 2.98486
934.954 2.98556
937.839 2.98626
940.726 2.98695
943.613 2.98765
946.5 2.98834
949.389 2.98903
952.278 2.98971
955.167 2.9904
958.058 2.99108
960.949 2.99176
963.841 2.99244
966.733 2.99312
969.626 2.99379
972.52 2.99446
975.415 2.99513
978.31 2.9958
981.206 2.99647
984.102 2.99713
986.999 2.99779
989.897 2.99845
992.795 2.99911
995.694 2.99977
998.594 3.00042
1001.49 3.00107
1004.4 3.00172
1007.3 3.00237
1010.2 3.00302
1013.1 3.00366
1016.01 3.0043
1018.91 3.00494
1021.82 3.00558
1024.72 3.00622
1027.63 3.00685
1030.53 3.00749
1033.44 3.00812
1036.35 3.00875
1039.26 3.00937
1042.17 3.01
1045.08 3.01062
1047.99 3.01125
1050.9 3.01187
1053.81 3.01248
1056.72 3.0131
1059.64 3.01372
1062.55 3.01433
1065.47 3.01494
1068.38 3.01555
1071.3 3.01616
1074.21 3.01676
1077.13 3.01737
1080.05 3.01797
1082.96 3.01857
1085.88 3.01917
1088.8 3.01977
1091.72 3.02037
1094.64 3.02096
1097.56 3.02155
1100.48 3.02215
1103.41 3.02273
1106.33 3.02332
1109.25 3.02391
1112.18 3.02449
1115.1 3.02508
1118.03 3.02566
1120.95 3.02624
1123.88 3.02682
1126.81 3.02739
1129.73 3.02797
1132.66 3.02854
1135.59 3.02912
1138.52 3.02969
1141.45 3.03026
1144.38 3.03082
1147.31 3.03139
1150.24 3.03195
1153.17 3.03252
1156.1 3.03308
1159.04 3.03364
1161.97 3.0342
1164.91 3.03476
1167.84 3.03531
1170.78 3.03587
1173.71 3.03642
1176.65 3.03697
1179.59 3.03752
1182.52 3.03807
1185.46 3.03862
1188.4 3.03916
1191.34 3.03971
1194.28 3.04025
1197.22 3.04079
1200.16 3.04133
1203.1 3.04187
1206.04 3.04241
1208.98 3.04295
1211.93 3.04348
1214.87 3.04402
1217.82 3.04455
1220.76 3.04508
1223.71 3.04561
1226.65 3.04614
1229.6 3.04666
1232.54 3.04719
1235.49 3.04771
1238.44 3.04824
1241.39 3.04876
1244.34 3.04928
1247.28 3.0498
1250.23 3.05032
1253.18 3.05083
1256.14 3.05135
1259.09 3.05186
1262.04 3.05238
1264.99 3.05289
1267.94 3.0534
1270.9 3.05391
1273.85 3.05442
1276.81 3.05492
1279.76 3.05543
1282.72 3.05593
1285.67 3.05644
1288.63 3.05694
1291.59 3.05744
1294.54 3.05794
1297.5 3.05844
1300.46 3.05893
1303.42 3.05943
1306.38 3.05993
1309.34 3.06042
1312.3 3.06091
1315.26 3.0614
1318.22 3.06189
1321.18 3.06238
1324.14 3.06287
1327.11 3.06336
1330.07 3.06384
1333.03 3.06433
1336 3.06481
1338.96 3.06529
1341.93 3.06578
1344.9 3.06626
1347.86 3.06674
1350.83 3.06721
1353.8 3.06769
1356.76 3.06817
1359.73 3.06864
1362.7 3.06911
1365.67 3.06959
1368.64 3.07006
1371.61 3.07053
1374.58 3.071
1377.55 3.07147
1380.52 3.07194
1383.49 3.0724
1386.47 3.07287
1389.44 3.07333
1392.41 3.07379
1395.39 3.07426
1398.36 3.07472
1401.34 3.07518
1404.31 3.07564
1407.29 3.0761
1410.26 3.07655
1413.24 3.07701
1416.22 3.07746
1419.19 3.07792
1422.17 3.07837
1425.15 3.07882
1428.13 3.07928
1431.11 3.07973
1434.09 3.08018
1437.07 3.08062
1440.05 3.08107
1443.03 3.08152
1446.01 3.08196
1448.99 3.08241
1451.97 3.08285
1454.96 3.08329
1457.94 3.08374
1460.92 3.08418
1463.91 3.08462
1466.89 3.08506
1469.88 3.08549
1472.86 3.08593
1475.85 3.08637
1478.84 3.0868
1481.82 3.08724
1484.81 3.08767
1487.8 3.0881
1490.79 3.08854
1493.77 3.08897
1496.76 3.0894
1499.75 3.08982
1502.74 3.09025
1505.73 3.09068
1508.72 3.09111
1511.72 3.09153
1514.71 3.09196
1517.7 3.09238
1520.69 3.0928
1523.68 3.09323
1526.68 3.09365
1529.67 3.09407
1532.66 3.09449
1535.66 3.0949
1538.65 3.09532
1541.65 3.09574
1544.65 3.09616
1547.64 3.09657
1550.64 3.09699
1553.64 3.0974
1556.63 3.09781
1559.63 3.09822
1562.63 3.09863
1565.63 3.09905
1568.63 3.09945
1571.63 3.09986
1574.63 3.10027
1577.63 3.10068
1580.63 3.10108
1583.63 3.10149
1586.63 3.10189
1589.63 3.1023
1592.63 3.1027
1595.64 3.1031
1598.64 3.10351
1601.64 3.10391
1604.65 3.10431
1607.65 3.10471
1610.66 3.1051
1613.66 3.1055
1616.67 3.1059
1619.67 3.10629
1622.68 3.10669
1625.69 3.10708
1628.69 3.10748
1631.7 3.10787
1634.71 3.10826
1637.72 3.10866
1640.72 3.10905
1643.73 3.10944
1646.74 3.10983
1649.75 3.11021
1652.76 3.1106
1655.77 3.11099
1658.78 3.11138
1661.8 3.11176
1664.81 3.11215
1667.82 3.11253
1670.83 3.11292
1673.85 3.1133
1676.86 3.11368
1679.87 3.11406
1682.89 3.11444
1685.9 3.11482
1688.92 3.1152
1691.93 3.11558
1694.95 3.11596
1697.96 3.11634
1700.98 3.11671
1704 3.11709
1707.01 3.11746
1710.03 3.11784
1713.05 3.11821
1716.07 3.11858
1719.08 3.11896
1722.1 3.11933
1725.12 3.1197
1728.14 3.12007
1731.16 3.12044
1734.18 3.12081
1737.2 3.12118
1740.22 3.12155
1743.25 3.12191
1746.27 3.12228
1749.29 3.12265
1752.31 3.12301
1755.34 3.12337
1758.36 3.12374
1761.38 3.1241
1764.41 3.12446
1767.43 3.12483
1770.46 3.12519
1773.48 3.12555
1776.51 3.12591
1779.53 3.12627
1782.56 3.12663
1785.59 3.12698
1788.61 3.12734
1791.64 3.1277
1794.67 3.12806
1797.7 3.12841
1800.72 3.12877
1803.75 3.12912
1806.78 3.12947
1809.81 3.12983
1812.84 3.13018
1815.87 3.13053
1818.9 3.13088
1821.93 3.13123
1824.96 3.13158
1828 3.13193
1831.03 3.13228
1834.06 3.13263
1837.09 3.13298
1840.13 3.13333
1843.16 3.13367
1846.19 3.13402
1849.23 3.13436
1852.26 3.13471
1855.3 3.13505
1858.33 3.1354
1861.37 3.13574
1864.4 3.13608
1867.44 3.13642
1870.47 3.13677
1873.51 3.13711
1876.55 3.13745
1879.59 3.13779
1882.62 3.13812
1885.66 3.13846
1888.7 3.1388
1891.74 3.13914
1894.78 3.13948
1897.82 3.13981
1900.86 3.14015
1903.9 3.14048
1906.94 3.14082
1909.98 3.14115
1913.02 3.14148
1916.06 3.14182
1919.1 3.14215
1922.15 3.14248
1925.19 3.14281
1928.23 3.14314
1931.27 3.14347
1934.32 3.1438
1937.36 3.14413
1940.41 3.14446
1943.45 3.14479
1946.5 3.14512
1949.54 3.14544
1952.59 3.14577
1955.63 3.1461
1958.68 3.14642
1961.72 3.14675
1964.77 3.14707
1967.82 3.14739
1970.87 3.14772
1973.91 3.14804
1976.96 3.14836
1980.01 3.14869
1983.06 3.14901
1986.11 3.14933
1989.16 3.14965
1992.21 3.14997
1995.26 3.15029
1998.31 3.15061
2001.36 3.15092
2004.41 3.15124
2007.46 3.15156
2010.51 3.15188
2013.56 3.15219
2016.61 3.15251
2019.67 3.15282
2022.72 3.15314
2025.77 3.15345
2028.83 3.15377
2031.88 3.15408
2034.93 3.15439
2037.99 3.1547
2041.04 3.15502
2044.1 3.15533
2047.15 3.15564
2050.21 3.15595
2053.27 3.15626
2056.32 3.15657
2059.38 3.15688
2062.44 3.15719
2065.49 3.15749
2068.55 3.1578
2071.61 3.15811
2074.67 3.15841
2077.72 3.15872
2080.78 3.15903
2083.84 3.15933
2086.9 3.15964
2089.96 3.15994
2093.02 3.16024
2096.08 3.16055
2099.14 3.16085
2102.2 3.16115
2105.26 3.16146
2108.32 3.16176
2111.39 3.16206
2114.45 3.16236
2117.51 3.16266
2120.57 3.16296
2123.64 3.16326
2126.7 3.16356
2129.76 3.16386
2132.83 3.16415
2135.89 3.16445
2138.96 3.16475
2142.02 3.16504
2145.09 3.16534
2148.15 3.16564
2151.22 3.16593
2154.28 3.16623
2157.35 3.16652
2160.42 3.16682
2163.48 3.16711
2166.55 3.1674
2169.62 3.16769
2172.68 3.16799
2175.75 3.16828
2178.82 3.16857
2181.89 3.16886
2184.96 3.16915
2188.03 3.16944
2191.1 3.16973
2194.17 3.17002
2197.24 3.17031
2200.31 3.1706
2203.38 3.17089
2206.45 3.17118
2209.52 3.17146
2212.59 3.17175
2215.66 3.17204
2218.73 3.17232
2221.81 3.17261
2224.88 3.17289
2227.95 3.17318
2231.03 3.17346
2234.1 3.17375
2237.17 3.17403
2240.25 3.17431
2243.32 3.1746
2246.4 3.17488
2249.47 3.17516
2252.55 3.17544
2255.62 3.17572
2258.7 3.176
2261.77 3.17628
2264.85 3.17656
2267.93 3.17684
2271 3.17712
2274.08 3.1774
2277.16 3.17768
2280.23 3.17796
2283.31 3.17824
2286.39 3.17851
2289.47 3.17879
2292.55 3.17907
2295.63 3.17934
2298.71 3.17962
2301.79 3.17989
2304.87 3.18017
2307.95 3.18044
2311.03 3.18072
2314.11 3.18099
2317.19 3.18127
2320.27 3.18154
2323.35 3.18181
2326.43 3.18208
2329.52 3.18236
2332.6 3.18263
2335.68 3.1829
2338.76 3.18317
2341.85 3.18344
2344.93 3.18371
2348.01 3.18398
2351.1 3.18425
2354.18 3.18452
2357.27 3.18479
2360.35 3.18506
2363.44 3.18532
2366.52 3.18559
2369.61 3.18586
2372.69 3.18613
2375.78 3.18639
2378.87 3.18666
2381.95 3.18692
2385.04 3.18719
2388.13 3.18745
2391.21 3.18772
2394.3 3.18798
2397.39 3.18825
2400.48 3.18851
2403.57 3.18878
2406.65 3.18904
2409.74 3.1893
2412.83 3.18956
2415.92 3.18983
2419.01 3.19009
2422.1 3.19035
2425.19 3.19061
2428.28 3.19087
2431.37 3.19113
2434.47 3.19139
2437.56 3.19165
2440.65 3.19191
2443.74 3.19217
2446.83 3.19243
2449.93 3.19268
2453.02 3.19294
2456.11 3.1932
2459.2 3.19346
2462.3 3.19371
2465.39 3.19397
2468.49 3.19423
2471.58 3.19448
2474.67 3.19474
2477.77 3.19499
2480.86 3.19525
2483.96 3.1955
2487.05 3.19576
2490.15 3.19601
2493.25 3.19626
2496.34 3.19652
2499.44 3.19677
2502.54 3.19702
2505.63 3.19728
2508.73 3.19753
2511.83 3.19778
2514.92 3.19803
2518.02 3.19828
2521.12 3.19853
2524.22 3.19878
2527.32 3.19903
2530.42 3.19928
2533.52 3.19953
2536.62 3.19978
2539.72 3.20003
2542.82 3.20028
2545.92 3.20053
2549.02 3.20077
2552.12 3.20102
2555.22 3.20127
2558.32 3.20152
2561.42 3.20176
2564.52 3.20201
2567.63 3.20225
2570.73 3.2025
2573.83 3.20274
2576.93 3.20299
2580.04 3.20323
2583.14 3.20348
2586.24 3.20372
2589.35 3.20397
2592.45 3.20421
2595.56 3.20445
2598.66 3.2047
2601.77 3.20494
2604.87 3.20518
2607.98 3.20542
2611.08 3.20567
2614.19 3.20591
2617.29 3.20615
2620.4 3.20639
2623.51 3.20663
2626.61 3.20687
2629.72 3.20711
2632.83 3.20735
2635.93 3.20759
2639.04 3.20783
2642.15 3.20807
2645.26 3.20831
2648.37 3.20854
2651.47 3.20878
2654.58 3.20902
2657.69 3.20926
2660.8 3.20949
2663.91 3.20973
2667.02 3.20997
2670.13 3.2102
2673.24 3.21044
2676.35 3.21068
2679.46 3.21091
2682.57 3.21115
2685.68 3.21138
2688.79 3.21161
2691.91 3.21185
2695.02 3.21208
2698.13 3.21232
2701.24 3.21255
2704.35 3.21278
2707.47 3.21302
2710.58 3.21325
2713.69 3.21348
2716.81 3.21371
2719.92 3.21394
2723.04 3.21418
2726.15 3.21441
2729.26 3.21464
2732.38 3.21487
2735.49 3.2151
2738.61 3.21533
2741.72 3.21556
2744.84 3.21579
2747.96 3.21602
2751.07 3.21625
2754.19 3.21648
2757.3 3.21671
2760.42 3.21693
2763.54 3.21716
2766.65 3.21739
2769.77 3.21762
2772.89 3.21784
2776.01 3.21807
2779.13 3.2183
2782.24 3.21852
2785.36 3.21875
2788.48 3.21898
2791.6 3.2192
2794.72 3.21943
2797.84 3.21965
2800.96 3.21988
2804.08 3.2201
2807.2 3.22033
2810.32 3.22055
2813.44 3.22077
2816.56 3.221
2819.68 3.22122
2822.8 3.22144
2825.92 3.22167
2829.05 3.22189
2832.17 3.22211
2835.29 3.22233
2838.41 3.22255
2841.53 3.22278
2844.66 3.223
2847.78 3.22322
2850.9 3.22344
2854.03 3.22366
2857.15 3.22388
2860.27 3.2241
2863.4 3.22432
2866.52 3.22454
2869.65 3.22476
2872.77 3.22498
2875.9 3.2252
2879.02 3.22541
2882.15 3.22563
2885.27 3.22585
2888.4 3.22607
2891.53 3.22629
2894.65 3.2265
2897.78 3.22672
2900.9 3.22694
2904.03 3.22715
2907.16 3.22737
2910.29 3.22759
2913.41 3.2278
2916.54 3.22802
2919.67 3.22823
2922.8 3.22845
2925.93 3.22866
2929.05 3.22888
2932.18 3.22909
2935.31 3.22931
2938.44 3.22952
2941.57 3.22973
2944.7 3.22995
2947.83 3.23016
2950.96 3.23037
2954.09 3.23059
2957.22 3.2308
2960.35 3.23101
2963.48 3.23122
2966.62 3.23144
2969.75 3.23165
2972.88 3.23186
2976.01 3.23207
2979.14 3.23228
2982.27 3.23249
2985.41 3.2327
2988.54 3.23291
2991.67 3.23312
2994.81 3.23333
2997.94 3.23354
3001.07 3.23375
3004.21 3.23396
3007.34 3.23417
3010.48 3.23438
3013.61 3.23459
3016.74 3.2348
3019.88 3.235
3023.01 3.23521
3026.15 3.23542
3029.28 3.23563
3032.42 3.23583
3035.56 3.23604
3038.69 3.23625
3041.83 3.23645
3044.96 3.23666
3048.1 3.23687
3051.24 3.23707
3054.38 3.23728
3057.51 3.23748
3060.65 3.23769
3063.79 3.23789
3066.93 3.2381
3070.06 3.2383
3073.2 3.23851
3076.34 3.23871
3079.48 3.23891
3082.62 3.23912
3085.76 3.23932
3088.9 3.23952
3092.04 3.23973
3095.18 3.23993
3098.32 3.24013
3101.46 3.24034
3104.6 3.24054
3107.74 3.24074
3110.88 3.24094
3114.02 3.24114
3117.16 3.24134
3120.3 3.24155
3123.44 3.24175
3126.58 3.24195
3129.73 3.24215
3132.87 3.24235
3136.01 3.24255
3139.15 3.24275
3142.3 3.24295
3145.44 3.24315
3148.58 3.24335
3151.73 3.24355
3154.87 3.24374
3158.01 3.24394
3161.16 3.24414
3164.3 3.24434
3167.44 3.24454
3170.59 3.24474
3173.73 3.24493
3176.88 3.24513
3180.02 3.24533
3183.17 3.24552
3186.31 3.24572
3189.46 3.24592
3192.61 3.24611
3195.75 3.24631
3198.9 3.24651
3202.05 3.2467
3205.19 3.2469
3208.34 3.24709
3211.49 3.24729
3214.63 3.24748
3217.78 3.24768
3220.93 3.24787
3224.08 3.24807
3227.22 3.24826
3230.37 3.24846
3233.52 3.24865
3236.67 3.24884
3239.82 3.24904
3242.97 3.24923
3246.12 3.24942
3249.27 3.24962
3252.42 3.24981
3255.57 3.25
3258.72 3.25019
3261.87 3.25039
3265.02 3.25058
3268.17 3.25077
3271.32 3.25096
3274.47 3.25115
3277.62 3.25134
3280.77 3.25153
3283.92 3.25172
3287.07 3.25191
3290.23 3.25211
3293.38 3.2523
3296.53 3.25249
3299.68 3.25268
3302.84 3.25287
3305.99 3.25305
3309.14 3.25324
3312.29 3.25343
3315.45 3.25362
3318.6 3.25381
3321.76 3.254
3324.91 3.25419
3328.06 3.25438
3331.22 3.25456
3334.37 3.25475
3337.53 3.25494
3340.68 3.25513
3343.84 3.25531
3346.99 3.2555
3350.15 3.25569
3353.3 3.25587
3356.46 3.25606
3359.62 3.25625
3362.77 3.25643
3365.93 3.25662
3369.09 3.25681
3372.24 3.25699
3375.4 3.25718
3378.56 3.25736
3381.71 3.25755
3384.87 3.25773
3388.03 3.25792
3391.19 3.2581
3394.35 3.25829
3397.5 3.25847
3400.66 3.25865
3403.82 3.25884
3406.98 3.25902
3410.14 3.2592
3413.3 3.25939
3416.46 3.25957
3419.62 3.25975
3422.78 3.25994
3425.94 3.26012
3429.1 3.2603
3432.26 3.26048
3435.42 3.26067
3438.58 3.26085
3441.74 3.26103
3444.9 3.26121
3448.06 3.26139
3451.22 3.26157
3454.38 3.26175
3457.55 3.26194
3460.71 3.26212
3463.87 3.2623
3467.03 3.26248
3470.19 3.26266
3473.36 3.26284
3476.52 3.26302
3479.68 3.2632
3482.85 3.26338
3486.01 3.26356
3489.17 3.26374
3492.34 3.26391
3495.5 3.26409
3498.67 3.26427
3501.83 3.26445
3504.99 3.26463
3508.16 3.26481
3511.32 3.26499
3514.49 3.26516
3517.65 3.26534
3520.82 3.26552
3523.98 3.2657
3527.15 3.26587
3530.32 3.26605
3533.48 3.26623
3536.65 3.2664
3539.81 3.26658
3542.98 3.26676
3546.15 3.26693
3549.31 3.26711
3552.48 3.26728
3555.65 3.26746
3558.82 3.26764
3561.98 3.26781
3565.15 3.26799
3568.32 3.26816
3571.49 3.26834
3574.66 3.26851
3577.83 3.26869
3580.99 3.26886
3584.16 3.26903
3587.33 3.26921
3590.5 3.26938
3593.67 3.26956
3596.84 3.26973
3600.01 3.2699
3603.18 3.27008
3606.35 3.27025
3609.52 3.27042
3612.69 3.2706
3615.86 3.27077
3619.03 3.27094
3622.2 3.27111
3625.37 3.27129
3628.55 3.27146
3631.72 3.27163
3634.89 3.2718
3638.06 3.27197
3641.23 3.27214
3644.4 3.27232
3647.58 3.27249
3650.75 3.27266
3653.92 3.27283
3657.09 3.273
3660.27 3.27317
3663.44 3.27334
3666.61 3.27351
3669.79 3.27368
3672.96 3.27385
3676.14 3.27402
3679.31 3.27419
3682.48 3.27436
3685.66 3.27453
3688.83 3.2747
3692.01 3.27487
3695.18 3.27504
3698.36 3.27521
3701.53 3.27537
3704.71 3.27554
3707.88 3.27571
3711.06 3.27588
3714.23 3.27605
3717.41 3.27621
3720.59 3.27638
3723.76 3.27655
3726.94 3.27672
3730.12 3.27688
3733.29 3.27705
3736.47 3.27722
3739.65 3.27739
3742.82 3.27755
3746 3.27772
3749.18 3.27788
3752.36 3.27805
3755.54 3.27822
3758.71 3.27838
3761.89 3.27855
3765.07 3.27871
3768.25 3.27888
3771.43 3.27905
3774.61 3.27921
3777.79 3.27938
3780.97 3.27954
3784.15 3.27971
3787.33 3.27987
3790.51 3.28003
3793.69 3.2802
3796.87 3.28036
3800.05 3.28053
3803.23 3.28069
3806.41 3.28085
3809.59 3.28102
3812.77 3.28118
3815.95 3.28135
3819.13 3.28151
3822.31 3.28167
3825.49 3.28183
3828.68 3.282
3831.86 3.28216
3835.04 3.28232
3838.22 3.28249
3841.41 3.28265
3844.59 3.28281
3847.77 3.28297
3850.95 3.28313
3854.14 3.28329
3857.32 3.28346
3860.5 3.28362
3863.69 3.28378
3866.87 3.28394
3870.05 3.2841
3873.24 3.28426
3876.42 3.28442
3879.61 3.28458
3882.79 3.28474
3885.98 3.2849
3889.16 3.28506
3892.35 3.28522
3895.53 3.28538
3898.72 3.28554
3901.9 3.2857
3905.09 3.28586
3908.27 3.28602
3911.46 3.28618
3914.65 3.28634
3917.83 3.2865
3921.02 3.28666
3924.21 3.28682
3927.39 3.28698
3930.58 3.28714
3933.77 3.28729
3936.95 3.28745
3940.14 3.28761
3943.33 3.28777
3946.52 3.28793
3949.71 3.28808
3952.89 3.28824
3956.08 3.2884
3959.27 3.28856
3962.46 3.28871
3965.65 3.28887
3968.84 3.28903
3972.03 3.28918
3975.21 3.28934
3978.4 3.2895
3981.59 3.28965
3984.78 3.28981
3987.97 3.28996
3991.16 3.29012
3994.35 3.29028
3997.54 3.29043
4000.73 3.29059
4003.92 3.29074
4007.11 3.2909
4010.31 3.29105
4013.5 3.29121
4016.69 3.29136
4019.88 3.29152
4023.07 3.29167
4026.26 3.29183
4029.45 3.29198
4032.65 3.29214
4035.84 3.29229
4039.03 3.29245
4042.22 3.2926
4045.42 3.29275
4048.61 3.29291
4051.8 3.29306
4054.99 3.29321
4058.19 3.29337
4061.38 3.29352
4064.57 3.29367
4067.77 3.29383
4070.96 3.29398
4074.16 3.29413
4077.35 3.29428
4080.54 3.29444
4083.74 3.29459
4086.93 3.29474
4090.13 3.29489
4093.32 3.29505
4096.52 3.2952
4099.71 3.29535
4102.91 3.2955
4106.1 3.29565
4109.3 3.2958
4112.5 3.29595
4115.69 3.29611
4118.89 3.29626
4122.08 3.29641
4125.28 3.29656
4128.48 3.29671
4131.67 3.29686
4134.87 3.29701
4138.07 3.29716
4141.26 3.29731
4144.46 3.29746
4147.66 3.29761
4150.86 3.29776
4154.05 3.29791
4157.25 3.29806
4160.45 3.29821
4163.65 3.29836
4166.85 3.29851
4170.05 3.29866
4173.24 3.2988
4176.44 3.29895
4179.64 3.2991
4182.84 3.29925
4186.04 3.2994
4189.24 3.29955
4192.44 3.2997
4195.64 3.29984
4198.84 3.29999
4202.04 3.30014
4205.24 3.30029
4208.44 3.30044
4211.64 3.30058
4214.84 3.30073
4218.04 3.30088
4221.24 3.30102
4224.44 3.30117
4227.64 3.30132
4230.85 3.30147
4234.05 3.30161
4237.25 3.30176
4240.45 3.30191
4243.65 3.30205
4246.85 3.3022
4250.06 3.30234
4253.26 3.30249
4256.46 3.30264
4259.66 3.30278
4262.87 3.30293
4266.07 3.30307
4269.27 3.30322
4272.48 3.30336
4275.68 3.30351
4278.88 3.30366
4282.09 3.3038
4285.29 3.30395
4288.49 3.30409
4291.7 3.30423
4294.9 3.30438
4298.11 3.30452
4301.31 3.30467
4304.52 3.30481
4307.72 3.30496
4310.93 3.3051
4314.13 3.30524
4317.34 3.30539
4320.54 3.30553
4323.75 3.30568
4326.95 3.30582
4330.16 3.30596
4333.36 3.30611
4336.57 3.30625
4339.78 3.30639
4342.98 3.30654
4346.19 3.30668
4349.4 3.30682
4352.6 3.30696
4355.81 3.30711
4359.02 3.30725
4362.22 3.30739
4365.43 3.30753
4368.64 3.30767
4371.85 3.30782
4375.06 3.30796
4378.26 3.3081
4381.47 3.30824
4384.68 3.30838
4387.89 3.30853
4391.1 3.30867
4394.3 3.30881
4397.51 3.30895
4400.72 3.30909
4403.93 3.30923
4407.14 3.30937
4410.35 3.30951
4413.56 3.30965
4416.77 3.30979
4419.98 3.30993
4423.19 3.31007
4426.4 3.31021
4429.61 3.31035
4432.82 3.31049
4436.03 3.31063
4439.24 3.31077
4442.45 3.31091
4445.66 3.31105
4448.87 3.31119
4452.09 3.31133
4455.3 3.31147
4458.51 3.31161
4461.72 3.31175
4464.93 3.31189
4468.14 3.31203
4471.36 3.31217
4474.57 3.3123
4477.78 3.31244
4480.99 3.31258
4484.21 3.31272
4487.42 3.31286
4490.63 3.313
4493.84 3.31313
4497.06 3.31327
4500.27 3.31341
4503.48 3.31355
4506.7 3.31368
4509.91 3.31382
4513.12 3.31396
4516.34 3.3141
4519.55 3.31423
4522.77 3.31437
4525.98 3.31451
4529.2 3.31465
4532.41 3.31478
4535.63 3.31492
4538.84 3.31506
4542.05 3.31519
4545.27 3.31533
4548.49 3.31546
4551.7 3.3156
4554.92 3.31574
4558.13 3.31587
4561.35 3.31601
4564.56 3.31614
4567.78 3.31628
4571 3.31642
4574.21 3.31655
4577.43 3.31669
4580.65 3.31682
4583.86 3.31696
4587.08 3.31709
4590.3 3.31723
4593.51 3.31736
4596.73 3.3175
4599.95 3.31763
4603.17 3.31777
4606.38 3.3179
4609.6 3.31804
4612.82 3.31817
4616.04 3.3183
4619.26 3.31844
4622.48 3.31857
4625.69 3.31871
4628.91 3.31884
4632.13 3.31897
4635.35 3.31911
4638.57 3.31924
4641.79 3.31937
4645.01 3.31951
4648.23 3.31964
4651.45 3.31977
4654.67 3.31991
4657.89 3.32004
4661.11 3.32017
4664.33 3.32031
4667.55 3.32044
4670.77 3.32057
4673.99 3.3207
4677.21 3.32084
4680.43 3.32097
4683.65 3.3211
4686.87 3.32123
4690.09 3.32136
4693.31 3.3215
4696.54 3.32163
4699.76 3.32176
4702.98 3.32189
4706.2 3.32202
4709.42 3.32216
4712.65 3.32229
4715.87 3.32242
4719.09 3.32255
4722.31 3.32268
4725.54 3.32281
4728.76 3.32294
4731.98 3.32307
4735.2 3.3232
4738.43 3.32333
4741.65 3.32347
4744.87 3.3236
4748.1 3.32373
4751.32 3.32386
4754.55 3.32399
4757.77 3.32412
4760.99 3.32425
4764.22 3.32438
4767.44 3.32451
4770.67 3.32464
4773.89 3.32477
4777.12 3.3249
4780.34 3.32502
4783.57 3.32515
4786.79 3.32528
4790.02 3.32541
4793.24 3.32554
4796.47 3.32567
4799.69 3.3258
4802.92 3.32593
4806.15 3.32606
4809.37 3.32619
4812.6 3.32631
4815.82 3.32644
4819.05 3.32657
4822.28 3.3267
4825.5 3.32683
4828.73 3.32696
4831.96 3.32708
4835.18 3.32721
4838.41 3.32734
4841.64 3.32747
4844.87 3.3276
4848.09 3.32772
4851.32 3.32785
4854.55 3.32798
4857.78 3.32811
4861.01 3.32823
4864.23 3.32836
4867.46 3.32849
4870.69 3.32861
4873.92 3.32874
4877.15 3.32887
4880.38 3.32899
4883.61 3.32912
4886.83 3.32925
4890.06 3.32937
4893.29 3.3295
4896.52 3.32963
4899.75 3.32975
4902.98 3.32988
4906.21 3.33001
4909.44 3.33013
4912.67 3.33026
4915.9 3.33038
4919.13 3.33051
4922.36 3.33063
4925.59 3.33076
4928.82 3.33089
4932.06 3.33101
4935.29 3.33114
4938.52 3.33126
4941.75 3.33139
4944.98 3.33151
4948.21 3.33164
4951.44 3.33176
4954.68 3.33189
4957.91 3.33201
4961.14 3.33214
4964.37 3.33226
4967.6 3.33238
4970.84 3.33251
4974.07 3.33263
4977.3 3.33276
4980.53 3.33288
4983.77 3.33301
4987 3.33313
4990.23 3.33325
4993.47 3.33338
4996.7 3.3335
4999.93 3.33362
5003.17 3.33375
5006.4 3.33387
5009.63 3.33399
5012.87 3.33412
5016.1 3.33424
5019.34 3.33436
5022.57 3.33449
5025.8 3.33461
5029.04 3.33473
5032.27 3.33486
5035.51 3.33498
5038.74 3.3351
5041.98 3.33522
5045.21 3.33535
5048.45 3.33547
5051.68 3.33559
5054.92 3.33571
5058.16 3.33583
5061.39 3.33596
5064.63 3.33608
5067.86 3.3362
5071.1 3.33632
5074.34 3.33644
5077.57 3.33657
5080.81 3.33669
5084.05 3.33681
5087.28 3.33693
5090.52 3.33705
5093.76 3.33717
5096.99 3.33729
5100.23 3.33742
5103.47 3.33754
5106.71 3.33766
5109.94 3.33778
5113.18 3.3379
5116.42 3.33802
5119.66 3.33814
5122.89 3.33826
5126.13 3.33838
5129.37 3.3385
5132.61 3.33862
5135.85 3.33874
5139.09 3.33886
5142.33 3.33898
5145.56 3.3391
5148.8 3.33922
5152.04 3.33934
5155.28 3.33946
5158.52 3.33958
5161.76 3.3397
5165 3.33982
5168.24 3.33994
5171.48 3.34006
5174.72 3.34018
5177.96 3.3403
5181.2 3.34042
5184.44 3.34054
5187.68 3.34066
5190.92 3.34077
5194.16 3.34089
5197.4 3.34101
5200.65 3.34113
5203.89 3.34125
5207.13 3.34137
5210.37 3.34149
5213.61 3.34161
5216.85 3.34172
5220.09 3.34184
5223.34 3.34196
5226.58 3.34208
5229.82 3.3422
5233.06 3.34231
5236.3 3.34243
5239.55 3.34255
5242.79 3.34267
5246.03 3.34278
5249.27 3.3429
5252.52 3.34302
5255.76 3.34314
5259 3.34325
5262.25 3.34337
5265.49 3.34349
5268.73 3.34361
5271.98 3.34372
5275.22 3.34384
5278.46 3.34396
5281.71 3.34407
5284.95 3.34419
5288.2 3.34431
5291.44 3.34442
5294.69 3.34454
5297.93 3.34466
5301.18 3.34477
5304.42 3.34489
5307.67 3.34501
5310.91 3.34512
5314.16 3.34524
5317.4 3.34535
5320.65 3.34547
5323.89 3.34559
5327.14 3.3457
5330.38 3.34582
5333.63 3.34593
5336.87 3.34605
5340.12 3.34616
5343.37 3.34628
5346.61 3.3464
5349.86 3.34651
5353.11 3.34663
5356.35 3.34674
5359.6 3.34686
5362.85 3.34697
5366.09 3.34709
5369.34 3.3472
5372.59 3.34732
5375.83 3.34743
5379.08 3.34754
5382.33 3.34766
5385.58 3.34777
5388.82 3.34789
5392.07 3.348
5395.32 3.34812
5398.57 3.34823
5401.82 3.34835
5405.07 3.34846
5408.31 3.34857
5411.56 3.34869
5414.81 3.3488
5418.06 3.34891
5421.31 3.34903
5424.56 3.34914
5427.81 3.34926
5431.06 3.34937
5434.31 3.34948
5437.56 3.3496
5440.8 3.34971
5444.05 3.34982
5447.3 3.34994
5450.55 3.35005
5453.8 3.35016
5457.05 3.35028
5460.3 3.35039
5463.56 3.3505
5466.81 3.35061
5470.06 3.35073
5473.31 3.35084
5476.56 3.35095
5479.81 3.35106
5483.06 3.35118
5486.31 3.35129
5489.56 3.3514
5492.81 3.35151
5496.06 3.35162
5499.32 3.35174
5502.57 3.35185
5505.82 3.35196
5509.07 3.35207
5512.32 3.35218
5515.58 3.3523
5518.83 3.35241
5522.08 3.35252
5525.33 3.35263
5528.59 3.35274
5531.84 3.35285
5535.09 3.35297
5538.34 3.35308
5541.6 3.35319
5544.85 3.3533
5548.1 3.35341
5551.36 3.35352
5554.61 3.35363
5557.86 3.35374
5561.12 3.35385
5564.37 3.35396
5567.63 3.35407
5570.88 3.35419
5574.13 3.3543
5577.39 3.35441
5580.64 3.35452
5583.9 3.35463
5587.15 3.35474
5590.41 3.35485
5593.66 3.35496
5596.92 3.35507
5600.17 3.35518
5603.43 3.35529
5606.68 3.3554
5609.94 3.35551
5613.19 3.35562
5616.45 3.35573
5619.71 3.35584
5622.96 3.35595
5626.22 3.35605
5629.47 3.35616
5632.73 3.35627
5635.99 3.35638
5639.24 3.35649
5642.5 3.3566
5645.75 3.35671
5649.01 3.35682
5652.27 3.35693
5655.53 3.35704
5658.78 3.35715
5662.04 3.35725
5665.3 3.35736
5668.55 3.35747
5671.81 3.35758
5675.07 3.35769
5678.33 3.3578
5681.58 3.35791
5684.84 3.35801
5688.1 3.35812
5691.36 3.35823
5694.62 3.35834
5697.88 3.35845
5701.13 3.35855
5704.39 3.35866
5707.65 3.35877
5710.91 3.35888
5714.17 3.35899
5717.43 3.35909
5720.69 3.3592
5723.95 3.35931
5727.21 3.35942
5730.46 3.35952
5733.72 3.35963
5736.98 3.35974
5740.24 3.35984
5743.5 3.35995
5746.76 3.36006
5750.02 3.36017
5753.28 3.36027
5756.54 3.36038
5759.8 3.36049
5763.06 3.36059
5766.33 3.3607
5769.59 3.36081
5772.85 3.36091
5776.11 3.36102
5779.37 3.36113
5782.63 3.36123
5785.89 3.36134
5789.15 3.36145
5792.41 3.36155
5795.68 3.36166
5798.94 3.36176
5802.2 3.36187
5805.46 3.36198
5808.72 3.36208
5811.99 3.36219
5815.25 3.36229
5818.51 3.3624
5821.77 3.3625
5825.03 3.36261
5828.3 3.36272
5831.56 3.36282
5834.82 3.36293
5838.09 3.36303
5841.35 3.36314
5844.61 3.36324
5847.88 3.36335
5851.14 3.36345
5854.4 3.36356
5857.67 3.36366
5860.93 3.36377
5864.19 3.36387
5867.46 3.36398
5870.72 3.36408
5873.98 3.36419
5877.25 3.36429
5880.51 3.3644
5883.78 3.3645
5887.04 3.36461
5890.31 3.36471
5893.57 3.36481
5896.84 3.36492
5900.1 3.36502
5903.37 3.36513
5906.63 3.36523
5909.9 3.36533
5913.16 3.36544
5916.43 3.36554
5919.69 3.36565
5922.96 3.36575
5926.22 3.36585
5929.49 3.36596
5932.76 3.36606
5936.02 3.36616
5939.29 3.36627
5942.55 3.36637
5945.82 3.36648
5949.09 3.36658
5952.35 3.36668
5955.62 3.36679
5958.89 3.36689
5962.15 3.36699
5965.42 3.36709
5968.69 3.3672
5971.96 3.3673
5975.22 3.3674
5978.49 3.36751
5981.76 3.36761
5985.03 3.36771
5988.29 3.36781
5991.56 3.36792
5994.83 3.36802
5998.1 3.36812
6001.36 3.36822
6004.63 3.36833
6007.9 3.36843
6011.17 3.36853
6014.44 3.36863
6017.71 3.36874
6020.98 3.36884
6024.24 3.36894
6027.51 3.36904
6030.78 3.36914
6034.05 3.36924
6037.32 3.36935
6040.59 3.36945
6043.86 3.36955
