0 0
0.00309018 0.00951056
0.00618036 0.0190211
0.00927054 0.0285317
0.0123607 0.0380422
0.0154509 0.0475528
0.0185411 0.0570634
0.0216313 0.0665739
0.0247214 0.0760845
0.0278116 0.0855951
0.0309018 0.0951056
0.033992 0.104616
0.0370822 0.114127
0.0401723 0.123637
0.0432625 0.133148
0.0463527 0.142658
0.0494429 0.152169
0.0525331 0.16168
0.0556232 0.17119
0.0587134 0.180701
0.0618036 0.190211
0.0648938 0.199722
0.067984 0.209232
0.0710741 0.218743
0.0741643 0.228253
0.0772545 0.237764
0.0803447 0.247275
0.0834349 0.256785
0.086525 0.266296
0.0896152 0.275806
0.0927054 0.285317
0.0957956 0.294827
0.0988858 0.304338
0.101976 0.313849
0.105066 0.323359
0.108156 0.33287
0.111246 0.34238
0.114337 0.351891
0.117427 0.361401
0.120517 0.370912
0.123607 0.380423
0.126697 0.389933
0.129788 0.399444
0.132878 0.408954
0.135968 0.418465
0.139058 0.427975
0.142148 0.437486
0.145238 0.446997
0.148329 0.456507
0.151419 0.466018
0.154509 0.475528
0.157599 0.485039
0.160689 0.494549
0.163779 0.50406
0.16687 0.513571
0.16996 0.523081
0.17305 0.532592
0.17614 0.542102
0.17923 0.551613
0.182321 0.561123
0.185411 0.570634
0.188501 0.580145
0.191591 0.589655
0.194681 0.599166
0.197771 0.608676
0.200862 0.618187
0.203952 0.627697
0.207042 0.637208
0.210132 0.646719
0.213222 0.656229
0.216312 0.66574
0.219403 0.67525
0.222493 0.684761
0.225583 0.694272
0.228673 0.703782
0.231763 0.713293
0.234853 0.722803
0.237944 0.732314
0.241034 0.741824
0.244124 0.751335
0.247214 0.760846
0.250304 0.770356
0.253394 0.779867
0.256485 0.789377
0.259575 0.798888
0.262665 0.808398
0.265755 0.817909
0.268845 0.82742
0.271936 0.83693
0.275026 0.846441
0.278116 0.855951
0.281206 0.865462
0.284296 0.874972
0.287386 0.884483
0.290477 0.893994
0.293567 0.903504
0.296657 0.913015
0.299747 0.922525
0.302837 0.932036
0.305927 0.941546
0.309018 0.951057
0.312108 0.960568
0.315198 0.970078
0.318288 0.979589
0.321378 0.989099
0.324468 0.99861
0.327559 1.00812
0.330649 1.01763
0.333739 1.02714
0.336829 1.03665
0.339919 1.04616
0.34301 1.05567
0.3461 1.06518
0.34919 1.07469
0.35228 1.0842
0.35537 1.09372
0.35846 1.10323
0.361551 1.11274
0.364641 1.12225
0.367731 1.13176
0.370821 1.14127
0.373911 1.15078
0.377001 1.16029
0.380092 1.1698
0.383182 1.17931
0.386272 1.18882
0.389362 1.19833
0.392452 1.20784
0.395542 1.21735
0.398633 1.22686
0.401723 1.23637
0.404813 1.24588
0.407903 1.25539
0.410993 1.2649
0.414083 1.27442
0.417174 1.28393
0.420264 1.29344
0.423354 1.30295
0.426444 1.31246
0.429534 1.32197
0.432625 1.33148
0.435715 1.34099
0.438805 1.3505
0.441895 1.36001
0.444985 1.36952
0.448075 1.37903
0.451166 1.38854
0.454256 1.39805
0.457346 1.40756
0.460436 1.41707
0.463526 1.42658
0.466616 1.43609
0.469707 1.4456
0.472797 1.45511
0.475887 1.46463
0.478977 1.47414
0.482067 1.48365
0.485157 1.49316
0.488248 1.50267
0.491338 1.51218
0.494428 1.52169
0.497518 1.5312
0.500608 1.54071
0.503699 1.55022
0.506789 1.55973
0.509879 1.56924
0.512969 1.57875
0.516059 1.58826
0.51915 1.59777
0.52224 1.60728
0.52533 1.61679
0.52842 1.6263
0.53151 1.63581
0.534601 1.64533
0.537691 1.65484
0.540781 1.66435
0.543871 1.67386
0.546961 1.68337
0.550052 1.69288
0.553142 1.70239
0.556232 1.7119
0.559322 1.72141
0.562412 1.73092
0.565503 1.74043
0.568593 1.74994
0.571683 1.75945
0.574773 1.76896
0.577863 1.77847
0.580954 1.78798
0.584044 1.79749
0.587134 1.807
0.590224 1.81651
0.593314 1.82603
0.596405 1.83554
0.599495 1.84505
0.602585 1.85456
0.605675 1.86407
0.608765 1.87358
0.611856 1.88309
0.614946 1.8926
0.618036 1.90211
0.621126 1.91162
0.624216 1.92113
0.627307 1.93064
0.630397 1.94015
0.633487 1.94966
0.636577 1.95917
0.639667 1.96868
0.642758 1.97819
0.645848 1.9877
0.648938 1.99721
0.652028 2.00672
0.655118 2.01624
0.658209 2.02575
0.661299 2.03526
0.664389 2.04477
0.667479 2.05428
0.670569 2.06379
0.67366 2.0733
0.67675 2.08281
0.67984 2.09232
0.68293 2.10183
0.68602 2.11134
0.689111 2.12085
0.692201 2.13036
0.695291 2.13987
0.698381 2.14938
0.701472 2.15889
0.704562 2.1684
0.707652 2.17791
0.710742 2.18742
0.713832 2.19694
0.716923 2.20645
0.720013 2.21596
0.723103 2.22547
0.726193 2.23498
0.729283 2.24449
0.732374 2.254
0.735464 2.26351
0.738554 2.27302
0.741644 2.28253
0.744734 2.29204
0.747825 2.30155
0.750915 2.31106
0.754005 2.32057
0.757095 2.33008
0.760185 2.33959
0.763276 2.3491
0.766366 2.35861
0.769456 2.36812
0.772546 2.37764
0.775636 2.38715
0.778727 2.39666
0.781817 2.40617
0.784907 2.41568
0.787997 2.42519
0.791087 2.4347
0.794178 2.44421
0.797268 2.45372
0.800358 2.46323
0.803448 2.47274
0.806538 2.48225
0.809629 2.49176
0.812719 2.50127
0.815809 2.51078
0.818899 2.52029
0.821989 2.5298
0.82508 2.53931
0.82817 2.54882
0.83126 2.55833
0.83435 2.56785
0.83744 2.57736
0.840531 2.58687
0.843621 2.59638
0.846711 2.60589
0.849801 2.6154
0.852891 2.62491
0.855982 2.63442
0.859072 2.64393
0.862162 2.65344
0.865252 2.66295
0.868342 2.67246
0.871433 2.68197
0.874523 2.69148
0.877613 2.70099
0.880703 2.7105
0.883793 2.72001
0.886884 2.72952
0.889974 2.73903
0.893064 2.74855
0.896154 2.75806
0.899244 2.76757
0.902335 2.77708
0.905425 2.78659
0.908515 2.7961
0.911605 2.80561
0.914696 2.81512
0.917786 2.82463
0.920876 2.83414
0.923966 2.84365
0.927056 2.85316
0.930147 2.86267
0.933237 2.87218
0.936327 2.88169
0.939417 2.8912
0.942507 2.90071
0.945598 2.91022
0.948688 2.91973
0.951778 2.92924
0.954868 2.93876
0.957958 2.94827
0.961048 2.95778
0.964139 2.96729
0.967229 2.9768
0.970319 2.98631
0.973409 2.99582
0.976499 3.00533
0.979589 3.01484
0.98268 3.02435
0.98577 3.03386
0.98886 3.04337
0.99195 3.05288
0.99504 3.06239
0.99813 3.0719
1.00122 3.08141
1.00431 3.09092
1.0074 3.10043
1.01049 3.10994
1.01358 3.11946
1.01667 3.12897
1.01976 3.13848
1.02285 3.14799
1.02594 3.1575
1.02903 3.16701
1.03212 3.17652
1.03521 3.18603
1.0383 3.19554
1.04139 3.20505
1.04448 3.21456
1.04757 3.22407
1.05066 3.23358
1.05375 3.24309
1.05684 3.2526
1.05993 3.26211
1.06302 3.27162
1.06611 3.28113
1.0692 3.29064
1.07229 3.30016
1.07538 3.30967
1.07847 3.31918
1.08156 3.32869
1.08465 3.3382
1.08774 3.34771
1.09083 3.35722
1.09392 3.36673
1.09702 3.37624
1.10011 3.38575
1.1032 3.39526
1.10629 3.40477
1.10938 3.41428
1.11247 3.42379
1.11556 3.4333
1.11865 3.44281
1.12174 3.45232
1.12483 3.46183
1.12792 3.47134
1.13101 3.48085
1.1341 3.49037
1.13719 3.49988
1.14028 3.50939
1.14337 3.5189
1.14646 3.52841
1.14955 3.53792
1.15264 3.54743
1.15573 3.55694
1.15882 3.56645
1.16191 3.57596
1.165 3.58547
1.16809 3.59498
1.17118 3.60449
1.17427 3.614
1.17736 3.62351
1.18045 3.63302
1.18354 3.64253
1.18663 3.65204
1.18972 3.66155
1.19281 3.67107
1.1959 3.68058
1.19899 3.69009
1.20208 3.6996
1.20517 3.70911
1.20826 3.71862
1.21135 3.72813
1.21444 3.73764
1.21753 3.74715
1.22062 3.75666
1.22371 3.76617
1.2268 3.77568
1.22989 3.78519
1.23298 3.7947
1.23607 3.80421
1.23916 3.81372
1.24225 3.82323
1.24534 3.83274
1.24843 3.84225
1.25152 3.85177
1.25461 3.86128
1.2577 3.87079
1.26079 3.8803
1.26388 3.88981
1.26697 3.89932
1.27006 3.90883
1.27315 3.91834
1.27624 3.92785
1.27933 3.93736
1.28242 3.94687
1.28551 3.95638
1.2886 3.96589
1.29169 3.9754
1.29478 3.98491
1.29787 3.99442
1.30096 4.00393
1.30405 4.01344
1.30714 4.02295
1.31023 4.03246
1.31333 4.04198
1.31642 4.05149
1.31951 4.061
1.3226 4.07051
1.32569 4.08002
1.32878 4.08953
1.33187 4.09904
1.33496 4.10855
1.33805 4.11806
1.34114 4.12757
1.34423 4.13708
1.34732 4.14659
1.35041 4.1561
1.3535 4.16561
1.35659 4.17512
1.35968 4.18463
1.36277 4.19414
1.36586 4.20365
1.36895 4.21316
1.37204 4.22268
1.37513 4.23219
1.37822 4.2417
1.38131 4.25121
1.3844 4.26072
1.38749 4.27023
1.39058 4.27974
1.39367 4.28925
1.39676 4.29876
1.39985 4.30827
1.40294 4.31778
1.40603 4.32729
1.40912 4.3368
1.41221 4.34631
1.4153 4.35582
1.41839 4.36533
1.42148 4.37484
1.42457 4.38435
1.42766 4.39386
1.43075 4.40338
1.43384 4.41289
1.43693 4.4224
1.44002 4.43191
1.44311 4.44142
1.4462 4.45093
1.44929 4.46044
1.45238 4.46995
1.45547 4.47946
1.45856 4.48897
1.46165 4.49848
1.46474 4.50799
1.46783 4.5175
1.47092 4.52701
1.47401 4.53652
1.4771 4.54603
1.48019 4.55554
1.48328 4.56505
1.48637 4.57456
1.48946 4.58407
1.49255 4.59359
1.49564 4.6031
1.49873 4.61261
1.50182 4.62212
1.50491 4.63163
1.508 4.64114
1.51109 4.65065
1.51418 4.66016
1.51727 4.66967
1.52036 4.67918
1.52345 4.68869
1.52654 4.6982
1.52964 4.70771
1.53273 4.71722
1.53582 4.72673
1.53891 4.73624
1.542 4.74575
1.54509 4.75526
1.54818 4.76477
1.55127 4.77429
1.55436 4.7838
1.55745 4.79331
1.56054 4.80282
1.56363 4.81233
1.56672 4.82184
1.56981 4.83135
1.5729 4.84086
1.57599 4.85037
1.57908 4.85988
1.58217 4.86939
1.58526 4.8789
1.58835 4.88841
1.59144 4.89792
1.59453 4.90743
1.59762 4.91694
1.60071 4.92645
1.6038 4.93596
1.60689 4.94547
1.60998 4.95499
1.61307 4.9645
1.61616 4.97401
1.61925 4.98352
1.62234 4.99303
1.62543 5.00254
1.62852 5.01205
1.63161 5.02156
1.6347 5.03107
1.63779 5.04058
1.64088 5.05009
1.64397 5.0596
1.64706 5.06911
1.65015 5.07862
1.65324 5.08813
1.65633 5.09764
1.65942 5.10715
1.66251 5.11666
1.6656 5.12617
1.66869 5.13568
1.67178 5.1452
1.67487 5.15471
1.67796 5.16422
1.68105 5.17373
1.68414 5.18324
1.68723 5.19275
1.69032 5.20226
1.69341 5.21177
1.6965 5.22128
1.69959 5.23079
1.70268 5.2403
1.70577 5.24981
1.70886 5.25932
1.71195 5.26883
1.71504 5.27834
1.71813 5.28785
1.72122 5.29736
1.72431 5.30687
1.7274 5.31638
1.73049 5.3259
1.73358 5.33541
1.73667 5.34492
1.73976 5.35443
1.74285 5.36394
1.74595 5.37345
1.74904 5.38296
1.75213 5.39247
1.75522 5.40198
1.75831 5.41149
1.7614 5.421
1.76449 5.43051
1.76758 5.44002
1.77067 5.44953
1.77376 5.45904
1.77685 5.46855
1.77994 5.47806
1.78303 5.48757
1.78612 5.49708
1.78921 5.5066
1.7923 5.51611
1.79539 5.52562
1.79848 5.53513
1.80157 5.54464
1.80466 5.55415
1.80775 5.56366
1.81084 5.57317
1.81393 5.58268
1.81702 5.59219
1.82011 5.6017
1.8232 5.61121
1.82629 5.62072
1.82938 5.63023
1.83247 5.63974
1.83556 5.64925
1.83865 5.65876
1.84174 5.66827
1.84483 5.67778
1.84792 5.68729
1.85101 5.69681
1.8541 5.70632
1.85719 5.71583
1.86028 5.72534
1.86337 5.73485
1.86646 5.74436
1.86955 5.75387
1.87264 5.76338
1.87573 5.77289
1.87882 5.7824
1.88191 5.79191
1.885 5.80142
1.88809 5.81093
1.89118 5.82044
1.89427 5.82995
1.89736 5.83946
1.90045 5.84897
1.90354 5.85848
1.90663 5.86799
1.90972 5.87751
1.91281 5.88702
1.9159 5.89653
1.91899 5.90604
1.92208 5.91555
1.92517 5.92506
1.92826 5.93457
1.93135 5.94408
1.93444 5.95359
1.93753 5.9631
1.94062 5.97261
1.94371 5.98212
1.9468 5.99163
1.94989 6.00114
1.95298 6.01065
1.95607 6.02016
1.95916 6.02967
1.96226 6.03918
1.96535 6.04869
1.96844 6.05821
1.97153 6.06772
1.97462 6.07723
1.97771 6.08674
1.9808 6.09625
1.98389 6.10576
1.98698 6.11527
1.99007 6.12478
1.99316 6.13429
1.99625 6.1438
1.99934 6.15331
2.00243 6.16282
2.00552 6.17233
2.00861 6.18184
2.0117 6.19135
2.01479 6.20086
2.01788 6.21037
2.02097 6.21988
2.02406 6.22939
2.02715 6.2389
2.03024 6.24842
2.03333 6.25793
2.03642 6.26744
2.03951 6.27695
2.0426 6.28646
2.04569 6.29597
2.04878 6.30548
2.05187 6.31499
2.05496 6.3245
2.05805 6.33401
2.06114 6.34352
2.06423 6.35303
2.06732 6.36254
2.07041 6.37205
2.0735 6.38156
2.07659 6.39107
2.07968 6.40058
2.08277 6.41009
2.08586 6.4196
2.08895 6.42912
2.09204 6.43863
2.09513 6.44814
2.09822 6.45765
2.10131 6.46716
2.1044 6.47667
2.10749 6.48618
2.11058 6.49569
2.11367 6.5052
2.11676 6.51471
2.11985 6.52422
2.12294 6.53373
2.12603 6.54324
2.12912 6.55275
2.13221 6.56226
2.1353 6.57177
2.13839 6.58128
2.14148 6.59079
2.14457 6.6003
2.14766 6.60982
2.15075 6.61933
2.15384 6.62884
2.15693 6.63835
2.16002 6.64786
2.16311 6.65737
2.1662 6.66688
2.16929 6.67639
2.17238 6.6859
2.17548 6.69541
2.17857 6.70492
2.18166 6.71443
2.18475 6.72394
2.18784 6.73345
2.19093 6.74296
2.19402 6.75247
2.19711 6.76198
2.2002 6.77149
2.20329 6.781
2.20638 6.79051
2.20947 6.80003
2.21256 6.80954
2.21565 6.81905
2.21874 6.82856
2.22183 6.83807
2.22492 6.84758
2.22801 6.85709
2.2311 6.8666
2.23419 6.87611
2.23728 6.88562
2.24037 6.89513
2.24346 6.90464
2.24655 6.91415
2.24964 6.92366
2.25273 6.93317
2.25582 6.94268
2.25891 6.95219
2.262 6.9617
2.26509 6.97121
2.26818 6.98073
2.27127 6.99024
2.27436 6.99975
2.27745 7.00926
2.28054 7.01877
2.28363 7.02828
2.28672 7.03779
2.28981 7.0473
2.2929 7.05681
2.29599 7.06632
2.29908 7.07583
2.30217 7.08534
2.30526 7.09485
2.30835 7.10436
2.31144 7.11387
2.31453 7.12338
2.31762 7.13289
2.32071 7.1424
2.3238 7.15191
2.32689 7.16143
2.32998 7.17094
2.33307 7.18045
2.33616 7.18996
2.33925 7.19947
2.34234 7.20898
2.34543 7.21849
2.34852 7.228
2.35161 7.23751
2.3547 7.24702
2.35779 7.25653
2.36088 7.26604
2.36397 7.27555
2.36706 7.28506
2.37015 7.29457
2.37324 7.30408
2.37633 7.31359
2.37942 7.3231
2.38251 7.33261
2.3856 7.34212
2.3887 7.35164
2.39179 7.36115
2.39488 7.37066
2.39797 7.38017
2.40106 7.38968
2.40415 7.39919
2.40724 7.4087
2.41033 7.41821
2.41342 7.42772
2.41651 7.43723
2.4196 7.44674
2.42269 7.45625
2.42578 7.46576
2.42887 7.47527
2.43196 7.48478
2.43505 7.49429
2.43814 7.5038
2.44123 7.51331
2.44432 7.52282
2.44741 7.53234
2.4505 7.54185
2.45359 7.55136
2.45668 7.56087
2.45977 7.57038
2.46286 7.57989
2.46595 7.5894
2.46904 7.59891
2.47213 7.60842
2.47522 7.61793
2.47831 7.62744
2.4814 7.63695
2.48449 7.64646
2.48758 7.65597
2.49067 7.66548
2.49376 7.67499
2.49685 7.6845
2.49994 7.69401
2.50303 7.70352
2.50612 7.71304
2.50921 7.72255
2.5123 7.73206
2.51539 7.74157
2.51848 7.75108
2.52157 7.76059
2.52466 7.7701
2.52775 7.77961
2.53084 7.78912
2.53393 7.79863
2.53702 7.80814
2.54011 7.81765
2.5432 7.82716
2.54629 7.83667
2.54938 7.84618
2.55247 7.85569
2.55556 7.8652
2.55865 7.87471
2.56174 7.88422
2.56483 7.89373
2.56792 7.90325
2.57101 7.91276
2.5741 7.92227
2.57719 7.93178
2.58028 7.94129
2.58337 7.9508
2.58646 7.96031
2.58955 7.96982
2.59264 7.97933
2.59573 7.98884
2.59882 7.99835
2.60191 8.00786
2.60501 8.01737
2.6081 8.02688
2.61119 8.03639
2.61428 8.04591
2.61737 8.05542
2.62046 8.06493
2.62355 8.07444
2.62664 8.08395
2.62973 8.09346
2.63282 8.10297
2.63591 8.11248
2.639 8.12199
2.64209 8.1315
2.64518 8.14102
2.64827 8.15053
2.65136 8.16004
2.65445 8.16955
2.65754 8.17906
2.66063 8.18857
2.66372 8.19808
2.66681 8.20759
2.6699 8.2171
2.67299 8.22661
2.67608 8.23612
2.67917 8.24564
2.68226 8.25515
2.68535 8.26466
2.68844 8.27417
2.69153 8.28368
2.69462 8.29319
2.69771 8.3027
2.7008 8.31221
2.70389 8.32172
2.70698 8.33123
2.71007 8.34075
2.71316 8.35026
2.71625 8.35977
2.71934 8.36928
2.72243 8.37879
2.72552 8.3883
2.72861 8.39781
2.7317 8.40732
2.73479 8.41683
2.73788 8.42634
2.74097 8.43586
2.74407 8.44537
2.74716 8.45488
2.75025 8.46439
2.75334 8.4739
2.75643 8.48341
2.75952 8.49292
2.76261 8.50243
2.7657 8.51194
2.76879 8.52145
2.77188 8.53097
2.77497 8.54048
2.77806 8.54999
2.78115 8.5595
2.78424 8.56901
2.78733 8.57852
2.79042 8.58803
2.79351 8.59754
2.7966 8.60705
2.79969 8.61656
2.80278 8.62608
2.80587 8.63559
2.80896 8.6451
2.81205 8.65461
2.81514 8.66412
2.81823 8.67363
2.82132 8.68314
2.82441 8.69265
2.82751 8.70216
2.8306 8.71167
2.83369 8.72119
2.83678 8.7307
2.83987 8.74021
2.84296 8.74972
2.84605 8.75923
2.84914 8.76874
2.85223 8.77825
2.85532 8.78776
2.85841 8.79727
2.8615 8.80678
2.86459 8.8163
2.86768 8.82581
2.87077 8.83532
2.87386 8.84483
2.87695 8.85434
2.88004 8.86385
2.88313 8.87336
2.88622 8.88287
2.88931 8.89238
2.8924 8.90189
2.89549 8.91141
2.89858 8.92092
2.90167 8.93043
2.90476 8.93994
2.90786 8.94945
2.91095 8.95896
2.91404 8.96847
2.91713 8.97798
2.92022 8.98749
2.92331 8.997
2.9264 9.00652
2.92949 9.01603
2.93258 9.02554
2.93567 9.03505
2.93876 9.04456
2.94185 9.05407
2.94494 9.06358
2.94803 9.07309
2.95112 9.0826
2.95421 9.09211
2.9573 9.10163
2.96039 9.11114
2.96348 9.12065
2.96657 9.13016
2.96966 9.13967
2.97275 9.14918
2.97584 9.15869
2.97893 9.1682
2.98202 9.17771
2.98511 9.18722
2.98821 9.19673
2.9913 9.20624
2.99439 9.21575
2.99748 9.22526
3.00057 9.23478
3.00366 9.24429
3.00675 9.2538
3.00984 9.26331
3.01293 9.27282
3.01602 9.28233
3.01911 9.29184
3.0222 9.30135
3.02529 9.31086
3.02838 9.32037
3.03147 9.32988
3.03456 9.33939
3.03765 9.3489
3.04074 9.35841
3.04383 9.36793
3.04692 9.37744
3.05001 9.38695
3.0531 9.39646
3.05619 9.40597
3.05928 9.41548
3.06237 9.42499
3.06546 9.4345
3.06856 9.44401
3.07165 9.45352
3.07474 9.46303
