0 0
0.618036 1.90211
5.00523 3.81526
13.1459 5.74911
25.0391 7.70973
40.6908 9.69619
60.1023 11.6961
83.2532 13.6815
110.083 15.6092
140.473 17.4294
174.233 19.1008
211.113 20.602
250.824 21.9319
293.066 23.1033
337.56 24.1351
384.05 25.0474
432.317 25.8583
482.169 26.5838
533.447 27.237
586.01 27.8288
639.742 28.3681
694.54 28.8623
750.317 29.3174
806.997 29.7384
864.512 30.1296
922.805 30.4944
981.823 30.8357
1041.52 31.1562
1101.86 31.458
1162.79 31.743
1224.3 32.0126
1286.34 32.2685
1348.89 32.5117
1411.93 32.7434
1475.43 32.9645
1539.37 33.1759
1603.73 33.3783
1668.49 33.5723
1733.65 33.7587
1799.17 33.9379
1865.06 34.1103
1931.28 34.2766
1997.84 34.437
2064.72 34.5919
2131.91 34.7417
2199.4 34.8866
2267.18 35.027
2335.24 35.1631
2403.57 35.2951
2472.16 35.4233
2541.01 35.5478
2610.11 35.6689
2679.45 35.7867
2749.03 35.9013
2818.84 36.013
2888.87 36.1219
2959.11 36.228
3029.57 36.3316
3100.24 36.4327
3171.1 36.5314
3242.17 36.6279
3313.43 36.7222
3384.87 36.8144
3456.51 36.9046
3528.32 36.9929
3600.3 37.0794
3672.47 37.1641
3744.8 37.2471
3817.29 37.3285
3889.95 37.4082
3962.77 37.4865
4035.74 37.5632
4108.87 37.6386
4182.15 37.7125
4255.57 37.7852
4329.15 37.8565
4402.86 37.9267
4476.71 37.9956
4550.71 38.0633
4624.83 38.1299
4699.1 38.1955
4773.49 38.2599
4848.01 38.3234
4922.66 38.3858
4997.43 38.4473
5072.32 38.5078
5147.34 38.5674
5222.48 38.6261
5297.73 38.684
5373.1 38.741
5448.58 38.7972
5524.18 38.8526
5599.88 38.9072
5675.7 38.9611
5751.62 39.0142
5827.65 39.0666
5903.78 39.1183
5980.02 39.1694
6056.36 39.2197
6132.8 39.2694
6209.34 39.3185
6285.98 39.367
6362.71 39.4148
6439.54 39.4621
6516.47 39.5088
6593.48 39.5549
6670.6 39.6004
6747.8 39.6455
6825.09 39.69
6902.47 39.734
6979.94 39.7774
7057.49 39.8204
7135.13 39.8629
7212.86 39.905
7290.67 39.9465
7368.56 39.9876
7446.54 40.0283
7524.6 40.0685
7602.73 40.1083
7680.95 40.1477
7759.25 40.1867
7837.62 40.2253
7916.07 40.2634
7994.6 40.3012
8073.2 40.3386
8151.88 40.3757
8230.63 40.4123
8309.46 40.4486
8388.35 40.4846
8467.32 40.5202
8546.36 40.5555
8625.47 40.5904
8704.66 40.625
8783.91 40.6593
8863.22 40.6933
8942.61 40.7269
9022.07 40.7603
9101.59 40.7934
9181.17 40.8261
9260.83 40.8586
9340.54 40.8908
9420.33 40.9227
9500.17 40.9543
9580.08 40.9856
9660.05 41.0167
9740.08 41.0475
9820.18 41.0781
9900.34 41.1084
9980.55 41.1385
10060.8 41.1683
10141.2 41.1978
10221.6 41.2272
10302 41.2563
10382.5 41.2851
10463.1 41.3137
10543.7 41.3421
10624.4 41.3703
10705.2 41.3983
10786 41.426
10866.8 41.4536
10947.7 41.4809
11028.7 41.508
11109.7 41.5349
11190.8 41.5616
11271.9 41.5881
11353.1 41.6144
11434.3 41.6406
11515.6 41.6665
11596.9 41.6923
11678.3 41.7178
11759.7 41.7432
11841.2 41.7684
11922.7 41.7934
12004.3 41.8183
12086 41.843
12167.7 41.8675
12249.4 41.8918
12331.2 41.916
12413 41.94
12494.9 41.9638
12576.8 41.9875
12658.8 42.011
12740.8 42.0344
12822.9 42.0576
12905 42.0807
12987.2 42.1036
13069.4 42.1264
13151.6 42.149
13233.9 42.1715
13316.3 42.1938
13398.6 42.216
13481.1 42.2381
13563.6 42.26
13646.1 42.2817
13728.6 42.3034
13811.2 42.3249
13893.9 42.3463
13976.6 42.3675
14059.3 42.3886
14142.1 42.4096
14224.9 42.4305
14307.8 42.4513
14390.7 42.4719
14473.6 42.4924
14556.6 42.5127
14639.6 42.533
14722.7 42.5532
14805.8 42.5732
14889 42.5931
14972.1 42.6129
15055.4 42.6326
15138.6 42.6521
15221.9 42.6716
15305.3 42.691
15388.7 42.7102
15472.1 42.7293
15555.5 42.7484
15639 42.7673
15722.6 42.7861
15806.2 42.8049
15889.8 42.8235
15973.4 42.842
16057.1 42.8604
16140.8 42.8788
16224.6 42.897
16308.4 42.9151
16392.2 42.9332
16476.1 42.9511
16560 42.9689
16643.9 42.9867
16727.9 43.0044
16811.9 43.0219
16895.9 43.0394
16980 43.0568
17064.1 43.0741
17148.3 43.0913
17232.5 43.1085
17316.7 43.1255
17400.9 43.1425
17485.2 43.1594
17569.5 43.1762
17653.9 43.1929
17738.3 43.2095
17822.7 43.2261
17907.1 43.2425
17991.6 43.2589
18076.1 43.2752
18160.7 43.2915
18245.3 43.3076
18329.9 43.3237
18414.5 43.3397
18499.2 43.3556
18583.9 43.3715
18668.7 43.3873
18753.4 43.403
18838.3 43.4186
18923.1 43.4342
19008 43.4497
19092.9 43.4651
19177.8 43.4805
19262.8 43.4957
19347.7 43.5109
19432.8 43.5261
19517.8 43.5412
19602.9 43.5562
19688 43.5711
19773.2 43.586
19858.3 43.6008
19943.5 43.6156
20028.8 43.6302
20114 43.6449
20199.3 43.6594
20284.6 43.6739
20370 43.6883
20455.3 43.7027
20540.8 43.717
20626.2 43.7313
20711.7 43.7454
20797.1 43.7596
20882.7 43.7736
20968.2 43.7876
21053.8 43.8016
21139.4 43.8155
21225 43.8293
21310.7 43.8431
21396.4 43.8568
21482.1 43.8705
21567.8 43.8841
21653.6 43.8976
21739.4 43.9111
21825.2 43.9246
21911.1 43.938
21996.9 43.9513
22082.8 43.9646
22168.8 43.9778
22254.7 43.991
22340.7 44.0041
22426.7 44.0172
22512.7 44.0302
22598.8 44.0432
22684.9 44.0561
22771 44.069
22857.1 44.0818
22943.3 44.0946
23029.5 44.1073
23115.7 44.12
23201.9 44.1326
23288.2 44.1452
23374.5 44.1577
23460.8 44.1702
23547.2 44.1826
23633.5 44.195
23719.9 44.2073
23806.3 44.2196
23892.8 44.2319
23979.2 44.2441
24065.7 44.2563
24152.2 44.2684
24238.8 44.2804
24325.3 44.2925
24411.9 44.3045
24498.5 44.3164
24585.2 44.3283
24671.8 44.3401
24758.5 44.352
24845.2 44.3637
24931.9 44.3755
25018.7 44.3871
25105.4 44.3988
25192.2 44.4104
25279.1 44.422
25365.9 44.4335
25452.8 44.445
25539.7 44.4564
25626.6 44.4678
25713.5 44.4792
25800.5 44.4905
25887.4 44.5018
25974.5 44.513
26061.5 44.5242
26148.5 44.5354
26235.6 44.5465
26322.7 44.5576
26409.8 44.5687
26496.9 44.5797
26584.1 44.5907
26671.3 44.6016
26758.5 44.6125
26845.7 44.6234
26933 44.6342
27020.2 44.645
27107.5 44.6558
27194.8 44.6665
27282.2 44.6772
27369.5 44.6879
27456.9 44.6985
27544.3 44.7091
27631.7 44.7196
27719.1 44.7302
27806.6 44.7406
27894.1 44.7511
27981.6 44.7615
28069.1 44.7719
28156.7 44.7823
28244.2 44.7926
28331.8 44.8029
28419.4 44.8131
28507 44.8233
28594.7 44.8335
28682.4 44.8437
28770 44.8538
28857.7 44.8639
28945.5 44.874
29033.2 44.884
29121 44.894
29208.8 44.904
29296.6 44.9139
29384.4 44.9238
29472.3 44.9337
29560.1 44.9436
29648 44.9534
29735.9 44.9632
29823.8 44.9729
29911.8 44.9827
29999.8 44.9924
30087.7 45.002
30175.7 45.0117
30263.8 45.0213
30351.8 45.0309
30439.9 45.0404
30528 45.05
30616.1 45.0595
30704.2 45.0689
30792.3 45.0784
30880.5 45.0878
30968.6 45.0972
31056.8 45.1065
31145.1 45.1159
31233.3 45.1252
31321.5 45.1345
31409.8 45.1437
31498.1 45.153
31586.4 45.1622
31674.7 45.1713
31763.1 45.1805
31851.4 45.1896
31939.8 45.1987
32028.2 45.2078
32116.6 45.2168
32205.1 45.2258
32293.5 45.2348
32382 45.2438
32470.5 45.2528
32559 45.2617
32647.5 45.2706
32736 45.2794
32824.6 45.2883
32913.2 45.2971
33001.8 45.3059
33090.4 45.3147
33179 45.3234
33267.7 45.3322
33356.3 45.3409
33445 45.3495
33533.7 45.3582
33622.4 45.3668
33711.1 45.3754
33799.9 45.384
33888.7 45.3926
33977.5 45.4011
34066.3 45.4096
34155.1 45.4181
34243.9 45.4266
34332.8 45.4351
34421.6 45.4435
34510.5 45.4519
34599.4 45.4603
34688.3 45.4686
34777.3 45.477
34866.2 45.4853
34955.2 45.4936
35044.2 45.5019
35133.2 45.5101
35222.2 45.5183
35311.3 45.5266
35400.3 45.5347
35489.4 45.5429
35578.5 45.551
35667.6 45.5592
35756.7 45.5673
35845.8 45.5754
35935 45.5834
36024.1 45.5915
36113.3 45.5995
36202.5 45.6075
36291.7 45.6155
36381 45.6234
36470.2 45.6314
36559.5 45.6393
36648.7 45.6472
36738 45.6551
36827.3 45.6629
36916.7 45.6708
37006 45.6786
37095.4 45.6864
37184.7 45.6942
37274.1 45.702
37363.5 45.7097
37452.9 45.7174
37542.4 45.7252
37631.8 45.7328
37721.3 45.7405
37810.8 45.7482
37900.3 45.7558
37989.8 45.7634
38079.3 45.771
38168.9 45.7786
38258.4 45.7862
38348 45.7937
38437.6 45.8012
38527.2 45.8087
38616.8 45.8162
38706.4 45.8237
38796.1 45.8312
38885.7 45.8386
38975.4 45.846
39065.1 45.8534
39154.8 45.8608
39244.5 45.8682
39334.3 45.8755
39424 45.8829
39513.8 45.8902
39603.6 45.8975
39693.4 45.9048
39783.2 45.912
39873 45.9193
39962.8 45.9265
40052.7 45.9337
40142.6 45.9409
40232.4 45.9481
40322.3 45.9553
40412.2 45.9624
40502.2 45.9695
40592.1 45.9767
40682.1 45.9838
40772 45.9909
40862 45.9979
40952 46.005
41042 46.012
41132 46.019
41222.1 46.026
41312.1 46.033
41402.2 46.04
41492.3 46.047
41582.4 46.0539
41672.5 46.0608
41762.6 46.0677
41852.7 46.0746
41942.9 46.0815
42033 46.0884
42123.2 46.0952
42213.4 46.1021
42303.6 46.1089
42393.8 46.1157
42484.1 46.1225
42574.3 46.1293
42664.6 46.136
42754.8 46.1428
42845.1 46.1495
42935.4 46.1563
43025.7 46.163
43116.1 46.1696
43206.4 46.1763
43296.8 46.183
43387.1 46.1896
43477.5 46.1963
43567.9 46.2029
43658.3 46.2095
43748.7 46.2161
43839.2 46.2227
43929.6 46.2292
44020.1 46.2358
44110.5 46.2423
44201 46.2488
44291.5 46.2553
44382 46.2618
44472.5 46.2683
44563.1 46.2748
44653.6 46.2813
44744.2 46.2877
44834.8 46.2941
44925.4 46.3005
45016 46.3069
45106.6 46.3133
45197.2 46.3197
45287.8 46.3261
45378.5 46.3324
45469.2 46.3388
45559.8 46.3451
45650.5 46.3514
45741.2 46.3577
45831.9 46.364
45922.7 46.3702
46013.4 46.3765
46104.2 46.3828
46194.9 46.389
46285.7 46.3952
46376.5 46.4014
46467.3 46.4076
46558.1 46.4138
46648.9 46.42
46739.8 46.4261
46830.6 46.4323
46921.5 46.4384
47012.4 46.4445
47103.3 46.4507
47194.2 46.4568
47285.1 46.4628
47376 46.4689
47466.9 46.475
47557.9 46.481
47648.9 46.4871
47739.8 46.4931
47830.8 46.4991
47921.8 46.5051
48012.8 46.5111
48103.8 46.5171
48194.9 46.5231
48285.9 46.529
48377 46.535
48468.1 46.5409
48559.1 46.5468
48650.2 46.5527
48741.3 46.5586
48832.5 46.5645
48923.6 46.5704
49014.7 46.5763
49105.9 46.5821
49197 46.588
49288.2 46.5938
49379.4 46.5996
49470.6 46.6055
49561.8 46.6113
49653 46.6171
49744.3 46.6228
49835.5 46.6286
49926.8 46.6344
50018 46.6401
50109.3 46.6458
50200.6 46.6516
50291.9 46.6573
50383.2 46.663
50474.6 46.6687
50565.9 46.6744
50657.2 46.68
50748.6 46.6857
50840 46.6914
50931.4 46.697
51022.8 46.7026
51114.2 46.7083
51205.6 46.7139
51297 46.7195
51388.4 46.7251
51479.9 46.7306
51571.4 46.7362
51662.8 46.7418
51754.3 46.7473
51845.8 46.7529
51937.3 46.7584
52028.8 46.7639
52120.4 46.7694
52211.9 46.7749
52303.4 46.7804
52395 46.7859
52486.6 46.7914
52578.2 46.7968
52669.8 46.8023
52761.4 46.8077
52853 46.8132
52944.6 46.8186
53036.2 46.824
53127.9 46.8294
53219.5 46.8348
53311.2 46.8402
53402.9 46.8456
53494.6 46.8509
53586.3 46.8563
53678 46.8616
53769.7 46.867
53861.5 46.8723
53953.2 46.8776
54045 46.8829
54136.7 46.8882
54228.5 46.8935
54320.3 46.8988
54412.1 46.9041
54503.9 46.9093
54595.7 46.9146
54687.5 46.9198
54779.4 46.9251
54871.2 46.9303
54963.1 46.9355
55055 46.9407
55146.8 46.9459
55238.7 46.9511
55330.6 46.9563
55422.6 46.9615
55514.5 46.9667
55606.4 46.9718
55698.4 46.977
55790.3 46.9821
55882.3 46.9872
55974.2 46.9924
56066.2 46.9975
56158.2 47.0026
56250.2 47.0077
56342.2 47.0128
56434.3 47.0178
56526.3 47.0229
56618.4 47.028
56710.4 47.033
56802.5 47.0381
56894.5 47.0431
56986.6 47.0481
57078.7 47.0532
57170.8 47.0582
57263 47.0632
57355.1 47.0682
57447.2 47.0732
57539.4 47.0782
57631.5 47.0831
57723.7 47.0881
57815.9 47.093
57908 47.098
58000.2 47.1029
58092.4 47.1079
58184.7 47.1128
58276.9 47.1177
58369.1 47.1226
58461.4 47.1275
58553.6 47.1324
58645.9 47.1373
58738.2 47.1422
58830.4 47.147
58922.7 47.1519
59015 47.1567
59107.4 47.1616
59199.7 47.1664
59292 47.1713
59384.4 47.1761
59476.7 47.1809
59569.1 47.1857
59661.4 47.1905
59753.8 47.1953
59846.2 47.2001
59938.6 47.2048
60031 47.2096
60123.4 47.2144
60215.9 47.2191
60308.3 47.2239
60400.8 47.2286
60493.2 47.2333
60585.7 47.2381
60678.2 47.2428
60770.6 47.2475
60863.1 47.2522
60955.6 47.2569
61048.2 47.2616
61140.7 47.2663
61233.2 47.2709
61325.8 47.2756
61418.3 47.2803
61510.9 47.2849
61603.4 47.2896
61696 47.2942
61788.6 47.2988
61881.2 47.3035
61973.8 47.3081
62066.4 47.3127
62159.1 47.3173
62251.7 47.3219
62344.3 47.3265
62437 47.331
62529.6 47.3356
62622.3 47.3402
62715 47.3447
62807.7 47.3493
62900.4 47.3538
62993.1 47.3584
63085.8 47.3629
63178.5 47.3674
63271.3 47.372
63364 47.3765
63456.8 47.381
63549.5 47.3855
63642.3 47.39
63735.1 47.3945
63827.9 47.3989
63920.7 47.4034
64013.5 47.4079
64106.3 47.4123
64199.1 47.4168
64291.9 47.4212
64384.8 47.4257
64477.6 47.4301
64570.5 47.4345
64663.4 47.439
64756.2 47.4434
64849.1 47.4478
64942 47.4522
65034.9 47.4566
65127.8 47.461
65220.8 47.4653
65313.7 47.4697
65406.6 47.4741
65499.6 47.4785
65592.5 47.4828
65685.5 47.4872
65778.5 47.4915
65871.5 47.4958
65964.5 47.5002
66057.5 47.5045
66150.5 47.5088
66243.5 47.5131
66336.5 47.5174
66429.5 47.5217
66522.6 47.526
66615.6 47.5303
66708.7 47.5346
66801.8 47.5389
66894.9 47.5431
66987.9 47.5474
67081 47.5517
67174.1 47.5559
67267.2 47.5602
67360.4 47.5644
67453.5 47.5686
67546.6 47.5729
67639.8 47.5771
67732.9 47.5813
67826.1 47.5855
67919.3 47.5897
68012.4 47.5939
68105.6 47.5981
68198.8 47.6023
68292 47.6065
68385.2 47.6106
68478.5 47.6148
68571.7 47.619
68664.9 47.6231
68758.2 47.6273
68851.4 47.6314
68944.7 47.6356
69038 47.6397
69131.3 47.6438
69224.5 47.6479
69317.8 47.6521
69411.1 47.6562
69504.5 47.6603
69597.8 47.6644
69691.1 47.6685
69784.4 47.6726
69877.8 47.6766
69971.1 47.6807
70064.5 47.6848
70157.9 47.6889
70251.2 47.6929
70344.6 47.697
70438 47.701
70531.4 47.7051
70624.8 47.7091
70718.2 47.7131
70811.7 47.7172
70905.1 47.7212
70998.5 47.7252
71092 47.7292
71185.5 47.7332
71278.9 47.7372
71372.4 47.7412
71465.9 47.7452
71559.4 47.7492
71652.9 47.7532
71746.4 47.7572
71839.9 47.7611
71933.4 47.7651
72027 47.769
72120.5 47.773
72214 47.7769
72307.6 47.7809
72401.2 47.7848
72494.7 47.7888
72588.3 47.7927
72681.9 47.7966
72775.5 47.8005
72869.1 47.8044
72962.7 47.8083
73056.3 47.8122
73149.9 47.8161
73243.6 47.82
73337.2 47.8239
73430.9 47.8278
73524.5 47.8317
73618.2 47.8355
73711.9 47.8394
73805.5 47.8433
73899.2 47.8471
73992.9 47.851
74086.6 47.8548
74180.3 47.8587
74274.1 47.8625
74367.8 47.8663
74461.5 47.8702
74555.3 47.874
74649 47.8778
74742.8 47.8816
74836.5 47.8854
74930.3 47.8892
75024.1 47.893
75117.9 47.8968
75211.7 47.9006
75305.5 47.9044
75399.3 47.9082
75493.1 47.9119
75586.9 47.9157
75680.8 47.9195
75774.6 47.9232
75868.4 47.927
75962.3 47.9307
76056.1 47.9345
76150 47.9382
76243.9 47.9419
76337.8 47.9457
76431.7 47.9494
76525.6 47.9531
76619.5 47.9568
76713.4 47.9605
76807.3 47.9643
76901.2 47.968
76995.2 47.9717
77089.1 47.9753
77183.1 47.979
77277 47.9827
77371 47.9864
77465 47.9901
77558.9 47.9937
77652.9 47.9974
77746.9 48.0011
77840.9 48.0047
77934.9 48.0084
78028.9 48.012
78123 48.0157
78217 48.0193
78311 48.0229
78405.1 48.0266
78499.1 48.0302
78593.2 48.0338
78687.3 48.0374
78781.4 48.041
78875.4 48.0447
78969.5 48.0483
79063.6 48.0519
79157.7 48.0555
79251.8 48.059
79345.9 48.0626
79440.1 48.0662
79534.2 48.0698
79628.3 48.0734
79722.5 48.0769
79816.6 48.0805
79910.8 48.0841
80005 48.0876
80099.2 48.0912
80193.3 48.0947
80287.5 48.0983
80381.7 48.1018
80475.9 48.1053
80570.1 48.1089
80664.4 48.1124
80758.6 48.1159
80852.8 48.1194
80947.1 48.1229
81041.3 48.1264
81135.5 48.1299
81229.8 48.1334
81324.1 48.1369
81418.3 48.1404
81512.6 48.1439
81606.9 48.1474
81701.2 48.1509
81795.5 48.1544
81889.8 48.1578
81984.1 48.1613
82078.5 48.1648
82172.8 48.1682
82267.1 48.1717
82361.5 48.1751
82455.8 48.1786
82550.2 48.182
82644.5 48.1855
82738.9 48.1889
82833.3 48.1923
82927.7 48.1958
83022.1 48.1992
83116.5 48.2026
83210.9 48.206
83305.3 48.2094
83399.7 48.2128
83494.1 48.2162
83588.6 48.2196
83683 48.223
83777.4 48.2264
83871.9 48.2298
83966.4 48.2332
84060.8 48.2366
84155.3 48.24
84249.8 48.2433
84344.3 48.2467
84438.8 48.2501
84533.3 48.2534
84627.8 48.2568
84722.3 48.2601
84816.8 48.2635
84911.3 48.2668
85005.9 48.2702
85100.4 48.2735
85194.9 48.2768
85289.5 48.2802
85384.1 48.2835
85478.6 48.2868
85573.2 48.2901
85667.8 48.2935
85762.4 48.2968
85857 48.3001
85951.6 48.3034
86046.2 48.3067
86140.8 48.31
86235.4 48.3133
86330 48.3166
86424.7 48.3198
86519.3 48.3231
86613.9 48.3264
86708.6 48.3297
86803.3 48.3329
86897.9 48.3362
86992.6 48.3395
87087.3 48.3427
87182 48.346
87276.7 48.3493
87371.4 48.3525
87466.1 48.3557
87560.8 48.359
87655.5 48.3622
87750.2 48.3655
87844.9 48.3687
87939.7 48.3719
88034.4 48.3751
88129.2 48.3784
88223.9 48.3816
88318.7 48.3848
88413.5 48.388
88508.2 48.3912
88603 48.3944
88697.8 48.3976
88792.6 48.4008
88887.4 48.404
88982.2 48.4072
89077 48.4104
89171.9 48.4136
89266.7 48.4167
89361.5 48.4199
89456.4 48.4231
89551.2 48.4263
89646 48.4294
89740.9 48.4326
89835.8 48.4357
89930.6 48.4389
90025.5 48.4421
90120.4 48.4452
90215.3 48.4483
90310.2 48.4515
90405.1 48.4546
90500 48.4578
90594.9 48.4609
90689.8 48.464
90784.8 48.4671
90879.7 48.4703
90974.6 48.4734
91069.6 48.4765
91164.5 48.4796
91259.5 48.4827
91354.5 48.4858
91449.4 48.4889
91544.4 48.492
91639.4 48.4951
91734.4 48.4982
91829.4 48.5013
91924.4 48.5044
92019.4 48.5075
92114.4 48.5105
92209.4 48.5136
92304.5 48.5167
92399.5 48.5198
92494.5 48.5228
92589.6 48.5259
92684.6 48.529
92779.7 48.532
92874.8 48.5351
92969.8 48.5381
93064.9 48.5412
93160 48.5442
93255.1 48.5472
93350.2 48.5503
93445.3 48.5533
93540.4 48.5563
93635.5 48.5594
93730.6 48.5624
93825.7 48.5654
93920.9 48.5684
94016 48.5714
94111.1 48.5745
94206.3 48.5775
94301.5 48.5805
94396.6 48.5835
94491.8 48.5865
94587 48.5895
94682.1 48.5925
94777.3 48.5955
94872.5 48.5984
94967.7 48.6014
95062.9 48.6044
95158.1 48.6074
95253.3 48.6104
95348.5 48.6133
95443.8 48.6163
95539 48.6193
95634.3 48.6222
95729.5 48.6252
95824.7 48.6282
95920 48.6311
96015.3 48.6341
96110.5 48.637
96205.8 48.6399
96301.1 48.6429
96396.4 48.6458
96491.7 48.6488
96587 48.6517
96682.3 48.6546
96777.6 48.6576
96872.9 48.6605
96968.2 48.6634
97063.5 48.6663
97158.9 48.6692
97254.2 48.6721
97349.6 48.6751
97444.9 48.678
97540.3 48.6809
97635.6 48.6838
97731 48.6867
97826.4 48.6896
97921.8 48.6925
98017.1 48.6953
98112.5 48.6982
98207.9 48.7011
98303.3 48.704
98398.7 48.7069
98494.1 48.7097
98589.6 48.7126
98685 48.7155
98780.4 48.7184
98875.9 48.7212
98971.3 48.7241
99066.7 48.7269
99162.2 48.7298
99257.7 48.7326
99353.1 48.7355
99448.6 48.7383
99544.1 48.7412
99639.6 48.744
99735 48.7469
99830.5 48.7497
99926 48.7525
100022 48.7554
100117 48.7582
100213 48.761
100308 48.7638
100404 48.7667
100499 48.7695
100595 48.7723
100690 48.7751
100786 48.7779
100881 48.7807
100977 48.7835
101072 48.7863
101168 48.7891
101264 48.7919
101359 48.7947
101455 48.7975
101550 48.8003
101646 48.8031
101742 48.8058
101837 48.8086
101933 48.8114
102028 48.8142
102124 48.8169
102220 48.8197
102315 48.8225
102411 48.8252
102507 48.828
102602 48.8308
102698 48.8335
102794 48.8363
102889 48.839
102985 48.8418
103081 48.8445
103176 48.8472
103272 48.85
103368 48.8527
103463 48.8555
103559 48.8582
103655 48.8609
103751 48.8636
103846 48.8664
103942 48.8691
104038 48.8718
104134 48.8745
104229 48.8772
104325 48.8799
104421 48.8827
104517 48.8854
104612 48.8881
104708 48.8908
104804 48.8935
104900 48.8962
104995 48.8989
105091 48.9015
105187 48.9042
105283 48.9069
105379 48.9096
105475 48.9123
105570 48.915
105666 48.9176
105762 48.9203
105858 48.923
105954 48.9256
106050 48.9283
106145 48.931
106241 48.9336
106337 48.9363
106433 48.939
106529 48.9416
106625 48.9443
106721 48.9469
106817 48.9496
106912 48.9522
107008 48.9548
107104 48.9575
107200 48.9601
107296 48.9627
107392 48.9654
107488 48.968
107584 48.9706
107680 48.9733
107776 48.9759
107872 48.9785
107968 48.9811
108064 48.9837
108160 48.9864
108256 48.989
108352 48.9916
108448 48.9942
108544 48.9968
108640 48.9994
108736 49.002
108832 49.0046
108928 49.0072
109024 49.0098
109120 49.0123
109216 49.0149
109312 49.0175
109408 49.0201
109504 49.0227
109600 49.0253
109696 49.0278
109792 49.0304
109888 49.033
109984 49.0355
110080 49.0381
110176 49.0407
110272 49.0432
110368 49.0458
110464 49.0484
110560 49.0509
110657 49.0535
110753 49.056
110849 49.0586
110945 49.0611
111041 49.0637
111137 49.0662
111233 49.0687
111329 49.0713
111426 49.0738
111522 49.0763
111618 49.0789
111714 49.0814
111810 49.0839
111906 49.0864
112003 49.089
112099 49.0915
112195 49.094
112291 49.0965
112387 49.099
112483 49.1015
112580 49.1041
112676 49.1066
112772 49.1091
112868 49.1116
112965 49.1141
113061 49.1166
113157 49.1191
113253 49.1216
113349 49.124
113446 49.1265
113542 49.129
113638 49.1315
113734 49.134
113831 49.1365
113927 49.1389
114023 49.1414
114120 49.1439
114216 49.1464
114312 49.1488
114408 49.1513
114505 49.1538
114601 49.1562
114697 49.1587
114794 49.1611
114890 49.1636
114986 49.1661
115083 49.1685
115179 49.171
115275 49.1734
115372 49.1759
115468 49.1783
115564 49.1807
115661 49.1832
115757 49.1856
115854 49.1881
115950 49.1905
116046 49.1929
116143 49.1954
116239 49.1978
116335 49.2002
116432 49.2026
116528 49.205
116625 49.2075
116721 49.2099
116818 49.2123
116914 49.2147
117010 49.2171
117107 49.2195
117203 49.2219
117300 49.2243
117396 49.2267
117493 49.2291
117589 49.2315
117686 49.2339
117782 49.2363
117878 49.2387
117975 49.2411
118071 49.2435
118168 49.2459
118264 49.2483
118361 49.2507
118457 49.253
118554 49.2554
118650 49.2578
118747 49.2602
118843 49.2626
118940 49.2649
119036 49.2673
119133 49.2697
119230 49.272
119326 49.2744
119423 49.2768
119519 49.2791
119616 49.2815
119712 49.2838
119809 49.2862
119905 49.2885
120002 49.2909
120099 49.2932
120195 49.2956
120292 49.2979
120388 49.3003
120485 49.3026
120582 49.3049
120678 49.3073
120775 49.3096
120871 49.3119
120968 49.3143
121065 49.3166
121161 49.3189
121258 49.3213
121355 49.3236
121451 49.3259
121548 49.3282
121645 49.3305
121741 49.3328
121838 49.3352
121935 49.3375
122031 49.3398
122128 49.3421
122225 49.3444
122321 49.3467
122418 49.349
122515 49.3513
122611 49.3536
122708 49.3559
122805 49.3582
122902 49.3605
122998 49.3628
123095 49.3651
123192 49.3674
123288 49.3697
123385 49.3719
123482 49.3742
123579 49.3765
123675 49.3788
123772 49.3811
123869 49.3833
123966 49.3856
124062 49.3879
124159 49.3901
124256 49.3924
124353 49.3947
124450 49.3969
124546 49.3992
124643 49.4015
124740 49.4037
124837 49.406
124934 49.4082
125030 49.4105
125127 49.4127
125224 49.415
125321 49.4172
125418 49.4195
125515 49.4217
125611 49.424
125708 49.4262
125805 49.4284
125902 49.4307
125999 49.4329
126096 49.4352
126193 49.4374
126289 49.4396
126386 49.4418
126483 49.4441
126580 49.4463
126677 49.4485
126774 49.4507
126871 49.453
126968 49.4552
127065 49.4574
127162 49.4596
127258 49.4618
127355 49.464
127452 49.4663
127549 49.4685
127646 49.4707
127743 49.4729
127840 49.4751
127937 49.4773
128034 49.4795
128131 49.4817
128228 49.4839
128325 49.4861
128422 49.4883
128519 49.4904
128616 49.4926
128713 49.4948
128810 49.497
128907 49.4992
129004 49.5014
129101 49.5036
129198 49.5057
129295 49.5079
129392 49.5101
129489 49.5123
129586 49.5144
129683 49.5166
129780 49.5188
129877 49.5209
129974 49.5231
130071 49.5253
130168 49.5274
130265 49.5296
130362 49.5318
130459 49.5339
130556 49.5361
130653 49.5382
130750 49.5404
130848 49.5425
130945 49.5447
131042 49.5468
131139 49.549
131236 49.5511
131333 49.5533
131430 49.5554
131527 49.5575
131624 49.5597
131721 49.5618
131819 49.5639
131916 49.5661
132013 49.5682
132110 49.5703
132207 49.5725
132304 49.5746
132401 49.5767
132499 49.5788
132596 49.581
132693 49.5831
132790 49.5852
132887 49.5873
132984 49.5894
133082 49.5916
133179 49.5937
133276 49.5958
133373 49.5979
133470 49.6
133568 49.6021
133665 49.6042
133762 49.6063
133859 49.6084
133956 49.6105
134054 49.6126
134151 49.6147
134248 49.6168
134345 49.6189
134443 49.621
134540 49.6231
134637 49.6252
134734 49.6273
134832 49.6293
134929 49.6314
135026 49.6335
135123 49.6356
135221 49.6377
135318 49.6398
135415 49.6418
135512 49.6439
135610 49.646
135707 49.6481
135804 49.6501
135902 49.6522
135999 49.6543
136096 49.6563
136194 49.6584
136291 49.6605
136388 49.6625
136485 49.6646
136583 49.6666
136680 49.6687
136777 49.6708
136875 49.6728
136972 49.6749
137070 49.6769
137167 49.679
137264 49.681
137362 49.6831
137459 49.6851
137556 49.6871
137654 49.6892
137751 49.6912
137848 49.6933
137946 49.6953
138043 49.6973
138141 49.6994
138238 49.7014
138335 49.7034
138433 49.7055
138530 49.7075
138628 49.7095
138725 49.7116
138823 49.7136
138920 49.7156
139017 49.7176
139115 49.7197
139212 49.7217
139310 49.7237
139407 49.7257
139505 49.7277
139602 49.7297
139700 49.7317
139797 49.7338
139894 49.7358
139992 49.7378
140089 49.7398
140187 49.7418
140284 49.7438
140382 49.7458
140479 49.7478
140577 49.7498
140674 49.7518
140772 49.7538
140869 49.7558
140967 49.7578
141064 49.7598
141162 49.7618
141259 49.7637
141357 49.7657
141454 49.7677
141552 49.7697
141650 49.7717
141747 49.7737
141845 49.7757
141942 49.7776
142040 49.7796
142137 49.7816
142235 49.7836
142332 49.7855
142430 49.7875
142528 49.7895
142625 49.7915
142723 49.7934
142820 49.7954
142918 49.7974
143016 49.7993
143113 49.8013
143211 49.8032
143308 49.8052
143406 49.8072
143504 49.8091
143601 49.8111
143699 49.813
143796 49.815
143894 49.8169
143992 49.8189
144089 49.8208
144187 49.8228
144285 49.8247
144382 49.8267
144480 49.8286
144578 49.8306
144675 49.8325
144773 49.8344
144871 49.8364
144968 49.8383
145066 49.8403
145164 49.8422
145261 49.8441
145359 49.8461
145457 49.848
145554 49.8499
145652 49.8518
145750 49.8538
145847 49.8557
145945 49.8576
146043 49.8595
146141 49.8615
146238 49.8634
146336 49.8653
146434 49.8672
146532 49.8691
146629 49.8711
146727 49.873
146825 49.8749
146923 49.8768
147020 49.8787
147118 49.8806
147216 49.8825
147314 49.8844
147411 49.8863
147509 49.8882
147607 49.8901
147705 49.892
147802 49.8939
147900 49.8958
147998 49.8977
148096 49.8996
148194 49.9015
148291 49.9034
148389 49.9053
148487 49.9072
148585 49.9091
148683 49.911
148780 49.9129
148878 49.9147
148976 49.9166
149074 49.9185
149172 49.9204
149270 49.9223
149368 49.9242
149465 49.926
149563 49.9279
149661 49.9298
149759 49.9317
149857 49.9335
149955 49.9354
150053 49.9373
150150 49.9391
150248 49.941
150346 49.9429
150444 49.9447
150542 49.9466
150640 49.9485
150738 49.9503
150836 49.9522
150934 49.9541
151031 49.9559
151129 49.9578
151227 49.9596
151325 49.9615
151423 49.9633
151521 49.9652
151619 49.967
151717 49.9689
151815 49.9707
151913 49.9726
152011 49.9744
152109 49.9763
152207 49.9781
152305 49.98
152403 49.9818
152500 49.9836
152598 49.9855
152696 49.9873
152794 49.9891
152892 49.991
152990 49.9928
153088 49.9946
153186 49.9965
153284 49.9983
153382 50.0001
153480 50.002
153578 50.0038
153676 50.0056
153774 50.0074
153872 50.0093
153970 50.0111
154068 50.0129
154166 50.0147
154264 50.0165
154362 50.0184
154461 50.0202
154559 50.022
154657 50.0238
154755 50.0256
154853 50.0274
154951 50.0292
155049 50.0311
155147 50.0329
155245 50.0347
155343 50.0365
155441 50.0383
155539 50.0401
155637 50.0419
155735 50.0437
155833 50.0455
155932 50.0473
156030 50.0491
156128 50.0509
156226 50.0527
156324 50.0545
156422 50.0563
156520 50.058
156618 50.0598
156716 50.0616
156815 50.0634
156913 50.0652
157011 50.067
157109 50.0688
157207 50.0706
157305 50.0723
157403 50.0741
157501 50.0759
157600 50.0777
157698 50.0795
157796 50.0812
157894 50.083
157992 50.0848
158090 50.0866
158189 50.0883
158287 50.0901
158385 50.0919
158483 50.0936
158581 50.0954
158680 50.0972
158778 50.0989
158876 50.1007
158974 50.1025
159072 50.1042
159171 50.106
159269 50.1077
159367 50.1095
159465 50.1113
159563 50.113
159662 50.1148
159760 50.1165
159858 50.1183
159956 50.12
160055 50.1218
160153 50.1235
160251 50.1253
160349 50.127
160448 50.1288
160546 50.1305
160644 50.1323
160742 50.134
160841 50.1358
160939 50.1375
161037 50.1392
161135 50.141
161234 50.1427
161332 50.1445
161430 50.1462
161529 50.1479
161627 50.1497
161725 50.1514
161823 50.1531
161922 50.1549
162020 50.1566
162118 50.1583
162217 50.16
162315 50.1618
162413 50.1635
162512 50.1652
162610 50.1669
162708 50.1687
162807 50.1704
162905 50.1721
163003 50.1738
163102 50.1755
163200 50.1773
163298 50.179
163397 50.1807
163495 50.1824
163593 50.1841
163692 50.1858
163790 50.1875
163889 50.1892
163987 50.191
164085 50.1927
164184 50.1944
164282 50.1961
164381 50.1978
164479 50.1995
164577 50.2012
164676 50.2029
164774 50.2046
164873 50.2063
164971 50.208
165069 50.2097
165168 50.2114
165266 50.2131
165365 50.2148
165463 50.2165
165562 50.2181
165660 50.2198
165758 50.2215
165857 50.2232
165955 50.2249
166054 50.2266
166152 50.2283
166251 50.23
166349 50.2316
166448 50.2333
166546 50.235
166644 50.2367
166743 50.2384
166841 50.24
166940 50.2417
167038 50.2434
167137 50.2451
167235 50.2467
167334 50.2484
167432 50.2501
167531 50.2518
167629 50.2534
167728 50.2551
167826 50.2568
167925 50.2584
168023 50.2601
168122 50.2618
168220 50.2634
168319 50.2651
168418 50.2668
168516 50.2684
168615 50.2701
168713 50.2717
168812 50.2734
168910 50.2751
169009 50.2767
169107 50.2784
169206 50.28
169304 50.2817
169403 50.2833
169502 50.285
169600 50.2866
169699 50.2883
169797 50.2899
169896 50.2916
169994 50.2932
170093 50.2949
170192 50.2965
170290 50.2982
170389 50.2998
170487 50.3014
170586 50.3031
170685 50.3047
170783 50.3064
170882 50.308
170980 50.3096
171079 50.3113
171178 50.3129
171276 50.3145
171375 50.3162
171474 50.3178
171572 50.3194
171671 50.3211
171770 50.3227
171868 50.3243
171967 50.326
172065 50.3276
172164 50.3292
172263 50.3308
172361 50.3325
172460 50.3341
172559 50.3357
172657 50.3373
172756 50.3389
172855 50.3406
172953 50.3422
173052 50.3438
173151 50.3454
173250 50.347
173348 50.3486
173447 50.3503
173546 50.3519
173644 50.3535
173743 50.3551
173842 50.3567
173940 50.3583
174039 50.3599
174138 50.3615
174237 50.3631
174335 50.3647
174434 50.3663
174533 50.3679
174632 50.3695
174730 50.3711
174829 50.3727
174928 50.3743
175027 50.3759
175125 50.3775
175224 50.3791
175323 50.3807
175422 50.3823
175520 50.3839
175619 50.3855
175718 50.3871
175817 50.3887
175915 50.3903
176014 50.3919
176113 50.3935
176212 50.3951
176311 50.3966
176409 50.3982
176508 50.3998
176607 50.4014
176706 50.403
176805 50.4046
176903 50.4061
177002 50.4077
177101 50.4093
177200 50.4109
177299 50.4125
177397 50.414
177496 50.4156
177595 50.4172
177694 50.4188
177793 50.4203
177892 50.4219
177990 50.4235
178089 50.425
178188 50.4266
178287 50.4282
178386 50.4297
178485 50.4313
178584 50.4329
178682 50.4344
178781 50.436
178880 50.4376
178979 50.4391
179078 50.4407
179177 50.4423
179276 50.4438
179375 50.4454
179474 50.4469
179572 50.4485
179671 50.45
179770 50.4516
179869 50.4532
179968 50.4547
180067 50.4563
180166 50.4578
180265 50.4594
180364 50.4609
180463 50.4625
180562 50.464
180660 50.4656
180759 50.4671
180858 50.4687
180957 50.4702
181056 50.4717
181155 50.4733
181254 50.4748
181353 50.4764
181452 50.4779
181551 50.4795
181650 50.481
181749 50.4825
181848 50.4841
181947 50.4856
182046 50.4871
182145 50.4887
182244 50.4902
182343 50.4917
182442 50.4933
182541 50.4948
182640 50.4963
182739 50.4979
182838 50.4994
182937 50.5009
183036 50.5024
183135 50.504
183234 50.5055
183333 50.507
183432 50.5085
183531 50.5101
183630 50.5116
