0 0
0.0206012 0.0634038
0.0454037 0.126816
0.0743819 0.190245
0.10751 0.253699
0.144764 0.317187
0.186118 0.380717
0.231547 0.444298
0.281025 0.507938
0.334527 0.571646
0.392028 0.635431
0.453502 0.699299
0.518923 0.76326
0.588265 0.82732
0.661501 0.891488
0.738603 0.95577
0.819545 1.02017
0.904297 1.0847
0.992831 1.14937
1.08512 1.21417
1.18112 1.27911
1.28082 1.3442
1.38417 1.40944
1.49114 1.47482
1.6017 1.54035
1.71581 1.60604
1.83344 1.67186
1.95453 1.73783
2.07906 1.80393
2.20698 1.87015
2.33824 1.93649
2.4728 2.00294
2.61062 2.06946
2.75164 2.13606
2.89582 2.2027
3.0431 2.26937
3.19343 2.33603
3.34676 2.40265
3.50304 2.4692
3.6622 2.53565
3.8242 2.60194
3.98898 2.66804
4.15649 2.7339
4.32667 2.79946
4.49947 2.86468
4.67484 2.92949
4.85273 2.99385
5.0331 3.05768
5.2159 3.12094
5.40109 3.18356
5.58864 3.24548
5.7785 3.30665
5.97064 3.36702
6.16504 3.42652
6.36166 3.4851
6.56049 3.54273
6.7615 3.59937
6.96467 3.65497
7.16998 3.7095
7.37742 3.76293
7.58697 3.81526
7.79861 3.86645
8.01234 3.9165
8.22813 3.9654
8.44597 4.01315
8.66584 4.05976
8.88773 4.10522
9.11162 4.14955
9.33749 4.19276
9.56532 4.23487
9.7951 4.2759
10.0268 4.31586
10.2604 4.35478
10.4959 4.39268
10.7332 4.42959
10.9724 4.46553
11.2133 4.50052
11.456 4.5346
11.7005 4.56779
11.9468 4.60012
12.1947 4.63161
12.4443 4.66229
12.6955 4.69218
12.9483 4.72131
13.2028 4.74971
13.4588 4.77739
13.7163 4.80439
13.9754 4.83072
14.2359 4.85641
14.4979 4.88148
14.7613 4.90594
15.0261 4.92983
15.2923 4.95316
15.5599 4.97594
15.8288 4.9982
16.099 5.01995
16.3704 5.04122
16.6432 5.06201
16.9171 5.08234
17.1923 5.10223
17.4687 5.1217
17.7463 5.14074
18.025 5.15939
18.3048 5.17765
18.5858 5.19554
18.8678 5.21306
19.151 5.23022
19.4351 5.24705
19.7203 5.26355
20.0066 5.27972
20.2938 5.29559
20.582 5.31115
20.8712 5.32642
21.1613 5.34141
21.4524 5.35612
21.7444 5.37056
22.0373 5.38475
22.3311 5.39868
22.6257 5.41237
22.9213 5.42582
23.2177 5.43903
23.5149 5.45203
23.8129 5.4648
24.1118 5.47736
24.4114 5.48972
24.7118 5.50187
25.013 5.51383
25.315 5.52559
25.6177 5.53717
25.9212 5.54857
26.2254 5.55979
26.5303 5.57085
26.8359 5.58173
27.1422 5.59245
27.4492 5.60301
27.7569 5.61341
28.0653 5.62366
28.3743 5.63377
28.6839 5.64372
28.9942 5.65354
29.3052 5.66322
29.6168 5.67277
29.9289 5.68218
30.2417 5.69147
30.5551 5.70063
30.8691 5.70967
31.1837 5.71858
31.4989 5.72738
31.8146 5.73607
32.1309 5.74464
32.4477 5.75311
32.7651 5.76146
33.0831 5.76971
33.4015 5.77786
33.7206 5.78591
34.0401 5.79386
34.3601 5.80171
34.6807 5.80947
35.0018 5.81713
35.3234 5.82471
35.6454 5.83219
35.968 5.83959
36.291 5.8469
36.6146 5.85413
36.9385 5.86128
37.263 5.86834
37.5879 5.87533
37.9133 5.88224
38.2391 5.88907
38.5654 5.89583
38.8922 5.90251
39.2193 5.90913
39.5469 5.91567
39.8749 5.92214
40.2034 5.92854
40.5323 5.93488
40.8615 5.94115
41.1912 5.94736
41.5214 5.95351
41.8519 5.95959
42.1828 5.96561
42.5141 5.97157
42.8458 5.97747
43.1779 5.98331
43.5104 5.9891
43.8432 5.99483
44.1764 6.0005
44.51 6.00613
44.844 6.01169
45.1784 6.01721
45.5131 6.02267
45.8481 6.02808
46.1835 6.03344
46.5193 6.03876
46.8554 6.04402
47.1919 6.04924
47.5287 6.0544
47.8659 6.05953
48.2034 6.06461
48.5412 6.06964
48.8794 6.07463
49.2179 6.07957
49.5567 6.08447
49.8958 6.08933
50.2353 6.09415
50.5751 6.09893
50.9152 6.10367
51.2556 6.10836
51.5963 6.11302
51.9373 6.11764
52.2787 6.12222
52.6203 6.12677
52.9622 6.13127
53.3045 6.13574
53.647 6.14018
53.9898 6.14458
54.3329 6.14894
54.6763 6.15327
55.02 6.15757
55.364 6.16183
55.7083 6.16606
56.0528 6.17025
56.3976 6.17442
56.7427 6.17855
57.0881 6.18265
57.4337 6.18672
57.7796 6.19076
58.1258 6.19477
58.4722 6.19875
58.8189 6.2027
59.1659 6.20662
59.5131 6.21051
59.8606 6.21438
60.2083 6.21821
60.5563 6.22202
60.9045 6.2258
61.253 6.22956
61.6018 6.23329
61.9508 6.23699
62.3 6.24066
62.6495 6.24432
62.9992 6.24794
63.3492 6.25154
63.6994 6.25512
64.0498 6.25867
64.4005 6.2622
64.7514 6.2657
65.1025 6.26918
65.4539 6.27264
65.8055 6.27607
66.1573 6.27948
66.5093 6.28287
66.8616 6.28623
67.2141 6.28958
67.5668 6.2929
67.9198 6.2962
68.273 6.29948
68.6263 6.30274
68.9799 6.30598
69.3337 6.3092
69.6878 6.3124
70.042 6.31558
70.3964 6.31873
70.7511 6.32187
71.106 6.32499
71.461 6.32809
71.8163 6.33117
72.1718 6.33423
72.5275 6.33728
72.8834 6.3403
73.2395 6.34331
73.5957 6.3463
73.9522 6.34927
74.3089 6.35222
74.6658 6.35516
75.0229 6.35808
75.3801 6.36098
75.7376 6.36386
76.0952 6.36673
76.4531 6.36958
76.8111 6.37242
77.1693 6.37524
77.5277 6.37804
77.8863 6.38083
78.2451 6.3836
78.6041 6.38636
78.9632 6.3891
79.3226 6.39182
79.6821 6.39453
80.0418 6.39723
80.4016 6.39991
80.7617 6.40257
81.1219 6.40522
81.4823 6.40786
81.8429 6.41048
82.2036 6.41309
82.5645 6.41568
82.9256 6.41826
83.2869 6.42083
83.6483 6.42338
84.0099 6.42592
84.3717 6.42845
84.7337 6.43096
85.0958 6.43346
85.4581 6.43595
85.8205 6.43842
86.1831 6.44088
86.5459 6.44333
86.9088 6.44577
87.2719 6.44819
87.6352 6.4506
87.9986 6.453
88.3622 6.45539
88.7259 6.45776
89.0898 6.46013
89.4538 6.46248
89.818 6.46482
90.1824 6.46715
90.5469 6.46946
90.9116 6.47177
91.2764 6.47406
91.6414 6.47635
92.0065 6.47862
92.3718 6.48088
92.7372 6.48313
93.1028 6.48537
93.4685 6.4876
93.8344 6.48982
94.2004 6.49202
94.5666 6.49422
94.9329 6.49641
95.2994 6.49858
95.666 6.50075
96.0328 6.50291
96.3997 6.50505
96.7667 6.50719
97.1339 6.50932
97.5012 6.51143
97.8687 6.51354
98.2363 6.51564
98.604 6.51772
98.9719 6.5198
99.3399 6.52187
99.7081 6.52393
100.076 6.52598
100.445 6.52802
100.813 6.53006
101.182 6.53208
101.551 6.53409
101.92 6.5361
102.289 6.5381
102.658 6.54008
103.028 6.54206
103.397 6.54403
103.767 6.546
104.136 6.54795
104.506 6.5499
104.876 6.55183
105.247 6.55376
105.617 6.55568
105.987 6.55759
106.358 6.5595
106.728 6.5614
107.099 6.56328
107.47 6.56516
107.841 6.56704
108.212 6.5689
108.584 6.57076
108.955 6.57261
109.327 6.57445
109.698 6.57629
110.07 6.57811
110.442 6.57993
110.814 6.58174
111.186 6.58355
111.558 6.58534
111.931 6.58713
112.303 6.58892
112.676 6.59069
113.049 6.59246
113.421 6.59422
113.794 6.59598
114.167 6.59773
114.541 6.59947
114.914 6.6012
115.287 6.60293
115.661 6.60465
116.035 6.60636
116.408 6.60807
116.782 6.60977
117.156 6.61146
117.53 6.61315
117.905 6.61483
118.279 6.61651
118.653 6.61817
119.028 6.61984
119.403 6.62149
119.777 6.62314
120.152 6.62478
120.527 6.62642
120.902 6.62805
121.278 6.62968
121.653 6.63129
122.028 6.63291
122.404 6.63451
122.78 6.63611
123.155 6.63771
123.531 6.6393
123.907 6.64088
124.283 6.64246
124.66 6.64403
125.036 6.6456
125.412 6.64716
125.789 6.64871
126.165 6.65026
126.542 6.6518
126.919 6.65334
127.296 6.65487
127.673 6.6564
128.05 6.65792
128.427 6.65944
128.804 6.66095
129.182 6.66245
129.559 6.66395
129.937 6.66545
130.315 6.66694
130.692 6.66842
131.07 6.6699
131.448 6.67138
131.826 6.67285
132.205 6.67431
132.583 6.67577
132.961 6.67722
133.34 6.67867
133.718 6.68012
134.097 6.68156
134.476 6.68299
134.855 6.68442
135.234 6.68584
135.613 6.68726
135.992 6.68868
136.371 6.69009
136.751 6.6915
137.13 6.6929
137.51 6.69429
137.889 6.69568
138.269 6.69707
138.649 6.69845
139.029 6.69983
139.409 6.70121
139.789 6.70258
140.169 6.70394
140.549 6.7053
140.93 6.70666
141.31 6.70801
141.691 6.70935
142.071 6.7107
142.452 6.71204
142.833 6.71337
143.214 6.7147
143.595 6.71603
143.976 6.71735
144.357 6.71866
144.738 6.71998
145.12 6.72129
145.501 6.72259
145.883 6.72389
146.264 6.72519
146.646 6.72648
147.028 6.72777
147.41 6.72905
147.791 6.73034
148.174 6.73161
148.556 6.73288
148.938 6.73415
149.32 6.73542
149.702 6.73668
150.085 6.73794
150.467 6.73919
150.85 6.74044
151.233 6.74169
151.616 6.74293
151.999 6.74417
152.381 6.7454
152.764 6.74663
153.148 6.74786
153.531 6.74908
153.914 6.7503
154.297 6.75152
154.681 6.75273
155.064 6.75394
155.448 6.75515
155.832 6.75635
156.215 6.75755
156.599 6.75874
156.983 6.75993
157.367 6.76112
157.751 6.76231
158.136 6.76349
158.52 6.76467
158.904 6.76584
159.288 6.76701
159.673 6.76818
160.058 6.76934
160.442 6.7705
160.827 6.77166
161.212 6.77281
161.596 6.77396
161.981 6.77511
162.366 6.77626
162.752 6.7774
163.137 6.77853
163.522 6.77967
163.907 6.7808
164.293 6.78193
164.678 6.78305
165.064 6.78418
165.449 6.7853
165.835 6.78641
166.221 6.78752
166.607 6.78863
166.993 6.78974
167.378 6.79084
167.765 6.79194
168.151 6.79304
168.537 6.79414
168.923 6.79523
169.31 6.79632
169.696 6.7974
170.082 6.79848
170.469 6.79956
170.856 6.80064
171.242 6.80171
171.629 6.80278
172.016 6.80385
172.403 6.80492
172.79 6.80598
173.177 6.80704
173.564 6.8081
173.951 6.80915
174.339 6.8102
174.726 6.81125
175.114 6.81229
175.501 6.81334
175.889 6.81438
176.276 6.81541
176.664 6.81645
177.052 6.81748
177.44 6.81851
177.827 6.81954
178.215 6.82056
178.603 6.82158
178.992 6.8226
179.38 6.82362
179.768 6.82463
180.156 6.82564
180.545 6.82665
180.933 6.82765
181.322 6.82866
181.71 6.82966
182.099 6.83066
182.488 6.83165
182.876 6.83264
183.265 6.83364
183.654 6.83462
184.043 6.83561
184.432 6.83659
184.821 6.83757
185.21 6.83855
185.6 6.83953
185.989 6.8405
186.378 6.84147
186.768 6.84244
187.157 6.8434
187.547 6.84437
187.937 6.84533
188.326 6.84629
188.716 6.84724
189.106 6.8482
189.496 6.84915
189.886 6.8501
190.276 6.85105
190.666 6.85199
191.056 6.85293
191.446 6.85387
191.836 6.85481
192.227 6.85575
192.617 6.85668
193.008 6.85761
193.398 6.85854
193.789 6.85947
194.179 6.86039
194.57 6.86132
194.961 6.86224
195.352 6.86315
195.742 6.86407
196.133 6.86498
196.524 6.86589
196.915 6.8668
197.307 6.86771
197.698 6.86862
198.089 6.86952
198.48 6.87042
198.872 6.87132
199.263 6.87221
199.655 6.87311
200.046 6.874
200.438 6.87489
200.829 6.87578
201.221 6.87667
201.613 6.87755
202.005 6.87843
202.397 6.87931
202.789 6.88019
203.181 6.88107
203.573 6.88194
203.965 6.88281
204.357 6.88368
204.749 6.88455
205.142 6.88542
205.534 6.88628
205.926 6.88714
206.319 6.888
206.711 6.88886
207.104 6.88972
207.497 6.89057
207.889 6.89142
208.282 6.89227
208.675 6.89312
209.068 6.89397
209.461 6.89481
209.854 6.89566
210.247 6.8965
210.64 6.89734
211.033 6.89818
211.426 6.89901
211.82 6.89985
212.213 6.90068
212.606 6.90151
213 6.90234
213.393 6.90316
213.787 6.90399
214.18 6.90481
214.574 6.90563
214.968 6.90645
215.362 6.90727
215.755 6.90808
216.149 6.9089
216.543 6.90971
216.937 6.91052
217.331 6.91133
217.725 6.91214
218.119 6.91294
218.514 6.91374
218.908 6.91455
219.302 6.91535
219.697 6.91614
220.091 6.91694
220.485 6.91774
220.88 6.91853
221.275 6.91932
221.669 6.92011
222.064 6.9209
222.459 6.92169
222.853 6.92247
223.248 6.92325
223.643 6.92404
224.038 6.92482
224.433 6.9256
224.828 6.92637
225.223 6.92715
225.618 6.92792
226.013 6.92869
226.409 6.92946
226.804 6.93023
227.199 6.931
227.595 6.93177
227.99 6.93253
228.386 6.93329
228.781 6.93405
229.177 6.93481
229.573 6.93557
229.968 6.93633
230.364 6.93708
230.76 6.93784
231.156 6.93859
231.552 6.93934
231.948 6.94009
232.344 6.94083
232.74 6.94158
233.136 6.94232
233.532 6.94307
233.928 6.94381
234.324 6.94455
234.721 6.94529
235.117 6.94602
235.513 6.94676
235.91 6.94749
236.306 6.94822
236.703 6.94895
237.1 6.94968
237.496 6.95041
237.893 6.95114
238.29 6.95186
238.686 6.95259
239.083 6.95331
239.48 6.95403
239.877 6.95475
240.274 6.95547
240.671 6.95619
241.068 6.9569
241.465 6.95761
241.863 6.95833
242.26 6.95904
242.657 6.95975
243.054 6.96046
243.452 6.96116
243.849 6.96187
244.247 6.96257
244.644 6.96328
245.042 6.96398
245.439 6.96468
245.837 6.96538
246.235 6.96608
246.632 6.96677
247.03 6.96747
247.428 6.96816
247.826 6.96885
248.224 6.96954
248.622 6.97023
249.02 6.97092
249.418 6.97161
249.816 6.97229
250.214 6.97298
250.612 6.97366
251.011 6.97434
251.409 6.97503
251.807 6.9757
252.206 6.97638
252.604 6.97706
253.003 6.97774
253.401 6.97841
253.8 6.97908
254.198 6.97975
254.597 6.98043
254.996 6.98109
255.394 6.98176
255.793 6.98243
256.192 6.9831
256.591 6.98376
256.99 6.98442
257.389 6.98509
257.788 6.98575
258.187 6.98641
258.586 6.98706
258.985 6.98772
259.384 6.98838
259.783 6.98903
260.183 6.98969
260.582 6.99034
260.981 6.99099
261.381 6.99164
261.78 6.99229
262.18 6.99294
262.579 6.99358
262.979 6.99423
263.378 6.99487
263.778 6.99552
264.178 6.99616
264.577 6.9968
264.977 6.99744
265.377 6.99808
265.777 6.99871
266.177 6.99935
266.577 6.99999
266.977 7.00062
267.377 7.00125
267.777 7.00188
268.177 7.00252
268.577 7.00314
268.977 7.00377
269.378 7.0044
269.778 7.00503
270.178 7.00565
270.579 7.00628
270.979 7.0069
271.38 7.00752
271.78 7.00814
272.181 7.00876
272.581 7.00938
272.982 7.01
273.383 7.01061
273.783 7.01123
274.184 7.01185
274.585 7.01246
274.986 7.01307
275.387 7.01368
275.787 7.01429
276.188 7.0149
276.589 7.01551
276.99 7.01612
277.392 7.01672
277.793 7.01733
278.194 7.01793
278.595 7.01854
278.996 7.01914
279.397 7.01974
279.799 7.02034
280.2 7.02094
280.602 7.02153
281.003 7.02213
281.404 7.02273
281.806 7.02332
282.208 7.02392
282.609 7.02451
283.011 7.0251
283.412 7.02569
283.814 7.02628
284.216 7.02687
284.618 7.02746
285.02 7.02805
285.421 7.02863
285.823 7.02922
286.225 7.0298
286.627 7.03038
287.029 7.03097
287.431 7.03155
287.833 7.03213
288.236 7.03271
288.638 7.03329
289.04 7.03386
289.442 7.03444
289.845 7.03502
290.247 7.03559
290.649 7.03616
291.052 7.03674
291.454 7.03731
291.857 7.03788
292.259 7.03845
292.662 7.03902
293.064 7.03959
293.467 7.04015
293.87 7.04072
294.272 7.04128
294.675 7.04185
295.078 7.04241
295.481 7.04297
295.884 7.04354
296.287 7.0441
296.69 7.04466
297.092 7.04522
297.496 7.04577
297.899 7.04633
298.302 7.04689
298.705 7.04744
299.108 7.048
299.511 7.04855
299.914 7.0491
300.318 7.04966
300.721 7.05021
301.124 7.05076
301.528 7.05131
301.931 7.05186
302.335 7.0524
302.738 7.05295
303.142 7.0535
303.545 7.05404
303.949 7.05458
304.352 7.05513
304.756 7.05567
305.16 7.05621
305.564 7.05675
305.967 7.05729
306.371 7.05783
306.775 7.05837
307.179 7.05891
307.583 7.05944
307.987 7.05998
308.391 7.06051
308.795 7.06105
309.199 7.06158
309.603 7.06211
310.007 7.06265
310.411 7.06318
310.816 7.06371
311.22 7.06424
311.624 7.06476
312.028 7.06529
312.433 7.06582
312.837 7.06635
313.242 7.06687
313.646 7.0674
314.051 7.06792
314.455 7.06844
314.86 7.06896
315.264 7.06949
315.669 7.07001
316.074 7.07053
316.478 7.07104
316.883 7.07156
317.288 7.07208
317.693 7.0726
318.097 7.07311
318.502 7.07363
318.907 7.07414
319.312 7.07466
319.717 7.07517
320.122 7.07568
320.527 7.07619
320.932 7.0767
321.337 7.07721
321.743 7.07772
322.148 7.07823
322.553 7.07874
322.958 7.07924
323.363 7.07975
323.769 7.08026
324.174 7.08076
324.579 7.08126
324.985 7.08177
325.39 7.08227
325.796 7.08277
326.201 7.08327
326.607 7.08377
327.013 7.08427
327.418 7.08477
327.824 7.08527
328.229 7.08576
328.635 7.08626
329.041 7.08676
329.447 7.08725
329.853 7.08775
330.258 7.08824
330.664 7.08873
331.07 7.08922
331.476 7.08972
331.882 7.09021
332.288 7.0907
332.694 7.09119
333.1 7.09167
333.506 7.09216
333.913 7.09265
334.319 7.09314
334.725 7.09362
335.131 7.09411
335.537 7.09459
335.944 7.09508
336.35 7.09556
336.757 7.09604
337.163 7.09652
337.569 7.097
337.976 7.09748
338.382 7.09796
338.789 7.09844
339.195 7.09892
339.602 7.0994
340.009 7.09988
340.415 7.10035
340.822 7.10083
341.229 7.1013
341.635 7.10178
342.042 7.10225
342.449 7.10272
342.856 7.1032
343.263 7.10367
343.67 7.10414
344.077 7.10461
344.484 7.10508
344.891 7.10555
345.298 7.10602
345.705 7.10648
346.112 7.10695
346.519 7.10742
346.926 7.10788
347.333 7.10835
347.741 7.10881
348.148 7.10928
348.555 7.10974
348.962 7.1102
349.37 7.11067
349.777 7.11113
350.185 7.11159
350.592 7.11205
351 7.11251
351.407 7.11297
351.815 7.11342
352.222 7.11388
352.63 7.11434
353.037 7.1148
353.445 7.11525
353.853 7.11571
354.26 7.11616
354.668 7.11662
355.076 7.11707
355.484 7.11752
355.892 7.11797
356.299 7.11842
356.707 7.11888
357.115 7.11933
357.523 7.11978
