0 0
0.0964966 -0.0262375
0.187749 -0.0524616
0.273765 -0.0786586
0.354552 -0.104815
0.430122 -0.130916
0.500491 -0.156948
0.565676 -0.182898
0.625697 -0.20875
0.680577 -0.234491
0.730342 -0.260107
0.775021 -0.285584
0.814644 -0.310909
0.849246 -0.336068
0.878862 -0.361048
0.903531 -0.385837
0.923294 -0.410422
0.938195 -0.434792
0.948278 -0.458935
0.953592 -0.482841
0.954185 -0.506498
0.950109 -0.529899
0.941417 -0.553032
0.928162 -0.575891
0.910402 -0.598467
0.888194 -0.620754
0.861595 -0.642744
0.830666 -0.664432
0.795467 -0.685813
0.75606 -0.706883
0.712506 -0.727637
0.664868 -0.748072
0.61321 -0.768187
0.557595 -0.787978
0.498086 -0.807446
0.434747 -0.826588
0.367644 -0.845404
0.296838 -0.863896
0.222395 -0.882064
0.144377 -0.899908
0.0628481 -0.917431
-0.0221291 -0.934635
-0.110492 -0.951522
-0.20218 -0.968095
-0.29713 -0.984358
-0.395283 -1.00031
-0.496577 -1.01596
-0.600955 -1.03131
-0.708358 -1.04637
-0.818728 -1.06113
-0.932007 -1.07561
-1.04814 -1.0898
-1.16708 -1.10372
-1.28875 -1.11736
-1.41312 -1.13074
-1.54014 -1.14385
-1.66973 -1.1567
-1.80187 -1.1693
-1.9365 -1.18165
-2.07356 -1.19376
-2.21302 -1.20563
-2.35483 -1.21727
-2.49893 -1.22867
-2.6453 -1.23986
-2.79387 -1.25083
-2.94462 -1.26158
-3.09749 -1.27212
-3.25245 -1.28246
-3.40946 -1.2926
-3.56847 -1.30255
-3.72946 -1.31231
-3.89238 -1.32188
-4.0572 -1.33126
-4.22388 -1.34047
-4.39238 -1.34951
-4.56268 -1.35838
-4.73473 -1.36708
-4.90851 -1.37562
-5.08399 -1.38401
-5.26113 -1.39224
-5.43991 -1.40032
-5.62029 -1.40826
-5.80224 -1.41605
-5.98574 -1.4237
-6.17077 -1.43122
-6.35728 -1.4386
-6.54527 -1.44586
-6.73469 -1.45298
-6.92553 -1.45999
-7.11777 -1.46687
-7.31137 -1.47364
-7.50632 -1.48029
-7.70259 -1.48682
-7.90016 -1.49325
-8.09901 -1.49957
-8.29912 -1.50579
-8.50047 -1.5119
-8.70303 -1.51792
-8.90679 -1.52384
-9.11172 -1.52966
-9.31782 -1.53539
-9.52506 -1.54102
-9.73341 -1.54657
-9.94288 -1.55203
-10.1534 -1.55741
-10.3651 -1.5627
-10.5777 -1.56792
-10.7914 -1.57305
-11.0062 -1.57811
-11.2219 -1.58309
-11.4387 -1.58799
-11.6564 -1.59282
-11.8751 -1.59759
-12.0947 -1.60228
-12.3152 -1.6069
-12.5367 -1.61146
-12.7591 -1.61595
-12.9824 -1.62038
-13.2066 -1.62475
-13.4316 -1.62906
-13.6575 -1.6333
-13.8843 -1.63749
-14.1119 -1.64162
-14.3403 -1.64569
-14.5695 -1.64971
-14.7995 -1.65367
-15.0303 -1.65759
-15.2619 -1.66145
-15.4943 -1.66526
-15.7274 -1.66902
-15.9613 -1.67273
-16.1959 -1.67639
-16.4312 -1.68001
-16.6673 -1.68358
-16.9041 -1.6871
-17.1415 -1.69058
-17.3797 -1.69402
-17.6186 -1.69741
-17.8581 -1.70077
-18.0983 -1.70408
-18.3392 -1.70735
-18.5807 -1.71059
-18.8229 -1.71378
-19.0657 -1.71694
-19.3091 -1.72006
-19.5532 -1.72314
-19.7979 -1.72618
-20.0431 -1.7292
-20.289 -1.73217
-20.5355 -1.73512
-20.7826 -1.73802
-21.0302 -1.7409
-21.2784 -1.74375
-21.5272 -1.74656
-21.7766 -1.74934
-22.0265 -1.75209
-22.2769 -1.75481
-22.5279 -1.7575
-22.7795 -1.76016
-23.0315 -1.7628
-23.2841 -1.7654
-23.5373 -1.76798
-23.7909 -1.77053
-24.045 -1.77306
-24.2997 -1.77555
-24.5548 -1.77802
-24.8104 -1.78047
-25.0666 -1.78289
-25.3232 -1.78529
-25.5803 -1.78766
-25.8378 -1.79001
-26.0958 -1.79234
-26.3543 -1.79464
-26.6133 -1.79692
-26.8727 -1.79917
-27.1326 -1.80141
-27.3929 -1.80362
-27.6536 -1.80582
-27.9148 -1.80799
-28.1764 -1.81014
-28.4385 -1.81227
-28.7009 -1.81438
-28.9638 -1.81647
-29.2272 -1.81854
-29.4909 -1.82059
-29.755 -1.82262
-30.0196 -1.82464
-30.2845 -1.82663
-30.5499 -1.82861
-30.8156 -1.83057
-31.0817 -1.83251
-31.3483 -1.83444
-31.6152 -1.83634
-31.8825 -1.83824
-32.1501 -1.84011
-32.4182 -1.84197
-32.6866 -1.84381
-32.9553 -1.84564
-33.2245 -1.84745
-33.494 -1.84924
-33.7639 -1.85102
-34.0341 -1.85279
-34.3046 -1.85454
-34.5756 -1.85627
-34.8468 -1.85799
-35.1185 -1.8597
-35.3904 -1.86139
-35.6627 -1.86307
-35.9353 -1.86473
-36.2083 -1.86638
-36.4816 -1.86802
-36.7552 -1.86965
-37.0291 -1.87126
-37.3034 -1.87286
-37.578 -1.87444
-37.8529 -1.87602
-38.1281 -1.87758
-38.4036 -1.87913
-38.6795 -1.88067
-38.9556 -1.88219
-39.2321 -1.88371
-39.5088 -1.88521
-39.7859 -1.8867
-40.0632 -1.88818
-40.3409 -1.88965
-40.6188 -1.8911
-40.897 -1.89255
-41.1756 -1.89399
-41.4544 -1.89541
-41.7335 -1.89683
-42.0128 -1.89823
-42.2925 -1.89962
-42.5724 -1.90101
-42.8526 -1.90238
-43.1331 -1.90375
-43.4139 -1.9051
-43.6949 -1.90644
-43.9762 -1.90778
-44.2578 -1.9091
-44.5396 -1.91042
-44.8217 -1.91173
-45.104 -1.91303
-45.3867 -1.91431
-45.6695 -1.91559
-45.9527 -1.91687
-46.236 -1.91813
-46.5197 -1.91938
-46.8036 -1.92063
-47.0877 -1.92187
-47.3721 -1.92309
-47.6567 -1.92431
-47.9416 -1.92553
-48.2267 -1.92673
-48.512 -1.92793
-48.7976 -1.92912
-49.0835 -1.9303
-49.3695 -1.93147
-49.6558 -1.93263
-49.9424 -1.93379
-50.2291 -1.93494
-50.5161 -1.93609
-50.8033 -1.93722
-51.0908 -1.93835
-51.3785 -1.93947
-51.6664 -1.94058
-51.9545 -1.94169
-52.2428 -1.94279
-52.5314 -1.94388
-52.8202 -1.94497
-53.1092 -1.94605
-53.3984 -1.94712
-53.6878 -1.94819
-53.9775 -1.94925
-54.2673 -1.9503
-54.5574 -1.95135
-54.8477 -1.95239
-55.1382 -1.95343
-55.4289 -1.95446
-55.7197 -1.95548
-56.0108 -1.95649
-56.3022 -1.9575
-56.5937 -1.95851
-56.8854 -1.95951
-57.1773 -1.9605
-57.4694 -1.96149
-57.7617 -1.96247
-58.0542 -1.96344
-58.3469 -1.96441
-58.6398 -1.96538
-58.9328 -1.96633
-59.2261 -1.96729
-59.5196 -1.96823
-59.8132 -1.96918
-60.1071 -1.97011
-60.4011 -1.97105
-60.6953 -1.97197
-60.9897 -1.97289
-61.2843 -1.97381
-61.579 -1.97472
-61.874 -1.97563
-62.1691 -1.97653
-62.4644 -1.97742
-62.7599 -1.97832
-63.0556 -1.9792
-63.3514 -1.98008
-63.6474 -1.98096
-63.9436 -1.98183
-64.24 -1.9827
-64.5366 -1.98356
-64.8333 -1.98442
-65.1302 -1.98528
-65.4272 -1.98612
-65.7244 -1.98697
-66.0218 -1.98781
-66.3194 -1.98865
-66.6171 -1.98948
-66.915 -1.9903
-67.2131 -1.99113
-67.5113 -1.99195
-67.8097 -1.99276
-68.1083 -1.99357
-68.407 -1.99438
-68.7059 -1.99518
-69.0049 -1.99598
-69.3041 -1.99677
-69.6035 -1.99756
-69.903 -1.99835
-70.2027 -1.99913
-70.5025 -1.99991
-70.8025 -2.00068
-71.1026 -2.00145
-71.4029 -2.00222
-71.7034 -2.00298
-72.004 -2.00374
-72.3047 -2.0045
-72.6056 -2.00525
-72.9067 -2.006
-73.2079 -2.00674
-73.5092 -2.00748
-73.8107 -2.00822
-74.1124 -2.00896
-74.4142 -2.00969
-74.7161 -2.01041
-75.0182 -2.01114
-75.3204 -2.01186
-75.6228 -2.01257
-75.9253 -2.01329
-76.228 -2.014
-76.5308 -2.0147
-76.8337 -2.01541
-77.1368 -2.01611
-77.44 -2.0168
-77.7434 -2.0175
-78.0469 -2.01819
-78.3505 -2.01888
-78.6543 -2.01956
-78.9582 -2.02024
-79.2623 -2.02092
-79.5665 -2.02159
-79.8708 -2.02227
-80.1752 -2.02293
-80.4798 -2.0236
-80.7846 -2.02426
-81.0894 -2.02492
-81.3944 -2.02558
-81.6995 -2.02623
-82.0048 -2.02689
-82.3102 -2.02753
-82.6157 -2.02818
-82.9213 -2.02882
-83.2271 -2.02946
-83.533 -2.0301
-83.839 -2.03073
-84.1451 -2.03136
-84.4514 -2.03199
-84.7578 -2.03262
-85.0643 -2.03324
-85.371 -2.03386
-85.6778 -2.03448
-85.9847 -2.0351
-86.2917 -2.03571
-86.5988 -2.03632
-86.9061 -2.03693
-87.2135 -2.03753
-87.521 -2.03814
-87.8286 -2.03874
-88.1364 -2.03933
-88.4442 -2.03993
-88.7522 -2.04052
-89.0603 -2.04111
-89.3686 -2.0417
-89.6769 -2.04229
-89.9854 -2.04287
-90.2939 -2.04345
-90.6026 -2.04403
-90.9114 -2.0446
-91.2204 -2.04518
-91.5294 -2.04575
-91.8386 -2.04632
-92.1478 -2.04688
-92.4572 -2.04745
-92.7667 -2.04801
-93.0763 -2.04857
-93.386 -2.04913
-93.6958 -2.04968
-94.0058 -2.05024
-94.3158 -2.05079
-94.626 -2.05134
-94.9363 -2.05188
-95.2466 -2.05243
-95.5571 -2.05297
-95.8677 -2.05351
-96.1784 -2.05405
-96.4892 -2.05459
-96.8002 -2.05512
-97.1112 -2.05565
-97.4223 -2.05618
-97.7336 -2.05671
-98.0449 -2.05724
-98.3563 -2.05776
-98.6679 -2.05828
-98.9796 -2.0588
-99.2913 -2.05932
-99.6032 -2.05984
-99.9152 -2.06035
-100.227 -2.06086
-100.539 -2.06137
-100.852 -2.06188
-101.164 -2.06239
-101.477 -2.06289
-101.789 -2.0634
-102.102 -2.0639
-102.415 -2.0644
-102.727 -2.06489
-103.04 -2.06539
-103.354 -2.06588
-103.667 -2.06637
-103.98 -2.06686
-104.293 -2.06735
-104.607 -2.06784
-104.92 -2.06832
-105.234 -2.06881
-105.548 -2.06929
-105.862 -2.06977
-106.176 -2.07025
-106.49 -2.07072
-106.804 -2.0712
-107.118 -2.07167
-107.432 -2.07214
-107.747 -2.07261
-108.061 -2.07308
-108.376 -2.07354
-108.691 -2.07401
-109.005 -2.07447
-109.32 -2.07493
-109.635 -2.07539
-109.95 -2.07585
-110.266 -2.07631
-110.581 -2.07676
-110.896 -2.07722
-111.212 -2.07767
-111.527 -2.07812
-111.843 -2.07857
-112.159 -2.07901
-112.474 -2.07946
-112.79 -2.0799
-113.106 -2.08035
-113.422 -2.08079
-113.738 -2.08123
-114.055 -2.08166
-114.371 -2.0821
-114.687 -2.08254
-115.004 -2.08297
-115.321 -2.0834
-115.637 -2.08383
-115.954 -2.08426
-116.271 -2.08469
-116.588 -2.08512
-116.905 -2.08554
-117.222 -2.08597
-117.539 -2.08639
-117.856 -2.08681
-118.174 -2.08723
-118.491 -2.08765
-118.809 -2.08807
-119.126 -2.08848
-119.444 -2.0889
-119.762 -2.08931
-120.08 -2.08972
-120.398 -2.09013
-120.716 -2.09054
-121.034 -2.09095
-121.352 -2.09135
-121.67 -2.09176
-121.989 -2.09216
-122.307 -2.09257
-122.626 -2.09297
-122.944 -2.09337
-123.263 -2.09377
-123.582 -2.09416
-123.9 -2.09456
-124.219 -2.09495
-124.538 -2.09535
-124.857 -2.09574
-125.177 -2.09613
-125.496 -2.09652
-125.815 -2.09691
-126.134 -2.0973
-126.454 -2.09769
-126.773 -2.09807
-127.093 -2.09845
-127.413 -2.09884
-127.733 -2.09922
-128.052 -2.0996
-128.372 -2.09998
-128.692 -2.10036
-129.012 -2.10074
-129.332 -2.10111
-129.653 -2.10149
-129.973 -2.10186
-130.293 -2.10223
-130.614 -2.1026
-130.934 -2.10297
-131.255 -2.10334
-131.576 -2.10371
-131.896 -2.10408
-132.217 -2.10444
-132.538 -2.10481
-132.859 -2.10517
-133.18 -2.10554
-133.501 -2.1059
-133.822 -2.10626
-134.144 -2.10662
-134.465 -2.10698
-134.786 -2.10733
-135.108 -2.10769
-135.429 -2.10805
-135.751 -2.1084
-136.073 -2.10875
-136.394 -2.10911
-136.716 -2.10946
-137.038 -2.10981
-137.36 -2.11016
-137.682 -2.11051
-138.004 -2.11085
-138.326 -2.1112
-138.649 -2.11155
-138.971 -2.11189
-139.293 -2.11223
-139.616 -2.11258
-139.938 -2.11292
-140.261 -2.11326
-140.583 -2.1136
-140.906 -2.11394
-141.229 -2.11427
-141.552 -2.11461
-141.875 -2.11495
-142.198 -2.11528
-142.521 -2.11561
-142.844 -2.11595
-143.167 -2.11628
-143.49 -2.11661
-143.814 -2.11694
-144.137 -2.11727
-144.461 -2.1176
-144.784 -2.11793
-145.108 -2.11825
-145.431 -2.11858
-145.755 -2.1189
-146.079 -2.11923
-146.403 -2.11955
-146.727 -2.11987
-147.051 -2.12019
-147.375 -2.12051
-147.699 -2.12083
-148.023 -2.12115
-148.347 -2.12147
-148.671 -2.12179
-148.996 -2.1221
-149.32 -2.12242
-149.645 -2.12273
-149.969 -2.12305
-150.294 -2.12336
-150.618 -2.12367
-150.943 -2.12398
-151.268 -2.12429
-151.593 -2.1246
-151.918 -2.12491
-152.243 -2.12522
-152.568 -2.12553
-152.893 -2.12583
-153.218 -2.12614
-153.543 -2.12644
-153.869 -2.12675
-154.194 -2.12705
-154.519 -2.12735
-154.845 -2.12766
-155.17 -2.12796
-155.496 -2.12826
-155.822 -2.12856
-156.147 -2.12885
-156.473 -2.12915
-156.799 -2.12945
-157.125 -2.12975
-157.451 -2.13004
-157.777 -2.13034
-158.103 -2.13063
-158.429 -2.13092
-158.755 -2.13121
-159.081 -2.13151
-159.408 -2.1318
-159.734 -2.13209
-160.06 -2.13238
-160.387 -2.13267
-160.713 -2.13295
-161.04 -2.13324
-161.367 -2.13353
-161.693 -2.13381
-162.02 -2.1341
-162.347 -2.13438
-162.674 -2.13467
-163.001 -2.13495
-163.328 -2.13523
-163.655 -2.13551
-163.982 -2.1358
-164.309 -2.13608
-164.636 -2.13636
-164.964 -2.13663
-165.291 -2.13691
-165.618 -2.13719
-165.946 -2.13747
-166.273 -2.13774
-166.601 -2.13802
-166.928 -2.13829
-167.256 -2.13857
-167.584 -2.13884
-167.912 -2.13912
-168.239 -2.13939
-168.567 -2.13966
-168.895 -2.13993
-169.223 -2.1402
-169.551 -2.14047
-169.879 -2.14074
-170.207 -2.14101
-170.536 -2.14128
-170.864 -2.14154
-171.192 -2.14181
-171.521 -2.14207
-171.849 -2.14234
-172.177 -2.1426
-172.506 -2.14287
-172.835 -2.14313
-173.163 -2.14339
-173.492 -2.14366
-173.821 -2.14392
-174.149 -2.14418
-174.478 -2.14444
-174.807 -2.1447
-175.136 -2.14496
-175.465 -2.14522
-175.794 -2.14547
-176.123 -2.14573
-176.452 -2.14599
-176.781 -2.14624
-177.111 -2.1465
-177.44 -2.14676
-177.769 -2.14701
-178.099 -2.14726
-178.428 -2.14752
-178.758 -2.14777
-179.087 -2.14802
-179.417 -2.14827
-179.747 -2.14852
-180.076 -2.14877
-180.406 -2.14902
-180.736 -2.14927
-181.066 -2.14952
-181.396 -2.14977
-181.726 -2.15002
-182.056 -2.15026
-182.386 -2.15051
-182.716 -2.15076
-183.046 -2.151
-183.376 -2.15125
-183.706 -2.15149
-184.037 -2.15173
-184.367 -2.15198
-184.697 -2.15222
-185.028 -2.15246
-185.358 -2.1527
-185.689 -2.15295
-186.019 -2.15319
-186.35 -2.15343
-186.681 -2.15366
-187.011 -2.1539
-187.342 -2.15414
-187.673 -2.15438
-188.004 -2.15462
-188.335 -2.15485
-188.666 -2.15509
-188.997 -2.15533
-189.328 -2.15556
-189.659 -2.1558
-189.99 -2.15603
-190.321 -2.15626
-190.653 -2.1565
-190.984 -2.15673
-191.315 -2.15696
-191.647 -2.15719
-191.978 -2.15743
-192.31 -2.15766
-192.641 -2.15789
-192.973 -2.15812
-193.304 -2.15835
-193.636 -2.15858
-193.968 -2.1588
-194.299 -2.15903
-194.631 -2.15926
-194.963 -2.15949
-195.295 -2.15971
-195.627 -2.15994
-195.959 -2.16016
-196.291 -2.16039
-196.623 -2.16061
-196.955 -2.16084
-197.287 -2.16106
-197.62 -2.16128
-197.952 -2.16151
-198.284 -2.16173
-198.616 -2.16195
-198.949 -2.16217
-199.281 -2.16239
-199.614 -2.16261
-199.946 -2.16283
-200.279 -2.16305
-200.611 -2.16327
-200.944 -2.16349
-201.277 -2.16371
-201.61 -2.16393
-201.942 -2.16414
-202.275 -2.16436
-202.608 -2.16458
-202.941 -2.16479
-203.274 -2.16501
-203.607 -2.16522
-203.94 -2.16544
-204.273 -2.16565
-204.606 -2.16586
-204.939 -2.16608
-205.273 -2.16629
-205.606 -2.1665
-205.939 -2.16672
-206.272 -2.16693
-206.606 -2.16714
-206.939 -2.16735
-207.273 -2.16756
-207.606 -2.16777
-207.94 -2.16798
-208.273 -2.16819
-208.607 -2.1684
-208.941 -2.1686
-209.274 -2.16881
-209.608 -2.16902
-209.942 -2.16923
-210.276 -2.16943
-210.61 -2.16964
-210.944 -2.16985
-211.278 -2.17005
-211.612 -2.17026
-211.946 -2.17046
-212.28 -2.17066
-212.614 -2.17087
-212.948 -2.17107
-213.282 -2.17127
-213.617 -2.17148
-213.951 -2.17168
-214.285 -2.17188
-214.62 -2.17208
-214.954 -2.17228
-215.288 -2.17248
-215.623 -2.17268
-215.958 -2.17288
-216.292 -2.17308
-216.627 -2.17328
-216.961 -2.17348
-217.296 -2.17368
-217.631 -2.17388
-217.966 -2.17408
-218.3 -2.17427
-218.635 -2.17447
-218.97 -2.17467
-219.305 -2.17486
-219.64 -2.17506
-219.975 -2.17525
-220.31 -2.17545
-220.645 -2.17564
-220.98 -2.17584
-221.315 -2.17603
-221.651 -2.17622
-221.986 -2.17642
-222.321 -2.17661
-222.657 -2.1768
-222.992 -2.17699
-223.327 -2.17719
-223.663 -2.17738
-223.998 -2.17757
-224.334 -2.17776
-224.669 -2.17795
-225.005 -2.17814
-225.341 -2.17833
-225.676 -2.17852
-226.012 -2.17871
-226.348 -2.17889
-226.683 -2.17908
-227.019 -2.17927
-227.355 -2.17946
-227.691 -2.17965
-228.027 -2.17983
-228.363 -2.18002
-228.699 -2.1802
-229.035 -2.18039
-229.371 -2.18058
-229.707 -2.18076
-230.043 -2.18095
-230.379 -2.18113
-230.716 -2.18131
-231.052 -2.1815
-231.388 -2.18168
-231.725 -2.18186
-232.061 -2.18205
-232.397 -2.18223
-232.734 -2.18241
-233.07 -2.18259
-233.407 -2.18277
-233.743 -2.18296
-234.08 -2.18314
-234.417 -2.18332
-234.753 -2.1835
-235.09 -2.18368
-235.427 -2.18386
-235.763 -2.18404
-236.1 -2.18421
-236.437 -2.18439
-236.774 -2.18457
-237.111 -2.18475
-237.448 -2.18493
-237.785 -2.1851
-238.122 -2.18528
-238.459 -2.18546
-238.796 -2.18563
-239.133 -2.18581
-239.47 -2.18599
-239.807 -2.18616
-240.145 -2.18634
-240.482 -2.18651
-240.819 -2.18669
-241.157 -2.18686
-241.494 -2.18703
-241.831 -2.18721
-242.169 -2.18738
-242.506 -2.18755
-242.844 -2.18773
-243.181 -2.1879
-243.519 -2.18807
-243.857 -2.18824
-244.194 -2.18841
-244.532 -2.18859
-244.87 -2.18876
-245.207 -2.18893
-245.545 -2.1891
-245.883 -2.18927
-246.221 -2.18944
-246.559 -2.18961
-246.897 -2.18978
-247.235 -2.18994
-247.573 -2.19011
-247.911 -2.19028
-248.249 -2.19045
-248.587 -2.19062
-248.925 -2.19078
-249.263 -2.19095
-249.601 -2.19112
-249.939 -2.19129
-250.278 -2.19145
-250.616 -2.19162
-250.954 -2.19178
-251.293 -2.19195
-251.631 -2.19211
-251.969 -2.19228
-252.308 -2.19244
-252.646 -2.19261
-252.985 -2.19277
-253.324 -2.19294
-253.662 -2.1931
-254.001 -2.19326
-254.339 -2.19343
-254.678 -2.19359
-255.017 -2.19375
-255.356 -2.19391
-255.694 -2.19407
-256.033 -2.19424
-256.372 -2.1944
-256.711 -2.19456
-257.05 -2.19472
-257.389 -2.19488
-257.728 -2.19504
-258.067 -2.1952
-258.406 -2.19536
-258.745 -2.19552
-259.084 -2.19568
-259.423 -2.19584
-259.762 -2.196
-260.101 -2.19616
-260.441 -2.19631
-260.78 -2.19647
-261.119 -2.19663
-261.459 -2.19679
-261.798 -2.19694
-262.137 -2.1971
-262.477 -2.19726
-262.816 -2.19741
-263.156 -2.19757
-263.495 -2.19773
-263.835 -2.19788
-264.174 -2.19804
-264.514 -2.19819
-264.853 -2.19835
-265.193 -2.1985
-265.533 -2.19866
-265.873 -2.19881
-266.212 -2.19897
-266.552 -2.19912
-266.892 -2.19927
-267.232 -2.19943
-267.572 -2.19958
-267.912 -2.19973
-268.251 -2.19988
-268.591 -2.20004
-268.931 -2.20019
-269.271 -2.20034
-269.612 -2.20049
-269.952 -2.20064
-270.292 -2.2008
-270.632 -2.20095
-270.972 -2.2011
-271.312 -2.20125
-271.652 -2.2014
-271.993 -2.20155
-272.333 -2.2017
-272.673 -2.20185
-273.014 -2.202
-273.354 -2.20215
-273.695 -2.20229
-274.035 -2.20244
-274.376 -2.20259
-274.716 -2.20274
-275.057 -2.20289
-275.397 -2.20303
-275.738 -2.20318
-276.078 -2.20333
-276.419 -2.20348
-276.76 -2.20362
-277.1 -2.20377
-277.441 -2.20391
-277.782 -2.20406
-278.123 -2.20421
-278.464 -2.20435
-278.805 -2.2045
-279.146 -2.20464
-279.486 -2.20479
-279.827 -2.20493
-280.168 -2.20508
-280.509 -2.20522
-280.85 -2.20536
-281.191 -2.20551
-281.533 -2.20565
-281.874 -2.2058
-282.215 -2.20594
-282.556 -2.20608
-282.897 -2.20622
-283.238 -2.20637
-283.58 -2.20651
-283.921 -2.20665
-284.262 -2.20679
-284.604 -2.20693
-284.945 -2.20708
-285.287 -2.20722
-285.628 -2.20736
-285.969 -2.2075
-286.311 -2.20764
-286.652 -2.20778
-286.994 -2.20792
-287.336 -2.20806
-287.677 -2.2082
-288.019 -2.20834
-288.361 -2.20848
-288.702 -2.20862
-289.044 -2.20876
-289.386 -2.2089
-289.728 -2.20903
-290.069 -2.20917
-290.411 -2.20931
-290.753 -2.20945
-291.095 -2.20959
-291.437 -2.20972
-291.779 -2.20986
-292.121 -2.21
-292.463 -2.21014
-292.805 -2.21027
-293.147 -2.21041
-293.489 -2.21054
-293.831 -2.21068
-294.173 -2.21082
-294.515 -2.21095
-294.858 -2.21109
-295.2 -2.21122
-295.542 -2.21136
-295.884 -2.21149
-296.227 -2.21163
-296.569 -2.21176
-296.911 -2.2119
-297.254 -2.21203
-297.596 -2.21217
-297.938 -2.2123
-298.281 -2.21243
-298.623 -2.21257
-298.966 -2.2127
-299.308 -2.21283
-299.651 -2.21296
-299.994 -2.2131
-300.336 -2.21323
-300.679 -2.21336
-301.022 -2.21349
-301.364 -2.21363
-301.707 -2.21376
-302.05 -2.21389
-302.392 -2.21402
-302.735 -2.21415
-303.078 -2.21428
-303.421 -2.21441
-303.764 -2.21454
-304.107 -2.21467
-304.45 -2.2148
-304.793 -2.21493
-305.136 -2.21506
-305.479 -2.21519
-305.822 -2.21532
-306.165 -2.21545
-306.508 -2.21558
-306.851 -2.21571
-307.194 -2.21584
-307.537 -2.21597
-307.88 -2.2161
-308.224 -2.21622
-308.567 -2.21635
-308.91 -2.21648
-309.254 -2.21661
-309.597 -2.21674
-309.94 -2.21686
-310.284 -2.21699
-310.627 -2.21712
-310.97 -2.21724
-311.314 -2.21737
-311.657 -2.2175
-312.001 -2.21762
-312.344 -2.21775
-312.688 -2.21788
-313.031 -2.218
-313.375 -2.21813
-313.719 -2.21825
-314.062 -2.21838
-314.406 -2.2185
-314.75 -2.21863
-315.093 -2.21875
-315.437 -2.21888
-315.781 -2.219
-316.125 -2.21912
-316.469 -2.21925
-316.812 -2.21937
-317.156 -2.2195
-317.5 -2.21962
-317.844 -2.21974
-318.188 -2.21987
-318.532 -2.21999
-318.876 -2.22011
-319.22 -2.22024
-319.564 -2.22036
-319.908 -2.22048
-320.252 -2.2206
-320.596 -2.22072
-320.941 -2.22085
-321.285 -2.22097
-321.629 -2.22109
-321.973 -2.22121
-322.317 -2.22133
-322.662 -2.22145
-323.006 -2.22157
-323.35 -2.22169
-323.695 -2.22182
-324.039 -2.22194
-324.383 -2.22206
-324.728 -2.22218
-325.072 -2.2223
-325.417 -2.22242
-325.761 -2.22254
-326.106 -2.22265
-326.45 -2.22277
-326.795 -2.22289
-327.139 -2.22301
-327.484 -2.22313
-327.829 -2.22325
-328.173 -2.22337
-328.518 -2.22349
-328.863 -2.2236
-329.207 -2.22372
-329.552 -2.22384
-329.897 -2.22396
-330.242 -2.22408
-330.586 -2.22419
-330.931 -2.22431
-331.276 -2.22443
-331.621 -2.22454
-331.966 -2.22466
-332.311 -2.22478
-332.656 -2.22489
-333.001 -2.22501
-333.346 -2.22513
-333.691 -2.22524
-334.036 -2.22536
-334.381 -2.22547
-334.726 -2.22559
-335.071 -2.22571
-335.416 -2.22582
-335.761 -2.22594
-336.107 -2.22605
-336.452 -2.22617
-336.797 -2.22628
-337.142 -2.2264
-337.488 -2.22651
-337.833 -2.22662
-338.178 -2.22674
-338.524 -2.22685
-338.869 -2.22697
-339.214 -2.22708
-339.56 -2.22719
-339.905 -2.22731
-340.251 -2.22742
-340.596 -2.22753
-340.942 -2.22765
-341.287 -2.22776
-341.633 -2.22787
-341.978 -2.22798
-342.324 -2.2281
-342.67 -2.22821
-343.015 -2.22832
-343.361 -2.22843
-343.707 -2.22854
-344.052 -2.22866
-344.398 -2.22877
-344.744 -2.22888
-345.09 -2.22899
-345.435 -2.2291
-345.781 -2.22921
-346.127 -2.22932
-346.473 -2.22943
-346.819 -2.22955
-347.165 -2.22966
-347.511 -2.22977
-347.857 -2.22988
-348.202 -2.22999
-348.548 -2.2301
-348.895 -2.23021
-349.241 -2.23032
-349.587 -2.23043
-349.933 -2.23053
-350.279 -2.23064
-350.625 -2.23075
-350.971 -2.23086
-351.317 -2.23097
-351.663 -2.23108
-352.01 -2.23119
-352.356 -2.2313
-352.702 -2.2314
-353.048 -2.23151
-353.395 -2.23162
-353.741 -2.23173
-354.087 -2.23184
-354.434 -2.23194
-354.78 -2.23205
-355.127 -2.23216
-355.473 -2.23227
-355.819 -2.23237
-356.166 -2.23248
-356.512 -2.23259
-356.859 -2.23269
-357.206 -2.2328
-357.552 -2.23291
-357.899 -2.23301
-358.245 -2.23312
-358.592 -2.23323
-358.939 -2.23333
-359.285 -2.23344
-359.632 -2.23354
-359.979 -2.23365
-360.325 -2.23375
-360.672 -2.23386
-361.019 -2.23396
-361.366 -2.23407
-361.712 -2.23417
-362.059 -2.23428
-362.406 -2.23438
-362.753 -2.23449
-363.1 -2.23459
-363.447 -2.2347
-363.794 -2.2348
-364.141 -2.2349
-364.488 -2.23501
-364.835 -2.23511
-365.182 -2.23522
-365.529 -2.23532
-365.876 -2.23542
-366.223 -2.23553
-366.57 -2.23563
-366.917 -2.23573
-367.264 -2.23584
-367.611 -2.23594
-367.959 -2.23604
-368.306 -2.23614
-368.653 -2.23625
-369 -2.23635
-369.348 -2.23645
-369.695 -2.23655
-370.042 -2.23665
-370.39 -2.23676
-370.737 -2.23686
-371.084 -2.23696
-371.432 -2.23706
-371.779 -2.23716
-372.127 -2.23726
-372.474 -2.23737
-372.821 -2.23747
-373.169 -2.23757
-373.516 -2.23767
-373.864 -2.23777
-374.212 -2.23787
-374.559 -2.23797
-374.907 -2.23807
-375.254 -2.23817
-375.602 -2.23827
-375.95 -2.23837
-376.297 -2.23847
-376.645 -2.23857
-376.993 -2.23867
-377.34 -2.23877
-377.688 -2.23887
-378.036 -2.23897
-378.384 -2.23907
-378.732 -2.23917
-379.079 -2.23926
-379.427 -2.23936
-379.775 -2.23946
-380.123 -2.23956
-380.471 -2.23966
-380.819 -2.23976
-381.167 -2.23986
-381.515 -2.23995
-381.863 -2.24005
-382.211 -2.24015
-382.559 -2.24025
-382.907 -2.24034
-383.255 -2.24044
-383.603 -2.24054
-383.951 -2.24064
-384.299 -2.24073
-384.647 -2.24083
-384.996 -2.24093
-385.344 -2.24103
-385.692 -2.24112
-386.04 -2.24122
-386.388 -2.24132
-386.737 -2.24141
-387.085 -2.24151
-387.433 -2.2416
-387.782 -2.2417
-388.13 -2.2418
-388.478 -2.24189
-388.827 -2.24199
-389.175 -2.24208
-389.523 -2.24218
-389.872 -2.24227
-390.22 -2.24237
-390.569 -2.24247
-390.917 -2.24256
-391.266 -2.24266
-391.614 -2.24275
-391.963 -2.24285
-392.312 -2.24294
-392.66 -2.24303
-393.009 -2.24313
-393.357 -2.24322
-393.706 -2.24332
-394.055 -2.24341
-394.403 -2.24351
-394.752 -2.2436
-395.101 -2.24369
-395.449 -2.24379
-395.798 -2.24388
-396.147 -2.24398
-396.496 -2.24407
-396.845 -2.24416
-397.193 -2.24426
-397.542 -2.24435
-397.891 -2.24444
-398.24 -2.24453
-398.589 -2.24463
-398.938 -2.24472
-399.287 -2.24481
-399.636 -2.24491
-399.985 -2.245
-400.334 -2.24509
-400.683 -2.24518
-401.032 -2.24528
-401.381 -2.24537
-401.73 -2.24546
-402.079 -2.24555
-402.428 -2.24564
-402.777 -2.24573
-403.126 -2.24583
-403.476 -2.24592
-403.825 -2.24601
-404.174 -2.2461
-404.523 -2.24619
-404.872 -2.24628
-405.222 -2.24637
-405.571 -2.24646
-405.92 -2.24655
-406.27 -2.24665
-406.619 -2.24674
-406.968 -2.24683
-407.318 -2.24692
-407.667 -2.24701
-408.016 -2.2471
-408.366 -2.24719
-408.715 -2.24728
-409.065 -2.24737
-409.414 -2.24746
-409.764 -2.24755
-410.113 -2.24764
-410.463 -2.24773
-410.812 -2.24782
-411.162 -2.2479
-411.511 -2.24799
-411.861 -2.24808
-412.211 -2.24817
-412.56 -2.24826
-412.91 -2.24835
-413.26 -2.24844
-413.609 -2.24853
-413.959 -2.24862
-414.309 -2.2487
-414.658 -2.24879
-415.008 -2.24888
-415.358 -2.24897
-415.708 -2.24906
-416.058 -2.24914
-416.407 -2.24923
-416.757 -2.24932
-417.107 -2.24941
-417.457 -2.2495
-417.807 -2.24958
-418.157 -2.24967
-418.507 -2.24976
-418.857 -2.24985
-419.207 -2.24993
-419.557 -2.25002
-419.907 -2.25011
-420.257 -2.25019
-420.607 -2.25028
-420.957 -2.25037
-421.307 -2.25045
-421.657 -2.25054
-422.007 -2.25063
-422.357 -2.25071
-422.707 -2.2508
-423.057 -2.25089
-423.408 -2.25097
-423.758 -2.25106
-424.108 -2.25114
-424.458 -2.25123
-424.809 -2.25132
-425.159 -2.2514
-425.509 -2.25149
-425.859 -2.25157
-426.21 -2.25166
-426.56 -2.25174
-426.91 -2.25183
-427.261 -2.25191
-427.611 -2.252
-427.962 -2.25208
-428.312 -2.25217
-428.662 -2.25225
-429.013 -2.25234
-429.363 -2.25242
-429.714 -2.25251
-430.064 -2.25259
-430.415 -2.25267
-430.765 -2.25276
-431.116 -2.25284
-431.466 -2.25293
-431.817 -2.25301
-432.168 -2.25309
-432.518 -2.25318
-432.869 -2.25326
-433.22 -2.25335
-433.57 -2.25343
-433.921 -2.25351
-434.272 -2.2536
-434.622 -2.25368
-434.973 -2.25376
-435.324 -2.25385
-435.675 -2.25393
-436.025 -2.25401
-436.376 -2.2541
-436.727 -2.25418
-437.078 -2.25426
-437.429 -2.25434
-437.78 -2.25443
-438.13 -2.25451
-438.481 -2.25459
-438.832 -2.25467
-439.183 -2.25476
-439.534 -2.25484
-439.885 -2.25492
-440.236 -2.255
-440.587 -2.25508
-440.938 -2.25516
-441.289 -2.25525
-441.64 -2.25533
-441.991 -2.25541
-442.342 -2.25549
-442.693 -2.25557
-443.045 -2.25565
-443.396 -2.25574
-443.747 -2.25582
-444.098 -2.2559
-444.449 -2.25598
-444.8 -2.25606
-445.152 -2.25614
-445.503 -2.25622
-445.854 -2.2563
-446.205 -2.25638
-446.557 -2.25646
-446.908 -2.25654
-447.259 -2.25662
-447.611 -2.2567
-447.962 -2.25678
-448.313 -2.25686
-448.665 -2.25694
-449.016 -2.25702
-449.367 -2.2571
-449.719 -2.25718
-450.07 -2.25726
-450.422 -2.25734
-450.773 -2.25742
-451.125 -2.2575
-451.476 -2.25758
-451.828 -2.25766
-452.179 -2.25774
-452.531 -2.25782
-452.882 -2.2579
-453.234 -2.25798
-453.585 -2.25806
-453.937 -2.25813
-454.289 -2.25821
-454.64 -2.25829
-454.992 -2.25837
-455.344 -2.25845
-455.695 -2.25853
-456.047 -2.25861
-456.399 -2.25868
-456.751 -2.25876
-457.102 -2.25884
-457.454 -2.25892
-457.806 -2.259
-458.158 -2.25908
-458.509 -2.25915
-458.861 -2.25923
-459.213 -2.25931
-459.565 -2.25939
-459.917 -2.25946
-460.269 -2.25954
-460.621 -2.25962
-460.973 -2.2597
-461.325 -2.25977
-461.677 -2.25985
-462.028 -2.25993
-462.38 -2.26
-462.732 -2.26008
-463.084 -2.26016
-463.436 -2.26024
-463.789 -2.26031
-464.141 -2.26039
-464.493 -2.26047
-464.845 -2.26054
-465.197 -2.26062
-465.549 -2.2607
-465.901 -2.26077
-466.253 -2.26085
-466.605 -2.26092
-466.958 -2.261
-467.31 -2.26108
-467.662 -2.26115
-468.014 -2.26123
-468.366 -2.2613
-468.719 -2.26138
-469.071 -2.26146
-469.423 -2.26153
-469.776 -2.26161
-470.128 -2.26168
-470.48 -2.26176
-470.833 -2.26183
-471.185 -2.26191
-471.537 -2.26198
-471.89 -2.26206
-472.242 -2.26213
-472.595 -2.26221
-472.947 -2.26228
-473.299 -2.26236
-473.652 -2.26243
-474.004 -2.26251
-474.357 -2.26258
-474.709 -2.26266
-475.062 -2.26273
-475.415 -2.26281
-475.767 -2.26288
-476.12 -2.26295
-476.472 -2.26303
-476.825 -2.2631
-477.177 -2.26318
-477.53 -2.26325
-477.883 -2.26332
-478.235 -2.2634
-478.588 -2.26347
-478.941 -2.26355
-479.294 -2.26362
-479.646 -2.26369
-479.999 -2.26377
-480.352 -2.26384
-480.705 -2.26391
-481.057 -2.26399
-481.41 -2.26406
-481.763 -2.26413
-482.116 -2.26421
-482.469 -2.26428
-482.821 -2.26435
-483.174 -2.26443
-483.527 -2.2645
-483.88 -2.26457
-484.233 -2.26464
-484.586 -2.26472
-484.939 -2.26479
-485.292 -2.26486
-485.645 -2.26493
-485.998 -2.26501
-486.351 -2.26508
-486.704 -2.26515
-487.057 -2.26522
-487.41 -2.2653
-487.763 -2.26537
-488.116 -2.26544
-488.469 -2.26551
-488.822 -2.26558
-489.175 -2.26565
-489.528 -2.26573
-489.882 -2.2658
-490.235 -2.26587
-490.588 -2.26594
-490.941 -2.26601
-491.294 -2.26608
-491.648 -2.26616
-492.001 -2.26623
-492.354 -2.2663
-492.707 -2.26637
-493.061 -2.26644
-493.414 -2.26651
-493.767 -2.26658
-494.12 -2.26665
-494.474 -2.26672
-494.827 -2.26679
-495.181 -2.26687
-495.534 -2.26694
-495.887 -2.26701
-496.241 -2.26708
-496.594 -2.26715
-496.948 -2.26722
-497.301 -2.26729
-497.654 -2.26736
-498.008 -2.26743
-498.361 -2.2675
-498.715 -2.26757
-499.068 -2.26764
-499.422 -2.26771
-499.775 -2.26778
-500.129 -2.26785
-500.483 -2.26792
-500.836 -2.26799
-501.19 -2.26806
-501.543 -2.26813
-501.897 -2.2682
-502.251 -2.26827
-502.604 -2.26834
-502.958 -2.2684
-503.312 -2.26847
-503.665 -2.26854
-504.019 -2.26861
-504.373 -2.26868
-504.727 -2.26875
-505.08 -2.26882
-505.434 -2.26889
-505.788 -2.26896
-506.142 -2.26903
-506.495 -2.26909
-506.849 -2.26916
-507.203 -2.26923
-507.557 -2.2693
-507.911 -2.26937
-508.265 -2.26944
-508.618 -2.26951
-508.972 -2.26957
-509.326 -2.26964
-509.68 -2.26971
-510.034 -2.26978
-510.388 -2.26985
-510.742 -2.26991
-511.096 -2.26998
-511.45 -2.27005
-511.804 -2.27012
-512.158 -2.27019
-512.512 -2.27025
-512.866 -2.27032
-513.22 -2.27039
-513.574 -2.27046
-513.928 -2.27052
-514.283 -2.27059
-514.637 -2.27066
-514.991 -2.27073
-515.345 -2.27079
-515.699 -2.27086
-516.053 -2.27093
-516.408 -2.27099
-516.762 -2.27106
-517.116 -2.27113
-517.47 -2.27119
-517.824 -2.27126
-518.179 -2.27133
-518.533 -2.27139
-518.887 -2.27146
-519.242 -2.27153
-519.596 -2.27159
-519.95 -2.27166
-520.304 -2.27173
-520.659 -2.27179
-521.013 -2.27186
-521.368 -2.27193
-521.722 -2.27199
-522.076 -2.27206
-522.431 -2.27213
-522.785 -2.27219
-523.14 -2.27226
-523.494 -2.27232
-523.849 -2.27239
-524.203 -2.27245
-524.557 -2.27252
-524.912 -2.27259
-525.266 -2.27265
-525.621 -2.27272
-525.976 -2.27278
-526.33 -2.27285
-526.685 -2.27291
-527.039 -2.27298
-527.394 -2.27304
-527.748 -2.27311
-528.103 -2.27317
-528.458 -2.27324
-528.812 -2.2733
-529.167 -2.27337
-529.522 -2.27344
-529.876 -2.2735
-530.231 -2.27356
-530.586 -2.27363
-530.941 -2.27369
-531.295 -2.27376
-531.65 -2.27382
-532.005 -2.27389
-532.36 -2.27395
-532.714 -2.27402
-533.069 -2.27408
-533.424 -2.27415
-533.779 -2.27421
-534.134 -2.27427
-534.489 -2.27434
-534.843 -2.2744
-535.198 -2.27447
-535.553 -2.27453
-535.908 -2.2746
-536.263 -2.27466
-536.618 -2.27472
-536.973 -2.27479
-537.328 -2.27485
-537.683 -2.27491
-538.038 -2.27498
-538.393 -2.27504
-538.748 -2.27511
-539.103 -2.27517
-539.458 -2.27523
-539.813 -2.2753
-540.168 -2.27536
-540.523 -2.27542
-540.878 -2.27549
-541.233 -2.27555
-541.588 -2.27561
-541.943 -2.27568
-542.299 -2.27574
-542.654 -2.2758
-543.009 -2.27586
-543.364 -2.27593
-543.719 -2.27599
-544.074 -2.27605
-544.43 -2.27612
-544.785 -2.27618
-545.14 -2.27624
-545.495 -2.2763
-545.851 -2.27637
-546.206 -2.27643
-546.561 -2.27649
-546.916 -2.27655
-547.272 -2.27662
-547.627 -2.27668
-547.982 -2.27674
-548.338 -2.2768
-548.693 -2.27686
-549.048 -2.27693
-549.404 -2.27699
-549.759 -2.27705
-550.115 -2.27711
-550.47 -2.27717
-550.826 -2.27724
-551.181 -2.2773
-551.536 -2.27736
-551.892 -2.27742
-552.247 -2.27748
-552.603 -2.27754
-552.958 -2.27761
-553.314 -2.27767
-553.669 -2.27773
-554.025 -2.27779
-554.38 -2.27785
-554.736 -2.27791
-555.092 -2.27797
-555.447 -2.27804
-555.803 -2.2781
-556.158 -2.27816
-556.514 -2.27822
-556.87 -2.27828
-557.225 -2.27834
-557.581 -2.2784
-557.937 -2.27846
-558.292 -2.27852
-558.648 -2.27858
-559.004 -2.27864
-559.36 -2.27871
-559.715 -2.27877
-560.071 -2.27883
-560.427 -2.27889
-560.783 -2.27895
-561.138 -2.27901
-561.494 -2.27907
-561.85 -2.27913
-562.206 -2.27919
-562.562 -2.27925
-562.917 -2.27931
-563.273 -2.27937
-563.629 -2.27943
-563.985 -2.27949
-564.341 -2.27955
-564.697 -2.27961
-565.053 -2.27967
-565.409 -2.27973
-565.765 -2.27979
-566.121 -2.27985
-566.477 -2.27991
-566.833 -2.27997
-567.189 -2.28003
-567.545 -2.28009
-567.901 -2.28015
-568.257 -2.28021
-568.613 -2.28027
-568.969 -2.28032
-569.325 -2.28038
-569.681 -2.28044
-570.037 -2.2805
-570.393 -2.28056
-570.749 -2.28062
-571.105 -2.28068
-571.461 -2.28074
-571.818 -2.2808
-572.174 -2.28086
-572.53 -2.28092
-572.886 -2.28097
-573.242 -2.28103
-573.599 -2.28109
-573.955 -2.28115
-574.311 -2.28121
-574.667 -2.28127
-575.023 -2.28133
-575.38 -2.28139
-575.736 -2.28144
-576.092 -2.2815
-576.449 -2.28156
-576.805 -2.28162
-577.161 -2.28168
-577.518 -2.28174
-577.874 -2.28179
-578.23 -2.28185
-578.587 -2.28191
-578.943 -2.28197
-579.299 -2.28203
-579.656 -2.28208
-580.012 -2.28214
-580.369 -2.2822
-580.725 -2.28226
-581.082 -2.28232
-581.438 -2.28237
-581.794 -2.28243
-582.151 -2.28249
-582.508 -2.28255
-582.864 -2.2826
-583.221 -2.28266
-583.577 -2.28272
-583.934 -2.28278
-584.29 -2.28283
-584.647 -2.28289
-585.003 -2.28295
-585.36 -2.28301
-585.716 -2.28306
-586.073 -2.28312
-586.43 -2.28318
-586.786 -2.28323
-587.143 -2.28329
-587.5 -2.28335
-587.856 -2.2834
-588.213 -2.28346
-588.57 -2.28352
-588.926 -2.28358
-589.283 -2.28363
-589.64 -2.28369
-589.997 -2.28375
-590.353 -2.2838
-590.71 -2.28386
-591.067 -2.28392
-591.424 -2.28397
-591.78 -2.28403
-592.137 -2.28409
-592.494 -2.28414
-592.851 -2.2842
-593.208 -2.28425
-593.565 -2.28431
-593.921 -2.28437
-594.278 -2.28442
-594.635 -2.28448
-594.992 -2.28453
-595.349 -2.28459
-595.706 -2.28465
-596.063 -2.2847
-596.42 -2.28476
-596.777 -2.28481
-597.134 -2.28487
-597.491 -2.28493
-597.848 -2.28498
-598.205 -2.28504
-598.562 -2.28509
-598.919 -2.28515
-599.276 -2.2852
-599.633 -2.28526
-599.99 -2.28532
-600.347 -2.28537
-600.704 -2.28543
-601.061 -2.28548
-601.418 -2.28554
-601.775 -2.28559
-602.132 -2.28565
-602.489 -2.2857
-602.847 -2.28576
-603.204 -2.28581
-603.561 -2.28587
-603.918 -2.28592
-604.275 -2.28598
-604.632 -2.28603
-604.99 -2.28609
-605.347 -2.28614
-605.704 -2.2862
-606.061 -2.28625
-606.419 -2.28631
-606.776 -2.28636
-607.133 -2.28642
-607.49 -2.28647
-607.848 -2.28653
-608.205 -2.28658
-608.562 -2.28664
-608.92 -2.28669
-609.277 -2.28674
-609.634 -2.2868
-609.992 -2.28685
-610.349 -2.28691
-610.706 -2.28696
-611.064 -2.28702
-611.421 -2.28707
-611.779 -2.28712
-612.136 -2.28718
-612.494 -2.28723
-612.851 -2.28729
-613.208 -2.28734
-613.566 -2.2874
-613.923 -2.28745
-614.281 -2.2875
-614.638 -2.28756
-614.996 -2.28761
-615.353 -2.28766
-615.711 -2.28772
-616.068 -2.28777
-616.426 -2.28783
-616.784 -2.28788
-617.141 -2.28793
-617.499 -2.28799
-617.856 -2.28804
-618.214 -2.28809
-618.572 -2.28815
-618.929 -2.2882
-619.287 -2.28825
-619.645 -2.28831
-620.002 -2.28836
-620.36 -2.28841
-620.718 -2.28847
-621.075 -2.28852
-621.433 -2.28857
-621.791 -2.28863
-622.148 -2.28868
-622.506 -2.28873
-622.864 -2.28878
-623.222 -2.28884
-623.579 -2.28889
-623.937 -2.28894
-624.295 -2.289
-624.653 -2.28905
-625.01 -2.2891
-625.368 -2.28915
-625.726 -2.28921
-626.084 -2.28926
-626.442 -2.28931
-626.8 -2.28936
-627.158 -2.28942
-627.516 -2.28947
-627.873 -2.28952
-628.231 -2.28957
-628.589 -2.28963
-628.947 -2.28968
-629.305 -2.28973
-629.663 -2.28978
-630.021 -2.28984
-630.379 -2.28989
-630.737 -2.28994
-631.095 -2.28999
-631.453 -2.29004
-631.811 -2.2901
-632.169 -2.29015
-632.527 -2.2902
-632.885 -2.29025
-633.243 -2.2903
-633.601 -2.29036
-633.959 -2.29041
-634.317 -2.29046
-634.675 -2.29051
-635.033 -2.29056
-635.392 -2.29061
-635.75 -2.29067
-636.108 -2.29072
-636.466 -2.29077
-636.824 -2.29082
-637.182 -2.29087
-637.54 -2.29092
-637.899 -2.29098
-638.257 -2.29103
-638.615 -2.29108
-638.973 -2.29113
-639.331 -2.29118
-639.69 -2.29123
-640.048 -2.29128
-640.406 -2.29133
-640.764 -2.29138
-641.123 -2.29144
