0 0
0.0309018 0.0951056
0.0619609 0.190212
0.0931759 0.285319
0.124545 0.380427
0.156067 0.475538
0.187741 0.570651
0.219564 0.665766
0.251534 0.760886
0.283652 0.856009
0.315913 0.951137
0.348318 1.04627
0.380864 1.14141
0.413549 1.23655
0.446371 1.33171
0.479329 1.42687
0.51242 1.52203
0.545642 1.61721
0.578994 1.7124
0.612474 1.80759
0.646078 1.9028
0.679806 1.99802
0.713653 2.09325
0.74762 2.1885
0.781702 2.28375
0.815897 2.37903
0.850204 2.47432
0.884618 2.56962
0.919139 2.66494
0.953762 2.76028
0.988485 2.85564
1.02331 2.95101
1.05822 3.04641
1.09322 3.14183
1.12832 3.23727
1.16349 3.33274
1.19875 3.42823
1.23409 3.52374
1.2695 3.61928
1.30498 3.71485
1.34052 3.81045
1.37613 3.90608
1.4118 4.00174
1.44752 4.09743
1.48328 4.19315
1.5191 4.28891
1.55495 4.38471
1.59083 4.48054
1.62675 4.57641
1.66269 4.67233
1.69864 4.76828
1.73461 4.86428
1.77058 4.96032
1.80656 5.05641
1.84252 5.15255
1.87847 5.24874
1.9144 5.34497
1.9503 5.44127
1.98615 5.53762
2.02196 5.63402
2.05772 5.73049
2.09341 5.82702
2.12902 5.92361
2.16454 6.02027
2.19996 6.117
2.23528 6.2138
2.27047 6.31067
2.30552 6.40762
2.34042 6.50464
2.37515 6.60175
2.40969 6.69895
2.44403 6.79623
2.47815 6.8936
2.51203 6.99107
2.54563 7.08863
2.57895 7.1863
2.61195 7.28407
2.6446 7.38195
2.67687 7.47994
2.70872 7.57804
2.74012 7.67627
2.77101 7.77462
2.80136 7.8731
2.83111 7.97171
2.86019 8.07046
2.88853 8.16935
2.91605 8.26838
2.94265 8.36756
2.96823 8.46688
2.99264 8.56635
3.01572 8.66597
3.03727 8.76572
3.05704 8.86558
3.07468 8.96554
3.08975 9.06554
3.10158 9.16549
3.10917 9.26519
3.11073 9.36422
3.10236 9.4613
3.06878 9.54825
3.09906 9.44929
3.07751 9.54206
3.08315 9.44259
3.08617 9.54177
3.06643 9.44835
3.09492 9.54754
3.06205 9.46026
3.10167 9.55738
3.06706 9.47111
3.10109 9.56944
3.07552 9.47847
3.08771 9.57841
3.08416 9.48033
3.06913 9.57546
3.09289 9.47576
3.06171 9.56402
3.10045 9.46665
3.0652 9.55264
3.10214 9.45487
3.07334 9.54437
3.09196 9.44441
3.08209 9.54107
3.07314 9.44421
3.09083 9.54419
3.06254 9.4545
3.09901 9.55234
3.06394 9.46633
3.1027 9.56366
3.07139 9.47554
3.09566 9.57519
3.08012 9.48028
3.07723 9.57852
3.08875 9.47862
3.06349 9.56979
3.09726 9.47139
3.06262 9.55772
3.10247 9.46062
3.06925 9.54778
3.09848 9.44867
3.078 9.54187
3.08203 9.44258
3.08666 9.54196
3.06582 9.44896
3.0954 9.54801
3.06214 9.46094
3.10189 9.55803
3.06749 9.47164
3.1007 9.57011
3.07602 9.47875
3.08661 9.57861
3.08464 9.48024
3.06834 9.57493
3.09339 9.47534
3.06168 9.56333
3.10076 9.46604
3.06559 9.55207
3.10193 9.45417
3.07384 9.54403
3.09099 9.44404
3.08258 9.54107
3.07218 9.4446
3.09133 9.54454
3.06234 9.4552
3.0994 9.55291
3.06426 9.46695
3.10266 9.56436
3.07188 9.47596
3.09484 9.5757
3.08061 9.48038
3.07614 9.57829
3.08925 9.47833
3.06312 9.56911
3.0977 9.47085
3.06285 9.55707
3.10256 9.45993
3.06973 9.54732
3.09785 9.44806
3.0785 9.54169
3.0809 9.44261
3.08717 9.54216
3.06526 9.44959
3.09587 9.54849
3.06227 9.46162
3.1021 9.55869
3.06794 9.47216
3.10026 9.57078
3.07653 9.47901
3.08549 9.57877
3.08514 9.48012
3.06758 9.57438
3.09388 9.47491
3.06168 9.56263
3.10105 9.46541
3.06599 9.55151
3.10167 9.45347
3.07435 9.5437
3.08998 9.4437
3.08307 9.5411
3.07125 9.44503
3.09183 9.54491
3.06219 9.4559
3.09977 9.5535
3.0646 9.46755
3.10257 9.56506
3.07238 9.47635
3.09397 9.57619
3.0811 9.48044
3.07507 9.57802
3.08976 9.47803
3.06279 9.56841
3.09812 9.47031
3.06312 9.55643
3.10261 9.45924
3.07021 9.54687
3.09718 9.44748
3.079 9.54154
3.07978 9.44269
3.08767 9.54238
3.06474 9.45024
3.09633 9.54898
3.06242 9.46229
3.10227 9.55936
3.06839 9.47266
3.09978 9.57144
3.07703 9.47925
3.08435 9.57889
3.08563 9.47997
3.06687 9.5738
3.09436 9.47447
3.06171 9.56194
3.10132 9.46477
3.06641 9.55096
3.10137 9.45278
3.07485 9.54339
3.08895 9.44341
3.08356 9.54115
3.07037 9.44548
3.09234 9.54529
3.06207 9.4566
3.10012 9.55409
3.06495 9.46815
3.10244 9.56577
3.07288 9.47673
3.09307 9.57664
3.08159 9.48049
3.07403 9.57771
3.09026 9.47771
3.06251 9.56772
3.09853 9.46975
3.0634 9.5558
3.10263 9.45855
3.0707 9.54643
3.09646 9.44691
3.0795 9.5414
3.07866 9.44282
3.08817 9.54262
3.06427 9.4509
3.09679 9.54949
3.0626 9.46296
3.10242 9.56003
3.06885 9.47316
3.09924 9.57209
3.07752 9.47947
3.08321 9.57895
3.08612 9.47981
3.0662 9.5732
3.09484 9.47401
3.06178 9.56125
3.10157 9.46413
3.06684 9.55042
3.10103 9.4521
3.07536 9.5431
3.08788 9.44316
3.08405 9.54122
3.06953 9.44597
3.09283 9.54568
3.06199 9.4573
3.10046 9.5547
3.06532 9.46873
3.10228 9.56647
3.07338 9.4771
3.09213 9.57706
3.08207 9.48051
3.07302 9.57736
3.09076 9.47738
3.06227 9.56702
3.09893 9.46919
3.0637 9.55518
3.10262 9.45785
3.0712 9.54601
3.0957 9.44637
3.07999 9.54129
3.07756 9.44299
3.08867 9.54288
3.06385 9.45156
3.09724 9.55
3.0628 9.46362
3.10255 9.56071
3.06932 9.47364
3.09867 9.57272
3.07802 9.47967
3.08206 9.57897
3.08662 9.47963
3.06559 9.57259
3.09532 9.47354
3.06188 9.56056
3.1018 9.46348
3.06728 9.54989
3.10065 9.45142
3.07586 9.54283
3.0868 9.44295
3.08455 9.54131
3.06873 9.44649
3.09333 9.5461
3.06195 9.458
3.10077 9.55531
3.06571 9.46931
3.10207 9.56717
3.07388 9.47745
3.09114 9.57744
3.08256 9.4805
3.07204 9.57697
3.09126 9.47702
3.06207 9.56632
3.09931 9.46861
3.06402 9.55457
3.10257 9.45715
3.0717 9.5456
3.09489 9.44586
3.08048 9.5412
3.07648 9.44321
3.08918 9.54316
3.06347 9.45224
3.09767 9.55053
3.06304 9.46427
3.10264 9.56139
3.0698 9.47411
3.09804 9.57333
3.07852 9.47985
3.08091 9.57894
3.08712 9.47942
3.06502 9.57195
3.09579 9.47305
3.06201 9.55989
3.102 9.46282
3.06773 9.54938
3.10021 9.45076
3.07637 9.54257
3.0857 9.44279
3.08504 9.54143
3.06797 9.44703
3.09382 9.54652
3.06194 9.4587
3.10107 9.55593
3.0661 9.46987
3.10182 9.56787
3.07438 9.47778
3.09012 9.57778
3.08305 9.48048
3.0711 9.57655
3.09177 9.47666
3.06191 9.56561
3.09968 9.46802
3.06436 9.55396
3.10248 9.45645
3.0722 9.5452
3.09403 9.44538
3.08098 9.54113
3.07542 9.44347
3.08969 9.54346
3.06313 9.45293
3.0981 9.55107
3.06329 9.46491
3.1027 9.56209
3.07028 9.47457
3.09736 9.57393
3.07901 9.48001
3.07977 9.57887
3.08762 9.4792
3.06449 9.5713
3.09626 9.47256
3.06216 9.55921
3.10218 9.46215
3.06818 9.54887
3.09974 9.4501
3.07687 9.54233
3.08458 9.44267
3.08554 9.54157
3.06726 9.4476
3.09431 9.54696
3.06196 9.45939
3.10135 9.55657
3.06652 9.47043
3.10153 9.56857
3.07489 9.4781
3.08907 9.57809
3.08354 9.48043
3.0702 9.57608
3.09227 9.47627
3.0618 9.56491
3.10003 9.46742
3.06472 9.55337
3.10236 9.45575
3.0727 9.54483
3.09314 9.44493
3.08147 9.54109
3.07439 9.44377
3.09019 9.54377
3.06284 9.45362
3.09851 9.55163
3.06356 9.46555
3.10272 9.56278
3.07077 9.47501
3.09664 9.5745
3.0795 9.48015
3.07863 9.57874
3.08812 9.47895
3.06402 9.57064
3.09671 9.47205
3.06235 9.55855
3.10233 9.46148
3.06865 9.54838
3.09921 9.44946
3.07737 9.54211
3.08345 9.4426
3.08604 9.54173
3.06659 9.44819
3.0948 9.54741
3.06202 9.46008
3.10161 9.55721
3.06694 9.47097
3.10119 9.56925
3.07539 9.4784
3.088 9.57835
3.08403 9.48036
3.06935 9.57559
3.09276 9.47587
3.06172 9.56421
3.10037 9.46681
3.06509 9.55279
3.10219 9.45505
3.0732 9.54446
3.09221 9.44451
3.08196 9.54107
3.07339 9.44411
3.0907 9.5441
3.0626 9.45432
3.09891 9.55219
3.06386 9.46617
3.10272 9.56348
3.07126 9.47544
3.09587 9.57505
3.08 9.48026
3.07752 9.57857
3.08862 9.47869
3.06359 9.56997
3.09715 9.47152
3.06256 9.55789
3.10245 9.4608
3.06912 9.5479
3.09864 9.44883
3.07787 9.54191
3.08232 9.44257
3.08654 9.5419
3.06597 9.4488
3.09528 9.54788
3.06211 9.46077
3.10184 9.55786
3.06738 9.4715
3.10081 9.56994
3.0759 9.47868
3.0869 9.57857
3.08452 9.48027
3.06853 9.57507
3.09326 9.47545
3.06168 9.56351
3.10069 9.4662
3.06548 9.55221
3.10199 9.45435
3.07371 9.54412
3.09124 9.44413
3.08245 9.54107
3.07242 9.4445
3.0912 9.54445
3.06239 9.45502
3.0993 9.55276
3.06418 9.46679
3.10267 9.56418
3.07176 9.47585
3.09506 9.57557
3.08049 9.48036
3.07641 9.57836
3.08913 9.47841
3.06321 9.56928
3.09759 9.47099
3.06279 9.55724
3.10254 9.46011
3.0696 9.54743
3.09802 9.44821
3.07837 9.54173
3.08119 9.4426
3.08704 9.5421
3.06539 9.44943
3.09575 9.54836
3.06223 9.46145
3.10205 9.55852
3.06782 9.47203
3.10038 9.57061
3.0764 9.47895
3.08577 9.57874
3.08501 9.48015
3.06776 9.57452
3.09375 9.47503
3.06167 9.56281
3.10098 9.46557
3.06589 9.55165
3.10174 9.45365
3.07422 9.54378
3.09024 9.44378
3.08295 9.54109
3.07148 9.44491
3.09171 9.54481
3.06222 9.45572
3.09968 9.55335
3.06451 9.4674
3.1026 9.56489
3.07225 9.47626
3.0942 9.57607
3.08098 9.48043
3.07533 9.5781
3.08963 9.47811
3.06287 9.56859
3.09802 9.47045
3.06304 9.55659
3.1026 9.45942
3.07009 9.54698
3.09736 9.44762
3.07887 9.54157
3.08006 9.44266
3.08754 9.54232
3.06486 9.45008
3.09622 9.54885
3.06238 9.46213
3.10223 9.55919
3.06828 9.47254
3.09991 9.57128
3.0769 9.47919
3.08464 9.57886
3.08551 9.48001
3.06704 9.57395
3.09424 9.47458
3.0617 9.56211
3.10126 9.46494
3.0663 9.55109
3.10146 9.45296
3.07472 9.54347
3.08921 9.44348
3.08344 9.54113
3.07059 9.44536
3.09221 9.54519
3.06209 9.45643
3.10004 9.55394
3.06486 9.468
3.10248 9.56559
3.07275 9.47664
3.0933 9.57653
3.08147 9.48048
3.07428 9.5778
3.09013 9.4778
3.06257 9.56789
3.09843 9.46989
3.06332 9.55596
3.10263 9.45872
3.07058 9.54654
3.09665 9.44705
3.07937 9.54143
3.07894 9.44278
3.08805 9.54256
3.06438 9.45073
3.09668 9.54936
3.06255 9.46279
3.10239 9.55986
3.06874 9.47304
3.09938 9.57193
3.0774 9.47942
3.08349 9.57894
3.086 9.47986
3.06636 9.57336
3.09473 9.47413
3.06176 9.56142
3.10152 9.46429
3.06673 9.55055
3.10113 9.45227
3.07523 9.54317
3.08815 9.44321
3.08393 9.5412
3.06973 9.44585
3.09271 9.54558
3.062 9.45713
3.10038 9.55455
3.06523 9.46859
3.10232 9.5663
3.07326 9.47701
3.09236 9.57696
3.08196 9.4805
3.07326 9.57745
3.09064 9.47746
3.06232 9.56719
3.09884 9.46932
3.06362 9.55533
3.10263 9.45802
3.07108 9.54611
3.09589 9.4465
3.07987 9.54132
3.07783 9.44294
3.08855 9.54282
3.06394 9.4514
3.09713 9.54988
3.06275 9.46346
3.10252 9.56054
3.06921 9.47353
3.09881 9.57257
3.0779 9.47962
3.08234 9.57897
3.0865 9.47968
3.06573 9.57274
3.09521 9.47365
3.06185 9.56073
3.10175 9.46364
3.06717 9.55002
3.10075 9.45158
3.07574 9.54289
3.08706 9.443
3.08443 9.54129
3.06892 9.44636
3.09321 9.54599
3.06195 9.45783
3.1007 9.55516
3.06561 9.46917
3.10213 9.567
3.07376 9.47737
3.09138 9.57735
3.08244 9.48051
3.07227 9.57707
3.09115 9.47711
3.06211 9.56649
3.09922 9.46875
3.06394 9.55471
3.10259 9.45732
3.07158 9.54569
3.09508 9.44598
3.08037 9.54122
3.07674 9.44315
3.08906 9.54309
3.06355 9.45208
3.09757 9.5504
3.06298 9.46412
3.10262 9.56123
3.06969 9.474
3.09819 9.57319
3.0784 9.47981
3.08118 9.57896
3.087 9.47948
3.06514 9.5721
3.09568 9.47317
3.06197 9.56004
3.10196 9.46297
3.06762 9.5495
3.10032 9.45091
3.07625 9.54263
3.08596 9.44282
3.08493 9.5414
3.06814 9.4469
3.09371 9.54642
3.06193 9.45853
3.10101 9.55579
3.06601 9.46974
3.10189 9.56771
3.07427 9.47771
3.09037 9.57771
3.08293 9.48049
3.07132 9.57665
3.09165 9.47674
3.06195 9.56578
3.0996 9.46816
3.06428 9.5541
3.10251 9.45662
3.07208 9.5453
3.09424 9.44549
3.08086 9.54115
3.07567 9.4434
3.08957 9.54338
3.06321 9.45277
3.098 9.55094
3.06323 9.46476
3.10269 9.56192
3.07017 9.47446
3.09753 9.57379
3.07889 9.47997
3.08004 9.57889
3.0875 9.47926
3.06461 9.57146
3.09615 9.47268
3.06212 9.55937
3.10214 9.46231
3.06807 9.54899
3.09986 9.45025
3.07675 9.54238
3.08484 9.44269
3.08542 9.54153
3.06742 9.44746
3.0942 9.54685
3.06195 9.45923
3.10129 9.55642
3.06642 9.4703
3.1016 9.5684
3.07477 9.47803
3.08932 9.57802
3.08342 9.48045
3.07041 9.5762
3.09215 9.47636
3.06182 9.56508
3.09995 9.46756
3.06463 9.55351
3.10239 9.45591
3.07258 9.54491
3.09336 9.44503
3.08135 9.5411
3.07463 9.4437
3.09007 9.5437
3.0629 9.45346
3.09842 9.5515
3.0635 9.4654
3.10272 9.56262
3.07066 9.47491
3.09681 9.57437
3.07939 9.48012
3.0789 9.57878
3.088 9.47901
3.06412 9.57079
3.0966 9.47217
3.0623 9.5587
3.1023 9.46163
3.06854 9.54849
3.09934 9.4496
3.07726 9.54216
3.08371 9.44261
3.08592 9.54169
3.06674 9.44805
3.09469 9.54731
3.06201 9.45992
3.10155 9.55706
3.06684 9.47085
3.10127 9.5691
3.07528 9.47833
3.08825 9.57829
3.08392 9.48038
3.06954 9.57571
3.09265 9.47596
3.06173 9.56437
3.10029 9.46696
3.06501 9.55292
3.10224 9.45521
3.07309 9.54454
3.09243 9.4446
3.08185 9.54107
3.07361 9.44403
3.09058 9.54402
3.06265 9.45416
3.09883 9.55206
3.06379 9.46603
3.10272 9.56332
3.07115 9.47534
3.09605 9.57493
3.07988 9.48024
3.07777 9.57862
3.08851 9.47875
3.06368 9.57012
3.09705 9.47165
3.0625 9.55804
3.10243 9.46095
3.06902 9.54801
3.09877 9.44897
3.07776 9.54195
3.08258 9.44257
3.08642 9.54186
3.06611 9.44866
3.09517 9.54777
3.06209 9.46061
3.10179 9.55771
3.06728 9.47138
3.1009 9.56979
3.07578 9.47862
3.08715 9.57852
3.08441 9.48029
3.06871 9.57519
3.09315 9.47555
3.06168 9.56367
3.10061 9.46634
3.06539 9.55234
3.10204 9.45451
3.07359 9.54419
3.09147 9.44421
3.08234 9.54106
3.07264 9.44441
3.09109 9.54437
3.06243 9.45486
3.09922 9.55263
3.0641 9.46665
3.10269 9.56402
3.07164 9.47576
3.09525 9.57546
3.08037 9.48034
3.07666 9.57841
3.08901 9.47848
3.06329 9.56944
3.09749 9.47111
3.06273 9.55738
3.10252 9.46027
3.06949 9.54754
3.09817 9.44835
3.07826 9.54177
3.08145 9.44258
3.08692 9.54205
3.06552 9.44928
3.09564 9.54825
3.0622 9.4613
3.10201 9.55837
3.06772 9.47191
3.10048 9.57046
3.07628 9.47889
3.08603 9.5787
3.0849 9.48018
3.06793 9.57465
3.09364 9.47513
3.06167 9.56297
3.10092 9.46571
3.06579 9.55177
3.10181 9.45381
3.0741 9.54386
3.09047 9.44386
3.08283 9.54108
3.07169 9.44481
3.09159 9.54473
3.06225 9.45556
3.0996 9.55321
3.06443 9.46726
3.10262 9.56472
3.07214 9.47617
3.0944 9.57596
3.08086 9.48042
3.07558 9.57816
3.08952 9.47818
3.06294 9.56875
3.09792 9.47057
3.06298 9.55674
3.1026 9.45958
3.06998 9.54708
3.09751 9.44775
3.07876 9.5416
3.08031 9.44264
3.08743 9.54227
3.06498 9.44993
3.09611 9.54874
3.06234 9.46197
3.1022 9.55904
3.06817 9.47242
3.10002 9.57113
3.07679 9.47914
3.0849 9.57884
3.08539 9.48005
3.0672 9.57408
3.09413 9.47468
3.06169 9.56227
3.1012 9.46508
3.06621 9.55121
3.10153 9.45311
3.07461 9.54354
3.08944 9.44354
3.08333 9.54112
3.07078 9.44526
3.0921 9.5451
3.06212 9.45627
3.09996 9.55381
3.06478 9.46787
3.10251 9.56543
3.07264 9.47656
3.09351 9.57643
3.08136 9.48047
3.07451 9.57787
3.09002 9.47787
3.06263 9.56805
3.09834 9.47002
3.06326 9.5561
3.10263 9.45888
3.07047 9.54663
3.09681 9.44717
3.07926 9.54146
3.07918 9.44275
3.08793 9.5425
3.06448 9.45058
3.09658 9.54924
3.06251 9.46265
3.10236 9.55971
3.06863 9.47293
3.09951 9.57179
3.07729 9.47937
3.08375 9.57893
3.08589 9.4799
3.0665 9.57349
3.09462 9.47423
3.06174 9.56157
3.10146 9.46443
3.06663 9.55067
3.10121 9.45242
3.07512 9.54323
3.08839 9.44327
3.08382 9.54118
3.06991 9.44573
3.0926 9.5455
3.06202 9.45697
3.10031 9.55441
3.06514 9.46846
3.10236 9.56614
3.07315 9.47693
3.09257 9.57687
3.08185 9.4805
3.07348 9.57753
3.09053 9.47754
3.06237 9.56735
3.09875 9.46945
3.06355 9.55547
3.10263 9.45818
3.07097 9.5462
3.09606 9.44662
3.07976 9.54134
3.07807 9.4429
3.08844 9.54276
3.06403 9.45125
3.09703 9.54976
3.0627 9.46332
3.1025 9.56039
3.0691 9.47342
3.09894 9.57243
3.07779 9.47958
3.08259 9.57897
3.08639 9.47972
3.06586 9.57288
3.0951 9.47376
3.06182 9.56088
3.1017 9.46378
3.06707 9.55013
3.10084 9.45173
3.07563 9.54295
3.08731 9.44304
3.08432 9.54126
3.06909 9.44624
3.09311 9.5459
3.06196 9.45768
3.10064 9.55503
3.06552 9.46905
3.10218 9.56685
3.07365 9.47729
3.0916 9.57727
3.08234 9.48051
3.07248 9.57716
3.09104 9.47719
3.06215 9.56664
3.09914 9.46888
3.06387 9.55484
3.1026 9.45747
3.07147 9.54578
3.09527 9.44609
3.08026 9.54123
3.07697 9.4431
3.08895 9.54303
3.06363 9.45193
3.09748 9.55029
3.06292 9.46397
3.1026 9.56108
3.06958 9.4739
3.09833 9.57306
3.07829 9.47978
3.08143 9.57897
3.08689 9.47952
3.06526 9.57224
3.09558 9.47328
3.06194 9.56019
3.10192 9.46312
3.06752 9.5496
3.10042 9.45105
3.07614 9.54268
3.0862 9.44285
3.08482 9.54137
3.0683 9.44678
3.09361 9.54632
3.06193 9.45839
3.10095 9.55565
3.06592 9.46962
3.10195 9.56756
3.07416 9.47764
3.09059 9.57764
3.08283 9.4805
3.07151 9.57674
3.09155 9.47683
3.06197 9.56593
3.09952 9.46829
3.0642 9.55423
3.10253 9.45676
3.07197 9.54537
3.09442 9.44559
3.08076 9.54116
3.07589 9.44334
3.08946 9.54332
3.06327 9.45262
3.09792 9.55083
3.06317 9.46463
3.10268 9.56178
3.07007 9.47437
3.09767 9.57367
3.07879 9.47995
3.08027 9.57891
3.0874 9.47931
3.06471 9.57159
3.09605 9.47278
3.06208 9.55951
3.10211 9.46245
3.06798 9.54909
3.09996 9.45038
3.07665 9.54243
3.08507 9.44271
3.08532 9.5415
3.06756 9.44734
3.0941 9.54676
3.06194 9.45909
3.10124 9.55629
3.06633 9.47019
3.10167 9.56826
3.07467 9.47797
3.08954 9.57796
3.08333 9.48046
3.07059 9.57629
3.09205 9.47644
3.06184 9.56522
3.09989 9.46769
3.06456 9.55362
3.10242 9.45605
3.07248 9.54498
3.09354 9.44512
3.08125 9.5411
3.07483 9.44363
3.08997 9.54363
3.06296 9.45332
3.09834 9.55138
3.06344 9.46527
3.10272 9.56248
3.07056 9.47482
3.09696 9.57426
3.07929 9.48009
3.07912 9.57881
3.0879 9.47907
3.06421 9.57093
3.09652 9.47227
3.06226 9.55883
3.10227 9.46177
3.06844 9.54859
3.09945 9.44973
3.07716 9.5422
3.08394 9.44262
3.08582 9.54165
3.06686 9.44793
3.09459 9.54721
3.06199 9.45979
3.10151 9.55693
3.06675 9.47074
3.10135 9.56896
3.07517 9.47828
3.08846 9.57825
3.08382 9.4804
3.0697 9.57581
3.09256 9.47605
3.06174 9.56451
3.10023 9.46708
3.06493 9.55303
3.10228 9.45535
3.07299 9.54461
3.09262 9.44468
3.08175 9.54107
3.07381 9.44396
3.09048 9.54395
3.06269 9.45402
3.09875 9.55194
3.06373 9.46591
3.10273 9.56318
3.07105 9.47526
3.09621 9.57482
3.07979 9.48022
3.07799 9.57866
3.08841 9.47881
3.06376 9.57025
3.09697 9.47175
3.06246 9.55816
3.10241 9.46109
3.06892 9.5481
3.09889 9.44909
3.07766 9.54199
3.0828 9.44257
3.08633 9.54182
3.06622 9.44854
3.09508 9.54768
3.06206 9.46048
3.10175 9.55758
3.06719 9.47128
3.10098 9.56965
3.07568 9.47857
3.08736 9.57849
3.08431 9.48032
3.06886 9.5753
3.09306 9.47564
3.06168 9.5638
3.10056 9.46646
3.06531 9.55245
3.10209 9.45464
3.0735 9.54425
3.09166 9.44428
3.08225 9.54106
3.07281 9.44433
3.091 9.5443
3.06246 9.45473
3.09915 9.55252
3.06403 9.46654
3.10271 9.56389
3.07155 9.47569
3.09541 9.57537
3.08028 9.48033
3.07686 9.57846
3.08892 9.47854
3.06335 9.56957
3.09742 9.47122
3.06268 9.5575
3.10252 9.46039
3.0694 9.54762
3.09829 9.44846
3.07817 9.54179
3.08165 9.44257
3.08683 9.54201
3.06561 9.44917
3.09556 9.54816
3.06217 9.46117
3.10198 9.55825
3.06763 9.47182
3.10057 9.57034
3.07619 9.47885
3.08624 9.57868
3.08481 9.48021
3.06806 9.57475
3.09356 9.47521
3.06166 9.56309
3.10087 9.46583
3.06571 9.55187
3.10186 9.45393
3.07401 9.54391
3.09066 9.44391
3.08275 9.54107
3.07185 9.44473
3.09151 9.54466
3.06227 9.45544
3.09954 9.5531
3.06436 9.46716
3.10264 9.5646
3.07205 9.4761
3.09456 9.57588
3.08078 9.48041
3.07576 9.57822
3.08943 9.47824
3.06299 9.56887
3.09786 9.47067
3.06293 9.55684
3.10259 9.4597
3.06989 9.54715
3.09764 9.44785
3.07867 9.54162
3.0805 9.44262
3.08734 9.54222
3.06506 9.44981
3.09604 9.54865
3.0623 9.46186
3.10217 9.55892
3.06809 9.47234
3.10011 9.57102
3.0767 9.4791
3.08509 9.57883
3.08531 9.48008
3.06731 9.57418
3.09406 9.47477
3.06167 9.56238
3.10116 9.46519
3.06613 9.5513
3.10159 9.45323
3.07452 9.54358
3.08962 9.44358
3.08325 9.5411
3.07092 9.44518
3.09202 9.54503
3.06213 9.45615
3.09991 9.5537
3.06471 9.46777
3.10254 9.56532
3.07256 9.4765
3.09366 9.57636
3.08127 9.48047
3.07468 9.57793
3.08994 9.47793
3.06267 9.56817
3.09828 9.47011
3.0632 9.5562
3.10264 9.45899
3.07039 9.5467
3.09694 9.44726
3.07918 9.54147
3.07937 9.44272
3.08785 9.54246
3.06455 9.45047
3.09651 9.54916
3.06247 9.46254
3.10234 9.5596
3.06855 9.47285
3.0996 9.57169
3.07721 9.47934
3.08393 9.57893
3.08581 9.47993
3.0666 9.57359
3.09455 9.47431
3.06172 9.56168
3.10143 9.46454
3.06656 9.55075
3.10127 9.45253
3.07504 9.54327
3.08856 9.4433
3.08375 9.54116
3.07004 9.44565
3.09253 9.54543
3.06202 9.45687
3.10026 9.55431
3.06508 9.46837
3.1024 9.56603
3.07306 9.47688
3.09273 9.57681
3.08177 9.48051
3.07363 9.57759
3.09045 9.4776
3.0624 9.56746
3.09869 9.46954
3.0635 9.55556
3.10264 9.45829
3.07089 9.54626
3.09618 9.4467
3.07968 9.54135
3.07824 9.44287
3.08837 9.54271
3.06409 9.45115
3.09697 9.54968
3.06266 9.46322
3.10249 9.56029
3.06903 9.47335
3.09904 9.57234
3.07771 9.47956
3.08277 9.57898
3.08632 9.47975
3.06595 9.57297
3.09504 9.47383
3.0618 9.56098
3.10168 9.46388
3.067 9.55021
3.1009 9.45183
3.07555 9.54298
3.08747 9.44306
3.08425 9.54124
3.0692 9.44616
3.09303 9.54584
3.06196 9.45758
3.10059 9.55493
3.06546 9.46896
3.10221 9.56675
3.07358 9.47725
3.09175 9.57722
3.08227 9.48052
3.07262 9.57722
3.09097 9.47725
3.06217 9.56674
3.09909 9.46896
3.06382 9.55493
3.10262 9.45757
3.07139 9.54583
3.09539 9.44616
3.08019 9.54124
3.07712 9.44306
3.08888 9.54298
3.06368 9.45183
3.09742 9.55021
3.06288 9.46388
3.1026 9.56098
3.06951 9.47384
3.09843 9.57297
3.07822 9.47975
3.0816 9.57898
3.08682 9.47956
3.06534 9.57234
3.09552 9.47335
3.06191 9.56029
3.1019 9.46321
3.06745 9.54967
3.10049 9.45115
3.07606 9.54271
3.08636 9.44287
3.08475 9.54135
3.0684 9.4467
3.09354 9.54626
3.06193 9.45829
3.10091 9.55556
3.06586 9.46955
3.10199 9.56746
3.07409 9.4776
3.09073 9.57759
3.08276 9.48051
3.07164 9.57681
3.09148 9.47688
3.06199 9.56603
3.09948 9.46837
3.06415 9.55431
3.10255 9.45686
3.0719 9.54543
3.09455 9.44565
3.08069 9.54116
3.07603 9.4433
3.08939 9.54327
3.06331 9.45253
3.09786 9.55075
3.06313 9.46454
3.10268 9.56168
3.07 9.47431
3.09777 9.57359
3.07872 9.47993
3.08043 9.57893
3.08733 9.47934
3.06478 9.57168
3.09599 9.47285
3.06206 9.5596
3.10209 9.46254
3.06791 9.54915
3.10003 9.45047
3.07658 9.54245
3.08523 9.44272
3.08525 9.54147
3.06765 9.44726
3.09404 9.5467
3.06193 9.459
3.1012 9.5562
3.06627 9.47012
3.10172 9.56817
3.0746 9.47793
3.08968 9.57793
3.08326 9.48047
3.0707 9.57636
3.09199 9.4765
3.06185 9.56531
3.09984 9.46777
3.0645 9.5537
3.10245 9.45615
3.07241 9.54503
3.09366 9.44517
3.08119 9.5411
3.07497 9.44359
3.08991 9.54358
3.06299 9.45323
3.09829 9.55131
3.0634 9.46519
3.10273 9.56239
3.07049 9.47477
3.09707 9.57419
3.07922 9.48008
3.07927 9.57883
3.08784 9.4791
3.06427 9.57102
3.09646 9.47234
3.06223 9.55892
3.10226 9.46186
3.06838 9.54865
3.09952 9.44981
3.07709 9.54222
3.08409 9.44262
3.08576 9.54162
3.06695 9.44785
3.09453 9.54715
3.06197 9.4597
3.10148 9.55685
3.06669 9.47068
3.1014 9.56887
3.07511 9.47824
3.0886 9.57822
3.08376 9.48041
3.06981 9.57588
3.09249 9.4761
3.06175 9.5646
3.10019 9.46716
3.06488 9.5531
3.1023 9.45543
3.07292 9.54465
3.09274 9.44473
3.08169 9.54107
3.07393 9.44391
3.09042 9.54391
3.06271 9.45394
3.0987 9.55187
3.06368 9.46583
3.10274 9.56309
3.07099 9.47521
3.09631 9.57476
3.07973 9.48021
3.07812 9.57868
3.08835 9.47885
3.06381 9.57034
3.09692 9.47182
3.06243 9.55824
3.1024 9.46117
3.06886 9.54815
3.09897 9.44916
3.0776 9.54201
3.08293 9.44257
3.08627 9.54179
3.06629 9.44846
3.09503 9.54762
3.06205 9.4604
3.10173 9.55751
3.06713 9.47122
3.10103 9.56958
3.07562 9.47854
3.08749 9.57846
3.08426 9.48033
3.06895 9.57536
3.093 9.47569
3.06168 9.56388
3.10053 9.46653
3.06526 9.55251
3.10212 9.45472
3.07344 9.54429
3.09177 9.44432
3.08219 9.54105
3.07292 9.44428
3.09094 9.54425
3.06248 9.45465
3.09911 9.55245
3.06399 9.46647
3.10272 9.56381
3.07149 9.47565
3.09551 9.57531
3.08023 9.48032
3.07699 9.57849
3.08886 9.47857
3.06339 9.56965
3.09737 9.47128
3.06265 9.55758
3.10251 9.46047
3.06934 9.54767
3.09837 9.44853
3.07811 9.54181
3.08178 9.44257
3.08678 9.54198
3.06568 9.44909
3.09551 9.5481
3.06215 9.46109
3.10195 9.55817
3.06758 9.47176
3.10063 9.57026
3.07613 9.47882
3.08637 9.57866
3.08475 9.48023
3.06815 9.57482
3.0935 9.47526
3.06166 9.56317
3.10084 9.4659
3.06567 9.55193
3.10189 9.45401
3.07395 9.54394
3.09077 9.44395
3.08269 9.54106
3.07195 9.44468
3.09145 9.54461
3.06229 9.45536
3.0995 9.55304
3.06433 9.46709
3.10265 9.56452
3.07199 9.47606
3.09466 9.57582
3.08072 9.48041
3.07588 9.57825
3.08937 9.47828
3.06302 9.56895
3.09781 9.47073
3.0629 9.55692
3.10259 9.45977
3.06984 9.5472
3.09771 9.44792
3.07862 9.54164
3.08063 9.44261
3.08729 9.5422
3.06512 9.44974
3.09599 9.54859
3.06229 9.46179
3.10215 9.55885
3.06804 9.47229
3.10017 9.57095
3.07664 9.47908
3.08522 9.57882
3.08526 9.4801
3.06739 9.57425
3.094 9.47482
3.06167 9.56246
3.10113 9.46526
3.06608 9.55136
3.10162 9.4533
3.07447 9.54361
3.08974 9.44362
3.08319 9.5411
3.07102 9.44512
3.09196 9.54499
3.06214 9.45607
3.09987 9.55364
3.06467 9.46771
3.10256 9.56524
3.0725 9.47646
3.09377 9.57631
3.08122 9.48047
3.0748 9.57796
3.08989 9.47797
3.0627 9.56824
3.09824 9.47018
3.06317 9.55627
3.10264 9.45907
3.07033 9.54674
3.09702 9.44732
3.07912 9.54149
3.07949 9.44271
3.0878 9.54243
3.0646 9.4504
3.09646 9.5491
3.06245 9.46247
3.10233 9.55953
3.0685 9.4728
3.09966 9.57162
3.07715 9.47932
3.08406 9.57892
3.08576 9.47995
3.06667 9.57366
3.0945 9.47436
3.06171 9.56175
3.10141 9.46461
3.06651 9.55081
3.10131 9.4526
3.07498 9.5433
3.08867 9.44333
3.08369 9.54115
3.07013 9.4456
3.09247 9.54538
3.06203 9.45679
3.10022 9.55425
3.06504 9.46831
3.10242 9.56596
3.07301 9.47684
3.09283 9.57677
3.08172 9.48051
3.07374 9.57763
3.0904 9.47763
3.06242 9.56753
3.09865 9.4696
3.06347 9.55562
3.10265 9.45836
3.07083 9.5463
3.09627 9.44675
3.07963 9.54136
3.07835 9.44285
3.08831 9.54268
3.06413 9.45108
3.09692 9.54962
3.06264 9.46315
3.10247 9.56022
3.06898 9.4733
3.0991 9.57227
3.07766 9.47954
3.08289 9.57898
3.08627 9.47977
3.06601 9.57304
3.09499 9.47389
3.06179 9.56105
3.10166 9.46395
3.06695 9.55026
3.10095 9.4519
3.0755 9.54301
3.08758 9.44308
3.0842 9.54123
3.06928 9.44611
3.09298 9.54579
3.06196 9.4575
3.10056 9.55487
3.06542 9.46891
3.10224 9.56667
3.07352 9.47721
3.09185 9.57718
3.08222 9.48052
3.07272 9.57726
3.09091 9.47729
3.06219 9.56682
3.09905 9.46902
3.06378 9.55499
3.10262 9.45765
3.07134 9.54587
3.09547 9.44621
3.08014 9.54125
3.07723 9.44304
3.08883 9.54295
3.06371 9.45176
3.09738 9.55015
3.06286 9.46382
3.10259 9.56091
3.06946 9.47379
3.0985 9.57291
3.07817 9.47974
3.08171 9.57898
3.08677 9.47958
3.06539 9.5724
3.09547 9.4734
3.0619 9.56035
3.10188 9.46328
3.0674 9.54972
3.10054 9.45121
3.07601 9.54273
3.08647 9.44288
3.0847 9.54133
3.06847 9.44664
3.09349 9.54622
3.06192 9.45822
3.10088 9.5555
3.06582 9.46949
3.10202 9.56739
3.07404 9.47757
3.09083 9.57756
3.08272 9.48051
3.07173 9.57685
3.09143 9.47692
3.062 9.5661
3.09944 9.46843
3.06411 9.55437
3.10256 9.45693
3.07185 9.54546
3.09463 9.44569
3.08064 9.54116
3.07613 9.44327
3.08935 9.54324
3.06334 9.45246
3.09782 9.5507
3.0631 9.46448
3.10268 9.56161
3.06995 9.47427
3.09784 9.57354
3.07867 9.47992
3.08054 9.57894
3.08728 9.47937
3.06482 9.57175
3.09595 9.4729
3.06204 9.55966
3.10208 9.4626
3.06787 9.5492
3.10008 9.45053
3.07653 9.54247
3.08533 9.44273
3.08521 9.54146
3.06771 9.44721
3.094 9.54666
3.06192 9.45893
3.10118 9.55614
3.06623 9.47007
3.10175 9.56811
3.07455 9.47791
3.08978 9.5779
3.08322 9.48048
3.07078 9.5764
3.09194 9.47654
3.06185 9.56538
3.09982 9.46783
3.06447 9.55375
3.10247 9.45621
3.07236 9.54506
3.09375 9.44521
3.08114 9.5411
3.07505 9.44355
3.08986 9.54355
3.06301 9.45317
3.09826 9.55125
3.06337 9.46514
3.10273 9.56232
3.07044 9.47473
3.09713 9.57414
3.07918 9.48007
3.07937 9.57884
3.0878 9.47913
3.0643 9.57108
3.09643 9.47239
3.06221 9.55897
3.10225 9.46192
3.06834 9.54869
3.09957 9.44986
3.07705 9.54223
3.08418 9.44262
3.08572 9.5416
3.067 9.4478
3.0945 9.54711
3.06196 9.45964
3.10146 9.55679
3.06666 9.47063
3.10143 9.56882
3.07507 9.47822
3.0887 9.5782
3.08372 9.48042
3.06988 9.57592
3.09245 9.47614
3.06175 9.56466
3.10017 9.46721
3.06484 9.55315
3.10232 9.45549
3.07288 9.54468
3.09282 9.44476
3.08165 9.54106
3.07401 9.44388
3.09038 9.54388
3.06273 9.45388
3.09867 9.55182
3.06366 9.46578
3.10274 9.56304
3.07094 9.47518
3.09638 9.57472
3.07968 9.48021
3.07821 9.5787
3.08831 9.47887
3.06384 9.57039
3.09689 9.47186
3.06241 9.5583
3.10239 9.46123
3.06882 9.54819
3.09902 9.44921
3.07756 9.54202
3.08303 9.44257
3.08623 9.54178
3.06633 9.44841
3.09499 9.54758
3.06204 9.46035
3.10171 9.55745
3.0671 9.47118
3.10107 9.56952
3.07558 9.47852
3.08759 9.57845
3.08422 9.48034
3.06902 9.57541
3.09296 9.47572
3.06168 9.56394
3.1005 9.46659
3.06523 9.55256
3.10214 9.45478
3.07339 9.54432
3.09185 9.44435
3.08215 9.54105
3.073 9.44424
3.0909 9.54422
3.06249 9.45459
3.09908 9.5524
3.06397 9.46642
3.10272 9.56375
3.07145 9.47561
3.09558 9.57527
3.08019 9.48032
3.07708 9.57851
3.08882 9.4786
3.06342 9.5697
3.09734 9.47133
3.06263 9.55762
3.10251 9.46053
3.0693 9.5477
3.09842 9.44857
3.07807 9.54182
3.08187 9.44256
3.08674 9.54197
3.06572 9.44904
3.09548 9.54806
3.06214 9.46105
3.10194 9.55812
3.06754 9.47172
3.10066 9.57022
3.07609 9.4788
3.08645 9.57865
3.08472 9.48024
3.0682 9.57486
3.09347 9.4753
3.06165 9.56322
3.10082 9.46595
3.06563 9.55197
3.10192 9.45406
3.07391 9.54396
3.09085 9.44397
3.08265 9.54106
3.07202 9.44465
3.09142 9.54458
3.06229 9.45531
3.09947 9.55299
3.0643 9.46705
3.10267 9.56447
3.07195 9.47603
3.09473 9.57579
3.08069 9.48041
3.07596 9.57827
3.08934 9.4783
3.06304 9.569
3.09778 9.47078
3.06288 9.55696
3.10259 9.45982
3.0698 9.54723
3.09777 9.44796
3.07858 9.54165
3.08071 9.4426
3.08725 9.54218
3.06515 9.44969
3.09596 9.54856
3.06227 9.46174
3.10215 9.5588
3.068 9.47225
3.1002 9.5709
3.07661 9.47907
3.0853 9.57881
3.08522 9.48011
3.06743 9.57429
3.09397 9.47485
3.06166 9.56251
3.10112 9.46531
3.06605 9.5514
3.10165 9.45335
3.07443 9.54363
3.08981 9.44363
3.08316 9.54109
3.07108 9.44509
3.09193 9.54496
3.06214 9.45603
3.09985 9.55359
3.06465 9.46767
3.10257 9.56519
3.07246 9.47644
3.09383 9.57628
3.08119 9.48047
3.07487 9.57798
3.08985 9.47799
3.06272 9.56829
3.09821 9.47021
3.06315 9.55631
3.10264 9.45912
3.0703 9.54677
3.09707 9.44736
3.07909 9.54149
3.07956 9.44269
3.08777 9.54241
3.06463 9.45036
3.09643 9.54906
3.06243 9.46243
3.10232 9.55948
3.06847 9.47277
3.0997 9.57158
3.07712 9.47931
3.08413 9.57892
3.08573 9.47996
3.06671 9.5737
3.09447 9.47439
3.0617 9.5618
3.1014 9.46465
3.06648 9.55084
3.10133 9.45264
3.07495 9.54332
3.08874 9.44334
3.08366 9.54114
3.07018 9.44557
3.09245 9.54535
3.06203 9.45675
3.10021 9.55421
3.06501 9.46828
3.10244 9.56591
3.07298 9.47683
3.09289 9.57674
3.08169 9.48051
3.0738 9.57766
3.09037 9.47766
3.06243 9.56757
3.09863 9.46964
3.06344 9.55566
3.10265 9.4584
3.0708 9.54632
3.09632 9.44678
3.0796 9.54136
3.07841 9.44283
3.08828 9.54266
3.06415 9.45104
3.0969 9.54959
3.06262 9.46311
3.10247 9.56018
3.06895 9.47328
3.09914 9.57224
3.07763 9.47953
3.08295 9.57898
3.08624 9.47979
3.06604 9.57307
3.09496 9.47392
3.06178 9.56109
3.10165 9.46399
3.06693 9.55029
3.10097 9.45194
3.07547 9.54302
3.08764 9.44309
3.08417 9.54122
3.06932 9.44608
3.09296 9.54577
3.06196 9.45747
3.10055 9.55483
3.0654 9.46888
3.10225 9.56664
3.07349 9.4772
3.0919 9.57716
3.08219 9.48052
3.07277 9.57728
3.09089 9.47731
3.0622 9.56685
3.09903 9.46905
3.06376 9.55502
3.10263 9.45768
3.07131 9.54589
3.09552 9.44624
3.08011 9.54125
3.07729 9.44303
3.0888 9.54294
3.06373 9.45173
3.09736 9.55012
3.06284 9.46379
3.10259 9.56088
3.06943 9.47377
3.09853 9.57288
3.07814 9.47973
3.08177 9.57899
3.08675 9.47959
3.06542 9.57243
3.09545 9.47343
3.06189 9.56039
3.10187 9.46332
3.06738 9.54975
3.10056 9.45125
3.07599 9.54274
3.08652 9.44289
3.08468 9.54133
3.06851 9.44662
3.09347 9.54619
3.06192 9.45819
3.10087 9.55547
3.0658 9.46946
3.10203 9.56736
3.07401 9.47755
3.09089 9.57755
3.08269 9.48052
3.07178 9.57687
3.0914 9.47694
3.06201 9.56613
3.09943 9.46846
3.0641 9.5544
3.10257 9.45697
3.07182 9.54548
3.09468 9.44572
3.08061 9.54117
3.07619 9.44326
3.08932 9.54322
3.06335 9.45243
3.0978 9.55067
3.06309 9.46445
3.10268 9.56158
3.06992 9.47425
3.09788 9.57351
3.07865 9.47991
3.0806 9.57894
3.08726 9.47938
3.06485 9.57178
3.09593 9.47293
3.06203 9.55969
3.10207 9.46264
3.06784 9.54922
3.10011 9.45056
3.0765 9.54248
3.08539 9.44273
3.08518 9.54145
3.06775 9.44718
3.09397 9.54663
3.06192 9.4589
3.10117 9.55611
3.06621 9.47004
3.10177 9.56807
3.07452 9.47789
3.08984 9.57789
3.08319 9.48048
3.07083 9.57643
3.09192 9.47656
3.06186 9.56541
3.0998 9.46786
3.06445 9.55378
3.10247 9.45625
3.07233 9.54508
3.0938 9.44523
3.08112 9.5411
3.07511 9.44354
3.08984 9.54353
3.06302 9.45313
3.09823 9.55122
3.06335 9.4651
3.10273 9.56229
3.07042 9.47471
3.09717 9.57411
3.07915 9.48007
3.07943 9.57885
3.08777 9.47914
3.06433 9.57111
3.0964 9.47242
3.0622 9.55901
3.10225 9.46195
3.06831 9.54871
3.0996 9.4499
3.07702 9.54225
3.08424 9.44263
3.08569 9.5416
3.06703 9.44777
3.09447 9.54708
3.06196 9.45961
3.10145 9.55676
3.06663 9.4706
3.10145 9.56878
3.07504 9.47821
3.08876 9.57819
3.08369 9.48043
3.06992 9.57595
3.09243 9.47616
3.06175 9.56469
3.10015 9.46724
3.06482 9.55318
3.10233 9.45553
3.07285 9.5447
3.09287 9.44478
3.08162 9.54106
3.07406 9.44386
3.09036 9.54386
3.06274 9.45384
3.09865 9.55179
3.06364 9.46575
3.10275 9.563
3.07092 9.47516
3.09642 9.57469
3.07966 9.4802
3.07827 9.57871
3.08828 9.47889
3.06385 9.57043
3.09686 9.47189
3.06239 9.55833
3.10239 9.46126
3.06879 9.54821
3.09905 9.44924
3.07753 9.54203
3.08309 9.44257
3.0862 9.54176
3.06636 9.44838
3.09496 9.54755
3.06203 9.46031
3.1017 9.55742
3.06707 9.47116
3.10109 9.56949
3.07555 9.47851
3.08764 9.57844
3.08419 9.48035
3.06906 9.57543
3.09294 9.47575
3.06168 9.56397
3.10049 9.46662
3.06521 9.55258
3.10215 9.45481
3.07337 9.54433
3.0919 9.44436
3.08213 9.54105
3.07305 9.44422
3.09087 9.5442
3.0625 9.45455
3.09906 9.55237
3.06395 9.46639
3.10273 9.56371
3.07142 9.47559
3.09562 9.57524
3.08016 9.48031
3.07713 9.57852
3.0888 9.47861
3.06343 9.56974
3.09732 9.47135
3.06262 9.55766
3.1025 9.46056
3.06928 9.54772
3.09845 9.4486
3.07805 9.54183
3.08193 9.44256
3.08671 9.54195
3.06574 9.44901
3.09545 9.54804
3.06213 9.46101
3.10193 9.55809
3.06752 9.4717
3.10068 9.57018
3.07607 9.47879
3.08651 9.57865
3.08469 9.48024
3.06824 9.57489
3.09344 9.47532
3.06165 9.56326
3.10081 9.46598
3.06561 9.552
3.10193 9.4541
3.07389 9.54398
3.0909 9.44399
3.08263 9.54105
3.07207 9.44463
3.09139 9.54456
3.0623 9.45527
3.09945 9.55296
3.06428 9.46702
3.10267 9.56443
3.07193 9.47601
3.09477 9.57577
3.08066 9.4804
3.07601 9.57828
3.08931 9.47832
3.06306 9.56903
3.09776 9.4708
3.06286 9.55699
3.10259 9.45986
3.06977 9.54725
3.0978 9.44798
3.07856 9.54165
3.08077 9.4426
3.08723 9.54217
3.06517 9.44966
3.09594 9.54853
3.06226 9.46171
3.10214 9.55876
3.06798 9.47223
3.10023 9.57087
3.07658 9.47905
3.08536 9.57881
3.0852 9.48012
3.06747 9.57432
3.09395 9.47487
3.06166 9.56254
3.10111 9.46534
3.06603 9.55143
3.10166 9.45338
3.0744 9.54365
3.08986 9.44365
3.08313 9.54109
3.07112 9.44507
3.09191 9.54494
3.06215 9.45599
3.09983 9.55356
3.06463 9.46764
3.10258 9.56515
3.07244 9.47642
3.09388 9.57626
3.08116 9.48047
3.07492 9.578
3.08983 9.47801
3.06273 9.56833
3.09819 9.47024
3.06313 9.55634
3.10264 9.45915
3.07027 9.54679
3.0971 9.44739
3.07907 9.5415
3.07962 9.44269
3.08774 9.5424
3.06465 9.45032
3.09641 9.54904
3.06242 9.46239
3.10232 9.55945
3.06845 9.47275
3.09973 9.57154
3.07709 9.4793
3.08419 9.57892
3.0857 9.47997
3.06675 9.57373
3.09444 9.47441
3.0617 9.56183
3.10138 9.46469
3.06646 9.55087
3.10135 9.45268
3.07492 9.54333
3.0888 9.44335
3.08364 9.54114
3.07022 9.44554
3.09242 9.54533
3.06203 9.45671
3.10019 9.55418
3.06499 9.46825
3.10244 9.56588
3.07295 9.47681
3.09294 9.57672
3.08166 9.48051
3.07385 9.57767
3.09035 9.47768
3.06245 9.56761
3.09861 9.46967
3.06343 9.55569
3.10265 9.45844
3.07078 9.54635
3.09636 9.44681
3.07957 9.54137
3.07847 9.44283
3.08826 9.54265
3.06418 9.451
3.09688 9.54956
3.06261 9.46308
3.10247 9.56014
3.06892 9.47325
3.09917 9.57221
3.07761 9.47952
3.08301 9.57898
3.08621 9.4798
3.06607 9.57311
3.09494 9.47394
3.06177 9.56112
3.10164 9.46402
3.0669 9.55031
3.10099 9.45197
3.07544 9.54303
3.0877 9.4431
3.08414 9.54122
3.06936 9.44605
3.09293 9.54574
3.06195 9.45743
3.10053 9.5548
3.06537 9.46885
3.10227 9.5666
3.07347 9.47718
3.09196 9.57715
3.08216 9.48053
3.07282 9.57731
3.09086 9.47733
3.06221 9.56689
3.09902 9.46909
3.06374 9.55505
3.10264 9.45772
3.07128 9.54591
3.09556 9.44626
3.08008 9.54125
3.07735 9.44301
3.08878 9.54292
3.06375 9.45169
3.09733 9.55009
3.06283 9.46375
3.10259 9.56084
3.06941 9.47375
3.09857 9.57285
3.07812 9.47973
3.08183 9.57899
3.08672 9.47961
3.06544 9.57247
3.09543 9.47346
3.06188 9.56042
3.10187 9.46335
3.06735 9.54977
3.10059 9.45128
3.07596 9.54275
3.08658 9.44289
3.08465 9.54132
3.06854 9.44659
3.09344 9.54617
3.06192 9.45815
3.10086 9.55543
3.06577 9.46944
3.10205 9.56732
3.07398 9.47754
3.09094 9.57753
3.08267 9.48052
3.07182 9.5769
3.09138 9.47696
3.06201 9.56617
3.09941 9.46849
3.06408 9.55442
3.10258 9.457
3.0718 9.54549
3.09472 9.44574
3.08059 9.54117
3.07623 9.44324
3.0893 9.54321
3.06336 9.45239
3.09778 9.55064
3.06307 9.46442
3.10268 9.56155
3.0699 9.47423
3.09791 9.57348
3.07863 9.47991
3.08065 9.57895
3.08724 9.47939
3.06487 9.57181
3.09591 9.47295
3.06202 9.55972
3.10207 9.46267
3.06782 9.54924
3.10013 9.45059
3.07648 9.54249
3.08544 9.44274
3.08516 9.54144
3.06778 9.44715
3.09395 9.54661
3.06192 9.45887
3.10116 9.55608
3.06619 9.47002
3.10178 9.56804
3.0745 9.47788
3.08988 9.57788
3.08317 9.48049
3.07086 9.57645
3.0919 9.47658
3.06186 9.56544
3.09979 9.46788
3.06443 9.5538
3.10248 9.45628
3.07231 9.54509
3.09383 9.44525
3.0811 9.5411
3.07515 9.44352
3.08982 9.54352
3.06303 9.4531
3.09822 9.5512
3.06334 9.46508
3.10273 9.56226
3.0704 9.4747
3.0972 9.57409
3.07914 9.48007
3.07947 9.57886
3.08775 9.47916
3.06434 9.57114
3.09639 9.47244
3.06219 9.55903
3.10224 9.46198
3.06829 9.54873
3.09963 9.44992
3.077 9.54225
3.08428 9.44263
3.08567 9.54159
3.06705 9.44775
3.09445 9.54707
3.06195 9.45958
3.10144 9.55673
3.06662 9.47059
3.10147 9.56876
3.07502 9.4782
3.08879 9.57818
3.08367 9.48043
3.06995 9.57597
3.09241 9.47618
3.06175 9.56472
3.10015 9.46726
3.06481 9.55319
3.10234 9.45555
3.07283 9.54471
3.0929 9.44479
3.08161 9.54106
3.07409 9.44385
3.09034 9.54385
3.06274 9.45382
3.09864 9.55177
3.06363 9.46573
3.10275 9.56298
3.0709 9.47515
3.09645 9.57467
3.07964 9.4802
3.07831 9.57872
3.08827 9.4789
3.06387 9.57045
3.09685 9.47191
3.06238 9.55835
3.10239 9.46128
3.06878 9.54822
3.09907 9.44926
3.07752 9.54203
3.08312 9.44257
3.08619 9.54176
3.06638 9.44836
3.09495 9.54754
3.06202 9.46029
3.1017 9.5574
3.06706 9.47114
3.10111 9.56947
3.07554 9.4785
3.08768 9.57844
3.08418 9.48035
3.06908 9.57545
3.09292 9.47576
3.06168 9.56399
3.10048 9.46664
3.06519 9.5526
3.10216 9.45483
3.07335 9.54434
3.09193 9.44437
3.08211 9.54104
3.07307 9.44421
3.09086 9.54419
3.0625 9.45454
3.09905 9.55235
3.06394 9.46638
3.10273 9.5637
3.07141 9.47559
3.09564 9.57523
3.08015 9.48032
3.07716 9.57853
3.08879 9.47862
3.06344 9.56975
3.09731 9.47137
3.06261 9.55767
3.10251 9.46058
3.06927 9.54773
3.09847 9.44862
3.07803 9.54183
3.08195 9.44255
3.0867 9.54195
3.06575 9.44899
3.09544 9.54802
3.06212 9.461
3.10193 9.55807
3.06751 9.47169
3.1007 9.57017
3.07606 9.47879
3.08653 9.57865
3.08468 9.48025
3.06825 9.57491
3.09344 9.47533
3.06165 9.56327
3.10081 9.466
3.0656 9.55201
3.10194 9.45411
3.07387 9.54398
3.09092 9.44399
3.08262 9.54105
3.07208 9.44462
3.09138 9.54455
3.0623 9.45526
3.09945 9.55295
3.06427 9.46701
3.10268 9.56442
3.07192 9.47601
3.09479 9.57576
3.08065 9.48041
3.07603 9.57829
3.08931 9.47833
3.06306 9.56905
3.09776 9.47081
3.06285 9.557
3.10259 9.45987
3.06976 9.54725
3.09781 9.44799
3.07855 9.54165
3.08078 9.44259
3.08722 9.54216
3.06517 9.44965
3.09593 9.54852
3.06226 9.4617
3.10214 9.55875
3.06797 9.47223
3.10024 9.57086
3.07657 9.47906
3.08537 9.57881
3.08519 9.48013
3.06747 9.57433
3.09394 9.47488
3.06165 9.56255
3.10111 9.46535
3.06602 9.55143
3.10167 9.45339
3.0744 9.54365
3.08988 9.44365
3.08313 9.54108
3.07113 9.44506
3.0919 9.54493
3.06214 9.45599
3.09983 9.55356
3.06462 9.46764
3.10258 9.56515
3.07243 9.47642
3.09389 9.57626
3.08116 9.48047
3.07492 9.57801
3.08983 9.47801
3.06272 9.56833
3.09819 9.47025
3.06313 9.55634
3.10264 9.45916
3.07027 9.54679
3.09711 9.44739
3.07906 9.5415
3.07962 9.44268
3.08774 9.54239
3.06465 9.45032
3.09641 9.54903
3.06242 9.46239
3.10232 9.55944
3.06844 9.47275
3.09973 9.57154
3.07709 9.4793
3.0842 9.57892
3.0857 9.47997
3.06674 9.57373
3.09444 9.47442
3.06169 9.56183
3.10139 9.46469
3.06645 9.55086
3.10136 9.45268
3.07492 9.54333
3.0888 9.44335
3.08364 9.54114
3.07022 9.44554
3.09242 9.54533
3.06203 9.45671
3.10019 9.55418
3.06499 9.46825
3.10245 9.56588
3.07295 9.47681
3.09294 9.57672
3.08166 9.48051
3.07385 9.57768
3.09035 9.47768
3.06244 9.56761
3.09861 9.46967
3.06343 9.55569
3.10266 9.45844
3.07078 9.54634
3.09636 9.44681
3.07958 9.54136
3.07847 9.44282
3.08826 9.54265
3.06417 9.451
3.09688 9.54956
3.06261 9.46308
3.10247 9.56014
3.06892 9.47326
3.09917 9.57221
3.07761 9.47952
3.08301 9.57898
3.08621 9.4798
3.06607 9.57311
3.09494 9.47394
3.06177 9.56112
3.10164 9.46402
3.0669 9.55031
3.10099 9.45197
3.07544 9.54303
3.0877 9.4431
3.08414 9.54121
3.06936 9.44605
3.09294 9.54574
3.06195 9.45743
3.10054 9.5548
3.06537 9.46885
3.10227 9.5666
3.07347 9.47718
3.09196 9.57715
3.08217 9.48053
3.07281 9.57731
3.09087 9.47733
3.0622 9.56689
3.09902 9.46908
3.06374 9.55505
3.10264 9.45772
3.07129 9.54591
3.09556 9.44626
3.08009 9.54125
3.07734 9.44301
3.08878 9.54292
3.06374 9.4517
3.09734 9.5501
3.06283 9.46376
3.10259 9.56084
3.06941 9.47375
3.09857 9.57286
3.07812 9.47973
3.08183 9.57899
3.08672 9.47961
3.06544 9.57247
3.09543 9.47345
3.06188 9.56042
3.10187 9.46335
3.06736 9.54977
3.10058 9.45128
3.07596 9.54275
3.08658 9.44289
3.08465 9.54132
3.06854 9.44659
3.09345 9.54617
3.06192 9.45815
3.10086 9.55544
3.06578 9.46944
3.10204 9.56732
3.07399 9.47754
3.09093 9.57753
3.08267 9.48052
3.07182 9.57689
3.09138 9.47696
3.06201 9.56616
3.09941 9.46849
3.06408 9.55442
3.10257 9.457
3.0718 9.5455
3.09471 9.44574
3.08059 9.54117
3.07623 9.44325
3.0893 9.54321
3.06337 9.4524
3.09778 9.55064
3.06307 9.46442
3.10267 9.56155
3.0699 9.47423
3.0979 9.57348
3.07863 9.47991
3.08064 9.57895
3.08724 9.47939
3.06487 9.57181
3.09591 9.47295
3.06202 9.55972
3.10207 9.46266
3.06782 9.54924
3.10013 9.45059
3.07648 9.54249
3.08543 9.44274
3.08516 9.54144
3.06778 9.44716
3.09395 9.54661
3.06192 9.45887
3.10116 9.55608
3.06619 9.47002
3.10177 9.56804
3.0745 9.47788
3.08988 9.57788
3.08317 9.48049
3.07086 9.57645
3.0919 9.47657
3.06186 9.56544
3.09978 9.46788
3.06444 9.5538
3.10248 9.45627
3.07232 9.54509
3.09383 9.44525
3.0811 9.5411
3.07515 9.44353
3.08982 9.54352
3.06303 9.4531
3.09822 9.5512
3.06334 9.46508
3.10273 9.56226
3.0704 9.47469
3.0972 9.57409
3.07914 9.48006
3.07947 9.57886
3.08775 9.47915
3.06434 9.57114
3.09638 9.47243
3.06219 9.55903
3.10224 9.46198
3.0683 9.54873
3.09962 9.44992
3.077 9.54225
3.08428 9.44263
3.08567 9.54159
3.06706 9.44775
3.09445 9.54707
3.06196 9.45958
3.10144 9.55673
3.06662 9.47058
3.10146 9.56876
3.07502 9.4782
3.08879 9.57818
3.08367 9.48043
3.06995 9.57597
3.09241 9.47618
3.06175 9.56472
3.10014 9.46726
3.06481 9.5532
3.10234 9.45555
3.07283 9.54471
3.0929 9.44479
3.08161 9.54106
3.07409 9.44385
3.09034 9.54385
3.06274 9.45382
3.09864 9.55177
3.06363 9.46573
3.10275 9.56298
3.0709 9.47515
3.09645 9.57467
3.07964 9.4802
3.0783 9.57872
3.08827 9.4789
3.06387 9.57045
3.09685 9.47191
3.06238 9.55835
3.10239 9.46128
3.06878 9.54822
3.09907 9.44926
3.07752 9.54203
3.08312 9.44257
3.08619 9.54176
3.06638 9.44836
3.09495 9.54754
3.06202 9.46029
3.1017 9.5574
3.06706 9.47114
3.10111 9.56947
3.07554 9.4785
3.08768 9.57843
3.08418 9.48035
3.06908 9.57545
3.09292 9.47576
3.06168 9.56399
3.10048 9.46663
3.0652 9.5526
3.10216 9.45483
3.07335 9.54434
3.09193 9.44437
3.08211 9.54105
3.07307 9.44421
3.09086 9.54419
3.0625 9.45454
3.09905 9.55236
3.06394 9.46638
3.10273 9.5637
3.07141 9.47558
3.09564 9.57523
3.08015 9.48031
3.07716 9.57853
3.08879 9.47862
3.06344 9.56975
3.09731 9.47137
3.06261 9.55767
3.1025 9.46058
3.06927 9.54773
3.09847 9.44862
3.07803 9.54183
3.08195 9.44256
3.0867 9.54195
3.06575 9.449
3.09544 9.54802
3.06213 9.461
3.10193 9.55807
3.06751 9.47169
3.1007 9.57017
3.07606 9.47879
3.08653 9.57864
3.08468 9.48025
3.06825 9.5749
3.09343 9.47533
3.06165 9.56327
3.10081 9.466
3.0656 9.55201
3.10194 9.45411
3.07387 9.54398
3.09092 9.44399
3.08262 9.54105
3.07208 9.44462
3.09138 9.54455
3.0623 9.45526
3.09945 9.55295
3.06427 9.46701
3.10268 9.56442
3.07192 9.47601
3.09479 9.57576
3.08065 9.4804
3.07603 9.57829
3.0893 9.47833
3.06306 9.56905
3.09775 9.47082
3.06286 9.557
3.10259 9.45987
3.06976 9.54726
3.09782 9.44799
3.07855 9.54165
3.08079 9.4426
3.08722 9.54216
3.06518 9.44965
3.09593 9.54852
3.06226 9.46169
3.10214 9.55875
3.06797 9.47222
3.10024 9.57086
3.07657 9.47905
3.08538 9.57881
3.08519 9.48012
3.06748 9.57433
3.09394 9.47488
3.06165 9.56255
3.10111 9.46535
3.06602 9.55143
3.10167 9.45339
3.0744 9.54365
3.08988 9.44365
3.08313 9.54108
3.07113 9.44506
3.0919 9.54493
3.06214 9.45598
3.09983 9.55355
3.06462 9.46763
3.10258 9.56515
3.07243 9.47642
3.09389 9.57626
3.08116 9.48047
3.07493 9.57801
3.08982 9.47801
3.06273 9.56833
3.09819 9.47025
3.06313 9.55634
3.10264 9.45916
3.07027 9.54679
3.09711 9.44739
3.07906 9.5415
3.07962 9.44268
3.08774 9.54239
3.06465 9.45032
3.09641 9.54903
3.06242 9.46239
3.10232 9.55944
3.06844 9.47275
3.09974 9.57154
3.07709 9.4793
3.0842 9.57892
3.0857 9.47998
3.06675 9.57373
3.09444 9.47442
3.06169 9.56183
3.10138 9.46469
3.06645 9.55087
3.10136 9.45268
3.07492 9.54333
3.0888 9.44335
3.08364 9.54113
3.07022 9.44554
3.09242 9.54533
3.06203 9.45671
3.10019 9.55417
3.06499 9.46825
3.10245 9.56588
3.07295 9.47681
3.09294 9.57672
3.08166 9.48051
3.07385 9.57768
3.09035 9.47768
3.06244 9.56761
3.09861 9.46967
3.06342 9.55569
3.10266 9.45844
3.07077 9.54634
3.09636 9.44681
3.07958 9.54136
3.07847 9.44282
3.08826 9.54264
3.06417 9.451
3.09688 9.54956
3.06261 9.46308
3.10247 9.56014
3.06892 9.47326
3.09918 9.57221
3.07761 9.47953
3.08301 9.57898
3.08621 9.4798
3.06606 9.57311
3.09494 9.47394
3.06177 9.56112
3.10164 9.46402
3.0669 9.55031
3.101 9.45197
3.07544 9.54303
3.08769 9.44309
3.08415 9.54121
3.06935 9.44605
3.09294 9.54574
3.06195 9.45744
3.10054 9.5548
3.06537 9.46885
3.10227 9.56661
3.07347 9.47719
3.09195 9.57715
3.08217 9.48053
3.07281 9.57731
3.09087 9.47733
3.0622 9.56688
3.09903 9.46908
3.06374 9.55505
3.10264 9.45771
3.07129 9.54591
3.09556 9.44625
3.08009 9.54125
3.07733 9.44301
3.08878 9.54292
3.06374 9.4517
3.09734 9.5501
3.06283 9.46376
3.10259 9.56085
3.06941 9.47376
3.09856 9.57286
3.07812 9.47973
3.08182 9.57899
3.08673 9.47961
3.06543 9.57246
3.09544 9.47345
3.06188 9.56041
3.10187 9.46334
3.06736 9.54976
3.10059 9.45127
3.07597 9.54274
3.08657 9.44289
3.08466 9.54131
3.06853 9.44659
3.09345 9.54617
3.06191 9.45816
3.10087 9.55544
3.06578 9.46945
3.10205 9.56733
3.07399 9.47755
3.09092 9.57754
3.08267 9.48052
3.0718 9.57689
3.09139 9.47696
3.062 9.56616
3.09942 9.46848
3.06408 9.55441
3.10258 9.45699
3.0718 9.54549
3.09471 9.44573
3.0806 9.54116
3.07621 9.44325
3.08931 9.54321
3.06336 9.4524
3.09779 9.55065
3.06307 9.46443
3.10268 9.56156
3.06991 9.47424
3.0979 9.57349
3.07864 9.47991
3.08063 9.57895
3.08725 9.47939
3.06485 9.5718
3.09592 9.47294
3.06202 9.55971
3.10207 9.46266
3.06783 9.54923
3.10012 9.45058
3.07649 9.54249
3.08542 9.44273
3.08517 9.54144
3.06776 9.44716
3.09396 9.54662
3.06192 9.45888
3.10117 9.55609
3.0662 9.47003
3.10178 9.56806
3.07451 9.47789
3.08986 9.57789
3.08318 9.48049
3.07084 9.57644
3.09191 9.47657
3.06185 9.56543
3.0998 9.46787
3.06444 9.55379
3.10248 9.45626
3.07232 9.54508
3.09381 9.44524
3.08111 9.5411
3.07512 9.44353
3.08983 9.54352
3.06302 9.45312
3.09823 9.55121
3.06334 9.4651
3.10273 9.56228
3.07041 9.47471
3.09719 9.5741
3.07915 9.48007
3.07944 9.57886
3.08776 9.47915
3.06433 9.57112
3.0964 9.47243
3.06219 9.55902
3.10225 9.46196
3.0683 9.54871
3.09961 9.4499
3.07701 9.54224
3.08426 9.44262
3.08569 9.54159
3.06704 9.44776
3.09447 9.54708
3.06195 9.4596
3.10145 9.55675
3.06663 9.4706
3.10146 9.56877
3.07503 9.47821
3.08877 9.57819
3.08369 9.48043
3.06993 9.57595
3.09242 9.47617
3.06175 9.5647
3.10015 9.46725
3.06481 9.55318
3.10234 9.45554
3.07284 9.5447
3.09288 9.44478
3.08162 9.54106
3.07407 9.44386
3.09035 9.54385
3.06274 9.45383
3.09865 9.55179
3.06363 9.46575
3.10275 9.56299
3.07091 9.47516
3.09643 9.57469
3.07966 9.4802
3.07828 9.57871
3.08828 9.47889
3.06386 9.57043
3.09686 9.4719
3.06239 9.55833
3.10239 9.46127
3.06879 9.54821
3.09906 9.44924
3.07753 9.54203
3.08309 9.44257
3.0862 9.54176
3.06636 9.44838
3.09496 9.54755
3.06203 9.46031
3.1017 9.55742
3.06707 9.47116
3.1011 9.56948
3.07555 9.47851
3.08765 9.57844
3.08419 9.48035
3.06906 9.57544
3.09294 9.47575
3.06168 9.56397
3.10049 9.46662
3.06521 9.55258
3.10216 9.45481
3.07337 9.54433
3.09191 9.44436
3.08213 9.54104
3.07304 9.44422
3.09087 9.5442
3.0625 9.45456
3.09906 9.55237
3.06395 9.46639
3.10273 9.56372
3.07142 9.4756
3.09562 9.57524
3.08016 9.48032
3.07713 9.57852
3.0888 9.47861
3.06343 9.56974
3.09732 9.47135
3.06261 9.55766
3.10251 9.46056
3.06928 9.54772
3.09845 9.4486
3.07805 9.54183
3.08192 9.44256
3.08671 9.54195
3.06574 9.44901
3.09545 9.54803
3.06213 9.46101
3.10194 9.55809
3.06752 9.4717
3.10069 9.57018
3.07607 9.4788
3.08651 9.57865
3.0847 9.48025
3.06823 9.57489
3.09345 9.47532
3.06165 9.56325
3.10081 9.46598
3.06561 9.552
3.10193 9.45409
3.07389 9.54398
3.0909 9.44398
3.08263 9.54105
3.07206 9.44463
3.09139 9.54456
3.0623 9.45528
3.09946 9.55296
3.06428 9.46702
3.10267 9.56444
3.07193 9.47602
3.09477 9.57577
3.08067 9.4804
3.076 9.57828
3.08932 9.47832
3.06305 9.56903
3.09776 9.4708
3.06286 9.55699
3.10259 9.45986
3.06977 9.54725
3.0978 9.44798
3.07856 9.54165
3.08076 9.4426
3.08723 9.54216
3.06517 9.44966
3.09594 9.54853
3.06226 9.46171
3.10214 9.55877
3.06798 9.47224
3.10023 9.57088
3.07659 9.47906
3.08535 9.57881
3.0852 9.48012
3.06746 9.57432
3.09395 9.47487
3.06165 9.56253
3.10111 9.46533
3.06603 9.55142
3.10166 9.45338
3.07441 9.54364
3.08986 9.44364
3.08314 9.54108
3.07111 9.44507
3.09191 9.54494
3.06214 9.456
3.09984 9.55357
3.06463 9.46765
3.10258 9.56516
3.07244 9.47643
3.09387 9.57627
3.08117 9.48047
3.0749 9.578
3.08984 9.478
3.06272 9.56832
3.0982 9.47024
3.06313 9.55633
3.10264 9.45914
3.07028 9.54678
3.0971 9.44738
3.07907 9.54149
3.0796 9.44269
3.08775 9.5424
3.06464 9.45033
3.09642 9.54904
3.06242 9.4624
3.10232 9.55946
3.06845 9.47276
3.09972 9.57155
3.0771 9.4793
3.08417 9.57892
3.08571 9.47997
3.06673 9.57372
3.09445 9.47441
3.0617 9.56182
3.10139 9.46467
3.06646 9.55085
3.10135 9.45266
3.07493 9.54333
3.08878 9.44335
3.08365 9.54114
3.07021 9.44555
3.09243 9.54534
3.06203 9.45672
3.1002 9.55419
3.065 9.46826
3.10244 9.56589
3.07296 9.47682
3.09292 9.57673
3.08167 9.48051
3.07383 9.57767
3.09035 9.47767
3.06244 9.5676
3.09862 9.46966
3.06343 9.55568
3.10266 9.45843
3.07078 9.54634
3.09635 9.4468
3.07958 9.54136
3.07845 9.44283
3.08827 9.54265
3.06417 9.45101
3.09688 9.54957
3.06262 9.46309
3.10247 9.56015
3.06893 9.47326
3.09916 9.57222
3.07761 9.47953
3.08299 9.57898
3.08622 9.4798
3.06606 9.5731
3.09495 9.47393
3.06177 9.56111
3.10164 9.46401
3.06691 9.5503
3.10099 9.45196
3.07545 9.54303
3.08768 9.4431
3.08415 9.54122
3.06935 9.44606
3.09294 9.54575
3.06195 9.45744
3.10054 9.55481
3.06538 9.46886
3.10226 9.56661
3.07348 9.47719
3.09194 9.57715
3.08217 9.48053
3.0728 9.5773
3.09087 9.47732
3.0622 9.56688
3.09903 9.46908
3.06375 9.55504
3.10263 9.45771
3.07129 9.54591
3.09555 9.44625
3.08009 9.54125
3.07732 9.44302
3.08879 9.54292
3.06374 9.45171
3.09734 9.5501
3.06283 9.46376
3.10259 9.56085
3.06942 9.47375
3.09855 9.57286
3.07813 9.47973
3.08181 9.57899
3.08673 9.4796
3.06543 9.57246
3.09544 9.47344
3.06188 9.56041
3.10187 9.46334
3.06736 9.54976
3.10058 9.45127
3.07597 9.54275
3.08656 9.44289
3.08466 9.54132
3.06853 9.4466
3.09345 9.54618
3.06192 9.45816
3.10086 9.55544
3.06578 9.46945
3.10204 9.56733
3.07399 9.47754
3.09092 9.57754
3.08267 9.48052
3.07181 9.57689
3.09139 9.47695
3.06201 9.56616
3.09942 9.46848
3.06408 9.55441
3.10257 9.45699
3.07181 9.54549
3.09471 9.44573
3.0806 9.54117
3.07622 9.44325
3.08931 9.54321
3.06336 9.4524
3.09779 9.55065
3.06308 9.46443
3.10268 9.56156
3.06991 9.47423
3.0979 9.57349
3.07863 9.47991
3.08063 9.57895
3.08724 9.47939
3.06486 9.5718
3.09592 9.47294
3.06202 9.55971
3.10207 9.46266
3.06783 9.54924
3.10012 9.45058
3.07649 9.54249
3.08542 9.44273
3.08517 9.54144
3.06776 9.44716
3.09396 9.54662
3.06192 9.45888
3.10116 9.55609
3.0662 9.47003
3.10177 9.56805
3.07451 9.47788
3.08987 9.57788
3.08318 9.48049
3.07085 9.57644
3.0919 9.47657
3.06186 9.56543
3.09979 9.46787
3.06444 9.5538
3.10248 9.45627
3.07232 9.54509
3.09382 9.44524
3.08111 9.5411
3.07514 9.44353
3.08982 9.54352
3.06303 9.45311
3.09822 9.55121
3.06334 9.46509
3.10273 9.56227
3.0704 9.4747
3.09719 9.57409
3.07914 9.48006
3.07946 9.57885
3.08776 9.47915
3.06434 9.57113
3.09639 9.47243
3.06219 9.55902
3.10224 9.46197
3.0683 9.54872
3.09962 9.44991
3.07701 9.54225
3.08427 9.44263
3.08568 9.54159
3.06705 9.44775
3.09446 9.54707
3.06196 9.45959
3.10144 9.55674
3.06662 9.47059
3.10146 9.56876
3.07503 9.4782
3.08878 9.57818
3.08368 9.48043
3.06994 9.57596
3.09242 9.47617
3.06175 9.56471
3.10015 9.46726
3.06481 9.55319
3.10234 9.45555
3.07284 9.54471
3.09289 9.44479
3.08161 9.54106
3.07408 9.44385
3.09034 9.54385
3.06274 9.45382
3.09865 9.55178
3.06363 9.46574
3.10275 9.56298
3.07091 9.47515
3.09643 9.57468
3.07965 9.4802
3.07829 9.57871
3.08827 9.47889
3.06387 9.57044
3.09685 9.4719
3.06239 9.55834
3.10239 9.46128
3.06878 9.54822
3.09906 9.44926
3.07752 9.54204
3.08311 9.44257
3.08619 9.54176
3.06638 9.44837
3.09495 9.54755
3.06203 9.4603
3.10169 9.55741
3.06706 9.47114
3.10109 9.56947
3.07554 9.4785
3.08767 9.57843
3.08418 9.48035
3.06908 9.57544
3.09292 9.47575
3.06169 9.56399
3.10048 9.46663
3.0652 9.5526
3.10215 9.45483
3.07336 9.54434
3.09192 9.44438
3.08211 9.54105
3.07307 9.44422
3.09086 9.5442
3.06251 9.45454
3.09905 9.55236
3.06395 9.46637
3.10272 9.5637
3.07141 9.47558
3.09563 9.57523
3.08015 9.48031
3.07716 9.57852
3.08878 9.47861
3.06345 9.56975
3.0973 9.47136
3.06262 9.55767
3.10249 9.46058
3.06927 9.54774
3.09846 9.44862
3.07803 9.54184
3.08195 9.44256
3.0867 9.54195
3.06576 9.449
3.09544 9.54803
3.06213 9.46099
3.10192 9.55807
3.06751 9.47168
3.10069 9.57016
3.07606 9.47878
3.08654 9.57864
3.08468 9.48024
3.06826 9.5749
3.09343 9.47532
3.06166 9.56327
3.1008 9.466
3.06561 9.55202
3.10193 9.45411
3.07387 9.54399
3.09092 9.444
3.08262 9.54106
3.07209 9.44462
3.09137 9.54456
3.06231 9.45525
3.09944 9.55295
3.06428 9.467
3.10267 9.56442
3.07192 9.476
3.09479 9.57575
3.08065 9.48039
3.07604 9.57828
3.0893 9.47832
3.06307 9.56905
3.09774 9.47081
3.06286 9.55701
3.10258 9.45988
3.06976 9.54727
3.09781 9.448
3.07854 9.54167
3.0808 9.4426
3.08721 9.54217
3.0652 9.44965
3.09592 9.54852
3.06227 9.46169
3.10213 9.55875
3.06797 9.47221
3.10023 9.57085
3.07657 9.47904
3.08539 9.5788
3.08518 9.48012
3.0675 9.57433
3.09393 9.47488
3.06166 9.56256
3.10109 9.46535
3.06602 9.55145
3.10166 9.45341
3.07439 9.54366
3.08989 9.44366
3.08312 9.54109
3.07116 9.44506
3.09189 9.54493
3.06216 9.45597
3.09981 9.55355
3.06462 9.46762
3.10257 9.56513
3.07242 9.4764
3.0939 9.57624
3.08115 9.48046
3.07496 9.57801
3.08981 9.47801
3.06275 9.56835
3.09817 9.47026
3.06313 9.55636
3.10263 9.45917
3.07026 9.54681
3.09712 9.44741
3.07905 9.54151
3.07965 9.44269
3.08772 9.54239
3.06467 9.4503
3.09639 9.54902
3.06242 9.46237
3.1023 9.55942
3.06843 9.47272
3.09974 9.57152
3.07708 9.47929
3.08423 9.57891
3.08568 9.47997
3.06678 9.57374
3.09442 9.47443
3.0617 9.56186
3.10137 9.46471
3.06645 9.55089
3.10136 9.4527
3.0749 9.54335
3.08883 9.44337
3.08362 9.54114
3.07026 9.44553
3.0924 9.54532
3.06204 9.45668
3.10017 9.55415
3.06498 9.46822
3.10244 9.56585
3.07293 9.47679
3.09297 9.5767
3.08164 9.4805
3.0739 9.57768
3.09032 9.47768
3.06246 9.56764
3.09859 9.46969
3.06342 9.55572
3.10265 9.45847
3.07076 9.54637
3.09638 9.44684
3.07955 9.54138
3.07852 9.44283
3.08824 9.54264
3.0642 9.45097
3.09685 9.54954
3.06261 9.46305
3.10245 9.56011
3.06891 9.47323
3.09919 9.57218
3.07758 9.47951
3.08307 9.57897
3.08619 9.4798
3.06611 9.57313
3.09491 9.47396
3.06178 9.56116
3.10162 9.46405
3.06688 9.55034
3.101 9.45201
3.07542 9.54305
3.08775 9.44312
3.08412 9.54122
3.06941 9.44603
3.09291 9.54573
3.06197 9.4574
3.10051 9.55477
3.06536 9.46882
3.10227 9.56656
3.07344 9.47716
3.092 9.57712
3.08214 9.48052
3.07287 9.57732
3.09084 9.47734
3.06223 9.56693
3.09899 9.46911
3.06373 9.55509
3.10263 9.45776
3.07126 9.54594
3.0956 9.44629
3.08006 9.54127
3.07741 9.44301
3.08875 9.54291
3.06378 9.45166
3.09731 9.55007
3.06282 9.46371
3.10257 9.5608
3.06938 9.47372
3.09859 9.57281
3.07809 9.47971
3.0819 9.57898
3.08669 9.47961
3.06549 9.5725
3.0954 9.47348
3.06188 9.56046
3.10184 9.46338
3.06733 9.54981
3.1006 9.45132
3.07593 9.54278
3.08664 9.44291
3.08462 9.54132
3.0686 9.44656
3.09341 9.54615
3.06193 9.45811
3.10083 9.5554
3.06576 9.4694
3.10205 9.56728
3.07396 9.47751
3.09099 9.5775
3.08264 9.48051
3.07189 9.57692
3.09135 9.47698
3.06203 9.56621
3.09938 9.46852
3.06406 9.55447
3.10257 9.45704
3.07177 9.54553
3.09477 9.44578
3.08056 9.54118
3.07631 9.44324
3.08926 9.5432
3.0634 9.45235
3.09775 9.55061
3.06306 9.46438
3.10266 9.5615
3.06987 9.47419
3.09794 9.57344
3.07859 9.47989
3.08073 9.57895
3.0872 9.4794
3.06492 9.57185
3.09587 9.47298
3.06202 9.55977
3.10205 9.46271
3.06779 9.54928
3.10015 9.45064
3.07645 9.54252
3.08552 9.44275
3.08513 9.54144
3.06784 9.44712
3.09391 9.54659
3.06193 9.45882
3.10113 9.55604
3.06617 9.46997
3.10179 9.56799
3.07447 9.47785
3.08995 9.57785
3.08313 9.48048
3.07094 9.57648
3.09186 9.4766
3.06188 9.56549
3.09975 9.46792
3.06441 9.55385
3.10248 9.45633
3.07228 9.54513
3.09389 9.44529
3.08106 9.54111
3.07523 9.44351
3.08978 9.5435
3.06307 9.45305
3.09818 9.55116
3.06333 9.46503
3.10272 9.56221
3.07036 9.47465
3.09725 9.57404
3.0791 9.48004
3.07957 9.57886
3.08771 9.47917
3.06439 9.57119
3.09634 9.47247
3.06218 9.55909
3.10222 9.46203
3.06826 9.54878
3.09966 9.44998
3.07696 9.54228
3.08438 9.44264
3.08563 9.54158
3.06712 9.4477
3.09441 9.54704
3.06196 9.45952
3.10141 9.55668
3.06659 9.47053
3.10148 9.56869
3.07498 9.47816
3.08888 9.57815
3.08363 9.48043
3.07004 9.576
3.09236 9.4762
3.06177 9.56478
3.1001 9.46731
3.06478 9.55326
3.10234 9.45562
3.07279 9.54475
3.09298 9.44484
3.08156 9.54107
3.07419 9.44382
3.09029 9.54382
3.06278 9.45375
3.0986 9.55172
3.06361 9.46567
3.10274 9.56291
3.07086 9.4751
3.09651 9.57461
3.0796 9.48018
3.07842 9.57872
3.08822 9.47892
3.06392 9.57051
3.0968 9.47195
3.06237 9.55842
3.10237 9.46135
3.06874 9.54828
3.09912 9.44933
3.07747 9.54206
3.08323 9.44258
3.08614 9.54175
3.06645 9.4483
3.0949 9.5475
3.06202 9.46022
3.10167 9.55733
3.06702 9.47108
3.10113 9.56939
3.07549 9.47847
3.08779 9.5784
3.08413 9.48035
3.06917 9.5755
3.09287 9.4758
3.0617 9.56407
3.10044 9.4667
3.06516 9.55266
3.10217 9.45491
3.0733 9.54438
3.09203 9.44442
3.08206 9.54105
3.07318 9.44418
3.0908 9.54416
3.06254 9.45446
3.099 9.5523
3.06391 9.4663
3.10272 9.56362
3.07136 9.47553
3.09572 9.57517
3.08009 9.48029
3.07728 9.57854
3.08873 9.47864
3.0635 9.56983
3.09725 9.47142
3.06259 9.55775
3.10248 9.46066
3.06922 9.5478
3.09853 9.44869
3.07798 9.54186
3.08208 9.44256
3.08664 9.54193
3.06584 9.44893
3.09538 9.54797
3.06212 9.46091
3.1019 9.558
3.06746 9.47162
3.10073 9.57008
3.076 9.47875
3.08666 9.57861
3.08462 9.48025
3.06836 9.57496
3.09337 9.47537
3.06166 9.56336
3.10076 9.46607
3.06556 9.55208
3.10195 9.4542
3.07381 9.54403
3.09104 9.44404
3.08256 9.54106
3.07221 9.44457
3.09131 9.54452
3.06234 9.45517
3.09939 9.55288
3.06424 9.46693
3.10267 9.56433
3.07186 9.47595
3.09488 9.57569
3.08059 9.48038
3.07617 9.57831
3.08924 9.47835
3.06312 9.56913
3.09769 9.47088
3.06283 9.55709
3.10257 9.45996
3.06971 9.54733
3.09789 9.44808
3.07848 9.54169
3.08094 9.4426
3.08715 9.54214
3.06526 9.44957
3.09586 9.54846
3.06225 9.4616
3.1021 9.55867
3.06792 9.47215
3.10029 9.57077
3.07651 9.47901
3.08553 9.57878
3.08512 9.48013
3.06759 9.5744
3.09387 9.47493
3.06166 9.56265
3.10106 9.46543
3.06597 9.55152
3.1017 9.45349
3.07433 9.5437
3.09002 9.4437
3.08306 9.54109
3.07127 9.445
3.09183 9.54489
3.06218 9.45588
3.09977 9.55348
3.06458 9.46754
3.10259 9.56504
3.07236 9.47635
3.09401 9.57618
3.08109 9.48045
3.07509 9.57804
3.08975 9.47805
3.06278 9.56843
3.09812 9.47033
3.0631 9.55644
3.10262 9.45926
3.0702 9.54687
3.09721 9.44748
3.07899 9.54153
3.0798 9.44268
3.08766 9.54237
3.06474 9.45022
3.09633 9.54896
3.06241 9.46228
3.10228 9.55934
3.06838 9.47266
3.0998 9.57144
3.07701 9.47925
3.08437 9.5789
3.08562 9.47999
3.06686 9.57382
3.09436 9.47448
3.0617 9.56194
3.10133 9.46479
3.06639 9.55096
3.10139 9.45279
3.07484 9.54339
3.08897 9.4434
3.08356 9.54114
3.07037 9.44547
3.09233 9.54528
3.06206 9.45659
3.10013 9.55408
3.06494 9.46815
3.10246 9.56576
3.07287 9.47674
3.09309 9.57664
3.08158 9.4805
3.07403 9.57772
3.09026 9.47773
3.0625 9.56773
3.09854 9.46976
3.06338 9.5558
3.10265 9.45856
3.0707 9.54642
3.09648 9.44691
3.07949 9.54139
3.07866 9.44281
3.08817 9.54261
3.06426 9.45089
3.0968 9.54948
3.06259 9.46296
3.10244 9.56003
3.06885 9.47317
3.09926 9.57209
3.07752 9.47948
3.08321 9.57897
3.08613 9.47983
3.06619 9.57321
3.09485 9.47402
3.06176 9.56124
3.10159 9.46413
3.06683 9.55041
3.10105 9.45209
3.07536 9.54309
3.08789 9.44314
3.08406 9.54121
3.06951 9.44596
3.09284 9.54568
3.06197 9.45731
3.10047 9.5547
3.06531 9.46874
3.10229 9.56648
3.07338 9.47711
3.09212 9.57707
3.08208 9.48052
3.073 9.57737
3.09077 9.47738
3.06225 9.56701
3.09894 9.46918
3.06369 9.55517
3.10263 9.45784
3.0712 9.54599
3.0957 9.44636
3.08 9.54128
3.07754 9.44298
3.08869 9.54287
3.06382 9.45157
3.09725 9.55
3.0628 9.46363
3.10256 9.56072
3.06933 9.47366
3.09867 9.57274
3.07803 9.47968
3.08204 9.57898
3.08663 9.47964
3.06556 9.57258
3.09534 9.47354
3.06186 9.56054
3.10182 9.46347
3.06728 9.54987
3.10065 9.4514
3.07587 9.54281
3.08678 9.44293
3.08456 9.5413
3.06869 9.44649
3.09335 9.5461
3.06193 9.45802
3.1008 9.55532
3.06571 9.46933
3.10208 9.56719
3.07389 9.47747
3.09112 9.57746
3.08258 9.48052
3.072 9.57697
3.09129 9.47702
3.06205 9.5663
3.09934 9.46859
3.06402 9.55454
3.10258 9.45713
3.07171 9.54558
3.09487 9.44584
3.0805 9.54119
3.07644 9.44321
3.0892 9.54316
3.06344 9.45227
3.0977 9.55054
3.06303 9.4643
3.10265 9.56142
3.06981 9.47414
3.09803 9.57336
3.07853 9.47987
3.08087 9.57895
3.08714 9.47943
3.06498 9.57193
3.09582 9.47304
3.062 9.55985
3.10203 9.46279
3.06774 9.54935
3.10021 9.45072
3.07639 9.54255
3.08565 9.44277
3.08507 9.54142
3.06792 9.44705
3.09385 9.54653
3.06192 9.45873
3.1011 9.55596
3.06611 9.4699
3.10183 9.5679
3.07441 9.47781
3.09008 9.57781
3.08307 9.48049
3.07105 9.57653
3.0918 9.47665
3.06189 9.56558
3.09971 9.468
3.06437 9.55393
3.10249 9.45642
3.07222 9.54518
3.094 9.44535
3.081 9.54112
3.07536 9.44347
3.08972 9.54346
3.0631 9.45296
3.09813 9.5511
3.06329 9.46495
3.10271 9.56212
3.0703 9.4746
3.09734 9.57397
3.07904 9.48003
3.0797 9.57887
3.08765 9.4792
3.06445 9.57127
3.09629 9.47254
3.06216 9.55917
3.1022 9.46211
3.0682 9.54883
3.09972 9.45006
3.0769 9.5423
3.08451 9.44265
3.08557 9.54156
3.0672 9.44763
3.09435 9.54698
3.06195 9.45944
3.10138 9.5566
3.06653 9.47047
3.10152 9.56861
3.07492 9.47813
3.08901 9.57812
3.08357 9.48044
3.07013 9.57606
3.09231 9.47625
3.06178 9.56486
3.10007 9.46739
3.06473 9.55332
3.10236 9.4557
3.07273 9.54479
3.09309 9.44489
3.0815 9.54107
3.07431 9.44378
3.09023 9.54378
3.06281 9.45367
3.09855 9.55166
3.06357 9.4656
3.10274 9.56283
3.0708 9.47505
3.0966 9.57455
3.07954 9.48017
3.07855 9.57874
3.08816 9.47895
3.06397 9.57059
3.09675 9.47202
3.06235 9.55849
3.10235 9.46143
3.06868 9.54833
3.09918 9.4494
3.07741 9.54208
3.08336 9.44258
3.08608 9.54173
3.06652 9.44823
3.09484 9.54744
3.06201 9.46014
3.10164 9.55726
3.06697 9.47102
3.10118 9.56931
3.07543 9.47843
3.08791 9.57838
3.08407 9.48036
3.06927 9.57556
3.09281 9.47584
3.0617 9.56415
3.10041 9.46677
3.06512 9.55273
3.10219 9.45499
3.07324 9.54442
3.09214 9.44447
3.082 9.54105
3.07329 9.44414
3.09075 9.54412
3.06256 9.45438
3.09896 9.55223
3.06388 9.46623
3.10273 9.56354
3.0713 9.47549
3.09581 9.57511
3.08004 9.48028
3.07741 9.57856
3.08867 9.47868
3.06354 9.5699
3.0972 9.47148
3.06256 9.55782
3.10247 9.46073
3.06916 9.54785
3.09859 9.44876
3.07792 9.54188
3.08221 9.44256
3.08659 9.54191
3.0659 9.44886
3.09533 9.54792
3.06211 9.46084
3.10187 9.55792
3.06741 9.47156
3.10078 9.57001
3.07594 9.47872
3.08679 9.5786
3.08457 9.48027
3.06844 9.57502
3.09332 9.47542
3.06166 9.56343
3.10073 9.46614
3.06551 9.55215
3.10198 9.45427
3.07376 9.54407
3.09115 9.44408
3.0825 9.54105
3.07231 9.44453
3.09126 9.54448
3.06235 9.45509
3.09935 9.55282
3.0642 9.46686
3.10268 9.56425
3.0718 9.47591
3.09498 9.57563
3.08054 9.48038
3.07629 9.57834
3.08918 9.47839
3.06315 9.56921
3.09765 9.47094
3.0628 9.55716
3.10256 9.46004
3.06965 9.54737
3.09796 9.44814
3.07843 9.5417
3.08106 9.44259
3.0871 9.54211
3.06532 9.4495
3.09581 9.54841
3.06223 9.46153
3.10208 9.55859
3.06786 9.47209
3.10034 9.57069
3.07645 9.47899
3.08565 9.57877
3.08507 9.48015
3.06766 9.57446
3.09382 9.47498
3.06166 9.56272
3.10103 9.4655
3.06592 9.55157
3.10173 9.45356
3.07427 9.54373
3.09013 9.44373
3.083 9.54108
3.07136 9.44495
3.09177 9.54485
3.06219 9.45581
3.09973 9.55341
3.06454 9.46748
3.1026 9.56497
3.07231 9.47631
3.0941 9.57613
3.08104 9.48045
3.0752 9.57807
3.08969 9.47808
3.06281 9.56851
3.09808 9.47039
3.06307 9.55651
3.10262 9.45933
3.07015 9.54691
3.09728 9.44754
3.07894 9.54154
3.07991 9.44267
3.08761 9.54234
3.06479 9.45015
3.09628 9.54891
3.06239 9.46221
3.10227 9.55927
3.06833 9.47261
3.09985 9.57137
3.07696 9.47923
3.08449 9.57889
3.08557 9.48
3.06694 9.57388
3.09431 9.47453
3.06169 9.56202
3.10131 9.46485
3.06635 9.55101
3.10143 9.45286
3.07479 9.54342
3.08908 9.44343
3.0835 9.54113
3.07046 9.44542
3.09228 9.54523
3.06207 9.45652
3.10009 9.55402
3.0649 9.46808
3.10247 9.56569
3.07282 9.4767
3.09318 9.5766
3.08153 9.48049
3.07414 9.57776
3.09021 9.47776
3.06253 9.5678
3.09849 9.46982
3.06335 9.55587
3.10264 9.45863
3.07064 9.54647
3.09655 9.44697
3.07944 9.54141
3.07878 9.44279
3.08812 9.54259
3.06431 9.45082
3.09675 9.54942
3.06257 9.46289
3.10242 9.55995
3.0688 9.47311
3.09932 9.57203
3.07747 9.47946
3.08333 9.57896
3.08607 9.47984
3.06626 9.57327
3.0948 9.47407
3.06176 9.56132
3.10156 9.4642
3.06678 9.55047
3.10108 9.45217
3.0753 9.54312
3.088 9.44317
3.084 9.5412
3.0696 9.44591
3.09279 9.54564
3.06198 9.45723
3.10043 9.55463
3.06527 9.46868
3.10231 9.5664
3.07333 9.47707
3.09223 9.57703
3.08203 9.48052
3.07311 9.5774
3.09072 9.47742
3.06228 9.56709
3.0989 9.46924
3.06366 9.55523
3.10263 9.45792
3.07115 9.54604
3.09578 9.44642
3.07994 9.54129
3.07766 9.44296
3.08863 9.54285
3.06387 9.4515
3.0972 9.54995
3.06278 9.46356
3.10255 9.56064
3.06928 9.4736
3.09873 9.57267
3.07797 9.47966
3.08216 9.57898
3.08658 9.47965
3.06563 9.57265
3.09528 9.47359
3.06186 9.56062
3.10179 9.46354
3.06723 9.54993
3.1007 9.45148
3.07581 9.54284
3.0869 9.44296
3.0845 9.5413
3.06879 9.44643
3.09329 9.54605
3.06194 9.45794
3.10076 9.55525
3.06567 9.46926
3.1021 9.56711
3.07384 9.47743
3.09123 9.57742
3.08252 9.48051
3.07212 9.57701
3.09123 9.47706
3.06208 9.56638
3.09929 9.46866
3.06399 9.55461
3.10258 9.45721
3.07165 9.54563
3.09496 9.4459
3.08044 9.5412
3.07657 9.44318
3.08914 9.54313
3.06349 9.45219
3.09764 9.55048
3.06301 9.46422
3.10264 9.56134
3.06976 9.47408
3.0981 9.57329
3.07847 9.47984
3.081 9.57896
3.08708 9.47945
3.06505 9.57201
3.09576 9.4731
3.06199 9.55994
3.102 9.46287
3.06768 9.54941
3.10026 9.4508
3.07633 9.54258
3.08578 9.44279
3.08501 9.54141
3.06802 9.44698
3.09379 9.54648
3.06193 9.45865
3.10106 9.55589
3.06607 9.46984
3.10185 9.56782
3.07435 9.47777
3.0902 9.57777
3.08302 9.48049
3.07116 9.57658
3.09173 9.47669
3.06191 9.56567
3.09966 9.46807
3.06433 9.554
3.1025 9.4565
3.07216 9.54523
3.0941 9.44541
3.08094 9.54113
3.07549 9.44344
3.08965 9.54343
3.06314 9.45288
3.09808 9.55103
3.06326 9.46487
3.1027 9.56204
3.07025 9.47454
3.09742 9.57389
3.07898 9.48001
3.07984 9.57888
3.08759 9.47922
3.06452 9.57135
3.09623 9.4726
3.06214 9.55925
3.10218 9.4622
3.06815 9.5489
3.09978 9.45014
3.07684 9.54234
3.08465 9.44267
3.08551 9.54155
3.06729 9.44756
3.09429 9.54693
3.06195 9.45935
3.10134 9.55653
3.06648 9.4704
3.10156 9.56853
3.07486 9.47809
3.08914 9.57808
3.08351 9.48044
3.07025 9.57612
3.09224 9.4763
3.06179 9.56495
3.10002 9.46746
3.06469 9.5534
3.10238 9.45579
3.07267 9.54484
3.0932 9.44494
3.08144 9.54108
3.07444 9.44374
3.09017 9.54375
3.06284 9.45358
3.0985 9.55159
3.06354 9.46552
3.10274 9.56274
3.07074 9.47499
3.09669 9.57448
3.07948 9.48015
3.07869 9.57876
3.0881 9.47898
3.06403 9.57068
3.09669 9.47208
3.06233 9.55858
3.10233 9.46151
3.06862 9.5484
3.09925 9.44948
3.07735 9.54211
3.08351 9.44259
3.08601 9.54171
3.06661 9.44816
3.09478 9.54739
3.06201 9.46005
3.10161 9.55718
3.06691 9.47095
3.10122 9.56923
3.07537 9.4784
3.08805 9.57835
3.08401 9.48037
3.06937 9.57562
3.09275 9.47589
3.06171 9.56423
3.10036 9.46684
3.06507 9.5528
3.10222 9.45507
3.07318 9.54447
3.09225 9.44452
3.08194 9.54106
3.07342 9.44409
3.09068 9.54408
3.06259 9.45429
3.09891 9.55216
3.06384 9.46616
3.10273 9.56345
3.07124 9.47543
3.09591 9.57504
3.07998 9.48027
3.07755 9.57859
3.08861 9.47871
3.06359 9.56999
3.09715 9.47155
3.06254 9.55791
3.10246 9.46082
3.0691 9.54791
3.09867 9.44884
3.07786 9.54191
3.08236 9.44256
3.08652 9.54189
3.06598 9.44878
3.09527 9.54786
3.0621 9.46075
3.10184 9.55784
3.06736 9.47149
3.10083 9.56992
3.07588 9.47868
3.08693 9.57857
3.08451 9.48028
3.06855 9.57509
3.09325 9.47547
3.06167 9.56352
3.10069 9.46622
3.06546 9.55222
3.10201 9.45436
3.07369 9.54412
3.09127 9.44413
3.08244 9.54106
3.07243 9.44448
3.09119 9.54443
3.06238 9.455
3.0993 9.55274
3.06416 9.46678
3.10269 9.56416
3.07174 9.47585
3.09509 9.57557
3.08047 9.48036
3.07643 9.57837
3.08912 9.47843
3.0632 9.5693
3.09759 9.47101
3.06277 9.55725
3.10255 9.46012
3.06959 9.54743
3.09804 9.44822
3.07836 9.54173
3.08121 9.44259
3.08703 9.54209
3.06539 9.44941
3.09575 9.54835
3.06222 9.46144
3.10206 9.55851
3.06781 9.47202
3.1004 9.57061
3.07639 9.47895
3.0858 9.57874
3.085 9.48016
3.06776 9.57454
3.09375 9.47504
3.06166 9.56281
3.10099 9.46558
3.06587 9.55165
3.10176 9.45366
3.07421 9.54378
3.09026 9.44378
3.08294 9.54108
3.07149 9.4449
3.09171 9.5448
3.06221 9.45572
3.09968 9.55334
3.0645 9.4674
3.10261 9.56488
3.07225 9.47626
3.09422 9.57607
3.08097 9.48044
3.07534 9.57811
3.08963 9.47812
3.06286 9.5686
3.09802 9.47046
3.06303 9.55659
3.10261 9.45942
3.07008 9.54697
3.09737 9.44762
3.07887 9.54156
3.08006 9.44266
3.08754 9.54231
3.06486 9.45007
3.09622 9.54885
3.06237 9.46213
3.10224 9.55918
3.06827 9.47254
3.09992 9.57128
3.0769 9.4792
3.08465 9.57887
3.08551 9.48002
3.06703 9.57396
3.09425 9.47459
3.06169 9.56211
3.10127 9.46494
3.06629 9.55109
3.10147 9.45295
3.07472 9.54346
3.08921 9.44347
3.08344 9.54112
3.07058 9.44536
3.09222 9.54518
3.06208 9.45643
3.10005 9.55394
3.06485 9.46801
3.10249 9.56559
3.07275 9.47665
3.0933 9.57654
3.08147 9.48049
3.07427 9.5778
3.09014 9.4778
3.06256 9.56789
3.09844 9.46989
3.06332 9.55595
3.10264 9.45872
3.07058 9.54653
3.09665 9.44704
3.07938 9.54142
3.07892 9.44277
3.08805 9.54255
3.06437 9.45074
3.09669 9.54936
3.06254 9.4628
3.1024 9.55987
3.06874 9.47305
3.09939 9.57194
3.0774 9.47943
3.08348 9.57895
3.08601 9.47986
3.06634 9.57335
3.09474 9.47412
3.06175 9.56141
3.10153 9.46428
3.06673 9.55054
3.10113 9.45226
3.07524 9.54316
3.08814 9.4432
3.08394 9.54119
3.06971 9.44585
3.09272 9.54558
3.06199 9.45714
3.10039 9.55455
3.06523 9.4686
3.10233 9.56631
3.07326 9.47703
3.09235 9.57697
3.08196 9.48051
3.07324 9.57745
3.09065 9.47746
3.06231 9.56718
3.09885 9.46932
3.06362 9.55532
3.10264 9.45801
3.07108 9.54609
3.09588 9.44649
3.07988 9.54131
3.0778 9.44294
3.08856 9.54281
3.06393 9.45141
3.09714 9.54988
3.06275 9.46347
3.10253 9.56056
3.06921 9.47354
3.09881 9.57259
3.07791 9.47964
3.08232 9.57898
3.08651 9.47968
3.06571 9.57273
3.09522 9.47365
3.06184 9.56071
3.10176 9.46362
3.06717 9.55
3.10075 9.45157
3.07575 9.54288
3.08704 9.44298
3.08444 9.54128
3.06889 9.44637
3.09323 9.546
3.06194 9.45785
3.10072 9.55517
3.06561 9.46919
3.10213 9.56702
3.07377 9.47738
3.09136 9.57737
3.08246 9.48052
3.07224 9.57706
3.09116 9.47711
3.0621 9.56647
3.09924 9.46873
3.06394 9.55469
3.10259 9.4573
3.07159 9.54568
3.09507 9.44596
3.08038 9.54121
3.0767 9.44315
3.08908 9.54309
3.06353 9.4521
3.09759 9.55042
3.06298 9.46414
3.10263 9.56125
3.0697 9.47402
3.09818 9.57321
3.07841 9.47982
3.08115 9.57896
3.08702 9.47948
3.06512 9.57209
3.0957 9.47316
3.06197 9.56002
3.10198 9.46296
3.06763 9.54947
3.10032 9.45089
3.07626 9.54261
3.08592 9.44281
3.08494 9.54139
3.06811 9.44691
3.09373 9.54643
3.06193 9.45856
3.10102 9.55581
3.06602 9.46976
3.10189 9.56773
3.07428 9.47773
3.09033 9.57773
3.08295 9.4805
3.07128 9.57664
3.09167 9.47674
3.06193 9.56575
3.09962 9.46814
3.06429 9.55408
3.10251 9.45659
3.07209 9.54527
3.09421 9.44547
3.08088 9.54114
3.07562 9.44341
3.08959 9.54339
3.06318 9.4528
3.09802 9.55096
3.06323 9.46479
3.1027 9.56195
3.07018 9.47448
3.09751 9.57382
3.07891 9.47999
3.07999 9.57889
3.08752 9.47925
3.06458 9.57143
3.09617 9.47266
3.06212 9.55934
3.10216 9.46228
3.06809 9.54896
3.09984 9.45022
3.07677 9.54237
3.08479 9.44268
3.08545 9.54153
3.06738 9.44749
3.09423 9.54687
3.06195 9.45927
3.10131 9.55645
3.06643 9.47033
3.1016 9.56844
3.07479 9.47805
3.08927 9.57804
3.08345 9.48045
3.07036 9.57618
3.09218 9.47635
3.06181 9.56504
3.09998 9.46753
3.06465 9.55347
3.10239 9.45588
3.07261 9.54489
3.09331 9.445
3.08138 9.54109
3.07457 9.44371
3.0901 9.54371
3.06288 9.4535
3.09845 9.55152
3.06351 9.46544
3.10273 9.56265
3.07068 9.47494
3.09678 9.57441
3.07942 9.48013
3.07883 9.57878
3.08803 9.47901
3.06409 9.57076
3.09663 9.47214
3.0623 9.55866
3.10231 9.4616
3.06856 9.54846
3.09932 9.44956
3.07728 9.54214
3.08365 9.4426
3.08595 9.54169
3.0667 9.44808
3.09472 9.54733
3.062 9.45996
3.10157 9.5571
3.06686 9.47088
3.10126 9.56914
3.0753 9.47836
3.08819 9.57831
3.08394 9.48038
3.06949 9.57568
3.09268 9.47594
3.06172 9.56433
3.10032 9.46692
3.06502 9.55288
3.10223 9.45517
3.07312 9.54452
3.09238 9.44457
3.08188 9.54106
3.07355 9.44405
3.09061 9.54404
3.06263 9.4542
3.09885 9.55209
3.0638 9.46607
3.10273 9.56336
3.07118 9.47537
3.09601 9.57496
3.07991 9.48025
3.0777 9.57861
3.08854 9.47874
3.06365 9.57008
3.09708 9.47162
3.06251 9.55799
3.10244 9.46091
3.06904 9.54797
3.09875 9.44893
3.07779 9.54194
3.08251 9.44257
3.08646 9.54187
3.06606 9.4487
3.0952 9.5478
3.06209 9.46066
3.10181 9.55775
3.0673 9.47142
3.10088 9.56983
3.07581 9.47864
3.08708 9.57854
3.08444 9.48029
3.06866 9.57516
3.09318 9.47553
3.06167 9.56362
3.10064 9.4663
3.06541 9.5523
3.10204 9.45446
3.07363 9.54416
3.09141 9.44418
3.08237 9.54106
3.07257 9.44443
3.09112 9.54439
3.06241 9.45491
3.09925 9.55267
3.06412 9.46669
3.10269 9.56407
3.07167 9.47579
3.0952 9.5755
3.08041 9.48035
3.07658 9.5784
3.08905 9.47846
3.06326 9.56939
3.09753 9.47108
3.06274 9.55734
3.10254 9.46022
3.06952 9.5475
3.09813 9.44831
3.0783 9.54175
3.08136 9.44258
3.08696 9.54206
3.06547 9.44933
3.09568 9.54828
3.0622 9.46135
3.10203 9.55842
3.06775 9.47195
3.10046 9.57051
3.07632 9.47891
3.08595 9.57872
3.08494 9.48018
3.06787 9.57461
3.09368 9.4751
3.06166 9.56291
3.10095 9.46567
3.06582 9.55173
3.1018 9.45375
3.07414 9.54383
3.0904 9.44383
3.08287 9.54107
3.07162 9.44484
3.09163 9.54475
3.06223 9.45562
3.09963 9.55325
3.06445 9.46731
3.10262 9.56478
3.07218 9.4762
3.09434 9.576
3.0809 9.48043
3.07549 9.57815
3.08956 9.47816
3.06291 9.5687
3.09796 9.47053
3.063 9.55669
3.1026 9.45952
3.07001 9.54704
3.09747 9.4477
3.0788 9.54159
3.08022 9.44264
3.08747 9.54228
3.06493 9.44998
3.09615 9.54877
3.06235 9.46203
3.10222 9.55909
3.0682 9.47247
3.09999 9.57118
3.07682 9.47916
3.08481 9.57886
3.08543 9.48004
3.06713 9.57404
3.09418 9.47465
3.06168 9.56221
3.10123 9.46503
3.06623 9.55117
3.10151 9.45306
3.07465 9.54351
3.08937 9.44351
3.08337 9.54112
3.07071 9.44529
3.09214 9.54513
3.0621 9.45632
3.09999 9.55385
3.0648 9.46792
3.10251 9.56549
3.07268 9.47659
3.09344 9.57647
3.0814 9.48048
3.07443 9.57785
3.09006 9.47785
3.0626 9.568
3.09838 9.46998
3.06327 9.55604
3.10264 9.45882
3.07051 9.54659
3.09676 9.44712
3.0793 9.54144
3.07909 9.44275
3.08798 9.54252
3.06444 9.45064
3.09662 9.54928
3.06252 9.4627
3.10238 9.55977
3.06867 9.47297
3.09947 9.57185
3.07733 9.47939
3.08365 9.57894
3.08593 9.47989
3.06644 9.57344
3.09467 9.47419
3.06174 9.56151
3.10149 9.46438
3.06666 9.55062
3.10118 9.45236
3.07516 9.5432
3.0883 9.44324
3.08387 9.54118
3.06984 9.44577
3.09265 9.54552
3.062 9.45704
3.10034 9.55446
3.06517 9.46851
3.10236 9.5662
3.07319 9.47697
3.0925 9.57691
3.08189 9.48051
3.07339 9.57751
3.09058 9.47751
3.06234 9.56729
3.09879 9.4694
3.06357 9.55541
3.10264 9.45812
3.07101 9.54616
3.096 9.44657
3.0798 9.54132
3.07797 9.44291
3.08849 9.54278
3.06399 9.45131
3.09708 9.5498
3.06272 9.46338
3.10251 9.56045
3.06914 9.47347
3.0989 9.57249
3.07783 9.47961
3.08249 9.57898
3.08644 9.47971
3.0658 9.57282
3.09515 9.47372
3.06183 9.56081
3.10173 9.46372
3.06711 9.55008
3.10081 9.45167
3.07567 9.54292
3.0872 9.44301
3.08437 9.54127
3.06901 9.44629
3.09315 9.54594
3.06195 9.45775
3.10067 9.55508
3.06556 9.4691
3.10216 9.56692
3.0737 9.47733
3.09151 9.57731
3.08238 9.48052
3.07239 9.57712
3.09109 9.47716
3.06213 9.56657
3.09918 9.46882
3.06389 9.55478
3.1026 9.45741
3.07151 9.54574
3.09519 9.44604
3.08031 9.54122
3.07686 9.44312
3.089 9.54305
3.06359 9.452
3.09752 9.55034
3.06294 9.46404
3.10262 9.56115
3.06963 9.47395
3.09828 9.57312
3.07834 9.4798
3.08132 9.57897
3.08694 9.47951
3.0652 9.57218
3.09563 9.47323
3.06195 9.56012
3.10195 9.46305
3.06756 9.54955
3.10038 9.45098
3.07619 9.54265
3.08609 9.44283
3.08487 9.54138
3.06822 9.44683
3.09366 9.54636
3.06192 9.45846
3.10098 9.55571
3.06596 9.46968
3.10193 9.56763
3.07421 9.47768
3.09049 9.57768
3.08288 9.4805
3.07141 9.5767
3.0916 9.47679
3.06195 9.56586
3.09957 9.46823
3.06423 9.55416
3.10253 9.45669
3.07202 9.54533
3.09434 9.44553
3.08081 9.54114
3.07578 9.44337
3.08952 9.54334
3.06323 9.45269
3.09796 9.55088
3.06319 9.4647
3.10269 9.56185
3.07011 9.47442
3.09761 9.57374
3.07884 9.47997
3.08015 9.57891
3.08745 9.47929
3.06465 9.57153
3.09611 9.47273
3.06209 9.55943
3.10214 9.46238
3.06802 9.54903
3.09991 9.45031
3.0767 9.5424
3.08496 9.44269
3.08537 9.54151
3.06748 9.4474
3.09416 9.54681
3.06194 9.45916
3.10127 9.55635
3.06637 9.47025
3.10164 9.56834
3.07472 9.47801
3.08943 9.578
3.08338 9.48046
3.07049 9.57625
3.09211 9.47641
3.06182 9.56514
3.09993 9.46762
3.06459 9.55356
3.10242 9.45598
3.07253 9.54494
3.09345 9.44506
3.08131 9.54109
3.07472 9.44366
3.09003 9.54366
3.06292 9.4534
3.09839 9.55144
3.06346 9.46535
3.10273 9.56255
3.07061 9.47487
3.09689 9.57432
3.07934 9.48011
3.079 9.5788
3.08796 9.47904
3.06416 9.57086
3.09657 9.47222
3.06227 9.55876
3.10229 9.46169
3.0685 9.54853
3.09939 9.44965
3.07721 9.54217
3.08381 9.44261
3.08588 9.54166
3.06679 9.448
3.09465 9.54726
3.06199 9.45987
3.10154 9.557
3.0668 9.47081
3.10132 9.56904
3.07523 9.47832
3.08834 9.57828
3.08387 9.48039
3.0696 9.57576
3.09261 9.476
3.06173 9.56443
3.10027 9.46701
3.06497 9.55296
3.10226 9.45527
3.07304 9.54457
3.09251 9.44463
3.08181 9.54106
3.07369 9.444
3.09054 9.54399
3.06266 9.4541
3.0988 9.55201
3.06376 9.46598
3.10273 9.56326
3.0711 9.47531
3.09612 9.57489
3.07984 9.48024
3.07785 9.57864
