0 0
0.0206012 0.0634038
0.0832145 0.12689
0.187631 0.190542
0.333687 0.254435
0.521254 0.318642
0.750238 0.38322
1.02056 0.448213
1.33215 0.513643
1.68495 0.579499
2.07883 0.645736
2.51368 0.71226
2.98929 0.778922
3.50539 0.845513
4.06158 0.911758
4.65737 0.977328
5.29215 1.04185
5.96514 1.10493
6.67544 1.16618
7.42201 1.22526
8.20366 1.28188
9.01911 1.33585
9.86697 1.38704
10.7458 1.43542
11.6541 1.48102
12.5904 1.52392
13.5533 1.56424
14.5413 1.60213
15.553 1.63773
16.5872 1.67122
17.6426 1.70273
18.718 1.73244
19.8125 1.76047
20.925 1.78697
22.0545 1.81204
23.2003 1.83581
24.3614 1.85838
25.5372 1.87984
26.727 1.90027
27.9301 1.91975
29.1459 1.93836
30.3739 1.95614
31.6135 1.97318
32.8643 1.9895
34.1259 2.00517
35.3977 2.02023
36.6794 2.03471
37.9707 2.04866
39.2712 2.0621
40.5805 2.07507
41.8984 2.0876
43.2246 2.0997
44.5588 2.11141
45.9007 2.12275
47.2501 2.13373
48.6068 2.14439
49.9705 2.15472
51.3411 2.16475
52.7183 2.1745
54.102 2.18398
55.492 2.1932
56.888 2.20217
58.29 2.21091
59.6979 2.21943
61.1113 2.22773
62.5303 2.23583
63.9547 2.24373
65.3843 2.25145
66.819 2.25899
68.2588 2.26635
69.7034 2.27355
71.1528 2.2806
72.6069 2.28749
74.0655 2.29423
75.5287 2.30083
76.9962 2.3073
78.4681 2.31364
79.9441 2.31985
81.4243 2.32594
82.9085 2.33191
84.3967 2.33777
85.8888 2.34351
87.3847 2.34916
88.8844 2.3547
90.3877 2.36014
91.8947 2.36549
93.4052 2.37074
94.9193 2.37591
96.4367 2.38098
97.9576 2.38598
99.4817 2.39089
101.009 2.39572
102.54 2.40047
104.074 2.40515
105.611 2.40976
107.151 2.41429
108.694 2.41876
110.24 2.42316
111.788 2.4275
113.34 2.43177
114.895 2.43598
116.452 2.44013
118.013 2.44422
119.576 2.44825
121.141 2.45223
122.709 2.45616
124.28 2.46003
125.854 2.46385
127.43 2.46762
129.008 2.47134
130.589 2.47501
132.173 2.47864
133.759 2.48222
135.347 2.48576
136.937 2.48925
138.53 2.4927
140.126 2.49611
141.723 2.49947
143.323 2.5028
144.925 2.50609
146.529 2.50934
148.135 2.51255
149.744 2.51573
151.354 2.51887
152.967 2.52197
154.582 2.52504
156.198 2.52808
157.817 2.53109
159.438 2.53406
161.061 2.537
162.685 2.53991
164.312 2.54279
165.941 2.54563
167.571 2.54845
169.203 2.55124
170.838 2.55401
172.474 2.55674
174.112 2.55945
175.751 2.56213
177.393 2.56478
179.036 2.56741
180.681 2.57002
182.328 2.57259
183.976 2.57515
185.626 2.57768
187.278 2.58019
188.932 2.58267
190.587 2.58513
192.244 2.58757
193.902 2.58998
195.562 2.59238
197.224 2.59475
198.887 2.59711
200.552 2.59944
202.218 2.60175
203.886 2.60404
205.555 2.60631
207.226 2.60857
208.899 2.6108
210.573 2.61301
212.248 2.61521
213.925 2.61739
215.603 2.61955
217.283 2.62169
218.964 2.62382
220.647 2.62593
222.331 2.62802
224.016 2.63009
225.703 2.63215
227.391 2.6342
229.08 2.63622
230.771 2.63823
232.463 2.64023
234.157 2.64221
235.852 2.64418
237.548 2.64613
239.245 2.64806
240.944 2.64999
242.644 2.6519
244.345 2.65379
246.048 2.65567
247.752 2.65754
249.457 2.65939
251.163 2.66123
252.871 2.66306
254.579 2.66487
256.289 2.66667
258 2.66846
259.713 2.67024
261.426 2.672
263.141 2.67375
264.857 2.67549
266.574 2.67722
268.292 2.67894
270.011 2.68064
271.732 2.68234
273.453 2.68402
275.176 2.68569
276.9 2.68735
278.625 2.689
280.351 2.69064
282.078 2.69227
283.806 2.69389
285.535 2.6955
287.266 2.6971
288.997 2.69868
290.73 2.70026
292.463 2.70183
294.198 2.70339
295.933 2.70494
297.67 2.70648
299.408 2.70801
301.146 2.70953
302.886 2.71104
304.627 2.71254
306.368 2.71404
308.111 2.71552
309.855 2.717
311.599 2.71846
313.345 2.71992
315.092 2.72137
316.839 2.72282
318.588 2.72425
320.337 2.72567
322.088 2.72709
323.839 2.7285
325.592 2.7299
327.345 2.7313
329.099 2.73268
330.854 2.73406
332.61 2.73543
334.367 2.73679
336.125 2.73815
337.884 2.7395
339.644 2.74084
341.404 2.74217
343.166 2.7435
344.928 2.74482
346.691 2.74613
348.455 2.74743
350.22 2.74873
351.986 2.75002
353.753 2.75131
355.52 2.75259
357.289 2.75386
359.058 2.75512
360.828 2.75638
362.599 2.75763
364.371 2.75888
366.143 2.76012
367.917 2.76135
369.691 2.76258
371.466 2.7638
373.242 2.76501
375.019 2.76622
376.796 2.76743
378.574 2.76862
380.353 2.76981
382.133 2.771
383.914 2.77218
385.695 2.77335
387.478 2.77452
389.261 2.77568
391.044 2.77684
392.829 2.77799
394.614 2.77914
396.401 2.78028
398.187 2.78141
399.975 2.78254
401.763 2.78367
403.552 2.78479
405.342 2.7859
407.133 2.78701
408.924 2.78811
410.716 2.78921
412.509 2.79031
414.303 2.7914
416.097 2.79248
417.892 2.79356
419.688 2.79463
421.484 2.7957
423.281 2.79677
425.079 2.79783
426.878 2.79889
428.677 2.79994
430.477 2.80098
432.278 2.80202
434.079 2.80306
435.881 2.8041
437.684 2.80512
439.487 2.80615
441.291 2.80717
443.096 2.80818
444.902 2.80919
446.708 2.8102
448.514 2.8112
450.322 2.8122
452.13 2.8132
453.939 2.81419
455.748 2.81517
457.558 2.81615
459.369 2.81713
461.181 2.81811
462.993 2.81908
464.805 2.82004
466.619 2.821
468.433 2.82196
470.247 2.82292
472.063 2.82387
473.879 2.82481
475.695 2.82576
477.512 2.82669
479.33 2.82763
481.149 2.82856
482.968 2.82949
484.787 2.83041
486.608 2.83134
488.428 2.83225
490.25 2.83317
492.072 2.83408
493.895 2.83498
495.718 2.83589
497.542 2.83679
499.367 2.83768
501.192 2.83858
503.017 2.83946
504.844 2.84035
506.671 2.84123
508.498 2.84211
510.326 2.84299
512.155 2.84386
513.984 2.84473
515.814 2.8456
517.644 2.84646
519.475 2.84732
521.307 2.84818
523.139 2.84903
524.972 2.84988
526.805 2.85073
528.639 2.85158
530.473 2.85242
532.308 2.85326
534.144 2.85409
535.98 2.85492
537.816 2.85575
539.654 2.85658
541.491 2.8574
543.33 2.85823
545.168 2.85904
547.008 2.85986
548.848 2.86067
550.688 2.86148
552.529 2.86229
554.371 2.86309
556.213 2.86389
558.055 2.86469
559.898 2.86549
561.742 2.86628
563.586 2.86707
565.431 2.86786
567.276 2.86864
569.122 2.86942
570.968 2.8702
572.815 2.87098
574.662 2.87175
576.51 2.87253
578.359 2.87329
580.207 2.87406
582.057 2.87483
583.907 2.87559
585.757 2.87635
587.608 2.8771
589.459 2.87786
591.311 2.87861
593.164 2.87936
595.017 2.8801
596.87 2.88085
598.724 2.88159
600.578 2.88233
602.433 2.88307
604.289 2.8838
606.145 2.88453
608.001 2.88526
609.858 2.88599
611.715 2.88672
613.573 2.88744
615.431 2.88816
617.29 2.88888
619.149 2.8896
621.009 2.89031
622.869 2.89102
624.73 2.89173
626.591 2.89244
628.453 2.89315
630.315 2.89385
632.177 2.89455
634.04 2.89525
635.904 2.89595
637.768 2.89664
639.632 2.89733
641.497 2.89802
643.362 2.89871
645.228 2.8994
647.095 2.90008
648.961 2.90077
650.828 2.90145
652.696 2.90212
654.564 2.9028
656.433 2.90347
658.302 2.90415
660.171 2.90482
662.041 2.90548
663.911 2.90615
665.782 2.90682
667.653 2.90748
669.525 2.90814
671.397 2.9088
673.27 2.90945
675.143 2.91011
677.016 2.91076
678.89 2.91141
680.764 2.91206
682.639 2.91271
684.514 2.91335
686.389 2.914
688.265 2.91464
690.142 2.91528
692.019 2.91592
693.896 2.91655
695.774 2.91719
697.652 2.91782
699.53 2.91845
701.409 2.91908
703.289 2.91971
705.168 2.92033
707.049 2.92096
708.929 2.92158
710.81 2.9222
712.692 2.92282
714.574 2.92344
716.456 2.92405
718.339 2.92467
720.222 2.92528
722.105 2.92589
723.989 2.9265
725.874 2.92711
727.758 2.92771
729.643 2.92831
731.529 2.92892
733.415 2.92952
735.301 2.93012
737.188 2.93071
739.075 2.93131
740.963 2.9319
742.851 2.9325
744.739 2.93309
746.628 2.93368
748.517 2.93427
750.406 2.93485
752.296 2.93544
754.187 2.93602
756.077 2.9366
757.968 2.93718
759.86 2.93776
761.752 2.93834
763.644 2.93892
765.536 2.93949
767.43 2.94006
769.323 2.94064
771.217 2.94121
773.111 2.94177
775.005 2.94234
776.9 2.94291
778.795 2.94347
780.691 2.94403
782.587 2.9446
784.484 2.94516
786.38 2.94571
788.277 2.94627
790.175 2.94683
792.073 2.94738
793.971 2.94794
795.87 2.94849
797.769 2.94904
799.668 2.94959
801.568 2.95013
803.468 2.95068
805.368 2.95123
807.269 2.95177
809.17 2.95231
811.072 2.95285
812.974 2.95339
814.876 2.95393
816.779 2.95447
818.682 2.955
820.585 2.95554
822.489 2.95607
824.393 2.9566
826.297 2.95713
828.202 2.95766
830.107 2.95819
832.013 2.95872
833.918 2.95925
835.825 2.95977
837.731 2.96029
839.638 2.96081
841.545 2.96134
843.453 2.96185
845.361 2.96237
847.269 2.96289
849.177 2.96341
851.086 2.96392
852.996 2.96443
854.905 2.96495
856.815 2.96546
858.725 2.96597
860.636 2.96648
862.547 2.96698
864.458 2.96749
866.37 2.968
868.282 2.9685
870.194 2.969
872.107 2.9695
874.02 2.97001
875.933 2.9705
877.847 2.971
879.761 2.9715
881.675 2.972
883.59 2.97249
885.505 2.97299
887.42 2.97348
889.336 2.97397
891.252 2.97446
893.168 2.97495
895.085 2.97544
897.002 2.97593
898.919 2.97641
900.837 2.9769
902.755 2.97738
904.673 2.97786
906.592 2.97835
908.51 2.97883
910.43 2.97931
912.349 2.97979
914.269 2.98026
916.189 2.98074
918.11 2.98122
920.031 2.98169
921.952 2.98216
923.873 2.98264
925.795 2.98311
927.717 2.98358
929.639 2.98405
931.562 2.98452
933.485 2.98499
935.408 2.98545
937.332 2.98592
939.256 2.98638
941.18 2.98685
943.105 2.98731
945.03 2.98777
946.955 2.98823
948.88 2.98869
950.806 2.98915
952.732 2.98961
954.659 2.99006
956.585 2.99052
958.512 2.99097
960.44 2.99143
962.367 2.99188
964.295 2.99233
966.223 2.99278
968.152 2.99323
970.081 2.99368
972.01 2.99413
973.939 2.99458
975.869 2.99503
977.799 2.99547
979.729 2.99592
981.66 2.99636
983.591 2.9968
985.522 2.99725
987.454 2.99769
989.385 2.99813
991.317 2.99857
993.25 2.999
995.182 2.99944
997.115 2.99988
999.049 3.00031
1000.98 3.00075
1002.92 3.00118
1004.85 3.00162
1006.78 3.00205
1008.72 3.00248
1010.65 3.00291
1012.59 3.00334
1014.53 3.00377
1016.46 3.0042
1018.4 3.00462
1020.33 3.00505
1022.27 3.00548
1024.21 3.0059
1026.14 3.00632
1028.08 3.00675
1030.02 3.00717
1031.96 3.00759
1033.9 3.00801
1035.84 3.00843
1037.77 3.00885
1039.71 3.00927
1041.65 3.00969
1043.59 3.0101
1045.53 3.01052
1047.47 3.01093
1049.41 3.01135
1051.35 3.01176
1053.3 3.01217
1055.24 3.01258
1057.18 3.013
1059.12 3.01341
1061.06 3.01381
1063.01 3.01422
1064.95 3.01463
1066.89 3.01504
1068.83 3.01544
1070.78 3.01585
1072.72 3.01626
1074.67 3.01666
1076.61 3.01706
1078.56 3.01746
1080.5 3.01787
1082.45 3.01827
1084.39 3.01867
1086.34 3.01907
1088.28 3.01947
1090.23 3.01986
1092.18 3.02026
1094.12 3.02066
1096.07 3.02105
1098.02 3.02145
1099.97 3.02184
1101.91 3.02224
1103.86 3.02263
1105.81 3.02302
1107.76 3.02341
1109.71 3.0238
1111.66 3.02419
1113.61 3.02458
1115.56 3.02497
1117.51 3.02536
1119.46 3.02575
1121.41 3.02613
1123.36 3.02652
1125.31 3.0269
1127.26 3.02729
1129.21 3.02767
1131.16 3.02806
1133.11 3.02844
1135.07 3.02882
1137.02 3.0292
1138.97 3.02958
1140.93 3.02996
1142.88 3.03034
1144.83 3.03072
1146.79 3.0311
1148.74 3.03147
1150.69 3.03185
1152.65 3.03223
1154.6 3.0326
1156.56 3.03297
1158.51 3.03335
1160.47 3.03372
1162.43 3.03409
1164.38 3.03447
1166.34 3.03484
1168.29 3.03521
1170.25 3.03558
1172.21 3.03595
1174.17 3.03632
1176.12 3.03668
1178.08 3.03705
1180.04 3.03742
1182 3.03778
1183.96 3.03815
1185.91 3.03851
1187.87 3.03888
1189.83 3.03924
1191.79 3.0396
1193.75 3.03997
1195.71 3.04033
1197.67 3.04069
1199.63 3.04105
1201.59 3.04141
1203.55 3.04177
1205.52 3.04213
1207.48 3.04249
1209.44 3.04284
1211.4 3.0432
1213.36 3.04356
1215.32 3.04391
1217.29 3.04427
1219.25 3.04462
1221.21 3.04498
1223.18 3.04533
1225.14 3.04568
1227.1 3.04603
1229.07 3.04638
1231.03 3.04674
1233 3.04709
1234.96 3.04744
1236.93 3.04778
1238.89 3.04813
1240.86 3.04848
1242.82 3.04883
1244.79 3.04918
1246.75 3.04952
1248.72 3.04987
1250.69 3.05021
1252.65 3.05056
1254.62 3.0509
1256.59 3.05125
1258.56 3.05159
1260.52 3.05193
1262.49 3.05227
1264.46 3.05261
1266.43 3.05295
1268.4 3.0533
1270.37 3.05363
1272.34 3.05397
1274.3 3.05431
1276.27 3.05465
1278.24 3.05499
1280.21 3.05533
1282.18 3.05566
1284.15 3.056
1286.13 3.05633
1288.1 3.05667
1290.07 3.057
1292.04 3.05734
1294.01 3.05767
1295.98 3.058
1297.95 3.05833
1299.93 3.05867
1301.9 3.059
1303.87 3.05933
1305.84 3.05966
1307.82 3.05999
1309.79 3.06032
1311.76 3.06064
1313.74 3.06097
1315.71 3.0613
1317.69 3.06163
1319.66 3.06195
1321.63 3.06228
1323.61 3.06261
1325.58 3.06293
1327.56 3.06325
1329.54 3.06358
1331.51 3.0639
1333.49 3.06423
1335.46 3.06455
1337.44 3.06487
1339.42 3.06519
1341.39 3.06551
1343.37 3.06583
1345.35 3.06615
1347.32 3.06647
1349.3 3.06679
1351.28 3.06711
1353.26 3.06743
1355.24 3.06775
1357.22 3.06806
1359.19 3.06838
1361.17 3.0687
1363.15 3.06901
1365.13 3.06933
1367.11 3.06964
1369.09 3.06996
1371.07 3.07027
1373.05 3.07058
1375.03 3.0709
1377.01 3.07121
1378.99 3.07152
1380.97 3.07183
1382.95 3.07214
1384.94 3.07245
1386.92 3.07276
1388.9 3.07307
1390.88 3.07338
1392.86 3.07369
1394.85 3.074
1396.83 3.07431
1398.81 3.07462
1400.8 3.07492
1402.78 3.07523
1404.76 3.07553
1406.75 3.07584
1408.73 3.07615
1410.71 3.07645
1412.7 3.07675
1414.68 3.07706
1416.67 3.07736
1418.65 3.07766
1420.64 3.07797
1422.62 3.07827
1424.61 3.07857
1426.59 3.07887
1428.58 3.07917
1430.57 3.07947
1432.55 3.07977
1434.54 3.08007
1436.53 3.08037
1438.51 3.08067
1440.5 3.08097
1442.49 3.08127
1444.47 3.08156
1446.46 3.08186
1448.45 3.08216
1450.44 3.08245
1452.43 3.08275
1454.41 3.08304
1456.4 3.08334
1458.39 3.08363
1460.38 3.08393
1462.37 3.08422
1464.36 3.08451
1466.35 3.08481
1468.34 3.0851
1470.33 3.08539
1472.32 3.08568
1474.31 3.08597
1476.3 3.08626
1478.29 3.08655
1480.28 3.08684
1482.27 3.08713
1484.27 3.08742
1486.26 3.08771
1488.25 3.088
1490.24 3.08829
1492.23 3.08858
1494.23 3.08886
1496.22 3.08915
1498.21 3.08944
1500.2 3.08972
1502.2 3.09001
1504.19 3.09029
1506.18 3.09058
1508.18 3.09086
1510.17 3.09115
1512.17 3.09143
1514.16 3.09171
1516.15 3.092
1518.15 3.09228
1520.14 3.09256
1522.14 3.09284
1524.13 3.09312
1526.13 3.0934
1528.13 3.09368
1530.12 3.09396
1532.12 3.09424
1534.11 3.09452
1536.11 3.0948
1538.11 3.09508
1540.1 3.09536
1542.1 3.09564
1544.1 3.09591
1546.09 3.09619
1548.09 3.09647
1550.09 3.09675
1552.09 3.09702
1554.08 3.0973
1556.08 3.09757
1558.08 3.09785
1560.08 3.09812
1562.08 3.0984
1564.08 3.09867
1566.08 3.09894
1568.08 3.09922
1570.08 3.09949
1572.08 3.09976
1574.08 3.10003
1576.08 3.10031
1578.08 3.10058
1580.08 3.10085
1582.08 3.10112
1584.08 3.10139
1586.08 3.10166
1588.08 3.10193
1590.08 3.1022
1592.08 3.10247
1594.08 3.10274
1596.09 3.103
1598.09 3.10327
1600.09 3.10354
1602.09 3.10381
1604.09 3.10407
1606.1 3.10434
1608.1 3.1046
1610.1 3.10487
1612.11 3.10514
1614.11 3.1054
1616.11 3.10567
1618.12 3.10593
1620.12 3.10619
1622.13 3.10646
1624.13 3.10672
1626.13 3.10698
1628.14 3.10725
1630.14 3.10751
1632.15 3.10777
1634.15 3.10803
1636.16 3.10829
1638.16 3.10856
1640.17 3.10882
1642.18 3.10908
1644.18 3.10934
1646.19 3.1096
1648.19 3.10986
1650.2 3.11011
1652.21 3.11037
1654.22 3.11063
1656.22 3.11089
1658.23 3.11115
1660.24 3.1114
1662.24 3.11166
1664.25 3.11192
1666.26 3.11218
1668.27 3.11243
1670.28 3.11269
1672.29 3.11294
1674.29 3.1132
1676.3 3.11345
1678.31 3.11371
1680.32 3.11396
1682.33 3.11422
1684.34 3.11447
1686.35 3.11472
1688.36 3.11498
1690.37 3.11523
1692.38 3.11548
1694.39 3.11573
1696.4 3.11598
1698.41 3.11624
1700.42 3.11649
1702.43 3.11674
1704.44 3.11699
1706.45 3.11724
1708.47 3.11749
1710.48 3.11774
1712.49 3.11799
1714.5 3.11824
1716.51 3.11848
1718.53 3.11873
1720.54 3.11898
1722.55 3.11923
1724.56 3.11948
1726.58 3.11972
1728.59 3.11997
1730.6 3.12022
1732.62 3.12046
1734.63 3.12071
1736.64 3.12096
1738.66 3.1212
1740.67 3.12145
1742.69 3.12169
1744.7 3.12194
1746.72 3.12218
1748.73 3.12242
1750.75 3.12267
1752.76 3.12291
1754.78 3.12315
1756.79 3.1234
1758.81 3.12364
1760.82 3.12388
1762.84 3.12412
1764.85 3.12437
1766.87 3.12461
1768.89 3.12485
1770.9 3.12509
1772.92 3.12533
1774.94 3.12557
1776.95 3.12581
1778.97 3.12605
1780.99 3.12629
1783.01 3.12653
1785.02 3.12677
1787.04 3.127
1789.06 3.12724
1791.08 3.12748
1793.1 3.12772
1795.12 3.12796
1797.13 3.12819
1799.15 3.12843
1801.17 3.12867
1803.19 3.1289
1805.21 3.12914
1807.23 3.12937
1809.25 3.12961
1811.27 3.12985
1813.29 3.13008
1815.31 3.13032
1817.33 3.13055
1819.35 3.13078
1821.37 3.13102
1823.39 3.13125
1825.41 3.13148
1827.43 3.13172
1829.45 3.13195
1831.47 3.13218
1833.5 3.13242
1835.52 3.13265
1837.54 3.13288
1839.56 3.13311
1841.58 3.13334
1843.61 3.13357
1845.63 3.1338
1847.65 3.13403
1849.67 3.13426
1851.7 3.13449
1853.72 3.13472
1855.74 3.13495
1857.77 3.13518
1859.79 3.13541
1861.81 3.13564
1863.84 3.13587
1865.86 3.1361
1867.88 3.13632
1869.91 3.13655
1871.93 3.13678
1873.96 3.13701
1875.98 3.13723
1878.01 3.13746
1880.03 3.13769
1882.06 3.13791
1884.08 3.13814
1886.11 3.13836
1888.13 3.13859
1890.16 3.13881
1892.19 3.13904
1894.21 3.13926
1896.24 3.13949
1898.26 3.13971
1900.29 3.13994
1902.32 3.14016
1904.34 3.14038
1906.37 3.14061
1908.4 3.14083
1910.42 3.14105
1912.45 3.14127
1914.48 3.1415
1916.51 3.14172
1918.54 3.14194
1920.56 3.14216
1922.59 3.14238
1924.62 3.1426
1926.65 3.14282
1928.68 3.14305
1930.7 3.14327
1932.73 3.14349
1934.76 3.14371
1936.79 3.14393
1938.82 3.14414
1940.85 3.14436
1942.88 3.14458
1944.91 3.1448
1946.94 3.14502
1948.97 3.14524
1951 3.14546
1953.03 3.14567
1955.06 3.14589
1957.09 3.14611
1959.12 3.14632
1961.15 3.14654
1963.18 3.14676
1965.21 3.14697
1967.25 3.14719
1969.28 3.14741
1971.31 3.14762
1973.34 3.14784
1975.37 3.14805
1977.41 3.14827
1979.44 3.14848
1981.47 3.1487
1983.5 3.14891
1985.53 3.14912
1987.57 3.14934
1989.6 3.14955
1991.63 3.14976
1993.67 3.14998
1995.7 3.15019
1997.73 3.1504
1999.77 3.15061
2001.8 3.15083
2003.83 3.15104
2005.87 3.15125
2007.9 3.15146
2009.94 3.15167
2011.97 3.15188
2014.01 3.1521
2016.04 3.15231
2018.08 3.15252
2020.11 3.15273
2022.15 3.15294
2024.18 3.15315
2026.22 3.15336
2028.25 3.15356
2030.29 3.15377
2032.32 3.15398
2034.36 3.15419
2036.4 3.1544
2038.43 3.15461
2040.47 3.15482
2042.51 3.15502
2044.54 3.15523
2046.58 3.15544
2048.62 3.15565
2050.65 3.15585
2052.69 3.15606
2054.73 3.15627
2056.76 3.15647
2058.8 3.15668
2060.84 3.15688
2062.88 3.15709
2064.92 3.15729
2066.95 3.1575
2068.99 3.1577
2071.03 3.15791
2073.07 3.15811
2075.11 3.15832
2077.15 3.15852
2079.19 3.15873
2081.23 3.15893
2083.26 3.15913
2085.3 3.15934
2087.34 3.15954
2089.38 3.15974
2091.42 3.15995
2093.46 3.16015
2095.5 3.16035
2097.54 3.16055
2099.58 3.16075
2101.62 3.16096
2103.67 3.16116
2105.71 3.16136
2107.75 3.16156
2109.79 3.16176
2111.83 3.16196
2113.87 3.16216
2115.91 3.16236
2117.95 3.16256
2120 3.16276
2122.04 3.16296
2124.08 3.16316
2126.12 3.16336
2128.16 3.16356
2130.21 3.16376
2132.25 3.16396
2134.29 3.16416
2136.33 3.16435
2138.38 3.16455
2140.42 3.16475
2142.46 3.16495
2144.51 3.16515
2146.55 3.16534
2148.59 3.16554
2150.64 3.16574
2152.68 3.16593
2154.72 3.16613
2156.77 3.16633
2158.81 3.16652
2160.86 3.16672
2162.9 3.16692
2164.95 3.16711
2166.99 3.16731
2169.04 3.1675
2171.08 3.1677
2173.13 3.16789
2175.17 3.16809
2177.22 3.16828
2179.26 3.16847
2181.31 3.16867
2183.35 3.16886
2185.4 3.16906
2187.45 3.16925
2189.49 3.16944
2191.54 3.16964
2193.58 3.16983
2195.63 3.17002
2197.68 3.17022
2199.72 3.17041
2201.77 3.1706
2203.82 3.17079
2205.87 3.17098
2207.91 3.17118
2209.96 3.17137
2212.01 3.17156
2214.06 3.17175
2216.1 3.17194
2218.15 3.17213
2220.2 3.17232
2222.25 3.17251
2224.3 3.1727
2226.34 3.17289
2228.39 3.17308
2230.44 3.17327
2232.49 3.17346
2234.54 3.17365
2236.59 3.17384
2238.64 3.17403
2240.69 3.17422
2242.74 3.17441
2244.79 3.17459
2246.84 3.17478
2248.89 3.17497
2250.94 3.17516
2252.99 3.17535
2255.04 3.17553
2257.09 3.17572
2259.14 3.17591
2261.19 3.1761
2263.24 3.17628
2265.29 3.17647
2267.34 3.17666
2269.39 3.17684
2271.44 3.17703
2273.49 3.17721
2275.55 3.1774
2277.6 3.17759
2279.65 3.17777
2281.7 3.17796
2283.75 3.17814
2285.8 3.17833
2287.86 3.17851
2289.91 3.1787
2291.96 3.17888
2294.01 3.17906
2296.07 3.17925
2298.12 3.17943
2300.17 3.17962
2302.23 3.1798
2304.28 3.17998
2306.33 3.18017
2308.39 3.18035
2310.44 3.18053
2312.49 3.18072
2314.55 3.1809
2316.6 3.18108
2318.65 3.18126
2320.71 3.18144
2322.76 3.18163
2324.82 3.18181
2326.87 3.18199
2328.93 3.18217
2330.98 3.18235
2333.04 3.18253
2335.09 3.18271
2337.15 3.18289
2339.2 3.18308
2341.26 3.18326
2343.31 3.18344
2345.37 3.18362
2347.42 3.1838
2349.48 3.18398
2351.54 3.18416
2353.59 3.18433
2355.65 3.18451
2357.7 3.18469
2359.76 3.18487
2361.82 3.18505
2363.87 3.18523
2365.93 3.18541
2367.99 3.18559
2370.04 3.18576
2372.1 3.18594
2374.16 3.18612
2376.22 3.1863
2378.27 3.18648
2380.33 3.18665
2382.39 3.18683
2384.45 3.18701
2386.51 3.18718
2388.56 3.18736
2390.62 3.18754
2392.68 3.18771
2394.74 3.18789
2396.8 3.18807
2398.86 3.18824
2400.91 3.18842
2402.97 3.18859
2405.03 3.18877
2407.09 3.18894
2409.15 3.18912
2411.21 3.1893
2413.27 3.18947
2415.33 3.18964
2417.39 3.18982
2419.45 3.18999
2421.51 3.19017
2423.57 3.19034
2425.63 3.19052
2427.69 3.19069
2429.75 3.19086
2431.81 3.19104
2433.87 3.19121
2435.93 3.19138
2437.99 3.19156
2440.05 3.19173
2442.12 3.1919
2444.18 3.19207
2446.24 3.19225
2448.3 3.19242
2450.36 3.19259
2452.42 3.19276
2454.48 3.19293
2456.55 3.19311
2458.61 3.19328
2460.67 3.19345
2462.73 3.19362
2464.8 3.19379
2466.86 3.19396
2468.92 3.19413
2470.98 3.1943
2473.05 3.19447
2475.11 3.19464
2477.17 3.19481
2479.24 3.19498
2481.3 3.19515
2483.36 3.19532
2485.43 3.19549
2487.49 3.19566
2489.55 3.19583
2491.62 3.196
2493.68 3.19617
2495.75 3.19634
2497.81 3.19651
2499.87 3.19668
2501.94 3.19685
2504 3.19701
2506.07 3.19718
2508.13 3.19735
2510.2 3.19752
2512.26 3.19769
2514.33 3.19785
2516.39 3.19802
2518.46 3.19819
2520.52 3.19836
2522.59 3.19852
2524.66 3.19869
2526.72 3.19886
2528.79 3.19902
2530.85 3.19919
2532.92 3.19936
2534.99 3.19952
2537.05 3.19969
2539.12 3.19985
2541.18 3.20002
2543.25 3.20019
2545.32 3.20035
2547.39 3.20052
2549.45 3.20068
2551.52 3.20085
2553.59 3.20101
2555.65 3.20118
2557.72 3.20134
2559.79 3.2015
2561.86 3.20167
2563.92 3.20183
2565.99 3.202
2568.06 3.20216
2570.13 3.20233
2572.2 3.20249
2574.26 3.20265
2576.33 3.20282
2578.4 3.20298
2580.47 3.20314
2582.54 3.20331
2584.61 3.20347
2586.68 3.20363
2588.75 3.20379
2590.82 3.20396
2592.88 3.20412
2594.95 3.20428
2597.02 3.20444
2599.09 3.2046
2601.16 3.20477
2603.23 3.20493
2605.3 3.20509
2607.37 3.20525
2609.44 3.20541
2611.51 3.20557
2613.58 3.20573
2615.65 3.2059
2617.72 3.20606
2619.8 3.20622
2621.87 3.20638
2623.94 3.20654
2626.01 3.2067
2628.08 3.20686
2630.15 3.20702
2632.22 3.20718
2634.29 3.20734
2636.36 3.2075
2638.44 3.20766
2640.51 3.20782
2642.58 3.20797
2644.65 3.20813
2646.72 3.20829
2648.8 3.20845
2650.87 3.20861
2652.94 3.20877
2655.01 3.20893
2657.09 3.20909
2659.16 3.20924
2661.23 3.2094
2663.3 3.20956
2665.38 3.20972
2667.45 3.20988
2669.52 3.21003
2671.6 3.21019
2673.67 3.21035
2675.74 3.2105
2677.82 3.21066
2679.89 3.21082
2681.97 3.21098
2684.04 3.21113
2686.11 3.21129
2688.19 3.21144
2690.26 3.2116
2692.34 3.21176
2694.41 3.21191
2696.49 3.21207
2698.56 3.21222
2700.64 3.21238
2702.71 3.21254
2704.79 3.21269
2706.86 3.21285
2708.94 3.213
2711.01 3.21316
2713.09 3.21331
2715.16 3.21347
2717.24 3.21362
2719.31 3.21378
2721.39 3.21393
2723.47 3.21408
2725.54 3.21424
2727.62 3.21439
2729.69 3.21455
2731.77 3.2147
2733.85 3.21485
2735.92 3.21501
2738 3.21516
2740.08 3.21531
2742.15 3.21547
2744.23 3.21562
2746.31 3.21577
2748.38 3.21593
2750.46 3.21608
2752.54 3.21623
2754.62 3.21638
2756.69 3.21654
2758.77 3.21669
2760.85 3.21684
2762.93 3.21699
2765.01 3.21715
2767.08 3.2173
2769.16 3.21745
2771.24 3.2176
2773.32 3.21775
2775.4 3.2179
2777.48 3.21805
2779.55 3.21821
2781.63 3.21836
2783.71 3.21851
2785.79 3.21866
2787.87 3.21881
2789.95 3.21896
2792.03 3.21911
2794.11 3.21926
2796.19 3.21941
2798.27 3.21956
2800.35 3.21971
2802.43 3.21986
2804.51 3.22001
2806.59 3.22016
2808.67 3.22031
2810.75 3.22046
2812.83 3.22061
2814.91 3.22076
2816.99 3.22091
2819.07 3.22105
2821.15 3.2212
2823.23 3.22135
2825.31 3.2215
2827.39 3.22165
2829.47 3.2218
2831.55 3.22195
2833.64 3.22209
2835.72 3.22224
2837.8 3.22239
2839.88 3.22254
2841.96 3.22268
2844.04 3.22283
2846.13 3.22298
2848.21 3.22313
2850.29 3.22327
2852.37 3.22342
2854.45 3.22357
2856.54 3.22372
2858.62 3.22386
2860.7 3.22401
2862.78 3.22416
2864.87 3.2243
2866.95 3.22445
2869.03 3.22459
2871.12 3.22474
2873.2 3.22489
2875.28 3.22503
2877.37 3.22518
2879.45 3.22532
2881.53 3.22547
2883.62 3.22561
2885.7 3.22576
2887.78 3.22591
2889.87 3.22605
2891.95 3.2262
2894.04 3.22634
2896.12 3.22649
2898.2 3.22663
2900.29 3.22677
2902.37 3.22692
2904.46 3.22706
2906.54 3.22721
2908.63 3.22735
2910.71 3.2275
2912.8 3.22764
2914.88 3.22778
2916.97 3.22793
2919.05 3.22807
2921.14 3.22821
2923.22 3.22836
2925.31 3.2285
2927.4 3.22864
2929.48 3.22879
2931.57 3.22893
2933.65 3.22907
2935.74 3.22922
2937.83 3.22936
2939.91 3.2295
2942 3.22964
2944.08 3.22979
2946.17 3.22993
2948.26 3.23007
2950.34 3.23021
2952.43 3.23035
2954.52 3.2305
2956.6 3.23064
2958.69 3.23078
2960.78 3.23092
2962.87 3.23106
2964.95 3.2312
2967.04 3.23135
2969.13 3.23149
2971.22 3.23163
2973.3 3.23177
2975.39 3.23191
2977.48 3.23205
2979.57 3.23219
2981.66 3.23233
2983.74 3.23247
2985.83 3.23261
2987.92 3.23275
2990.01 3.23289
2992.1 3.23303
2994.19 3.23317
2996.28 3.23331
2998.36 3.23345
3000.45 3.23359
3002.54 3.23373
3004.63 3.23387
3006.72 3.23401
3008.81 3.23415
3010.9 3.23429
3012.99 3.23443
3015.08 3.23457
3017.17 3.2347
3019.26 3.23484
3021.35 3.23498
3023.44 3.23512
3025.53 3.23526
3027.62 3.2354
3029.71 3.23554
3031.8 3.23567
3033.89 3.23581
3035.98 3.23595
3038.07 3.23609
3040.16 3.23623
3042.25 3.23636
3044.34 3.2365
3046.43 3.23664
3048.53 3.23678
3050.62 3.23691
3052.71 3.23705
3054.8 3.23719
3056.89 3.23732
3058.98 3.23746
3061.07 3.2376
3063.17 3.23773
3065.26 3.23787
3067.35 3.23801
3069.44 3.23814
3071.53 3.23828
3073.63 3.23842
3075.72 3.23855
3077.81 3.23869
3079.9 3.23882
3082 3.23896
3084.09 3.2391
3086.18 3.23923
3088.27 3.23937
3090.37 3.2395
3092.46 3.23964
3094.55 3.23977
3096.65 3.23991
3098.74 3.24004
3100.83 3.24018
3102.93 3.24031
3105.02 3.24045
3107.11 3.24058
3109.21 3.24072
3111.3 3.24085
3113.39 3.24099
3115.49 3.24112
3117.58 3.24125
3119.68 3.24139
3121.77 3.24152
3123.86 3.24166
3125.96 3.24179
3128.05 3.24192
3130.15 3.24206
3132.24 3.24219
3134.34 3.24232
3136.43 3.24246
3138.53 3.24259
3140.62 3.24272
3142.72 3.24286
3144.81 3.24299
3146.91 3.24312
3149 3.24326
3151.1 3.24339
3153.2 3.24352
3155.29 3.24365
3157.39 3.24379
3159.48 3.24392
3161.58 3.24405
3163.67 3.24418
3165.77 3.24431
3167.87 3.24445
3169.96 3.24458
3172.06 3.24471
3174.16 3.24484
3176.25 3.24497
3178.35 3.24511
3180.45 3.24524
3182.54 3.24537
3184.64 3.2455
3186.74 3.24563
3188.83 3.24576
3190.93 3.24589
3193.03 3.24602
3195.13 3.24615
3197.22 3.24629
3199.32 3.24642
3201.42 3.24655
3203.52 3.24668
3205.61 3.24681
3207.71 3.24694
3209.81 3.24707
3211.91 3.2472
3214.01 3.24733
3216.1 3.24746
3218.2 3.24759
3220.3 3.24772
3222.4 3.24785
3224.5 3.24798
3226.6 3.24811
3228.7 3.24824
3230.79 3.24837
3232.89 3.24849
3234.99 3.24862
3237.09 3.24875
3239.19 3.24888
3241.29 3.24901
3243.39 3.24914
3245.49 3.24927
3247.59 3.2494
3249.69 3.24953
3251.79 3.24965
3253.89 3.24978
3255.99 3.24991
3258.09 3.25004
3260.19 3.25017
3262.29 3.2503
3264.39 3.25042
3266.49 3.25055
3268.59 3.25068
3270.69 3.25081
3272.79 3.25093
3274.89 3.25106
3276.99 3.25119
3279.09 3.25132
3281.19 3.25144
3283.29 3.25157
3285.39 3.2517
3287.49 3.25183
3289.6 3.25195
3291.7 3.25208
3293.8 3.25221
3295.9 3.25233
3298 3.25246
3300.1 3.25259
3302.21 3.25271
3304.31 3.25284
3306.41 3.25296
3308.51 3.25309
3310.61 3.25322
3312.71 3.25334
3314.82 3.25347
3316.92 3.2536
3319.02 3.25372
3321.12 3.25385
3323.23 3.25397
3325.33 3.2541
3327.43 3.25422
3329.53 3.25435
3331.64 3.25447
3333.74 3.2546
3335.84 3.25472
3337.95 3.25485
3340.05 3.25497
3342.15 3.2551
3344.26 3.25522
3346.36 3.25535
3348.46 3.25547
3350.57 3.2556
3352.67 3.25572
3354.78 3.25585
3356.88 3.25597
3358.98 3.2561
3361.09 3.25622
3363.19 3.25634
3365.3 3.25647
3367.4 3.25659
3369.5 3.25672
3371.61 3.25684
3373.71 3.25696
3375.82 3.25709
3377.92 3.25721
3380.03 3.25733
3382.13 3.25746
3384.24 3.25758
3386.34 3.2577
3388.45 3.25783
3390.55 3.25795
3392.66 3.25807
3394.76 3.2582
3396.87 3.25832
3398.97 3.25844
3401.08 3.25856
3403.19 3.25869
3405.29 3.25881
3407.4 3.25893
3409.5 3.25905
3411.61 3.25918
3413.72 3.2593
3415.82 3.25942
3417.93 3.25954
3420.03 3.25966
3422.14 3.25979
3424.25 3.25991
3426.35 3.26003
3428.46 3.26015
3430.57 3.26027
3432.67 3.26039
3434.78 3.26052
3436.89 3.26064
3439 3.26076
3441.1 3.26088
3443.21 3.261
3445.32 3.26112
3447.43 3.26124
3449.53 3.26136
3451.64 3.26148
3453.75 3.2616
3455.86 3.26173
3457.96 3.26185
3460.07 3.26197
3462.18 3.26209
3464.29 3.26221
3466.4 3.26233
3468.5 3.26245
3470.61 3.26257
3472.72 3.26269
3474.83 3.26281
3476.94 3.26293
3479.05 3.26305
3481.15 3.26317
3483.26 3.26329
3485.37 3.26341
3487.48 3.26353
3489.59 3.26365
3491.7 3.26377
3493.81 3.26388
3495.92 3.264
3498.03 3.26412
3500.14 3.26424
3502.25 3.26436
3504.36 3.26448
3506.47 3.2646
3508.58 3.26472
3510.69 3.26484
3512.79 3.26495
3514.9 3.26507
3517.01 3.26519
3519.13 3.26531
3521.24 3.26543
3523.35 3.26555
3525.46 3.26567
3527.57 3.26578
3529.68 3.2659
3531.79 3.26602
3533.9 3.26614
3536.01 3.26625
3538.12 3.26637
3540.23 3.26649
3542.34 3.26661
3544.45 3.26673
3546.56 3.26684
3548.68 3.26696
3550.79 3.26708
3552.9 3.26719
3555.01 3.26731
3557.12 3.26743
3559.23 3.26755
3561.34 3.26766
3563.46 3.26778
3565.57 3.2679
3567.68 3.26801
3569.79 3.26813
3571.9 3.26825
3574.02 3.26836
3576.13 3.26848
3578.24 3.2686
3580.35 3.26871
3582.47 3.26883
3584.58 3.26894
3586.69 3.26906
3588.8 3.26918
3590.92 3.26929
3593.03 3.26941
3595.14 3.26952
3597.25 3.26964
3599.37 3.26976
3601.48 3.26987
3603.59 3.26999
3605.71 3.2701
3607.82 3.27022
3609.93 3.27033
3612.05 3.27045
3614.16 3.27056
3616.28 3.27068
3618.39 3.27079
3620.5 3.27091
3622.62 3.27102
3624.73 3.27114
3626.84 3.27125
3628.96 3.27137
3631.07 3.27148
3633.19 3.2716
3635.3 3.27171
3637.42 3.27183
3639.53 3.27194
3641.65 3.27206
3643.76 3.27217
3645.88 3.27228
3647.99 3.2724
3650.11 3.27251
3652.22 3.27263
3654.34 3.27274
3656.45 3.27285
3658.57 3.27297
3660.68 3.27308
3662.8 3.27319
3664.91 3.27331
3667.03 3.27342
3669.14 3.27354
3671.26 3.27365
3673.37 3.27376
3675.49 3.27387
3677.61 3.27399
3679.72 3.2741
3681.84 3.27421
3683.95 3.27433
3686.07 3.27444
3688.19 3.27455
3690.3 3.27467
3692.42 3.27478
3694.54 3.27489
3696.65 3.275
3698.77 3.27512
3700.89 3.27523
3703 3.27534
3705.12 3.27545
3707.24 3.27557
3709.35 3.27568
3711.47 3.27579
3713.59 3.2759
3715.71 3.27601
3717.82 3.27613
3719.94 3.27624
3722.06 3.27635
3724.18 3.27646
3726.29 3.27657
3728.41 3.27668
3730.53 3.2768
3732.65 3.27691
3734.76 3.27702
3736.88 3.27713
3739 3.27724
3741.12 3.27735
3743.24 3.27746
3745.35 3.27757
3747.47 3.27768
3749.59 3.2778
3751.71 3.27791
3753.83 3.27802
3755.95 3.27813
3758.07 3.27824
3760.19 3.27835
3762.3 3.27846
3764.42 3.27857
3766.54 3.27868
3768.66 3.27879
3770.78 3.2789
3772.9 3.27901
3775.02 3.27912
3777.14 3.27923
3779.26 3.27934
3781.38 3.27945
3783.5 3.27956
3785.62 3.27967
3787.74 3.27978
3789.86 3.27989
3791.98 3.28
3794.1 3.28011
3796.22 3.28022
3798.34 3.28033
3800.46 3.28044
3802.58 3.28055
3804.7 3.28066
3806.82 3.28077
3808.94 3.28088
3811.06 3.28098
3813.18 3.28109
3815.3 3.2812
3817.42 3.28131
3819.54 3.28142
3821.66 3.28153
3823.78 3.28164
3825.91 3.28175
3828.03 3.28185
3830.15 3.28196
3832.27 3.28207
3834.39 3.28218
3836.51 3.28229
3838.63 3.2824
3840.76 3.2825
3842.88 3.28261
3845 3.28272
3847.12 3.28283
3849.24 3.28294
3851.36 3.28304
3853.49 3.28315
3855.61 3.28326
3857.73 3.28337
3859.85 3.28348
3861.98 3.28358
3864.1 3.28369
3866.22 3.2838
3868.34 3.28391
3870.47 3.28401
3872.59 3.28412
3874.71 3.28423
3876.83 3.28433
3878.96 3.28444
3881.08 3.28455
3883.2 3.28466
3885.33 3.28476
3887.45 3.28487
3889.57 3.28498
3891.7 3.28508
3893.82 3.28519
3895.94 3.2853
3898.07 3.2854
3900.19 3.28551
3902.31 3.28562
3904.44 3.28572
3906.56 3.28583
3908.68 3.28593
3910.81 3.28604
3912.93 3.28615
3915.06 3.28625
3917.18 3.28636
3919.3 3.28646
3921.43 3.28657
3923.55 3.28668
3925.68 3.28678
3927.8 3.28689
3929.93 3.28699
3932.05 3.2871
3934.18 3.2872
3936.3 3.28731
3938.43 3.28742
3940.55 3.28752
3942.68 3.28763
3944.8 3.28773
3946.93 3.28784
3949.05 3.28794
3951.18 3.28805
3953.3 3.28815
3955.43 3.28826
3957.55 3.28836
3959.68 3.28847
3961.8 3.28857
3963.93 3.28868
3966.06 3.28878
3968.18 3.28888
3970.31 3.28899
3972.43 3.28909
3974.56 3.2892
3976.69 3.2893
3978.81 3.28941
3980.94 3.28951
3983.06 3.28962
3985.19 3.28972
3987.32 3.28982
3989.44 3.28993
3991.57 3.29003
3993.7 3.29014
3995.82 3.29024
3997.95 3.29034
4000.08 3.29045
4002.2 3.29055
4004.33 3.29065
4006.46 3.29076
4008.59 3.29086
4010.71 3.29097
4012.84 3.29107
4014.97 3.29117
4017.09 3.29128
4019.22 3.29138
4021.35 3.29148
4023.48 3.29158
4025.61 3.29169
4027.73 3.29179
4029.86 3.29189
4031.99 3.292
4034.12 3.2921
4036.24 3.2922
4038.37 3.2923
4040.5 3.29241
4042.63 3.29251
4044.76 3.29261
4046.89 3.29272
4049.01 3.29282
4051.14 3.29292
4053.27 3.29302
4055.4 3.29312
4057.53 3.29323
4059.66 3.29333
4061.79 3.29343
4063.92 3.29353
4066.04 3.29364
4068.17 3.29374
4070.3 3.29384
4072.43 3.29394
4074.56 3.29404
4076.69 3.29414
4078.82 3.29425
4080.95 3.29435
4083.08 3.29445
4085.21 3.29455
4087.34 3.29465
4089.47 3.29475
4091.6 3.29486
4093.73 3.29496
4095.86 3.29506
4097.99 3.29516
4100.12 3.29526
4102.25 3.29536
4104.38 3.29546
4106.51 3.29556
4108.64 3.29566
4110.77 3.29576
4112.9 3.29587
4115.03 3.29597
4117.16 3.29607
4119.29 3.29617
4121.42 3.29627
4123.55 3.29637
4125.69 3.29647
4127.82 3.29657
4129.95 3.29667
4132.08 3.29677
4134.21 3.29687
4136.34 3.29697
4138.47 3.29707
4140.6 3.29717
4142.73 3.29727
4144.87 3.29737
4147 3.29747
4149.13 3.29757
4151.26 3.29767
4153.39 3.29777
4155.52 3.29787
4157.66 3.29797
4159.79 3.29807
4161.92 3.29817
4164.05 3.29827
4166.19 3.29837
4168.32 3.29847
4170.45 3.29857
4172.58 3.29867
4174.71 3.29877
4176.85 3.29887
4178.98 3.29896
4181.11 3.29906
4183.25 3.29916
4185.38 3.29926
4187.51 3.29936
4189.64 3.29946
4191.78 3.29956
4193.91 3.29966
4196.04 3.29976
4198.18 3.29985
4200.31 3.29995
4202.44 3.30005
4204.58 3.30015
4206.71 3.30025
4208.84 3.30035
4210.98 3.30045
4213.11 3.30054
4215.24 3.30064
4217.38 3.30074
4219.51 3.30084
4221.65 3.30094
4223.78 3.30103
4225.91 3.30113
4228.05 3.30123
4230.18 3.30133
4232.32 3.30143
4234.45 3.30152
4236.58 3.30162
4238.72 3.30172
4240.85 3.30182
4242.99 3.30192
4245.12 3.30201
4247.26 3.30211
4249.39 3.30221
4251.53 3.30231
4253.66 3.3024
4255.8 3.3025
4257.93 3.3026
4260.07 3.30269
4262.2 3.30279
4264.34 3.30289
4266.47 3.30299
4268.61 3.30308
4270.74 3.30318
4272.88 3.30328
4275.01 3.30337
4277.15 3.30347
4279.28 3.30357
4281.42 3.30366
4283.56 3.30376
4285.69 3.30386
4287.83 3.30395
4289.96 3.30405
4292.1 3.30415
4294.24 3.30424
4296.37 3.30434
4298.51 3.30444
4300.64 3.30453
4302.78 3.30463
4304.92 3.30472
4307.05 3.30482
4309.19 3.30492
4311.33 3.30501
4313.46 3.30511
4315.6 3.3052
4317.74 3.3053
4319.87 3.3054
4322.01 3.30549
4324.15 3.30559
4326.29 3.30568
4328.42 3.30578
4330.56 3.30587
4332.7 3.30597
4334.83 3.30607
4336.97 3.30616
4339.11 3.30626
4341.25 3.30635
4343.38 3.30645
4345.52 3.30654
4347.66 3.30664
4349.8 3.30673
4351.93 3.30683
4354.07 3.30692
4356.21 3.30702
4358.35 3.30711
4360.49 3.30721
4362.63 3.3073
4364.76 3.3074
4366.9 3.30749
4369.04 3.30759
4371.18 3.30768
4373.32 3.30778
4375.46 3.30787
4377.59 3.30797
4379.73 3.30806
4381.87 3.30815
4384.01 3.30825
4386.15 3.30834
4388.29 3.30844
4390.43 3.30853
4392.57 3.30863
4394.7 3.30872
4396.84 3.30881
4398.98 3.30891
4401.12 3.309
4403.26 3.3091
4405.4 3.30919
4407.54 3.30928
4409.68 3.30938
4411.82 3.30947
4413.96 3.30956
4416.1 3.30966
4418.24 3.30975
4420.38 3.30985
4422.52 3.30994
4424.66 3.31003
4426.8 3.31013
4428.94 3.31022
4431.08 3.31031
4433.22 3.31041
4435.36 3.3105
4437.5 3.31059
4439.64 3.31069
4441.78 3.31078
4443.92 3.31087
4446.06 3.31097
4448.2 3.31106
4450.34 3.31115
4452.48 3.31124
4454.62 3.31134
4456.77 3.31143
4458.91 3.31152
4461.05 3.31161
4463.19 3.31171
4465.33 3.3118
4467.47 3.31189
4469.61 3.31199
4471.75 3.31208
4473.89 3.31217
4476.04 3.31226
4478.18 3.31235
4480.32 3.31245
4482.46 3.31254
4484.6 3.31263
4486.74 3.31272
4488.89 3.31282
4491.03 3.31291
4493.17 3.313
4495.31 3.31309
4497.45 3.31318
4499.6 3.31328
4501.74 3.31337
4503.88 3.31346
4506.02 3.31355
4508.17 3.31364
4510.31 3.31373
4512.45 3.31383
4514.59 3.31392
4516.74 3.31401
4518.88 3.3141
4521.02 3.31419
4523.16 3.31428
4525.31 3.31437
4527.45 3.31447
4529.59 3.31456
4531.74 3.31465
4533.88 3.31474
4536.02 3.31483
4538.16 3.31492
4540.31 3.31501
4542.45 3.3151
4544.59 3.3152
4546.74 3.31529
4548.88 3.31538
4551.03 3.31547
4553.17 3.31556
4555.31 3.31565
4557.46 3.31574
4559.6 3.31583
4561.74 3.31592
4563.89 3.31601
4566.03 3.3161
4568.18 3.31619
4570.32 3.31628
4572.46 3.31637
4574.61 3.31646
4576.75 3.31655
4578.9 3.31664
4581.04 3.31673
4583.19 3.31682
4585.33 3.31691
4587.48 3.317
4589.62 3.3171
4591.76 3.31718
4593.91 3.31727
4596.05 3.31736
4598.2 3.31745
4600.34 3.31754
4602.49 3.31763
4604.63 3.31772
4606.78 3.31781
4608.92 3.3179
4611.07 3.31799
4613.22 3.31808
4615.36 3.31817
4617.51 3.31826
4619.65 3.31835
4621.8 3.31844
4623.94 3.31853
4626.09 3.31862
4628.23 3.31871
4630.38 3.3188
4632.53 3.31889
4634.67 3.31898
4636.82 3.31906
4638.96 3.31915
4641.11 3.31924
4643.26 3.31933
4645.4 3.31942
4647.55 3.31951
4649.7 3.3196
4651.84 3.31969
4653.99 3.31978
4656.13 3.31986
4658.28 3.31995
4660.43 3.32004
4662.57 3.32013
4664.72 3.32022
4666.87 3.32031
4669.02 3.3204
4671.16 3.32048
4673.31 3.32057
4675.46 3.32066
4677.6 3.32075
4679.75 3.32084
4681.9 3.32093
4684.04 3.32101
4686.19 3.3211
4688.34 3.32119
4690.49 3.32128
4692.63 3.32137
4694.78 3.32145
4696.93 3.32154
4699.08 3.32163
4701.23 3.32172
4703.37 3.32181
4705.52 3.32189
4707.67 3.32198
4709.82 3.32207
4711.96 3.32216
4714.11 3.32224
4716.26 3.32233
4718.41 3.32242
4720.56 3.32251
4722.71 3.32259
4724.85 3.32268
4727 3.32277
4729.15 3.32285
4731.3 3.32294
4733.45 3.32303
4735.6 3.32312
4737.75 3.3232
4739.9 3.32329
4742.04 3.32338
4744.19 3.32346
4746.34 3.32355
4748.49 3.32364
4750.64 3.32373
4752.79 3.32381
4754.94 3.3239
4757.09 3.32399
4759.24 3.32407
4761.39 3.32416
4763.54 3.32425
4765.69 3.32433
4767.83 3.32442
4769.98 3.32451
4772.13 3.32459
4774.28 3.32468
4776.43 3.32477
4778.58 3.32485
4780.73 3.32494
4782.88 3.32502
4785.03 3.32511
4787.18 3.3252
4789.33 3.32528
4791.48 3.32537
4793.63 3.32545
4795.78 3.32554
4797.93 3.32563
4800.08 3.32571
4802.24 3.3258
4804.39 3.32588
4806.54 3.32597
4808.69 3.32606
4810.84 3.32614
4812.99 3.32623
4815.14 3.32631
4817.29 3.3264
4819.44 3.32648
4821.59 3.32657
4823.74 3.32666
4825.89 3.32674
4828.05 3.32683
4830.2 3.32691
4832.35 3.327
4834.5 3.32708
4836.65 3.32717
4838.8 3.32725
4840.95 3.32734
4843.1 3.32742
4845.26 3.32751
4847.41 3.32759
4849.56 3.32768
4851.71 3.32776
4853.86 3.32785
4856.02 3.32793
4858.17 3.32802
4860.32 3.3281
4862.47 3.32819
4864.62 3.32827
4866.78 3.32836
4868.93 3.32844
4871.08 3.32853
4873.23 3.32861
4875.39 3.3287
4877.54 3.32878
4879.69 3.32887
4881.84 3.32895
4884 3.32903
4886.15 3.32912
4888.3 3.3292
4890.45 3.32929
4892.61 3.32937
4894.76 3.32946
4896.91 3.32954
4899.07 3.32962
4901.22 3.32971
4903.37 3.32979
4905.53 3.32988
4907.68 3.32996
4909.83 3.33004
4911.99 3.33013
4914.14 3.33021
4916.29 3.3303
4918.45 3.33038
4920.6 3.33046
4922.75 3.33055
4924.91 3.33063
4927.06 3.33072
4929.21 3.3308
4931.37 3.33088
4933.52 3.33097
4935.68 3.33105
4937.83 3.33113
4939.98 3.33122
4942.14 3.3313
4944.29 3.33138
4946.45 3.33147
4948.6 3.33155
4950.76 3.33163
4952.91 3.33172
4955.06 3.3318
4957.22 3.33188
4959.37 3.33197
4961.53 3.33205
4963.68 3.33213
4965.84 3.33222
4967.99 3.3323
4970.15 3.33238
4972.3 3.33246
4974.46 3.33255
4976.61 3.33263
4978.77 3.33271
4980.92 3.33279
4983.08 3.33288
4985.23 3.33296
4987.39 3.33304
4989.54 3.33313
4991.7 3.33321
4993.85 3.33329
4996.01 3.33337
4998.17 3.33346
5000.32 3.33354
5002.48 3.33362
5004.63 3.3337
5006.79 3.33378
5008.94 3.33387
5011.1 3.33395
5013.26 3.33403
5015.41 3.33411
5017.57 3.3342
5019.72 3.33428
5021.88 3.33436
5024.04 3.33444
5026.19 3.33452
5028.35 3.33461
5030.51 3.33469
5032.66 3.33477
5034.82 3.33485
5036.98 3.33493
5039.13 3.33501
5041.29 3.3351
5043.45 3.33518
5045.6 3.33526
5047.76 3.33534
5049.92 3.33542
5052.07 3.3355
5054.23 3.33559
5056.39 3.33567
5058.54 3.33575
5060.7 3.33583
5062.86 3.33591
5065.02 3.33599
5067.17 3.33607
5069.33 3.33616
5071.49 3.33624
5073.65 3.33632
5075.8 3.3364
5077.96 3.33648
5080.12 3.33656
5082.28 3.33664
5084.43 3.33672
5086.59 3.3368
5088.75 3.33689
5090.91 3.33697
5093.07 3.33705
5095.22 3.33713
5097.38 3.33721
5099.54 3.33729
5101.7 3.33737
5103.86 3.33745
5106.01 3.33753
5108.17 3.33761
5110.33 3.33769
5112.49 3.33777
5114.65 3.33785
5116.81 3.33793
5118.97 3.33801
5121.12 3.33809
5123.28 3.33818
5125.44 3.33826
5127.6 3.33834
5129.76 3.33842
5131.92 3.3385
5134.08 3.33858
5136.24 3.33866
5138.4 3.33874
5140.56 3.33882
5142.71 3.3389
5144.87 3.33898
5147.03 3.33906
5149.19 3.33914
5151.35 3.33922
5153.51 3.3393
5155.67 3.33938
5157.83 3.33946
5159.99 3.33954
5162.15 3.33962
5164.31 3.3397
5166.47 3.33978
5168.63 3.33985
5170.79 3.33993
5172.95 3.34001
5175.11 3.34009
5177.27 3.34017
5179.43 3.34025
5181.59 3.34033
5183.75 3.34041
5185.91 3.34049
5188.07 3.34057
5190.23 3.34065
5192.39 3.34073
5194.55 3.34081
5196.71 3.34089
5198.87 3.34097
5201.03 3.34105
5203.19 3.34112
5205.35 3.3412
5207.52 3.34128
5209.68 3.34136
5211.84 3.34144
5214 3.34152
5216.16 3.3416
5218.32 3.34168
5220.48 3.34176
5222.64 3.34183
5224.8 3.34191
5226.96 3.34199
5229.13 3.34207
5231.29 3.34215
5233.45 3.34223
5235.61 3.34231
5237.77 3.34239
5239.93 3.34246
5242.1 3.34254
5244.26 3.34262
5246.42 3.3427
5248.58 3.34278
5250.74 3.34286
5252.9 3.34293
5255.07 3.34301
5257.23 3.34309
5259.39 3.34317
5261.55 3.34325
5263.71 3.34333
5265.88 3.3434
5268.04 3.34348
5270.2 3.34356
5272.36 3.34364
5274.53 3.34372
5276.69 3.34379
5278.85 3.34387
5281.01 3.34395
5283.18 3.34403
5285.34 3.34411
5287.5 3.34418
5289.66 3.34426
5291.83 3.34434
5293.99 3.34442
5296.15 3.34449
5298.32 3.34457
5300.48 3.34465
5302.64 3.34473
5304.81 3.3448
5306.97 3.34488
5309.13 3.34496
5311.29 3.34504
5313.46 3.34511
5315.62 3.34519
5317.79 3.34527
5319.95 3.34535
5322.11 3.34542
5324.28 3.3455
5326.44 3.34558
5328.6 3.34565
5330.77 3.34573
5332.93 3.34581
5335.1 3.34589
5337.26 3.34596
5339.42 3.34604
5341.59 3.34612
5343.75 3.34619
5345.92 3.34627
5348.08 3.34635
5350.24 3.34642
5352.41 3.3465
5354.57 3.34658
5356.74 3.34665
5358.9 3.34673
5361.07 3.34681
5363.23 3.34689
5365.4 3.34696
5367.56 3.34704
5369.72 3.34711
5371.89 3.34719
5374.05 3.34727
5376.22 3.34734
5378.38 3.34742
5380.55 3.3475
5382.71 3.34757
5384.88 3.34765
5387.04 3.34773
5389.21 3.3478
5391.37 3.34788
5393.54 3.34795
5395.7 3.34803
5397.87 3.34811
5400.04 3.34818
5402.2 3.34826
5404.37 3.34834
5406.53 3.34841
5408.7 3.34849
5410.86 3.34856
5413.03 3.34864
5415.19 3.34872
5417.36 3.34879
5419.53 3.34887
5421.69 3.34894
5423.86 3.34902
5426.02 3.34909
5428.19 3.34917
5430.36 3.34925
5432.52 3.34932
5434.69 3.3494
5436.85 3.34947
5439.02 3.34955
5441.19 3.34962
5443.35 3.3497
5445.52 3.34977
5447.69 3.34985
5449.85 3.34993
5452.02 3.35
5454.19 3.35008
5456.35 3.35015
5458.52 3.35023
5460.69 3.3503
5462.85 3.35038
5465.02 3.35045
5467.19 3.35053
5469.35 3.3506
5471.52 3.35068
5473.69 3.35075
5475.86 3.35083
5478.02 3.3509
5480.19 3.35098
5482.36 3.35105
5484.53 3.35113
5486.69 3.3512
5488.86 3.35128
5491.03 3.35135
5493.2 3.35143
5495.36 3.3515
5497.53 3.35158
5499.7 3.35165
5501.87 3.35173
5504.03 3.3518
5506.2 3.35188
5508.37 3.35195
5510.54 3.35202
5512.71 3.3521
5514.87 3.35217
5517.04 3.35225
5519.21 3.35232
5521.38 3.3524
5523.55 3.35247
5525.71 3.35255
5527.88 3.35262
5530.05 3.35269
5532.22 3.35277
5534.39 3.35284
5536.56 3.35292
5538.73 3.35299
5540.89 3.35306
5543.06 3.35314
5545.23 3.35321
5547.4 3.35329
5549.57 3.35336
5551.74 3.35344
5553.91 3.35351
5556.08 3.35358
5558.25 3.35366
5560.41 3.35373
5562.58 3.3538
5564.75 3.35388
5566.92 3.35395
5569.09 3.35403
5571.26 3.3541
5573.43 3.35417
5575.6 3.35425
5577.77 3.35432
5579.94 3.35439
5582.11 3.35447
5584.28 3.35454
5586.45 3.35461
5588.62 3.35469
5590.79 3.35476
5592.96 3.35484
5595.13 3.35491
5597.3 3.35498
5599.47 3.35506
5601.64 3.35513
5603.81 3.3552
5605.98 3.35527
5608.15 3.35535
5610.32 3.35542
5612.49 3.35549
5614.66 3.35557
5616.83 3.35564
5619 3.35571
5621.17 3.35579
5623.34 3.35586
5625.51 3.35593
5627.68 3.35601
5629.85 3.35608
5632.02 3.35615
5634.19 3.35622
5636.36 3.3563
5638.54 3.35637
5640.71 3.35644
5642.88 3.35652
5645.05 3.35659
5647.22 3.35666
5649.39 3.35673
5651.56 3.35681
5653.73 3.35688
5655.9 3.35695
5658.08 3.35702
5660.25 3.3571
5662.42 3.35717
5664.59 3.35724
5666.76 3.35731
5668.93 3.35739
5671.1 3.35746
5673.28 3.35753
5675.45 3.3576
5677.62 3.35768
5679.79 3.35775
5681.96 3.35782
5684.14 3.35789
5686.31 3.35796
5688.48 3.35804
5690.65 3.35811
5692.82 3.35818
5695 3.35825
5697.17 3.35832
5699.34 3.3584
5701.51 3.35847
5703.68 3.35854
5705.86 3.35861
5708.03 3.35868
5710.2 3.35876
5712.37 3.35883
5714.55 3.3589
5716.72 3.35897
5718.89 3.35904
5721.06 3.35912
5723.24 3.35919
5725.41 3.35926
5727.58 3.35933
5729.76 3.3594
5731.93 3.35947
5734.1 3.35954
5736.27 3.35962
5738.45 3.35969
5740.62 3.35976
5742.79 3.35983
5744.97 3.3599
5747.14 3.35997
5749.31 3.36005
5751.49 3.36012
5753.66 3.36019
5755.83 3.36026
5758.01 3.36033
5760.18 3.3604
5762.35 3.36047
5764.53 3.36054
5766.7 3.36062
5768.88 3.36069
5771.05 3.36076
5773.22 3.36083
5775.4 3.3609
5777.57 3.36097
5779.75 3.36104
5781.92 3.36111
5784.09 3.36118
5786.27 3.36125
5788.44 3.36132
5790.62 3.3614
5792.79 3.36147
5794.96 3.36154
5797.14 3.36161
5799.31 3.36168
5801.49 3.36175
5803.66 3.36182
5805.84 3.36189
5808.01 3.36196
5810.19 3.36203
5812.36 3.3621
5814.54 3.36217
5816.71 3.36224
5818.89 3.36231
5821.06 3.36238
5823.23 3.36245
5825.41 3.36253
5827.58 3.3626
5829.76 3.36267
5831.94 3.36274
5834.11 3.36281
5836.29 3.36288
5838.46 3.36295
5840.64 3.36302
5842.81 3.36309
5844.99 3.36316
5847.16 3.36323
5849.34 3.3633
5851.51 3.36337
5853.69 3.36344
5855.86 3.36351
5858.04 3.36358
5860.22 3.36365
5862.39 3.36372
5864.57 3.36379
5866.74 3.36386
5868.92 3.36393
5871.09 3.364
5873.27 3.36407
5875.45 3.36414
5877.62 3.36421
5879.8 3.36428
5881.98 3.36435
5884.15 3.36442
5886.33 3.36449
5888.5 3.36455
5890.68 3.36462
5892.86 3.36469
5895.03 3.36476
5897.21 3.36483
5899.39 3.3649
5901.56 3.36497
5903.74 3.36504
5905.92 3.36511
5908.09 3.36518
5910.27 3.36525
5912.45 3.36532
5914.62 3.36539
5916.8 3.36546
5918.98 3.36553
5921.15 3.3656
5923.33 3.36567
5925.51 3.36573
5927.69 3.3658
5929.86 3.36587
5932.04 3.36594
5934.22 3.36601
5936.4 3.36608
5938.57 3.36615
5940.75 3.36622
5942.93 3.36629
5945.1 3.36636
5947.28 3.36642
5949.46 3.36649
5951.64 3.36656
5953.82 3.36663
5955.99 3.3667
5958.17 3.36677
5960.35 3.36684
5962.53 3.36691
5964.7 3.36697
5966.88 3.36704
5969.06 3.36711
5971.24 3.36718
5973.42 3.36725
5975.6 3.36732
5977.77 3.36739
5979.95 3.36746
5982.13 3.36752
5984.31 3.36759
5986.49 3.36766
5988.66 3.36773
5990.84 3.3678
5993.02 3.36787
5995.2 3.36793
5997.38 3.368
5999.56 3.36807
6001.74 3.36814
6003.92 3.36821
6006.09 3.36828
6008.27 3.36834
6010.45 3.36841
6012.63 3.36848
6014.81 3.36855
6016.99 3.36862
6019.17 3.36868
6021.35 3.36875
6023.53 3.36882
6025.71 3.36889
6027.88 3.36896
6030.06 3.36902
6032.24 3.36909
6034.42 3.36916
6036.6 3.36923
6038.78 3.3693
6040.96 3.36936
6043.14 3.36943
6045.32 3.3695
6047.5 3.36957
6049.68 3.36963
6051.86 3.3697
6054.04 3.36977
6056.22 3.36984
6058.4 3.36991
6060.58 3.36997
6062.76 3.37004
6064.94 3.37011
6067.12 3.37018
6069.3 3.37024
6071.48 3.37031
6073.66 3.37038
6075.84 3.37045
6078.02 3.37051
6080.2 3.37058
6082.38 3.37065
6084.56 3.37071
6086.74 3.37078
6088.92 3.37085
6091.1 3.37092
6093.28 3.37098
6095.46 3.37105
6097.65 3.37112
6099.83 3.37119
6102.01 3.37125
6104.19 3.37132
6106.37 3.37139
6108.55 3.37145
6110.73 3.37152
6112.91 3.37159
6115.09 3.37165
6117.27 3.37172
6119.45 3.37179
6121.64 3.37186
6123.82 3.37192
6126 3.37199
6128.18 3.37206
6130.36 3.37212
6132.54 3.37219
6134.72 3.37226
6136.91 3.37232
6139.09 3.37239
6141.27 3.37246
6143.45 3.37252
6145.63 3.37259
6147.81 3.37266
6150 3.37272
6152.18 3.37279
6154.36 3.37286
6156.54 3.37292
6158.72 3.37299
6160.9 3.37305
6163.09 3.37312
6165.27 3.37319
6167.45 3.37325
6169.63 3.37332
6171.82 3.37339
6174 3.37345
6176.18 3.37352
6178.36 3.37359
6180.54 3.37365
6182.73 3.37372
6184.91 3.37378
6187.09 3.37385
6189.27 3.37392
6191.46 3.37398
6193.64 3.37405
6195.82 3.37411
6198.01 3.37418
6200.19 3.37425
6202.37 3.37431
6204.55 3.37438
6206.74 3.37444
6208.92 3.37451
6211.1 3.37458
6213.29 3.37464
6215.47 3.37471
6217.65 3.37477
6219.84 3.37484
6222.02 3.37491
6224.2 3.37497
6226.38 3.37504
6228.57 3.3751
6230.75 3.37517
6232.94 3.37523
6235.12 3.3753
6237.3 3.37536
6239.49 3.37543
6241.67 3.3755
6243.85 3.37556
6246.04 3.37563
6248.22 3.37569
6250.4 3.37576
6252.59 3.37582
6254.77 3.37589
6256.96 3.37595
6259.14 3.37602
6261.32 3.37608
6263.51 3.37615
6265.69 3.37622
6267.88 3.37628
6270.06 3.37635
6272.25 3.37641
6274.43 3.37648
6276.61 3.37654
6278.8 3.37661
6280.98 3.37667
6283.17 3.37674
6285.35 3.3768
6287.54 3.37687
6289.72 3.37693
6291.91 3.377
6294.09 3.37706
6296.27 3.37713
6298.46 3.37719
6300.64 3.37726
6302.83 3.37732
6305.01 3.37739
6307.2 3.37745
6309.38 3.37752
6311.57 3.37758
6313.75 3.37765
6315.94 3.37771
6318.12 3.37778
6320.31 3.37784
6322.49 3.37791
6324.68 3.37797
6326.86 3.37803
6329.05 3.3781
6331.24 3.37816
6333.42 3.37823
6335.61 3.37829
6337.79 3.37836
6339.98 3.37842
6342.16 3.37849
6344.35 3.37855
6346.53 3.37862
6348.72 3.37868
6350.91 3.37874
6353.09 3.37881
6355.28 3.37887
6357.46 3.37894
6359.65 3.379
6361.84 3.37907
6364.02 3.37913
6366.21 3.37919
6368.39 3.37926
6370.58 3.37932
6372.77 3.37939
6374.95 3.37945
6377.14 3.37952
6379.33 3.37958
6381.51 3.37964
6383.7 3.37971
6385.88 3.37977
6388.07 3.37984
6390.26 3.3799
6392.44 3.37996
6394.63 3.38003
6396.82 3.38009
6399 3.38016
6401.19 3.38022
6403.38 3.38028
6405.56 3.38035
6407.75 3.38041
6409.94 3.38047
6412.13 3.38054
6414.31 3.3806
6416.5 3.38067
6418.69 3.38073
6420.87 3.38079
6423.06 3.38086
6425.25 3.38092
6427.44 3.38098
6429.62 3.38105
6431.81 3.38111
6434 3.38117
6436.19 3.38124
6438.37 3.3813
6440.56 3.38137
6442.75 3.38143
6444.94 3.38149
6447.12 3.38156
6449.31 3.38162
6451.5 3.38168
6453.69 3.38175
6455.87 3.38181
6458.06 3.38187
6460.25 3.38194
6462.44 3.382
6464.63 3.38206
6466.81 3.38212
6469 3.38219
6471.19 3.38225
6473.38 3.38231
6475.57 3.38238
6477.75 3.38244
6479.94 3.3825
6482.13 3.38257
6484.32 3.38263
6486.51 3.38269
6488.7 3.38276
6490.89 3.38282
6493.07 3.38288
6495.26 3.38294
6497.45 3.38301
6499.64 3.38307
6501.83 3.38313
6504.02 3.3832
6506.21 3.38326
6508.4 3.38332
6510.58 3.38338
6512.77 3.38345
6514.96 3.38351
6517.15 3.38357
6519.34 3.38364
6521.53 3.3837
6523.72 3.38376
6525.91 3.38382
6528.1 3.38389
6530.29 3.38395
6532.48 3.38401
6534.66 3.38407
6536.85 3.38414
6539.04 3.3842
6541.23 3.38426
6543.42 3.38432
6545.61 3.38439
6547.8 3.38445
6549.99 3.38451
6552.18 3.38457
6554.37 3.38464
6556.56 3.3847
6558.75 3.38476
6560.94 3.38482
6563.13 3.38488
6565.32 3.38495
6567.51 3.38501
6569.7 3.38507
6571.89 3.38513
6574.08 3.3852
6576.27 3.38526
6578.46 3.38532
6580.65 3.38538
6582.84 3.38544
6585.03 3.38551
6587.22 3.38557
6589.41 3.38563
6591.6 3.38569
6593.79 3.38575
6595.98 3.38582
6598.17 3.38588
6600.36 3.38594
6602.55 3.386
6604.74 3.38606
6606.94 3.38612
6609.13 3.38619
6611.32 3.38625
6613.51 3.38631
6615.7 3.38637
6617.89 3.38643
6620.08 3.3865
6622.27 3.38656
6624.46 3.38662
6626.65 3.38668
6628.84 3.38674
6631.04 3.3868
6633.23 3.38687
6635.42 3.38693
6637.61 3.38699
6639.8 3.38705
6641.99 3.38711
6644.18 3.38717
6646.38 3.38723
6648.57 3.3873
6650.76 3.38736
6652.95 3.38742
6655.14 3.38748
6657.33 3.38754
6659.52 3.3876
6661.72 3.38766
6663.91 3.38772
6666.1 3.38779
6668.29 3.38785
6670.48 3.38791
6672.68 3.38797
6674.87 3.38803
6677.06 3.38809
6679.25 3.38815
6681.44 3.38821
6683.64 3.38828
6685.83 3.38834
6688.02 3.3884
6690.21 3.38846
6692.41 3.38852
6694.6 3.38858
6696.79 3.38864
6698.98 3.3887
6701.18 3.38876
6703.37 3.38882
6705.56 3.38889
6707.75 3.38895
6709.95 3.38901
6712.14 3.38907
6714.33 3.38913
6716.52 3.38919
6718.72 3.38925
6720.91 3.38931
6723.1 3.38937
6725.3 3.38943
6727.49 3.38949
6729.68 3.38955
6731.87 3.38961
6734.07 3.38968
6736.26 3.38974
6738.45 3.3898
6740.65 3.38986
6742.84 3.38992
6745.03 3.38998
6747.23 3.39004
6749.42 3.3901
6751.61 3.39016
6753.81 3.39022
6756 3.39028
6758.19 3.39034
6760.39 3.3904
6762.58 3.39046
6764.77 3.39052
6766.97 3.39058
6769.16 3.39064
6771.36 3.3907
6773.55 3.39076
6775.74 3.39082
6777.94 3.39088
6780.13 3.39094
6782.33 3.391
6784.52 3.39106
6786.71 3.39112
6788.91 3.39118
6791.1 3.39124
6793.3 3.3913
6795.49 3.39136
6797.68 3.39142
6799.88 3.39148
6802.07 3.39154
6804.27 3.3916
6806.46 3.39166
6808.66 3.39172
6810.85 3.39178
6813.04 3.39184
6815.24 3.3919
6817.43 3.39196
6819.63 3.39202
6821.82 3.39208
6824.02 3.39214
6826.21 3.3922
6828.41 3.39226
6830.6 3.39232
6832.8 3.39238
6834.99 3.39244
6837.19 3.3925
6839.38 3.39256
6841.58 3.39262
6843.77 3.39268
6845.97 3.39274
6848.16 3.3928
6850.36 3.39286
6852.55 3.39292
6854.75 3.39298
6856.94 3.39304
6859.14 3.3931
6861.33 3.39316
6863.53 3.39322
6865.73 3.39328
6867.92 3.39333
6870.12 3.39339
6872.31 3.39345
6874.51 3.39351
6876.7 3.39357
6878.9 3.39363
6881.1 3.39369
6883.29 3.39375
6885.49 3.39381
6887.68 3.39387
6889.88 3.39393
6892.07 3.39399
6894.27 3.39405
6896.47 3.39411
6898.66 3.39416
6900.86 3.39422
6903.05 3.39428
6905.25 3.39434
6907.45 3.3944
6909.64 3.39446
6911.84 3.39452
6914.04 3.39458
6916.23 3.39464
6918.43 3.3947
6920.63 3.39475
6922.82 3.39481
6925.02 3.39487
6927.21 3.39493
6929.41 3.39499
6931.61 3.39505
6933.81 3.39511
6936 3.39517
6938.2 3.39523
6940.4 3.39528
6942.59 3.39534
6944.79 3.3954
6946.99 3.39546
6949.18 3.39552
6951.38 3.39558
6953.58 3.39564
6955.77 3.3957
6957.97 3.39575
6960.17 3.39581
6962.37 3.39587
6964.56 3.39593
6966.76 3.39599
6968.96 3.39605
6971.15 3.39611
6973.35 3.39616
6975.55 3.39622
6977.75 3.39628
6979.94 3.39634
6982.14 3.3964
6984.34 3.39646
6986.54 3.39651
6988.74 3.39657
6990.93 3.39663
6993.13 3.39669
6995.33 3.39675
6997.53 3.39681
6999.72 3.39686
7001.92 3.39692
7004.12 3.39698
7006.32 3.39704
7008.52 3.3971
7010.71 3.39715
7012.91 3.39721
7015.11 3.39727
7017.31 3.39733
7019.51 3.39739
7021.71 3.39745
7023.9 3.3975
7026.1 3.39756
7028.3 3.39762
7030.5 3.39768
7032.7 3.39774
7034.9 3.39779
7037.09 3.39785
7039.29 3.39791
7041.49 3.39797
7043.69 3.39803
7045.89 3.39808
7048.09 3.39814
7050.29 3.3982
7052.48 3.39826
7054.68 3.39831
7056.88 3.39837
7059.08 3.39843
7061.28 3.39849
7063.48 3.39855
7065.68 3.3986
7067.88 3.39866
7070.08 3.39872
7072.28 3.39878
7074.48 3.39883
7076.67 3.39889
7078.87 3.39895
7081.07 3.39901
7083.27 3.39906
7085.47 3.39912
7087.67 3.39918
7089.87 3.39924
7092.07 3.39929
7094.27 3.39935
7096.47 3.39941
7098.67 3.39947
7100.87 3.39952
7103.07 3.39958
7105.27 3.39964
7107.47 3.3997
7109.67 3.39975
7111.87 3.39981
7114.07 3.39987
7116.27 3.39992
7118.47 3.39998
7120.67 3.40004
7122.87 3.4001
7125.07 3.40015
7127.27 3.40021
7129.47 3.40027
7131.67 3.40033
7133.87 3.40038
7136.07 3.40044
7138.27 3.4005
7140.47 3.40055
7142.67 3.40061
7144.87 3.40067
7147.07 3.40072
7149.27 3.40078
7151.47 3.40084
7153.67 3.4009
7155.87 3.40095
7158.07 3.40101
7160.27 3.40107
7162.47 3.40112
7164.67 3.40118
7166.88 3.40124
7169.08 3.40129
7171.28 3.40135
7173.48 3.40141
7175.68 3.40146
7177.88 3.40152
7180.08 3.40158
7182.28 3.40163
7184.48 3.40169
7186.68 3.40175
7188.89 3.4018
7191.09 3.40186
7193.29 3.40192
7195.49 3.40197
7197.69 3.40203
7199.89 3.40209
7202.09 3.40214
7204.29 3.4022
7206.5 3.40226
7208.7 3.40231
7210.9 3.40237
7213.1 3.40243
7215.3 3.40248
7217.5 3.40254
7219.71 3.4026
7221.91 3.40265
7224.11 3.40271
7226.31 3.40277
7228.51 3.40282
7230.71 3.40288
7232.92 3.40293
7235.12 3.40299
7237.32 3.40305
7239.52 3.4031
7241.72 3.40316
7243.93 3.40322
7246.13 3.40327
7248.33 3.40333
7250.53 3.40338
7252.74 3.40344
7254.94 3.4035
7257.14 3.40355
7259.34 3.40361
7261.54 3.40366
7263.75 3.40372
7265.95 3.40378
7268.15 3.40383
7270.35 3.40389
7272.56 3.40394
7274.76 3.404
7276.96 3.40406
7279.17 3.40411
7281.37 3.40417
7283.57 3.40423
7285.77 3.40428
7287.98 3.40434
7290.18 3.40439
7292.38 3.40445
7294.59 3.4045
7296.79 3.40456
7298.99 3.40462
7301.19 3.40467
7303.4 3.40473
7305.6 3.40478
7307.8 3.40484
7310.01 3.40489
7312.21 3.40495
7314.41 3.40501
7316.62 3.40506
7318.82 3.40512
7321.02 3.40517
7323.23 3.40523
7325.43 3.40528
7327.63 3.40534
7329.84 3.4054
7332.04 3.40545
7334.25 3.40551
7336.45 3.40556
7338.65 3.40562
7340.86 3.40567
7343.06 3.40573
7345.26 3.40578
7347.47 3.40584
7349.67 3.40589
7351.88 3.40595
7354.08 3.406
7356.28 3.40606
7358.49 3.40612
7360.69 3.40617
7362.9 3.40623
7365.1 3.40628
7367.3 3.40634
7369.51 3.40639
7371.71 3.40645
7373.92 3.4065
7376.12 3.40656
7378.33 3.40661
7380.53 3.40667
7382.73 3.40672
7384.94 3.40678
7387.14 3.40683
7389.35 3.40689
7391.55 3.40694
7393.76 3.407
7395.96 3.40705
7398.17 3.40711
7400.37 3.40716
7402.58 3.40722
7404.78 3.40727
7406.99 3.40733
7409.19 3.40738
7411.4 3.40744
7413.6 3.40749
7415.81 3.40755
7418.01 3.4076
7420.22 3.40766
7422.42 3.40771
7424.63 3.40777
7426.83 3.40782
7429.04 3.40788
7431.24 3.40793
7433.45 3.40799
7435.65 3.40804
7437.86 3.4081
7440.06 3.40815
7442.27 3.40821
7444.47 3.40826
7446.68 3.40831
7448.89 3.40837
7451.09 3.40842
7453.3 3.40848
7455.5 3.40853
7457.71 3.40859
7459.91 3.40864
7462.12 3.4087
7464.32 3.40875
7466.53 3.40881
7468.74 3.40886
7470.94 3.40892
7473.15 3.40897
7475.35 3.40902
7477.56 3.40908
7479.77 3.40913
7481.97 3.40919
7484.18 3.40924
7486.38 3.4093
7488.59 3.40935
7490.8 3.4094
7493 3.40946
7495.21 3.40951
7497.42 3.40957
7499.62 3.40962
7501.83 3.40968
7504.04 3.40973
7506.24 3.40978
7508.45 3.40984
7510.66 3.40989
7512.86 3.40995
7515.07 3.41
7517.27 3.41005
7519.48 3.41011
7521.69 3.41016
7523.89 3.41022
7526.1 3.41027
7528.31 3.41033
7530.52 3.41038
7532.72 3.41043
7534.93 3.41049
7537.14 3.41054
7539.34 3.4106
7541.55 3.41065
7543.76 3.4107
7545.96 3.41076
7548.17 3.41081
7550.38 3.41086
7552.59 3.41092
7554.79 3.41097
7557 3.41103
7559.21 3.41108
7561.42 3.41113
7563.62 3.41119
7565.83 3.41124
7568.04 3.4113
7570.25 3.41135
7572.45 3.4114
7574.66 3.41146
7576.87 3.41151
7579.08 3.41156
7581.28 3.41162
7583.49 3.41167
7585.7 3.41172
7587.91 3.41178
7590.12 3.41183
7592.32 3.41189
7594.53 3.41194
7596.74 3.41199
7598.95 3.41205
7601.16 3.4121
7603.36 3.41215
7605.57 3.41221
7607.78 3.41226
7609.99 3.41231
7612.2 3.41237
7614.4 3.41242
7616.61 3.41247
7618.82 3.41253
7621.03 3.41258
7623.24 3.41263
7625.45 3.41269
7627.65 3.41274
7629.86 3.41279
7632.07 3.41285
7634.28 3.4129
7636.49 3.41295
7638.7 3.41301
7640.91 3.41306
7643.11 3.41311
7645.32 3.41317
7647.53 3.41322
7649.74 3.41327
7651.95 3.41333
7654.16 3.41338
7656.37 3.41343
7658.58 3.41349
7660.79 3.41354
7662.99 3.41359
7665.2 3.41364
7667.41 3.4137
7669.62 3.41375
7671.83 3.4138
7674.04 3.41386
7676.25 3.41391
7678.46 3.41396
7680.67 3.41402
7682.88 3.41407
7685.09 3.41412
7687.3 3.41417
7689.51 3.41423
7691.72 3.41428
7693.92 3.41433
7696.13 3.41439
7698.34 3.41444
7700.55 3.41449
7702.76 3.41454
7704.97 3.4146
7707.18 3.41465
7709.39 3.4147
7711.6 3.41475
7713.81 3.41481
7716.02 3.41486
7718.23 3.41491
7720.44 3.41497
7722.65 3.41502
7724.86 3.41507
7727.07 3.41512
7729.28 3.41518
7731.49 3.41523
7733.7 3.41528
7735.91 3.41533
7738.12 3.41539
7740.33 3.41544
7742.54 3.41549
7744.75 3.41554
7746.96 3.4156
7749.17 3.41565
7751.38 3.4157
7753.6 3.41575
7755.81 3.41581
7758.02 3.41586
7760.23 3.41591
7762.44 3.41596
7764.65 3.41602
7766.86 3.41607
7769.07 3.41612
7771.28 3.41617
7773.49 3.41622
7775.7 3.41628
7777.91 3.41633
7780.12 3.41638
7782.33 3.41643
7784.55 3.41649
7786.76 3.41654
7788.97 3.41659
7791.18 3.41664
7793.39 3.41669
7795.6 3.41675
7797.81 3.4168
7800.02 3.41685
7802.23 3.4169
7804.45 3.41695
7806.66 3.41701
7808.87 3.41706
7811.08 3.41711
7813.29 3.41716
7815.5 3.41721
7817.71 3.41727
7819.93 3.41732
7822.14 3.41737
7824.35 3.41742
7826.56 3.41747
7828.77 3.41753
7830.98 3.41758
7833.19 3.41763
7835.41 3.41768
7837.62 3.41773
7839.83 3.41779
7842.04 3.41784
7844.25 3.41789
7846.47 3.41794
7848.68 3.41799
7850.89 3.41804
7853.1 3.4181
7855.31 3.41815
7857.53 3.4182
7859.74 3.41825
7861.95 3.4183
7864.16 3.41836
7866.38 3.41841
7868.59 3.41846
7870.8 3.41851
7873.01 3.41856
7875.22 3.41861
7877.44 3.41866
7879.65 3.41872
7881.86 3.41877
7884.07 3.41882
7886.29 3.41887
7888.5 3.41892
7890.71 3.41897
7892.92 3.41903
7895.14 3.41908
7897.35 3.41913
7899.56 3.41918
7901.78 3.41923
7903.99 3.41928
7906.2 3.41933
7908.41 3.41939
7910.63 3.41944
7912.84 3.41949
7915.05 3.41954
7917.27 3.41959
7919.48 3.41964
7921.69 3.41969
7923.9 3.41974
7926.12 3.4198
7928.33 3.41985
7930.54 3.4199
7932.76 3.41995
7934.97 3.42
7937.19 3.42005
7939.4 3.4201
7941.61 3.42015
7943.83 3.42021
7946.04 3.42026
7948.25 3.42031
7950.47 3.42036
7952.68 3.42041
7954.89 3.42046
7957.11 3.42051
7959.32 3.42056
7961.53 3.42061
7963.75 3.42066
7965.96 3.42072
7968.18 3.42077
7970.39 3.42082
7972.6 3.42087
7974.82 3.42092
7977.03 3.42097
7979.24 3.42102
7981.46 3.42107
7983.67 3.42112
7985.89 3.42117
7988.1 3.42122
7990.31 3.42128
7992.53 3.42133
7994.74 3.42138
7996.96 3.42143
7999.17 3.42148
8001.39 3.42153
8003.6 3.42158
8005.82 3.42163
8008.03 3.42168
8010.24 3.42173
8012.46 3.42178
8014.67 3.42183
8016.89 3.42188
8019.1 3.42194
8021.32 3.42199
8023.53 3.42204
8025.75 3.42209
8027.96 3.42214
8030.18 3.42219
8032.39 3.42224
8034.61 3.42229
8036.82 3.42234
8039.04 3.42239
8041.25 3.42244
8043.46 3.42249
8045.68 3.42254
8047.89 3.42259
8050.11 3.42264
8052.32 3.42269
8054.54 3.42274
8056.76 3.42279
8058.97 3.42284
8061.19 3.42289
8063.4 3.42294
8065.62 3.423
8067.83 3.42305
8070.05 3.4231
8072.26 3.42315
8074.48 3.4232
8076.69 3.42325
8078.91 3.4233
8081.12 3.42335
8083.34 3.4234
8085.56 3.42345
8087.77 3.4235
8089.99 3.42355
8092.2 3.4236
8094.42 3.42365
8096.63 3.4237
8098.85 3.42375
8101.07 3.4238
8103.28 3.42385
8105.5 3.4239
8107.71 3.42395
8109.93 3.424
8112.15 3.42405
8114.36 3.4241
8116.58 3.42415
8118.79 3.4242
8121.01 3.42425
8123.23 3.4243
8125.44 3.42435
8127.66 3.4244
8129.88 3.42445
8132.09 3.4245
8134.31 3.42455
8136.52 3.4246
8138.74 3.42465
8140.96 3.4247
8143.17 3.42475
8145.39 3.4248
8147.61 3.42485
8149.82 3.4249
8152.04 3.42495
8154.26 3.425
8156.47 3.42505
8158.69 3.4251
8160.91 3.42515
8163.12 3.4252
8165.34 3.42525
8167.56 3.4253
8169.77 3.42535
8171.99 3.42539
8174.21 3.42544
8176.42 3.42549
8178.64 3.42554
8180.86 3.42559
8183.07 3.42564
8185.29 3.42569
8187.51 3.42574
8189.73 3.42579
8191.94 3.42584
8194.16 3.42589
8196.38 3.42594
8198.6 3.42599
8200.81 3.42604
8203.03 3.42609
8205.25 3.42614
8207.47 3.42619
8209.68 3.42624
8211.9 3.42629
8214.12 3.42634
8216.34 3.42638
8218.56 3.42643
8220.77 3.42648
8222.99 3.42653
8225.21 3.42658
8227.43 3.42663
8229.64 3.42668
8231.86 3.42673
8234.08 3.42678
8236.3 3.42683
8238.52 3.42688
8240.73 3.42693
8242.95 3.42698
8245.17 3.42703
8247.39 3.42708
8249.6 3.42712
8251.82 3.42717
8254.04 3.42722
8256.26 3.42727
8258.48 3.42732
8260.69 3.42737
8262.91 3.42742
8265.13 3.42747
8267.35 3.42752
8269.57 3.42757
8271.79 3.42762
8274 3.42766
8276.22 3.42771
8278.44 3.42776
8280.66 3.42781
8282.88 3.42786
8285.1 3.42791
8287.32 3.42796
8289.54 3.42801
8291.75 3.42806
8293.97 3.4281
8296.19 3.42815
8298.41 3.4282
8300.63 3.42825
8302.85 3.4283
8305.07 3.42835
8307.29 3.4284
8309.5 3.42845
8311.72 3.4285
8313.94 3.42854
8316.16 3.42859
8318.38 3.42864
8320.6 3.42869
8322.82 3.42874
8325.04 3.42879
8327.25 3.42884
8329.47 3.42889
8331.69 3.42893
8333.91 3.42898
8336.13 3.42903
8338.35 3.42908
8340.57 3.42913
8342.79 3.42918
8345.01 3.42923
8347.23 3.42927
8349.45 3.42932
8351.67 3.42937
8353.89 3.42942
8356.11 3.42947
8358.33 3.42952
8360.55 3.42957
8362.77 3.42961
8364.99 3.42966
8367.21 3.42971
8369.43 3.42976
8371.65 3.42981
8373.87 3.42986
8376.09 3.42991
8378.31 3.42995
8380.53 3.43
8382.75 3.43005
8384.97 3.4301
8387.19 3.43015
8389.41 3.4302
8391.63 3.43024
8393.85 3.43029
8396.07 3.43034
8398.29 3.43039
8400.51 3.43044
8402.73 3.43049
8404.95 3.43053
8407.17 3.43058
8409.39 3.43063
8411.61 3.43068
8413.83 3.43073
8416.05 3.43077
8418.27 3.43082
8420.49 3.43087
8422.71 3.43092
8424.93 3.43097
8427.16 3.43102
8429.38 3.43106
8431.6 3.43111
8433.82 3.43116
8436.04 3.43121
8438.26 3.43126
8440.48 3.4313
8442.7 3.43135
8444.92 3.4314
8447.14 3.43145
8449.36 3.4315
8451.58 3.43154
8453.8 3.43159
8456.02 3.43164
8458.25 3.43169
8460.47 3.43174
8462.69 3.43178
8464.91 3.43183
8467.13 3.43188
8469.35 3.43193
8471.57 3.43197
8473.79 3.43202
8476.02 3.43207
8478.24 3.43212
8480.46 3.43217
8482.68 3.43221
8484.9 3.43226
8487.12 3.43231
8489.35 3.43236
8491.57 3.4324
8493.79 3.43245
8496.01 3.4325
8498.23 3.43255
8500.45 3.4326
8502.68 3.43264
8504.9 3.43269
8507.12 3.43274
8509.34 3.43279
8511.56 3.43283
8513.78 3.43288
8516.01 3.43293
8518.23 3.43298
8520.45 3.43302
8522.67 3.43307
8524.89 3.43312
8527.11 3.43317
8529.34 3.43321
8531.56 3.43326
8533.78 3.43331
8536 3.43336
8538.23 3.4334
8540.45 3.43345
8542.67 3.4335
8544.89 3.43355
8547.12 3.43359
8549.34 3.43364
8551.56 3.43369
8553.78 3.43374
8556.01 3.43378
8558.23 3.43383
8560.45 3.43388
8562.67 3.43393
8564.9 3.43397
8567.12 3.43402
8569.34 3.43407
8571.57 3.43411
8573.79 3.43416
8576.01 3.43421
8578.23 3.43426
8580.46 3.4343
8582.68 3.43435
8584.9 3.4344
8587.12 3.43445
8589.35 3.43449
8591.57 3.43454
8593.79 3.43459
8596.01 3.43463
8598.24 3.43468
8600.46 3.43473
8602.68 3.43478
8604.91 3.43482
8607.13 3.43487
8609.35 3.43492
8611.58 3.43496
8613.8 3.43501
8616.03 3.43506
8618.25 3.4351
8620.47 3.43515
8622.7 3.4352
8624.92 3.43525
8627.14 3.43529
8629.37 3.43534
8631.59 3.43539
8633.81 3.43543
8636.04 3.43548
8638.26 3.43553
8640.49 3.43557
8642.71 3.43562
8644.93 3.43567
8647.16 3.43572
8649.38 3.43576
8651.6 3.43581
8653.83 3.43586
8656.05 3.4359
8658.27 3.43595
8660.5 3.436
8662.72 3.43604
8664.95 3.43609
8667.17 3.43614
8669.39 3.43618
8671.62 3.43623
8673.84 3.43628
8676.07 3.43632
8678.29 3.43637
8680.52 3.43642
8682.74 3.43646
8684.96 3.43651
8687.19 3.43656
8689.41 3.4366
8691.64 3.43665
8693.86 3.4367
8696.09 3.43674
8698.31 3.43679
8700.54 3.43684
8702.76 3.43688
8704.99 3.43693
8707.21 3.43698
8709.44 3.43702
8711.66 3.43707
8713.88 3.43711
8716.11 3.43716
8718.33 3.43721
8720.56 3.43725
8722.78 3.4373
8725.01 3.43735
8727.23 3.43739
8729.46 3.43744
8731.68 3.43749
8733.91 3.43753
8736.13 3.43758
8738.36 3.43763
8740.58 3.43767
8742.81 3.43772
8745.03 3.43776
8747.26 3.43781
8749.48 3.43786
8751.71 3.4379
8753.93 3.43795
8756.16 3.438
8758.38 3.43804
8760.61 3.43809
8762.84 3.43813
8765.06 3.43818
8767.29 3.43823
8769.51 3.43827
8771.74 3.43832
8773.96 3.43837
8776.19 3.43841
8778.42 3.43846
8780.64 3.4385
8782.87 3.43855
8785.09 3.4386
8787.32 3.43864
8789.54 3.43869
8791.77 3.43873
8793.99 3.43878
8796.22 3.43883
8798.45 3.43887
8800.67 3.43892
8802.9 3.43896
8805.12 3.43901
8807.35 3.43906
8809.57 3.4391
8811.8 3.43915
8814.03 3.43919
8816.25 3.43924
8818.48 3.43929
8820.71 3.43933
8822.93 3.43938
8825.16 3.43942
8827.38 3.43947
8829.61 3.43952
8831.84 3.43956
8834.06 3.43961
8836.29 3.43965
8838.52 3.4397
8840.74 3.43974
8842.97 3.43979
8845.2 3.43984
8847.42 3.43988
8849.65 3.43993
8851.88 3.43997
8854.1 3.44002
8856.33 3.44006
8858.56 3.44011
8860.78 3.44016
8863.01 3.4402
8865.24 3.44025
8867.46 3.44029
8869.69 3.44034
8871.92 3.44038
8874.14 3.44043
8876.37 3.44048
8878.6 3.44052
8880.82 3.44057
8883.05 3.44061
8885.28 3.44066
8887.5 3.4407
8889.73 3.44075
8891.96 3.44079
8894.19 3.44084
8896.41 3.44089
8898.64 3.44093
8900.87 3.44098
8903.1 3.44102
8905.32 3.44107
8907.55 3.44111
8909.78 3.44116
8912.01 3.4412
8914.23 3.44125
8916.46 3.44129
8918.69 3.44134
8920.92 3.44138
8923.14 3.44143
8925.37 3.44148
8927.6 3.44152
8929.83 3.44157
8932.05 3.44161
8934.28 3.44166
8936.51 3.4417
8938.74 3.44175
8940.96 3.44179
8943.19 3.44184
8945.42 3.44188
8947.65 3.44193
8949.88 3.44197
8952.1 3.44202
8954.33 3.44206
8956.56 3.44211
8958.79 3.44215
8961.02 3.4422
8963.24 3.44224
8965.47 3.44229
8967.7 3.44233
8969.93 3.44238
8972.16 3.44243
8974.39 3.44247
8976.62 3.44252
8978.84 3.44256
8981.07 3.44261
8983.3 3.44265
8985.53 3.4427
8987.76 3.44274
8989.99 3.44279
8992.21 3.44283
8994.44 3.44288
8996.67 3.44292
8998.9 3.44297
9001.13 3.44301
9003.36 3.44306
9005.59 3.4431
9007.81 3.44315
9010.04 3.44319
9012.27 3.44324
9014.5 3.44328
9016.73 3.44332
9018.96 3.44337
9021.19 3.44341
9023.41 3.44346
9025.64 3.4435
9027.87 3.44355
9030.1 3.44359
9032.33 3.44364
9034.56 3.44368
9036.79 3.44373
9039.02 3.44377
9041.25 3.44382
9043.48 3.44386
9045.71 3.44391
9047.94 3.44395
9050.17 3.444
9052.4 3.44404
9054.63 3.44409
9056.85 3.44413
9059.08 3.44418
9061.31 3.44422
9063.54 3.44426
9065.77 3.44431
9068 3.44435
9070.23 3.4444
9072.46 3.44444
9074.69 3.44449
9076.92 3.44453
9079.15 3.44458
9081.38 3.44462
9083.61 3.44467
9085.84 3.44471
9088.07 3.44476
9090.3 3.4448
9092.53 3.44484
9094.76 3.44489
9096.99 3.44493
9099.21 3.44498
9101.45 3.44502
9103.68 3.44507
9105.91 3.44511
9108.14 3.44516
9110.37 3.4452
9112.6 3.44524
9114.83 3.44529
9117.06 3.44533
9119.29 3.44538
9121.52 3.44542
9123.75 3.44547
9125.98 3.44551
9128.21 3.44555
9130.44 3.4456
9132.67 3.44564
9134.9 3.44569
9137.13 3.44573
9139.36 3.44578
9141.59 3.44582
9143.82 3.44586
9146.05 3.44591
9148.29 3.44595
9150.52 3.446
9152.75 3.44604
9154.98 3.44609
9157.21 3.44613
9159.44 3.44617
9161.67 3.44622
9163.9 3.44626
9166.13 3.44631
9168.36 3.44635
9170.59 3.44639
9172.82 3.44644
9175.05 3.44648
9177.28 3.44653
9179.51 3.44657
9181.75 3.44661
9183.98 3.44666
9186.21 3.4467
9188.44 3.44675
9190.67 3.44679
9192.9 3.44684
9195.13 3.44688
9197.37 3.44692
9199.6 3.44697
9201.83 3.44701
9204.06 3.44705
9206.29 3.4471
9208.52 3.44714
9210.75 3.44719
9212.99 3.44723
9215.22 3.44727
9217.45 3.44732
9219.68 3.44736
9221.91 3.44741
9224.14 3.44745
9226.38 3.44749
9228.61 3.44754
9230.84 3.44758
9233.07 3.44762
9235.3 3.44767
9237.53 3.44771
9239.76 3.44776
9242 3.4478
9244.23 3.44784
9246.46 3.44789
9248.69 3.44793
9250.92 3.44797
9253.15 3.44802
9255.39 3.44806
9257.62 3.44811
9259.85 3.44815
9262.08 3.44819
9264.32 3.44824
9266.55 3.44828
9268.78 3.44832
9271.01 3.44837
9273.25 3.44841
9275.48 3.44845
9277.71 3.4485
9279.94 3.44854
9282.18 3.44859
9284.41 3.44863
9286.64 3.44867
9288.87 3.44872
9291.11 3.44876
9293.34 3.4488
9295.57 3.44885
9297.8 3.44889
9300.04 3.44893
9302.27 3.44898
9304.5 3.44902
9306.73 3.44906
9308.96 3.44911
9311.2 3.44915
9313.43 3.44919
9315.66 3.44924
9317.89 3.44928
9320.13 3.44932
9322.36 3.44937
9324.59 3.44941
9326.83 3.44945
9329.06 3.4495
9331.29 3.44954
9333.53 3.44958
9335.76 3.44963
9337.99 3.44967
9340.23 3.44971
9342.46 3.44976
9344.69 3.4498
9346.93 3.44984
9349.16 3.44989
9351.39 3.44993
9353.63 3.44997
9355.86 3.45002
9358.09 3.45006
9360.33 3.4501
9362.56 3.45015
9364.79 3.45019
9367.03 3.45023
9369.26 3.45028
9371.49 3.45032
9373.73 3.45036
9375.96 3.4504
9378.19 3.45045
9380.43 3.45049
9382.66 3.45053
9384.89 3.45058
9387.13 3.45062
9389.36 3.45066
9391.59 3.45071
9393.83 3.45075
9396.06 3.45079
9398.29 3.45084
9400.53 3.45088
9402.76 3.45092
9405 3.45096
9407.23 3.45101
9409.47 3.45105
9411.7 3.45109
9413.94 3.45114
9416.17 3.45118
9418.4 3.45122
9420.64 3.45126
9422.87 3.45131
9425.11 3.45135
9427.34 3.45139
9429.58 3.45144
9431.81 3.45148
9434.04 3.45152
9436.28 3.45156
9438.51 3.45161
9440.75 3.45165
9442.98 3.45169
9445.22 3.45174
9447.45 3.45178
9449.69 3.45182
9451.92 3.45186
9454.15 3.45191
9456.39 3.45195
9458.62 3.45199
9460.86 3.45203
9463.09 3.45208
9465.33 3.45212
9467.56 3.45216
9469.79 3.45221
9472.03 3.45225
9474.26 3.45229
9476.5 3.45233
9478.73 3.45238
9480.97 3.45242
9483.2 3.45246
9485.44 3.4525
9487.67 3.45255
9489.91 3.45259
9492.15 3.45263
9494.38 3.45267
9496.62 3.45272
9498.85 3.45276
9501.09 3.4528
9503.32 3.45284
9505.56 3.45289
9507.79 3.45293
9510.03 3.45297
9512.26 3.45301
9514.5 3.45306
9516.73 3.4531
9518.97 3.45314
9521.21 3.45318
9523.44 3.45323
9525.68 3.45327
9527.91 3.45331
9530.15 3.45335
9532.38 3.4534
9534.62 3.45344
9536.85 3.45348
9539.09 3.45352
9541.32 3.45357
9543.56 3.45361
9545.79 3.45365
9548.03 3.45369
9550.26 3.45373
9552.5 3.45378
9554.74 3.45382
9556.97 3.45386
9559.21 3.4539
9561.45 3.45395
9563.68 3.45399
9565.92 3.45403
9568.15 3.45407
9570.39 3.45411
9572.63 3.45416
9574.86 3.4542
9577.1 3.45424
9579.34 3.45428
9581.57 3.45433
9583.81 3.45437
9586.04 3.45441
9588.28 3.45445
9590.52 3.45449
9592.75 3.45454
9594.99 3.45458
9597.23 3.45462
9599.46 3.45466
9601.7 3.4547
9603.94 3.45475
9606.17 3.45479
9608.41 3.45483
9610.64 3.45487
9612.88 3.45491
9615.12 3.45496
9617.35 3.455
9619.59 3.45504
9621.83 3.45508
9624.06 3.45512
9626.3 3.45517
9628.54 3.45521
9630.77 3.45525
9633.01 3.45529
9635.25 3.45533
9637.48 3.45538
9639.72 3.45542
9641.96 3.45546
9644.2 3.4555
9646.43 3.45554
9648.67 3.45559
9650.91 3.45563
9653.14 3.45567
9655.38 3.45571
9657.62 3.45575
9659.86 3.45579
9662.09 3.45584
9664.33 3.45588
9666.57 3.45592
9668.81 3.45596
9671.04 3.456
9673.28 3.45604
9675.52 3.45609
9677.75 3.45613
9679.99 3.45617
9682.23 3.45621
9684.47 3.45625
9686.7 3.4563
9688.94 3.45634
9691.18 3.45638
9693.42 3.45642
9695.65 3.45646
9697.89 3.4565
9700.13 3.45655
9702.37 3.45659
9704.6 3.45663
9706.84 3.45667
9709.08 3.45671
9711.32 3.45675
9713.55 3.45679
9715.79 3.45684
9718.03 3.45688
9720.27 3.45692
9722.51 3.45696
9724.75 3.457
9726.98 3.45704
9729.22 3.45709
9731.46 3.45713
9733.7 3.45717
9735.94 3.45721
9738.17 3.45725
9740.41 3.45729
9742.65 3.45733
9744.89 3.45738
9747.13 3.45742
9749.37 3.45746
9751.6 3.4575
9753.84 3.45754
9756.08 3.45758
9758.32 3.45762
9760.56 3.45767
9762.8 3.45771
9765.03 3.45775
9767.27 3.45779
9769.51 3.45783
9771.75 3.45787
9773.99 3.45791
9776.23 3.45795
9778.46 3.458
9780.7 3.45804
9782.94 3.45808
9785.18 3.45812
9787.42 3.45816
9789.66 3.4582
9791.9 3.45824
9794.13 3.45828
9796.37 3.45833
9798.61 3.45837
9800.85 3.45841
9803.09 3.45845
9805.33 3.45849
9807.57 3.45853
9809.81 3.45857
9812.05 3.45861
9814.29 3.45866
9816.53 3.4587
9818.77 3.45874
9821.01 3.45878
9823.25 3.45882
9825.48 3.45886
9827.72 3.4589
9829.96 3.45894
9832.2 3.45898
9834.44 3.45902
9836.68 3.45907
9838.92 3.45911
9841.16 3.45915
9843.4 3.45919
9845.64 3.45923
9847.88 3.45927
9850.12 3.45931
9852.36 3.45935
9854.59 3.45939
9856.83 3.45943
9859.07 3.45948
9861.31 3.45952
9863.55 3.45956
9865.79 3.4596
9868.03 3.45964
9870.27 3.45968
9872.51 3.45972
9874.75 3.45976
9876.99 3.4598
9879.23 3.45984
9881.47 3.45988
9883.71 3.45992
9885.95 3.45997
9888.19 3.46001
9890.43 3.46005
9892.67 3.46009
9894.91 3.46013
9897.15 3.46017
9899.39 3.46021
9901.63 3.46025
9903.87 3.46029
9906.11 3.46033
9908.35 3.46037
9910.59 3.46041
9912.83 3.46045
9915.08 3.4605
9917.32 3.46054
9919.56 3.46058
9921.8 3.46062
9924.04 3.46066
9926.28 3.4607
9928.52 3.46074
9930.76 3.46078
9933 3.46082
9935.24 3.46086
9937.48 3.4609
9939.72 3.46094
9941.96 3.46098
9944.2 3.46102
9946.44 3.46106
9948.68 3.4611
9950.92 3.46114
9953.16 3.46119
9955.4 3.46123
9957.64 3.46127
9959.88 3.46131
9962.13 3.46135
9964.37 3.46139
9966.61 3.46143
9968.85 3.46147
9971.09 3.46151
9973.33 3.46155
9975.57 3.46159
9977.81 3.46163
9980.06 3.46167
9982.3 3.46171
9984.54 3.46175
9986.78 3.46179
9989.02 3.46183
9991.26 3.46187
9993.5 3.46191
9995.74 3.46195
9997.99 3.46199
10000.2 3.46203
10002.5 3.46207
10004.7 3.46212
10007 3.46216
10009.2 3.4622
10011.4 3.46224
10013.7 3.46228
10015.9 3.46232
10018.2 3.46236
10020.4 3.4624
10022.6 3.46244
10024.9 3.46248
10027.1 3.46252
10029.4 3.46256
10031.6 3.4626
10033.8 3.46264
10036.1 3.46268
10038.3 3.46272
10040.6 3.46276
10042.8 3.4628
10045.1 3.46284
10047.3 3.46288
10049.5 3.46292
10051.8 3.46296
10054 3.463
10056.3 3.46304
10058.5 3.46308
10060.8 3.46312
10063 3.46316
10065.2 3.4632
10067.5 3.46324
10069.7 3.46328
10072 3.46332
10074.2 3.46336
10076.4 3.4634
10078.7 3.46344
10080.9 3.46348
10083.2 3.46352
10085.4 3.46356
10087.7 3.4636
10089.9 3.46364
10092.1 3.46368
10094.4 3.46372
10096.6 3.46376
10098.9 3.4638
10101.1 3.46384
10103.4 3.46388
10105.6 3.46392
10107.8 3.46396
10110.1 3.464
10112.3 3.46404
10114.6 3.46408
10116.8 3.46412
10119.1 3.46416
10121.3 3.4642
10123.5 3.46424
10125.8 3.46428
10128 3.46432
10130.3 3.46436
10132.5 3.4644
10134.8 3.46444
10137 3.46448
10139.2 3.46452
10141.5 3.46456
10143.7 3.4646
10146 3.46464
10148.2 3.46468
10150.5 3.46472
10152.7 3.46476
10154.9 3.4648
10157.2 3.46484
10159.4 3.46488
10161.7 3.46491
10163.9 3.46495
10166.2 3.46499
10168.4 3.46503
10170.6 3.46507
10172.9 3.46511
10175.1 3.46515
10177.4 3.46519
10179.6 3.46523
10181.9 3.46527
10184.1 3.46531
10186.3 3.46535
10188.6 3.46539
10190.8 3.46543
10193.1 3.46547
10195.3 3.46551
10197.6 3.46555
10199.8 3.46559
10202.1 3.46563
10204.3 3.46567
10206.5 3.46571
10208.8 3.46575
10211 3.46579
10213.3 3.46583
10215.5 3.46586
10217.8 3.4659
10220 3.46594
10222.3 3.46598
10224.5 3.46602
10226.7 3.46606
10229 3.4661
10231.2 3.46614
10233.5 3.46618
10235.7 3.46622
10238 3.46626
10240.2 3.4663
10242.4 3.46634
10244.7 3.46638
10246.9 3.46642
10249.2 3.46645
10251.4 3.46649
10253.7 3.46653
10255.9 3.46657
10258.2 3.46661
10260.4 3.46665
10262.6 3.46669
10264.9 3.46673
10267.1 3.46677
10269.4 3.46681
10271.6 3.46685
10273.9 3.46689
10276.1 3.46693
10278.4 3.46697
10280.6 3.46701
10282.8 3.46704
10285.1 3.46708
10287.3 3.46712
10289.6 3.46716
10291.8 3.4672
10294.1 3.46724
10296.3 3.46728
10298.6 3.46732
10300.8 3.46736
10303 3.4674
10305.3 3.46744
10307.5 3.46747
10309.8 3.46751
10312 3.46755
10314.3 3.46759
10316.5 3.46763
10318.8 3.46767
10321 3.46771
10323.3 3.46775
10325.5 3.46779
10327.7 3.46783
10330 3.46787
10332.2 3.4679
10334.5 3.46794
10336.7 3.46798
10339 3.46802
10341.2 3.46806
10343.5 3.4681
10345.7 3.46814
10348 3.46818
10350.2 3.46822
10352.4 3.46825
10354.7 3.46829
10356.9 3.46833
10359.2 3.46837
10361.4 3.46841
10363.7 3.46845
10365.9 3.46849
10368.2 3.46853
10370.4 3.46857
10372.7 3.4686
10374.9 3.46864
10377.1 3.46868
10379.4 3.46872
10381.6 3.46876
10383.9 3.4688
10386.1 3.46884
10388.4 3.46888
10390.6 3.46892
10392.9 3.46895
10395.1 3.46899
10397.4 3.46903
10399.6 3.46907
10401.9 3.46911
10404.1 3.46915
10406.3 3.46919
10408.6 3.46922
10410.8 3.46926
10413.1 3.4693
10415.3 3.46934
10417.6 3.46938
10419.8 3.46942
10422.1 3.46946
10424.3 3.4695
10426.6 3.46953
10428.8 3.46957
10431.1 3.46961
10433.3 3.46965
10435.5 3.46969
10437.8 3.46973
10440 3.46977
10442.3 3.4698
10444.5 3.46984
10446.8 3.46988
10449 3.46992
10451.3 3.46996
10453.5 3.47
10455.8 3.47004
10458 3.47007
10460.3 3.47011
10462.5 3.47015
10464.8 3.47019
10467 3.47023
10469.2 3.47027
10471.5 3.47031
10473.7 3.47034
10476 3.47038
10478.2 3.47042
