0 0
0.0540302 0.0841471
0.124769 0.168371
0.212109 0.252752
0.31595 0.337369
0.436207 0.422304
0.572798 0.507641
0.725652 0.593465
0.894701 0.679861
1.07988 0.766915
1.28114 0.854713
1.4984 0.94334
1.7316 1.03288
1.98066 1.1234
2.2455 1.21498
2.52602 1.30767
2.82209 1.40152
3.13357 1.49654
3.46027 1.59271
3.80197 1.69
4.15843 1.78828
4.52935 1.88739
4.91441 1.98711
5.31325 2.0871
5.7255 2.18696
6.15078 2.28623
6.58873 2.38435
7.03902 2.48075
7.50136 2.57486
7.97548 2.66614
8.46118 2.75412
8.95824 2.83844
9.46648 2.91885
9.98568 2.99521
10.5156 3.06749
11.056 3.13574
11.6066 3.20008
12.1671 3.26069
12.7371 3.31776
13.3163 3.3715
13.9044 3.42214
14.501 3.4699
15.1057 3.51497
15.7182 3.55757
16.3382 3.59789
16.9654 3.63608
17.5994 3.67232
18.24 3.70675
18.8868 3.73951
19.5397 3.77072
20.1984 3.8005
20.8626 3.82893
21.5322 3.85613
22.2069 3.88217
22.8865 3.90714
23.5708 3.9311
24.2597 3.95412
24.953 3.97626
25.6506 3.99757
26.3522 4.01811
27.0578 4.03792
27.7673 4.05705
28.4804 4.07553
29.1971 4.0934
29.9173 4.11069
30.6408 4.12744
31.3677 4.14367
32.0976 4.15941
32.8307 4.17469
33.5667 4.18952
34.3057 4.20394
35.0475 4.21796
35.792 4.23159
36.5392 4.24487
37.289 4.2578
38.0414 4.27039
38.7962 4.28267
39.5535 4.29465
40.3131 4.30634
41.075 4.31775
41.8392 4.32889
42.6055 4.33978
43.3741 4.35042
44.1447 4.36083
44.9174 4.37101
45.6921 4.38097
46.4688 4.39072
47.2474 4.40027
48.0278 4.40963
48.8102 4.4188
49.5944 4.42778
50.3803 4.43659
51.168 4.44523
51.9574 4.45371
52.7485 4.46203
53.5412 4.4702
54.3356 4.47822
55.1315 4.48609
55.9291 4.49383
56.7281 4.50143
57.5287 4.5089
58.3307 4.51625
59.1343 4.52347
59.9392 4.53058
60.7456 4.53756
61.5533 4.54444
62.3624 4.55121
63.1729 4.55787
63.9847 4.56443
64.7978 4.57089
65.6122 4.57725
66.4278 4.58351
67.2447 4.58969
68.0628 4.59577
68.8821 4.60177
69.7027 4.60768
70.5244 4.6135
71.3473 4.61925
72.1713 4.62492
72.9964 4.63051
73.8227 4.63602
74.65 4.64146
75.4785 4.64683
76.308 4.65213
77.1385 4.65736
77.9701 4.66252
78.8028 4.66762
79.6364 4.67266
80.4711 4.67763
81.3067 4.68254
82.1433 4.68739
82.9809 4.69218
83.8195 4.69692
84.659 4.7016
85.4994 4.70622
86.3407 4.7108
87.183 4.71531
88.0262 4.71978
88.8702 4.7242
89.7152 4.72857
90.561 4.73289
91.4076 4.73716
92.2552 4.74138
93.1035 4.74556
93.9527 4.7497
94.8027 4.75379
95.6536 4.75784
96.5052 4.76185
97.3577 4.76581
98.2109 4.76974
99.0649 4.77362
99.9197 4.77747
100.775 4.78127
101.632 4.78504
102.489 4.78877
103.347 4.79247
104.205 4.79613
105.064 4.79976
105.924 4.80335
106.785 4.8069
107.647 4.81042
108.509 4.81391
109.372 4.81737
110.235 4.8208
111.099 4.82419
111.964 4.82756
112.83 4.83089
113.696 4.8342
114.563 4.83747
115.43 4.84072
116.299 4.84394
117.167 4.84713
118.037 4.85029
118.907 4.85343
119.778 4.85654
120.649 4.85962
121.521 4.86268
122.394 4.86571
123.267 4.86872
124.141 4.8717
125.015 4.87466
125.89 4.87759
126.766 4.8805
127.642 4.88339
128.518 4.88626
129.396 4.8891
130.274 4.89192
131.152 4.89472
132.031 4.89749
132.911 4.90025
133.791 4.90298
134.671 4.9057
135.552 4.90839
136.434 4.91106
137.316 4.91371
138.199 4.91635
139.082 4.91896
139.966 4.92156
140.851 4.92413
141.735 4.92669
142.621 4.92923
143.507 4.93175
144.393 4.93426
145.28 4.93674
146.167 4.93921
147.055 4.94166
147.944 4.94409
148.832 4.94651
149.722 4.94891
150.612 4.9513
151.502 4.95367
152.393 4.95602
153.284 4.95835
154.176 4.96068
155.068 4.96298
155.96 4.96527
156.853 4.96755
157.747 4.96981
158.641 4.97205
159.535 4.97429
160.43 4.9765
161.326 4.97871
162.221 4.9809
163.118 4.98307
164.014 4.98523
164.911 4.98738
165.809 4.98951
166.707 4.99164
167.605 4.99374
168.504 4.99584
169.403 4.99792
170.303 4.99999
171.203 5.00205
172.103 5.0041
173.004 5.00613
173.905 5.00815
174.807 5.01016
175.709 5.01216
176.611 5.01414
177.514 5.01612
178.417 5.01808
179.321 5.02003
180.225 5.02197
181.13 5.0239
182.034 5.02582
182.94 5.02773
183.845 5.02963
184.751 5.03151
185.657 5.03339
186.564 5.03525
187.471 5.03711
188.379 5.03895
189.286 5.04079
190.195 5.04261
191.103 5.04442
192.012 5.04623
192.921 5.04802
193.831 5.04981
194.741 5.05159
195.651 5.05335
196.562 5.05511
197.473 5.05686
198.384 5.0586
199.296 5.06033
200.208 5.06205
201.121 5.06376
202.033 5.06546
202.946 5.06716
203.86 5.06884
204.774 5.07052
205.688 5.07219
206.602 5.07385
207.517 5.0755
208.432 5.07714
209.348 5.07878
210.263 5.08041
211.179 5.08203
212.096 5.08364
213.013 5.08524
213.93 5.08684
214.847 5.08842
215.765 5.09
216.683 5.09158
217.601 5.09314
218.52 5.0947
219.439 5.09625
220.358 5.09779
221.277 5.09933
222.197 5.10086
223.117 5.10238
224.038 5.10389
224.959 5.1054
225.88 5.1069
226.801 5.10839
227.723 5.10988
228.645 5.11136
229.567 5.11283
230.49 5.1143
231.413 5.11576
232.336 5.11721
233.259 5.11866
234.183 5.1201
235.107 5.12153
236.031 5.12296
236.956 5.12438
237.881 5.12579
238.806 5.1272
239.731 5.1286
240.657 5.13
241.583 5.13139
242.509 5.13277
243.436 5.13415
244.363 5.13552
245.29 5.13689
246.217 5.13825
247.145 5.13961
248.073 5.14095
249.001 5.1423
249.93 5.14364
250.858 5.14497
251.787 5.14629
252.717 5.14761
253.646 5.14893
254.576 5.15024
255.506 5.15154
256.436 5.15284
257.367 5.15414
258.298 5.15543
259.229 5.15671
260.16 5.15799
261.092 5.15926
262.024 5.16053
262.956 5.16179
263.888 5.16305
264.821 5.1643
265.754 5.16555
266.687 5.16679
267.62 5.16803
268.554 5.16927
269.488 5.17049
270.422 5.17172
271.356 5.17294
272.291 5.17415
273.226 5.17536
274.161 5.17656
275.096 5.17776
276.031 5.17896
276.967 5.18015
277.903 5.18134
278.84 5.18252
279.776 5.1837
280.713 5.18487
281.65 5.18604
282.587 5.1872
283.525 5.18836
284.462 5.18952
285.4 5.19067
286.338 5.19182
287.277 5.19296
288.215 5.1941
289.154 5.19523
290.093 5.19636
291.032 5.19749
291.972 5.19861
292.912 5.19973
293.852 5.20085
294.792 5.20196
295.732 5.20306
296.673 5.20416
297.614 5.20526
298.555 5.20636
299.496 5.20745
300.437 5.20853
301.379 5.20962
302.321 5.2107
303.263 5.21177
304.206 5.21284
305.148 5.21391
306.091 5.21497
307.034 5.21603
307.977 5.21709
308.921 5.21814
309.864 5.21919
310.808 5.22024
311.752 5.22128
312.696 5.22232
313.641 5.22336
314.585 5.22439
315.53 5.22542
316.475 5.22644
317.421 5.22746
318.366 5.22848
319.312 5.2295
320.258 5.23051
321.204 5.23151
322.15 5.23252
323.097 5.23352
324.043 5.23452
324.99 5.23551
325.937 5.23651
326.885 5.23749
327.832 5.23848
328.78 5.23946
329.728 5.24044
330.676 5.24141
331.624 5.24239
332.573 5.24336
333.521 5.24432
334.47 5.24529
335.419 5.24625
336.369 5.2472
337.318 5.24816
338.268 5.24911
339.217 5.25006
340.168 5.251
341.118 5.25194
342.068 5.25288
343.019 5.25382
343.969 5.25475
344.92 5.25568
345.872 5.25661
346.823 5.25753
347.774 5.25845
348.726 5.25937
349.678 5.26029
350.63 5.2612
351.582 5.26211
352.535 5.26302
353.487 5.26393
354.44 5.26483
355.393 5.26573
356.346 5.26663
357.3 5.26752
358.253 5.26841
359.207 5.2693
360.161 5.27019
361.115 5.27107
362.069 5.27195
363.023 5.27283
363.978 5.27371
364.933 5.27458
365.887 5.27545
366.843 5.27632
367.798 5.27718
368.753 5.27805
369.709 5.27891
370.665 5.27977
371.621 5.28062
372.577 5.28148
373.533 5.28233
374.49 5.28318
375.446 5.28402
376.403 5.28486
377.36 5.28571
378.317 5.28654
379.274 5.28738
380.232 5.28822
381.19 5.28905
382.147 5.28988
383.105 5.2907
384.064 5.29153
385.022 5.29235
385.98 5.29317
386.939 5.29399
387.898 5.2948
388.857 5.29562
389.816 5.29643
390.775 5.29724
391.735 5.29804
392.694 5.29885
393.654 5.29965
394.614 5.30045
395.574 5.30125
396.534 5.30205
397.495 5.30284
398.455 5.30363
399.416 5.30442
400.377 5.30521
401.338 5.30599
402.299 5.30678
403.26 5.30756
404.222 5.30833
405.184 5.30911
406.145 5.30989
407.107 5.31066
408.07 5.31143
409.032 5.3122
409.994 5.31296
410.957 5.31373
411.92 5.31449
412.883 5.31525
413.846 5.31601
414.809 5.31677
415.772 5.31752
416.736 5.31828
417.699 5.31903
418.663 5.31978
419.627 5.32052
420.591 5.32127
421.555 5.32201
422.52 5.32275
423.484 5.32349
424.449 5.32423
425.414 5.32496
426.379 5.3257
427.344 5.32643
428.309 5.32716
429.275 5.32789
430.24 5.32861
431.206 5.32934
432.172 5.33006
433.138 5.33078
434.104 5.3315
435.07 5.33222
436.037 5.33294
437.003 5.33365
437.97 5.33436
438.937 5.33507
439.904 5.33578
440.871 5.33649
441.839 5.33719
442.806 5.3379
443.774 5.3386
444.741 5.3393
445.709 5.34
446.677 5.34069
447.645 5.34139
448.614 5.34208
449.582 5.34277
450.551 5.34346
451.519 5.34415
452.488 5.34484
453.457 5.34552
454.426 5.3462
455.395 5.34689
456.365 5.34757
457.334 5.34825
458.304 5.34892
459.274 5.3496
460.244 5.35027
461.214 5.35094
462.184 5.35161
463.154 5.35228
464.125 5.35295
465.095 5.35362
466.066 5.35428
467.037 5.35494
468.008 5.3556
468.979 5.35626
469.95 5.35692
470.922 5.35758
471.893 5.35823
472.865 5.35889
473.837 5.35954
474.808 5.36019
475.781 5.36084
476.753 5.36149
477.725 5.36213
478.697 5.36278
479.67 5.36342
480.643 5.36406
481.615 5.3647
482.588 5.36534
483.561 5.36598
484.535 5.36662
485.508 5.36725
486.481 5.36789
487.455 5.36852
488.429 5.36915
489.403 5.36978
490.377 5.3704
491.351 5.37103
492.325 5.37166
493.299 5.37228
494.274 5.3729
495.248 5.37352
496.223 5.37414
497.198 5.37476
498.173 5.37538
499.148 5.37599
500.123 5.37661
501.098 5.37722
502.074 5.37783
503.049 5.37844
504.025 5.37905
505.001 5.37966
505.977 5.38026
506.953 5.38087
507.929 5.38147
508.905 5.38207
509.882 5.38267
510.858 5.38327
511.835 5.38387
512.812 5.38447
513.788 5.38507
514.765 5.38566
515.742 5.38625
516.72 5.38685
517.697 5.38744
518.675 5.38803
519.652 5.38862
520.63 5.3892
521.608 5.38979
522.586 5.39037
523.564 5.39096
524.542 5.39154
525.52 5.39212
526.499 5.3927
527.477 5.39328
528.456 5.39386
529.435 5.39443
530.414 5.39501
531.393 5.39558
532.372 5.39615
533.351 5.39673
534.33 5.3973
535.31 5.39787
536.289 5.39843
537.269 5.399
538.249 5.39957
539.229 5.40013
540.209 5.40069
541.189 5.40126
542.169 5.40182
543.149 5.40238
544.13 5.40294
545.111 5.4035
546.091 5.40405
547.072 5.40461
548.053 5.40516
549.034 5.40572
550.015 5.40627
550.996 5.40682
551.978 5.40737
552.959 5.40792
553.941 5.40847
554.922 5.40901
555.904 5.40956
556.886 5.4101
557.868 5.41065
558.85 5.41119
559.833 5.41173
560.815 5.41227
561.797 5.41281
562.78 5.41335
563.763 5.41389
564.745 5.41442
565.728 5.41496
566.711 5.41549
567.694 5.41603
568.678 5.41656
569.661 5.41709
570.644 5.41762
571.628 5.41815
572.612 5.41868
573.595 5.41921
574.579 5.41973
575.563 5.42026
576.547 5.42078
577.531 5.4213
578.516 5.42183
579.5 5.42235
580.484 5.42287
581.469 5.42339
582.454 5.42391
583.438 5.42442
584.423 5.42494
585.408 5.42546
586.393 5.42597
587.379 5.42648
588.364 5.427
589.349 5.42751
590.335 5.42802
591.32 5.42853
592.306 5.42904
593.292 5.42954
594.278 5.43005
595.264 5.43056
596.25 5.43106
597.236 5.43157
598.222 5.43207
599.209 5.43257
600.195 5.43307
601.182 5.43357
602.169 5.43407
603.155 5.43457
604.142 5.43507
605.129 5.43557
606.116 5.43606
607.104 5.43656
608.091 5.43705
609.078 5.43754
610.066 5.43804
611.054 5.43853
612.041 5.43902
613.029 5.43951
614.017 5.44
615.005 5.44048
615.993 5.44097
616.981 5.44146
617.97 5.44194
618.958 5.44243
619.946 5.44291
620.935 5.44339
621.924 5.44388
622.912 5.44436
623.901 5.44484
624.89 5.44532
625.879 5.44579
626.869 5.44627
627.858 5.44675
628.847 5.44722
629.837 5.4477
630.826 5.44817
631.816 5.44865
632.806 5.44912
633.795 5.44959
634.785 5.45006
635.775 5.45053
636.765 5.451
637.756 5.45147
638.746 5.45194
639.736 5.45241
640.727 5.45287
641.717 5.45334
642.708 5.4538
643.699 5.45427
644.69 5.45473
645.681 5.45519
646.672 5.45565
647.663 5.45611
648.654 5.45657
649.645 5.45703
650.637 5.45749
651.628 5.45795
652.62 5.45841
653.612 5.45886
654.603 5.45932
655.595 5.45977
656.587 5.46022
657.579 5.46068
658.571 5.46113
659.564 5.46158
660.556 5.46203
661.548 5.46248
662.541 5.46293
663.533 5.46338
664.526 5.46383
665.519 5.46427
666.512 5.46472
667.505 5.46517
668.498 5.46561
669.491 5.46605
670.484 5.4665
671.477 5.46694
672.471 5.46738
673.464 5.46782
674.458 5.46826
675.451 5.4687
676.445 5.46914
677.439 5.46958
678.433 5.47002
679.427 5.47046
680.421 5.47089
681.415 5.47133
682.409 5.47176
683.404 5.4722
684.398 5.47263
685.393 5.47306
686.387 5.47349
687.382 5.47392
688.377 5.47436
689.372 5.47478
690.367 5.47521
691.362 5.47564
692.357 5.47607
693.352 5.4765
694.347 5.47692
695.343 5.47735
696.338 5.47777
697.334 5.4782
698.329 5.47862
699.325 5.47905
700.321 5.47947
701.317 5.47989
702.313 5.48031
703.309 5.48073
704.305 5.48115
705.301 5.48157
706.297 5.48199
707.294 5.48241
708.29 5.48282
709.287 5.48324
710.284 5.48366
711.28 5.48407
712.277 5.48449
713.274 5.4849
714.271 5.48531
715.268 5.48572
716.265 5.48614
717.262 5.48655
718.26 5.48696
719.257 5.48737
720.255 5.48778
721.252 5.48819
722.25 5.4886
723.248 5.489
724.245 5.48941
725.243 5.48982
726.241 5.49022
727.239 5.49063
728.237 5.49103
729.236 5.49144
730.234 5.49184
731.232 5.49224
732.231 5.49264
733.229 5.49304
734.228 5.49345
735.227 5.49385
736.225 5.49425
737.224 5.49464
738.223 5.49504
739.222 5.49544
740.221 5.49584
741.22 5.49623
742.22 5.49663
743.219 5.49703
744.218 5.49742
745.218 5.49782
746.217 5.49821
747.217 5.4986
748.217 5.49899
749.217 5.49939
750.216 5.49978
751.216 5.50017
752.216 5.50056
753.217 5.50095
754.217 5.50134
755.217 5.50173
756.217 5.50211
757.218 5.5025
758.218 5.50289
759.219 5.50327
760.219 5.50366
761.22 5.50405
762.221 5.50443
763.222 5.50481
764.223 5.5052
765.224 5.50558
766.225 5.50596
767.226 5.50634
768.228 5.50673
769.229 5.50711
770.23 5.50749
771.232 5.50787
772.233 5.50824
773.235 5.50862
774.237 5.509
775.239 5.50938
776.24 5.50976
777.242 5.51013
778.244 5.51051
779.247 5.51088
780.249 5.51126
781.251 5.51163
782.253 5.51201
783.256 5.51238
784.258 5.51275
785.261 5.51312
786.263 5.51349
787.266 5.51387
788.269 5.51424
789.272 5.51461
790.275 5.51498
791.278 5.51534
792.281 5.51571
793.284 5.51608
794.287 5.51645
795.29 5.51682
796.294 5.51718
797.297 5.51755
798.301 5.51791
799.304 5.51828
800.308 5.51864
801.312 5.51901
802.315 5.51937
803.319 5.51973
804.323 5.52009
805.327 5.52046
806.331 5.52082
807.336 5.52118
808.34 5.52154
809.344 5.5219
810.348 5.52226
811.353 5.52262
812.357 5.52298
813.362 5.52333
814.367 5.52369
815.371 5.52405
816.376 5.5244
817.381 5.52476
818.386 5.52511
819.391 5.52547
820.396 5.52582
821.401 5.52618
822.407 5.52653
823.412 5.52688
824.417 5.52724
825.423 5.52759
826.428 5.52794
827.434 5.52829
828.439 5.52864
829.445 5.52899
830.451 5.52934
831.457 5.52969
832.463 5.53004
833.469 5.53039
834.475 5.53073
835.481 5.53108
836.487 5.53143
837.494 5.53178
838.5 5.53212
839.506 5.53247
840.513 5.53281
841.519 5.53316
842.526 5.5335
843.533 5.53385
844.539 5.53419
845.546 5.53453
846.553 5.53487
847.56 5.53522
848.567 5.53556
849.574 5.5359
850.582 5.53624
851.589 5.53658
852.596 5.53692
853.604 5.53726
854.611 5.5376
855.618 5.53793
856.626 5.53827
857.634 5.53861
858.641 5.53895
859.649 5.53928
860.657 5.53962
861.665 5.53996
862.673 5.54029
863.681 5.54063
864.689 5.54096
865.697 5.54129
866.706 5.54163
867.714 5.54196
868.722 5.54229
869.731 5.54263
870.739 5.54296
871.748 5.54329
872.757 5.54362
873.765 5.54395
874.774 5.54428
875.783 5.54461
876.792 5.54494
877.801 5.54527
878.81 5.5456
879.819 5.54593
880.828 5.54625
881.838 5.54658
882.847 5.54691
883.856 5.54723
884.866 5.54756
885.875 5.54789
886.885 5.54821
887.894 5.54854
888.904 5.54886
889.914 5.54918
890.924 5.54951
891.934 5.54983
892.944 5.55015
893.954 5.55048
894.964 5.5508
895.974 5.55112
896.984 5.55144
897.994 5.55176
899.005 5.55208
900.015 5.5524
901.026 5.55272
902.036 5.55304
903.047 5.55336
904.058 5.55368
905.068 5.554
906.079 5.55431
907.09 5.55463
908.101 5.55495
909.112 5.55526
910.123 5.55558
911.134 5.55589
912.145 5.55621
913.156 5.55652
914.168 5.55684
915.179 5.55715
916.19 5.55747
917.202 5.55778
918.214 5.55809
919.225 5.55841
920.237 5.55872
921.248 5.55903
922.26 5.55934
923.272 5.55965
924.284 5.55996
925.296 5.56027
926.308 5.56058
927.32 5.56089
928.332 5.5612
929.345 5.56151
930.357 5.56182
931.369 5.56213
932.382 5.56244
933.394 5.56274
934.407 5.56305
935.42 5.56336
936.432 5.56366
937.445 5.56397
938.458 5.56427
939.471 5.56458
940.484 5.56488
941.497 5.56519
942.51 5.56549
943.523 5.5658
944.536 5.5661
945.549 5.5664
946.563 5.5667
947.576 5.56701
948.589 5.56731
949.603 5.56761
950.616 5.56791
951.63 5.56821
952.644 5.56851
953.657 5.56881
954.671 5.56911
955.685 5.56941
956.699 5.56971
957.713 5.57001
958.727 5.57031
959.741 5.57061
960.755 5.5709
961.769 5.5712
962.783 5.5715
963.797 5.57179
964.812 5.57209
965.826 5.57239
966.841 5.57268
967.855 5.57298
968.87 5.57327
969.884 5.57357
970.899 5.57386
971.914 5.57416
972.929 5.57445
973.944 5.57474
974.959 5.57504
975.974 5.57533
976.989 5.57562
978.004 5.57591
979.019 5.5762
980.034 5.57649
981.05 5.57679
982.065 5.57708
983.08 5.57737
984.096 5.57766
985.111 5.57795
986.127 5.57824
987.143 5.57852
988.158 5.57881
989.174 5.5791
990.19 5.57939
991.206 5.57968
992.222 5.57996
993.238 5.58025
994.254 5.58054
995.27 5.58082
996.286 5.58111
997.302 5.58139
998.319 5.58168
999.335 5.58196
1000.35 5.58225
1001.37 5.58253
1002.38 5.58282
1003.4 5.5831
1004.42 5.58338
1005.43 5.58367
1006.45 5.58395
1007.47 5.58423
1008.48 5.58452
1009.5 5.5848
1010.52 5.58508
1011.54 5.58536
1012.55 5.58564
1013.57 5.58592
1014.59 5.5862
1015.6 5.58648
1016.62 5.58676
1017.64 5.58704
1018.66 5.58732
1019.67 5.5876
1020.69 5.58788
1021.71 5.58815
1022.73 5.58843
1023.74 5.58871
1024.76 5.58899
1025.78 5.58926
1026.8 5.58954
1027.82 5.58982
1028.83 5.59009
1029.85 5.59037
1030.87 5.59064
1031.89 5.59092
1032.91 5.59119
1033.92 5.59147
1034.94 5.59174
1035.96 5.59202
1036.98 5.59229
1038 5.59256
1039.02 5.59284
1040.03 5.59311
1041.05 5.59338
1042.07 5.59365
1043.09 5.59393
1044.11 5.5942
1045.13 5.59447
1046.15 5.59474
1047.17 5.59501
1048.18 5.59528
1049.2 5.59555
1050.22 5.59582
1051.24 5.59609
1052.26 5.59636
1053.28 5.59663
1054.3 5.5969
1055.32 5.59717
1056.34 5.59743
1057.36 5.5977
1058.38 5.59797
1059.4 5.59824
1060.42 5.5985
1061.44 5.59877
1062.46 5.59904
1063.48 5.5993
1064.5 5.59957
1065.52 5.59983
1066.54 5.6001
1067.56 5.60036
1068.58 5.60063
1069.6 5.60089
1070.62 5.60116
1071.64 5.60142
1072.66 5.60168
1073.68 5.60195
1074.7 5.60221
1075.72 5.60247
1076.74 5.60274
1077.76 5.603
1078.78 5.60326
1079.8 5.60352
1080.82 5.60378
1081.84 5.60404
1082.86 5.6043
1083.88 5.60457
1084.9 5.60483
1085.93 5.60509
1086.95 5.60535
1087.97 5.6056
1088.99 5.60586
1090.01 5.60612
1091.03 5.60638
1092.05 5.60664
1093.07 5.6069
1094.1 5.60716
1095.12 5.60741
1096.14 5.60767
1097.16 5.60793
1098.18 5.60818
1099.2 5.60844
1100.22 5.6087
1101.25 5.60895
1102.27 5.60921
1103.29 5.60946
1104.31 5.60972
1105.33 5.60997
1106.36 5.61023
1107.38 5.61048
1108.4 5.61074
1109.42 5.61099
1110.44 5.61125
1111.47 5.6115
1112.49 5.61175
1113.51 5.61201
1114.53 5.61226
1115.56 5.61251
1116.58 5.61276
1117.6 5.61301
1118.62 5.61327
1119.65 5.61352
1120.67 5.61377
1121.69 5.61402
1122.71 5.61427
1123.74 5.61452
1124.76 5.61477
1125.78 5.61502
1126.81 5.61527
1127.83 5.61552
1128.85 5.61577
1129.88 5.61602
1130.9 5.61627
1131.92 5.61652
1132.95 5.61676
1133.97 5.61701
1134.99 5.61726
1136.02 5.61751
1137.04 5.61775
1138.06 5.618
1139.09 5.61825
1140.11 5.61849
1141.13 5.61874
1142.16 5.61899
1143.18 5.61923
1144.2 5.61948
1145.23 5.61972
1146.25 5.61997
1147.28 5.62021
1148.3 5.62046
1149.32 5.6207
1150.35 5.62094
1151.37 5.62119
1152.4 5.62143
1153.42 5.62167
1154.45 5.62192
1155.47 5.62216
1156.49 5.6224
1157.52 5.62265
1158.54 5.62289
1159.57 5.62313
1160.59 5.62337
1161.62 5.62361
1162.64 5.62385
1163.67 5.62409
1164.69 5.62434
1165.72 5.62458
1166.74 5.62482
1167.77 5.62506
1168.79 5.6253
1169.82 5.62554
1170.84 5.62577
1171.87 5.62601
1172.89 5.62625
1173.92 5.62649
1174.94 5.62673
1175.97 5.62697
1176.99 5.6272
1178.02 5.62744
1179.04 5.62768
1180.07 5.62792
1181.1 5.62815
1182.12 5.62839
1183.15 5.62863
1184.17 5.62886
1185.2 5.6291
1186.22 5.62934
1187.25 5.62957
1188.28 5.62981
1189.3 5.63004
1190.33 5.63028
1191.35 5.63051
1192.38 5.63075
1193.41 5.63098
1194.43 5.63122
1195.46 5.63145
1196.49 5.63168
1197.51 5.63192
1198.54 5.63215
1199.56 5.63238
1200.59 5.63262
1201.62 5.63285
1202.64 5.63308
1203.67 5.63331
1204.7 5.63354
1205.72 5.63378
1206.75 5.63401
1207.78 5.63424
1208.8 5.63447
1209.83 5.6347
1210.86 5.63493
1211.89 5.63516
1212.91 5.63539
1213.94 5.63562
1214.97 5.63585
1215.99 5.63608
1217.02 5.63631
1218.05 5.63654
1219.08 5.63677
1220.1 5.637
1221.13 5.63723
1222.16 5.63745
1223.19 5.63768
1224.21 5.63791
1225.24 5.63814
1226.27 5.63836
1227.3 5.63859
1228.32 5.63882
1229.35 5.63905
1230.38 5.63927
1231.41 5.6395
1232.43 5.63972
1233.46 5.63995
1234.49 5.64018
1235.52 5.6404
1236.55 5.64063
1237.57 5.64085
1238.6 5.64108
1239.63 5.6413
1240.66 5.64153
1241.69 5.64175
1242.72 5.64197
1243.74 5.6422
1244.77 5.64242
1245.8 5.64265
1246.83 5.64287
1247.86 5.64309
1248.89 5.64331
1249.92 5.64354
1250.94 5.64376
1251.97 5.64398
1253 5.6442
1254.03 5.64443
1255.06 5.64465
1256.09 5.64487
1257.12 5.64509
1258.15 5.64531
1259.18 5.64553
1260.2 5.64575
1261.23 5.64597
1262.26 5.64619
1263.29 5.64641
1264.32 5.64663
1265.35 5.64685
1266.38 5.64707
1267.41 5.64729
1268.44 5.64751
1269.47 5.64773
1270.5 5.64795
1271.53 5.64817
1272.56 5.64839
1273.59 5.6486
1274.62 5.64882
1275.65 5.64904
1276.68 5.64926
1277.71 5.64947
1278.74 5.64969
1279.77 5.64991
1280.8 5.65013
1281.83 5.65034
1282.86 5.65056
1283.89 5.65077
1284.92 5.65099
1285.95 5.65121
1286.98 5.65142
1288.01 5.65164
1289.04 5.65185
1290.07 5.65207
1291.1 5.65228
1292.13 5.6525
1293.16 5.65271
1294.19 5.65293
1295.22 5.65314
1296.25 5.65335
1297.28 5.65357
1298.31 5.65378
1299.34 5.65399
1300.37 5.65421
1301.41 5.65442
1302.44 5.65463
1303.47 5.65485
1304.5 5.65506
1305.53 5.65527
1306.56 5.65548
1307.59 5.65569
1308.62 5.65591
1309.65 5.65612
1310.68 5.65633
1311.72 5.65654
1312.75 5.65675
1313.78 5.65696
1314.81 5.65717
1315.84 5.65738
1316.87 5.65759
1317.9 5.6578
1318.94 5.65801
1319.97 5.65822
1321 5.65843
1322.03 5.65864
1323.06 5.65885
1324.09 5.65906
1325.13 5.65927
1326.16 5.65948
1327.19 5.65969
1328.22 5.65989
1329.25 5.6601
1330.29 5.66031
1331.32 5.66052
1332.35 5.66073
1333.38 5.66093
1334.41 5.66114
1335.45 5.66135
1336.48 5.66155
1337.51 5.66176
1338.54 5.66197
1339.58 5.66217
1340.61 5.66238
1341.64 5.66259
1342.67 5.66279
1343.71 5.663
1344.74 5.6632
1345.77 5.66341
1346.8 5.66361
1347.84 5.66382
1348.87 5.66402
1349.9 5.66423
1350.93 5.66443
1351.97 5.66464
1353 5.66484
1354.03 5.66504
1355.07 5.66525
1356.1 5.66545
1357.13 5.66565
1358.17 5.66586
1359.2 5.66606
1360.23 5.66626
1361.27 5.66647
1362.3 5.66667
1363.33 5.66687
1364.37 5.66707
1365.4 5.66727
1366.43 5.66748
1367.47 5.66768
1368.5 5.66788
1369.53 5.66808
1370.57 5.66828
1371.6 5.66848
1372.63 5.66868
1373.67 5.66889
1374.7 5.66909
1375.74 5.66929
1376.77 5.66949
1377.8 5.66969
1378.84 5.66989
1379.87 5.67009
1380.9 5.67029
1381.94 5.67048
1382.97 5.67068
1384.01 5.67088
1385.04 5.67108
1386.08 5.67128
1387.11 5.67148
1388.14 5.67168
1389.18 5.67188
1390.21 5.67207
1391.25 5.67227
1392.28 5.67247
1393.32 5.67267
1394.35 5.67286
1395.39 5.67306
1396.42 5.67326
1397.45 5.67346
1398.49 5.67365
1399.52 5.67385
1400.56 5.67405
1401.59 5.67424
1402.63 5.67444
1403.66 5.67463
1404.7 5.67483
1405.73 5.67502
1406.77 5.67522
1407.8 5.67542
1408.84 5.67561
1409.87 5.67581
1410.91 5.676
1411.94 5.6762
1412.98 5.67639
1414.01 5.67658
1415.05 5.67678
1416.09 5.67697
1417.12 5.67717
1418.16 5.67736
1419.19 5.67755
1420.23 5.67775
1421.26 5.67794
1422.3 5.67813
1423.33 5.67833
1424.37 5.67852
1425.41 5.67871
1426.44 5.67891
1427.48 5.6791
1428.51 5.67929
1429.55 5.67948
1430.58 5.67967
1431.62 5.67986
1432.66 5.68006
1433.69 5.68025
1434.73 5.68044
1435.76 5.68063
1436.8 5.68082
1437.84 5.68101
1438.87 5.6812
1439.91 5.68139
1440.95 5.68158
1441.98 5.68177
1443.02 5.68196
1444.05 5.68215
1445.09 5.68234
1446.13 5.68253
1447.16 5.68272
1448.2 5.68291
1449.24 5.6831
1450.27 5.68329
1451.31 5.68348
1452.35 5.68367
1453.38 5.68386
1454.42 5.68405
1455.46 5.68423
1456.49 5.68442
1457.53 5.68461
1458.57 5.6848
1459.6 5.68499
1460.64 5.68517
1461.68 5.68536
1462.72 5.68555
1463.75 5.68573
1464.79 5.68592
1465.83 5.68611
1466.86 5.6863
1467.9 5.68648
1468.94 5.68667
1469.98 5.68685
1471.01 5.68704
1472.05 5.68723
1473.09 5.68741
1474.13 5.6876
1475.16 5.68778
1476.2 5.68797
1477.24 5.68815
1478.28 5.68834
1479.31 5.68852
1480.35 5.68871
1481.39 5.68889
1482.43 5.68908
1483.47 5.68926
1484.5 5.68945
1485.54 5.68963
1486.58 5.68982
1487.62 5.69
1488.65 5.69018
1489.69 5.69037
1490.73 5.69055
1491.77 5.69073
1492.81 5.69092
1493.85 5.6911
1494.88 5.69128
1495.92 5.69146
1496.96 5.69165
1498 5.69183
1499.04 5.69201
1500.08 5.69219
1501.11 5.69238
1502.15 5.69256
1503.19 5.69274
1504.23 5.69292
1505.27 5.6931
1506.31 5.69328
1507.34 5.69347
1508.38 5.69365
1509.42 5.69383
1510.46 5.69401
1511.5 5.69419
1512.54 5.69437
1513.58 5.69455
1514.62 5.69473
1515.66 5.69491
1516.69 5.69509
1517.73 5.69527
1518.77 5.69545
1519.81 5.69563
1520.85 5.69581
1521.89 5.69599
1522.93 5.69617
1523.97 5.69635
1525.01 5.69652
1526.05 5.6967
1527.09 5.69688
1528.13 5.69706
1529.17 5.69724
1530.2 5.69742
1531.24 5.6976
1532.28 5.69777
1533.32 5.69795
1534.36 5.69813
1535.4 5.69831
1536.44 5.69848
1537.48 5.69866
1538.52 5.69884
1539.56 5.69902
1540.6 5.69919
1541.64 5.69937
1542.68 5.69955
1543.72 5.69972
1544.76 5.6999
1545.8 5.70007
1546.84 5.70025
1547.88 5.70043
1548.92 5.7006
1549.96 5.70078
1551 5.70095
1552.04 5.70113
1553.08 5.7013
1554.12 5.70148
1555.16 5.70165
1556.2 5.70183
1557.24 5.702
1558.28 5.70218
1559.32 5.70235
1560.36 5.70253
1561.4 5.7027
1562.44 5.70288
1563.49 5.70305
1564.53 5.70322
1565.57 5.7034
1566.61 5.70357
1567.65 5.70375
1568.69 5.70392
1569.73 5.70409
1570.77 5.70427
1571.81 5.70444
1572.85 5.70461
1573.89 5.70478
1574.93 5.70496
1575.98 5.70513
1577.02 5.7053
1578.06 5.70547
1579.1 5.70565
1580.14 5.70582
1581.18 5.70599
1582.22 5.70616
1583.26 5.70633
1584.3 5.7065
1585.35 5.70668
1586.39 5.70685
1587.43 5.70702
1588.47 5.70719
1589.51 5.70736
1590.55 5.70753
1591.59 5.7077
1592.64 5.70787
1593.68 5.70804
1594.72 5.70821
1595.76 5.70838
1596.8 5.70855
1597.84 5.70872
1598.89 5.70889
1599.93 5.70906
1600.97 5.70923
1602.01 5.7094
1603.05 5.70957
1604.09 5.70974
1605.14 5.70991
1606.18 5.71008
1607.22 5.71025
1608.26 5.71042
1609.3 5.71058
1610.35 5.71075
1611.39 5.71092
1612.43 5.71109
1613.47 5.71126
1614.52 5.71143
1615.56 5.71159
1616.6 5.71176
1617.64 5.71193
1618.69 5.7121
1619.73 5.71226
1620.77 5.71243
1621.81 5.7126
1622.85 5.71277
1623.9 5.71293
1624.94 5.7131
1625.98 5.71327
1627.03 5.71343
1628.07 5.7136
1629.11 5.71377
1630.15 5.71393
1631.2 5.7141
1632.24 5.71426
1633.28 5.71443
1634.32 5.7146
1635.37 5.71476
1636.41 5.71493
1637.45 5.71509
1638.5 5.71526
1639.54 5.71542
1640.58 5.71559
1641.63 5.71575
1642.67 5.71592
1643.71 5.71608
1644.76 5.71625
1645.8 5.71641
1646.84 5.71658
1647.89 5.71674
1648.93 5.7169
1649.97 5.71707
1651.02 5.71723
1652.06 5.7174
1653.1 5.71756
1654.15 5.71772
1655.19 5.71789
1656.23 5.71805
1657.28 5.71821
1658.32 5.71838
1659.36 5.71854
1660.41 5.7187
1661.45 5.71886
1662.5 5.71903
1663.54 5.71919
1664.58 5.71935
1665.63 5.71951
1666.67 5.71968
1667.71 5.71984
1668.76 5.72
1669.8 5.72016
1670.85 5.72032
1671.89 5.72049
1672.93 5.72065
1673.98 5.72081
1675.02 5.72097
1676.07 5.72113
1677.11 5.72129
1678.16 5.72145
1679.2 5.72162
1680.24 5.72178
1681.29 5.72194
1682.33 5.7221
1683.38 5.72226
1684.42 5.72242
1685.47 5.72258
1686.51 5.72274
1687.56 5.7229
1688.6 5.72306
1689.64 5.72322
1690.69 5.72338
1691.73 5.72354
1692.78 5.7237
1693.82 5.72386
1694.87 5.72402
1695.91 5.72417
1696.96 5.72433
1698 5.72449
1699.05 5.72465
1700.09 5.72481
1701.14 5.72497
1702.18 5.72513
1703.23 5.72529
1704.27 5.72544
1705.32 5.7256
1706.36 5.72576
1707.41 5.72592
1708.45 5.72608
1709.5 5.72623
1710.54 5.72639
1711.59 5.72655
1712.63 5.72671
1713.68 5.72686
1714.73 5.72702
1715.77 5.72718
1716.82 5.72734
1717.86 5.72749
1718.91 5.72765
1719.95 5.72781
1721 5.72796
1722.04 5.72812
1723.09 5.72828
1724.13 5.72843
1725.18 5.72859
1726.23 5.72874
1727.27 5.7289
1728.32 5.72906
1729.36 5.72921
1730.41 5.72937
1731.46 5.72952
1732.5 5.72968
1733.55 5.72983
1734.59 5.72999
1735.64 5.73014
1736.69 5.7303
1737.73 5.73045
1738.78 5.73061
1739.82 5.73076
1740.87 5.73092
1741.92 5.73107
1742.96 5.73123
1744.01 5.73138
1745.05 5.73154
1746.1 5.73169
1747.15 5.73184
1748.19 5.732
1749.24 5.73215
1750.29 5.73231
1751.33 5.73246
1752.38 5.73261
1753.43 5.73277
1754.47 5.73292
1755.52 5.73307
1756.57 5.73323
1757.61 5.73338
1758.66 5.73353
1759.71 5.73369
1760.75 5.73384
1761.8 5.73399
1762.85 5.73414
1763.89 5.7343
1764.94 5.73445
1765.99 5.7346
1767.03 5.73475
1768.08 5.7349
1769.13 5.73506
1770.17 5.73521
1771.22 5.73536
1772.27 5.73551
1773.32 5.73566
1774.36 5.73581
1775.41 5.73597
1776.46 5.73612
1777.5 5.73627
1778.55 5.73642
1779.6 5.73657
1780.65 5.73672
1781.69 5.73687
1782.74 5.73702
1783.79 5.73717
1784.84 5.73732
1785.88 5.73747
1786.93 5.73762
1787.98 5.73777
1789.03 5.73792
1790.07 5.73807
1791.12 5.73822
1792.17 5.73837
1793.22 5.73852
1794.26 5.73867
1795.31 5.73882
1796.36 5.73897
1797.41 5.73912
1798.46 5.73927
1799.5 5.73942
1800.55 5.73957
1801.6 5.73972
1802.65 5.73987
1803.69 5.74002
1804.74 5.74016
1805.79 5.74031
1806.84 5.74046
1807.89 5.74061
1808.94 5.74076
1809.98 5.74091
1811.03 5.74105
1812.08 5.7412
1813.13 5.74135
1814.18 5.7415
1815.22 5.74165
1816.27 5.74179
1817.32 5.74194
1818.37 5.74209
1819.42 5.74224
1820.47 5.74238
1821.51 5.74253
1822.56 5.74268
1823.61 5.74282
1824.66 5.74297
1825.71 5.74312
1826.76 5.74326
1827.81 5.74341
1828.86 5.74356
1829.9 5.7437
1830.95 5.74385
1832 5.744
1833.05 5.74414
1834.1 5.74429
1835.15 5.74443
1836.2 5.74458
1837.25 5.74473
1838.29 5.74487
1839.34 5.74502
1840.39 5.74516
1841.44 5.74531
1842.49 5.74545
1843.54 5.7456
1844.59 5.74574
1845.64 5.74589
1846.69 5.74603
1847.74 5.74618
1848.79 5.74632
1849.83 5.74647
1850.88 5.74661
1851.93 5.74676
1852.98 5.7469
1854.03 5.74705
1855.08 5.74719
1856.13 5.74733
1857.18 5.74748
1858.23 5.74762
1859.28 5.74777
1860.33 5.74791
1861.38 5.74805
1862.43 5.7482
1863.48 5.74834
1864.53 5.74848
1865.58 5.74863
1866.63 5.74877
1867.68 5.74891
1868.73 5.74906
1869.78 5.7492
1870.83 5.74934
1871.88 5.74949
1872.93 5.74963
1873.98 5.74977
1875.03 5.74991
1876.08 5.75006
1877.13 5.7502
1878.18 5.75034
1879.23 5.75048
1880.28 5.75062
1881.33 5.75077
1882.38 5.75091
1883.43 5.75105
1884.48 5.75119
1885.53 5.75133
1886.58 5.75148
1887.63 5.75162
1888.68 5.75176
1889.73 5.7519
1890.78 5.75204
1891.83 5.75218
1892.88 5.75232
1893.93 5.75246
1894.98 5.7526
1896.03 5.75275
1897.08 5.75289
1898.13 5.75303
1899.18 5.75317
1900.23 5.75331
1901.28 5.75345
1902.33 5.75359
1903.39 5.75373
1904.44 5.75387
1905.49 5.75401
1906.54 5.75415
1907.59 5.75429
1908.64 5.75443
1909.69 5.75457
1910.74 5.75471
1911.79 5.75485
1912.84 5.75499
1913.89 5.75513
1914.95 5.75527
1916 5.7554
1917.05 5.75554
1918.1 5.75568
1919.15 5.75582
1920.2 5.75596
1921.25 5.7561
1922.3 5.75624
1923.35 5.75638
1924.41 5.75652
1925.46 5.75665
1926.51 5.75679
1927.56 5.75693
1928.61 5.75707
1929.66 5.75721
1930.71 5.75734
1931.77 5.75748
1932.82 5.75762
1933.87 5.75776
1934.92 5.7579
1935.97 5.75803
1937.02 5.75817
1938.07 5.75831
1939.13 5.75845
1940.18 5.75858
1941.23 5.75872
1942.28 5.75886
1943.33 5.75899
1944.39 5.75913
1945.44 5.75927
1946.49 5.7594
1947.54 5.75954
1948.59 5.75968
1949.64 5.75981
1950.7 5.75995
1951.75 5.76009
