0 0
-0.0681245 0.144772
-0.134779 0.289539
-0.199975 0.434294
-0.263727 0.579031
-0.326047 0.723745
-0.38695 0.868428
-0.446447 1.01308
-0.504555 1.15768
-0.561287 1.30223
-0.616658 1.44673
-0.670684 1.59116
-0.723379 1.73553
-0.774759 1.87981
-0.824842 2.02401
-0.873642 2.16811
-0.921178 2.31212
-0.967465 2.45601
-1.01252 2.59978
-1.05637 2.74343
-1.09902 2.88694
-1.14049 3.03031
-1.18081 3.17352
-1.21999 3.31656
-1.25806 3.45943
-1.29502 3.60212
-1.33091 3.74461
-1.36575 3.8869
-1.39955 4.02896
-1.43233 4.1708
-1.46412 4.3124
-1.49495 4.45374
-1.52482 4.59482
-1.55378 4.73561
-1.58183 4.87611
-1.609 5.01631
-1.63532 5.15618
-1.66082 5.29572
-1.68551 5.4349
-1.70941 5.57372
-1.73257 5.71215
-1.75499 5.85018
-1.77672 5.98779
-1.79776 6.12497
-1.81815 6.26169
-1.83792 6.39793
-1.85709 6.53368
-1.87569 6.66892
-1.89374 6.80362
-1.91128 6.93777
-1.92832 7.07134
-1.9449 7.20431
-1.96105 7.33665
-1.97678 7.46835
-1.99213 7.59937
-2.00713 7.7297
-2.0218 7.85931
-2.03617 7.98817
-2.05026 8.11625
-2.0641 8.24353
-2.07772 8.36998
-2.09114 8.49557
-2.10439 8.62028
-2.11749 8.74407
-2.13046 8.86691
-2.14334 8.98878
-2.15614 9.10964
-2.16889 9.22946
-2.1816 9.34822
-2.1943 9.46588
-2.20701 9.58241
-2.21975 9.69778
-2.23253 9.81195
-2.24537 9.92491
-2.2583 10.0366
-2.27132 10.147
-2.28445 10.2561
-2.29769 10.3639
-2.31108 10.4703
-2.32461 10.5752
-2.33829 10.6788
-2.35213 10.7809
-2.36614 10.8815
-2.38033 10.9806
-2.3947 11.0782
-2.40925 11.1742
-2.42398 11.2686
-2.43891 11.3615
-2.45401 11.4527
-2.46931 11.5423
-2.48478 11.6302
-2.50044 11.7165
-2.51627 11.8011
-2.53227 11.884
-2.54843 11.9652
-2.56475 12.0447
-2.58122 12.1225
-2.59783 12.1986
-2.61458 12.273
-2.63145 12.3457
-2.64843 12.4166
-2.66552 12.4859
-2.6827 12.5534
-2.69996 12.6193
-2.71729 12.6835
-2.73469 12.746
-2.75214 12.8069
-2.76963 12.8661
-2.78715 12.9238
-2.80469 12.9798
-2.82224 13.0342
-2.83979 13.087
-2.85733 13.1383
-2.87485 13.1881
-2.89235 13.2364
-2.9098 13.2832
-2.92722 13.3286
-2.94458 13.3725
-2.96189 13.4151
-2.97913 13.4562
-2.99629 13.4961
-3.01339 13.5346
-3.0304 13.5719
-3.04732 13.6079
-3.06415 13.6426
-3.08088 13.6762
-3.09752 13.7086
-3.11406 13.7399
-3.13049 13.7701
-3.14681 13.7992
-3.16303 13.8272
-3.17914 13.8543
-3.19514 13.8803
-3.21102 13.9054
-3.2268 13.9296
-3.24246 13.9528
-3.25801 13.9752
-3.27345 13.9967
-3.28878 14.0174
-3.30399 14.0373
-3.3191 14.0565
-3.33411 14.0749
-3.349 14.0925
-3.36379 14.1095
-3.37848 14.1258
-3.39307 14.1414
-3.40755 14.1564
-3.42194 14.1708
-3.43623 14.1846
-3.45043 14.1979
-3.46454 14.2106
-3.47856 14.2228
-3.49249 14.2344
-3.50634 14.2456
-3.52011 14.2563
-3.53379 14.2666
-3.5474 14.2764
-3.56093 14.2858
-3.57439 14.2948
-3.58778 14.3034
-3.6011 14.3117
-3.61436 14.3196
-3.62755 14.3271
-3.64068 14.3343
-3.65375 14.3412
-3.66676 14.3478
-3.67971 14.354
-3.69261 14.3601
-3.70546 14.3658
-3.71827 14.3713
-3.73102 14.3765
-3.74372 14.3815
-3.75639 14.3862
-3.76901 14.3908
-3.78159 14.3951
-3.79413 14.3993
-3.80663 14.4032
-3.8191 14.407
-3.83153 14.4105
-3.84393 14.4139
-3.8563 14.4172
-3.86864 14.4203
-3.88095 14.4232
-3.89323 14.426
-3.90548 14.4287
-3.91771 14.4313
-3.92992 14.4337
-3.9421 14.436
-3.95426 14.4382
-3.9664 14.4402
-3.97852 14.4422
-3.99062 14.4441
-4.0027 14.4459
-4.01477 14.4476
-4.02682 14.4492
-4.03885 14.4507
-4.05087 14.4522
-4.06287 14.4536
-4.07486 14.4549
-4.08684 14.4561
-4.09881 14.4573
-4.11076 14.4584
-4.1227 14.4595
-4.13463 14.4605
-4.14656 14.4614
-4.15847 14.4623
-4.17037 14.4632
-4.18227 14.464
-4.19415 14.4647
-4.20603 14.4655
-4.21791 14.4661
-4.22977 14.4668
-4.24163 14.4674
-4.25348 14.468
-4.26533 14.4685
-4.27717 14.469
-4.28901 14.4695
-4.30084 14.47
-4.31267 14.4704
-4.32449 14.4708
-4.33631 14.4712
-4.34812 14.4716
-4.35993 14.4719
-4.37174 14.4723
-4.38354 14.4726
-4.39534 14.4729
-4.40714 14.4731
-4.41893 14.4734
-4.43073 14.4736
-4.44252 14.4739
-4.4543 14.4741
-4.46609 14.4743
-4.47787 14.4745
-4.48965 14.4747
-4.50143 14.4748
-4.51321 14.475
-4.52499 14.4751
-4.53676 14.4753
-4.54853 14.4754
-4.56031 14.4755
-4.57208 14.4756
-4.58385 14.4757
-4.59561 14.4758
-4.60738 14.4759
-4.61915 14.476
-4.63091 14.4761
-4.64268 14.4762
-4.65444 14.4763
-4.6662 14.4763
-4.67797 14.4764
-4.68973 14.4765
-4.70149 14.4765
-4.71325 14.4766
-4.72501 14.4766
-4.73677 14.4767
-4.74853 14.4767
-4.76029 14.4767
-4.77205 14.4768
-4.78381 14.4768
-4.79556 14.4768
-4.80732 14.4769
-4.81908 14.4769
-4.83083 14.4769
-4.84259 14.4769
-4.85435 14.477
-4.8661 14.477
-4.87786 14.477
-4.88961 14.477
-4.90137 14.477
-4.91312 14.4771
-4.92488 14.4771
-4.93663 14.4771
-4.94839 14.4771
-4.96014 14.4771
-4.9719 14.4771
-4.98365 14.4771
-4.99541 14.4771
-5.00716 14.4771
-5.01891 14.4772
-5.03067 14.4772
-5.04242 14.4772
-5.05417 14.4772
-5.06593 14.4772
-5.07768 14.4772
-5.08944 14.4772
-5.10119 14.4772
-5.11294 14.4772
-5.1247 14.4772
-5.13645 14.4772
-5.1482 14.4772
-5.15996 14.4772
-5.17171 14.4772
-5.18346 14.4772
-5.19522 14.4772
-5.20697 14.4772
-5.21872 14.4772
-5.23048 14.4772
-5.24223 14.4772
-5.25398 14.4772
-5.26574 14.4772
-5.27749 14.4772
-5.28924 14.4772
-5.30099 14.4772
-5.31275 14.4772
-5.3245 14.4772
-5.33625 14.4772
-5.34801 14.4772
-5.35976 14.4772
-5.37151 14.4772
-5.38327 14.4772
-5.39502 14.4772
-5.40677 14.4772
-5.41853 14.4772
-5.43028 14.4772
-5.44203 14.4772
-5.45378 14.4772
-5.46554 14.4772
-5.47729 14.4772
-5.48904 14.4772
-5.5008 14.4772
-5.51255 14.4772
-5.5243 14.4772
-5.53606 14.4772
-5.54781 14.4772
-5.55956 14.4772
-5.57132 14.4772
-5.58307 14.4772
-5.59482 14.4772
-5.60657 14.4772
-5.61833 14.4772
-5.63008 14.4772
-5.64183 14.4772
-5.65359 14.4772
-5.66534 14.4772
-5.67709 14.4772
-5.68885 14.4772
-5.7006 14.4772
-5.71235 14.4772
-5.72411 14.4772
-5.73586 14.4772
-5.74761 14.4772
-5.75936 14.4772
-5.77112 14.4772
-5.78287 14.4772
-5.79462 14.4772
-5.80638 14.4772
-5.81813 14.4772
-5.82988 14.4772
-5.84164 14.4772
-5.85339 14.4772
-5.86514 14.4772
-5.8769 14.4772
-5.88865 14.4772
-5.9004 14.4772
-5.91215 14.4772
-5.92391 14.4772
-5.93566 14.4772
-5.94741 14.4772
-5.95917 14.4772
-5.97092 14.4772
-5.98267 14.4772
-5.99443 14.4772
-6.00618 14.4772
-6.01793 14.4772
-6.02969 14.4772
-6.04144 14.4772
-6.05319 14.4772
-6.06494 14.4772
-6.0767 14.4772
-6.08845 14.4772
-6.1002 14.4772
-6.11196 14.4772
-6.12371 14.4772
-6.13546 14.4772
-6.14722 14.4772
-6.15897 14.4772
-6.17072 14.4772
-6.18248 14.4772
-6.19423 14.4772
-6.20598 14.4772
-6.21773 14.4772
-6.22949 14.4772
-6.24124 14.4772
-6.25299 14.4772
-6.26475 14.4772
-6.2765 14.4772
-6.28825 14.4772
-6.30001 14.4772
-6.31176 14.4772
-6.32351 14.4772
-6.33527 14.4772
-6.34702 14.4772
-6.35877 14.4772
-6.37052 14.4772
-6.38228 14.4772
-6.39403 14.4772
-6.40578 14.4772
-6.41754 14.4772
-6.42929 14.4772
-6.44104 14.4772
-6.4528 14.4772
-6.46455 14.4772
-6.4763 14.4772
-6.48806 14.4772
-6.49981 14.4772
-6.51156 14.4772
-6.52331 14.4772
-6.53507 14.4772
-6.54682 14.4772
-6.55857 14.4772
-6.57033 14.4772
-6.58208 14.4772
-6.59383 14.4772
-6.60559 14.4772
-6.61734 14.4772
-6.62909 14.4772
-6.64085 14.4772
-6.6526 14.4772
-6.66435 14.4772
-6.67611 14.4772
-6.68786 14.4772
-6.69961 14.4772
-6.71136 14.4772
-6.72312 14.4772
-6.73487 14.4772
-6.74662 14.4772
-6.75838 14.4772
-6.77013 14.4772
-6.78188 14.4772
-6.79364 14.4772
-6.80539 14.4772
-6.81714 14.4772
-6.8289 14.4772
-6.84065 14.4772
-6.8524 14.4772
-6.86415 14.4772
-6.87591 14.4772
-6.88766 14.4772
-6.89941 14.4772
-6.91117 14.4772
-6.92292 14.4772
-6.93467 14.4772
-6.94643 14.4772
-6.95818 14.4772
-6.96993 14.4772
-6.66168 14.4772
-6.67344 14.4772
-6.68519 14.4772
-6.69694 14.4772
-6.7087 14.4772
-6.72045 14.4772
-6.7322 14.4772
-6.74396 14.4772
-6.75571 14.4772
-6.76746 14.4772
-6.77922 14.4772
-6.79097 14.4772
-6.80272 14.4772
-6.81448 14.4772
-6.82623 14.4772
-6.83798 14.4772
-6.84973 14.4772
-6.86149 14.4772
-6.87324 14.4772
-6.88499 14.4772
-6.89675 14.4772
-6.9085 14.4772
-6.92025 14.4772
-6.93201 14.4772
-6.94376 14.4772
-6.95551 14.4772
-6.96727 14.4772
-6.65902 14.4772
-6.67077 14.4772
-6.68252 14.4772
-6.69428 14.4772
-6.70603 14.4772
-6.71778 14.4772
-6.72954 14.4772
-6.74129 14.4772
-6.75304 14.4772
-6.7648 14.4772
-6.77655 14.4772
-6.7883 14.4772
-6.80006 14.4772
-6.81181 14.4772
-6.82356 14.4772
-6.83531 14.4772
-6.84707 14.4772
-6.85882 14.4772
-6.87057 14.4772
-6.88233 14.4772
-6.89408 14.4772
-6.90583 14.4772
-6.91759 14.4772
-6.92934 14.4772
-6.94109 14.4772
-6.95285 14.4772
-6.9646 14.4772
-6.65635 14.4772
-6.6681 14.4772
-6.67986 14.4772
-6.69161 14.4772
-6.70336 14.4772
-6.71512 14.4772
-6.72687 14.4772
-6.73862 14.4772
-6.75038 14.4772
-6.76213 14.4772
-6.77388 14.4772
-6.78564 14.4772
-6.79739 14.4772
-6.80914 14.4772
-6.82089 14.4772
-6.83265 14.4772
-6.8444 14.4772
-6.85615 14.4772
-6.86791 14.4772
-6.87966 14.4772
-6.89141 14.4772
-6.90317 14.4772
-6.91492 14.4772
-6.92667 14.4772
-6.93843 14.4772
-6.95018 14.4772
-6.96193 14.4772
-6.65369 14.4772
-6.66544 14.4772
-6.67719 14.4772
-6.68894 14.4772
-6.7007 14.4772
-6.71245 14.4772
-6.7242 14.4772
-6.73596 14.4772
-6.74771 14.4772
-6.75946 14.4772
-6.77122 14.4772
-6.78297 14.4772
-6.79472 14.4772
-6.80648 14.4772
-6.81823 14.4772
-6.82998 14.4772
-6.84173 14.4772
-6.85349 14.4772
-6.86524 14.4772
-6.87699 14.4772
-6.88875 14.4772
-6.9005 14.4772
-6.91225 14.4772
-6.92401 14.4772
-6.93576 14.4772
-6.94751 14.4772
-6.95927 14.4772
-6.97102 14.4772
-6.66277 14.4772
-6.67452 14.4772
-6.68628 14.4772
-6.69803 14.4772
-6.70978 14.4772
-6.72154 14.4772
-6.73329 14.4772
-6.74504 14.4772
-6.7568 14.4772
-6.76855 14.4772
-6.7803 14.4772
-6.79206 14.4772
-6.80381 14.4772
-6.81556 14.4772
-6.82731 14.4772
-6.83907 14.4772
-6.85082 14.4772
-6.86257 14.4772
-6.87433 14.4772
-6.88608 14.4772
-6.89783 14.4772
-6.90959 14.4772
-6.92134 14.4772
-6.93309 14.4772
-6.94485 14.4772
-6.9566 14.4772
-6.96835 14.4772
-6.6601 14.4772
-6.67186 14.4772
-6.68361 14.4772
-6.69536 14.4772
-6.70712 14.4772
-6.71887 14.4772
-6.73062 14.4772
-6.74238 14.4772
-6.75413 14.4772
-6.76588 14.4772
-6.77764 14.4772
-6.78939 14.4772
-6.80114 14.4772
-6.81289 14.4772
-6.82465 14.4772
-6.8364 14.4772
-6.84815 14.4772
-6.85991 14.4772
-6.87166 14.4772
-6.88341 14.4772
-6.89517 14.4772
-6.90692 14.4772
-6.91867 14.4772
-6.93043 14.4772
-6.94218 14.4772
-6.95393 14.4772
-6.96568 14.4772
-6.65744 14.4772
-6.66919 14.4772
-6.68094 14.4772
-6.6927 14.4772
-6.70445 14.4772
-6.7162 14.4772
-6.72796 14.4772
-6.73971 14.4772
-6.75146 14.4772
-6.76322 14.4772
-6.77497 14.4772
-6.78672 14.4772
-6.79847 14.4772
-6.81023 14.4772
-6.82198 14.4772
-6.83373 14.4772
-6.84549 14.4772
-6.85724 14.4772
-6.86899 14.4772
-6.88075 14.4772
-6.8925 14.4772
-6.90425 14.4772
-6.91601 14.4772
-6.92776 14.4772
-6.93951 14.4772
-6.95126 14.4772
-6.96302 14.4772
-6.65477 14.4772
-6.66652 14.4772
-6.67828 14.4772
-6.69003 14.4772
-6.70178 14.4772
-6.71354 14.4772
-6.72529 14.4772
-6.73704 14.4772
-6.7488 14.4772
-6.76055 14.4772
-6.7723 14.4772
-6.78406 14.4772
-6.79581 14.4772
-6.80756 14.4772
-6.81931 14.4772
-6.83107 14.4772
-6.84282 14.4772
-6.85457 14.4772
-6.86633 14.4772
-6.87808 14.4772
-6.88983 14.4772
-6.90159 14.4772
-6.91334 14.4772
-6.92509 14.4772
-6.93685 14.4772
-6.9486 14.4772
-6.96035 14.4772
-6.9721 14.4772
-6.66386 14.4772
-6.67561 14.4772
-6.68736 14.4772
-6.69911 14.4772
-6.71087 14.4772
-6.72262 14.4772
-6.73437 14.4772
-6.74613 14.4772
-6.75788 14.4772
-6.76963 14.4772
-6.78139 14.4772
-6.79314 14.4772
-6.80489 14.4772
-6.81665 14.4772
-6.8284 14.4772
-6.84015 14.4772
-6.8519 14.4772
-6.86366 14.4772
-6.87541 14.4772
-6.88716 14.4772
-6.89892 14.4772
-6.91067 14.4772
-6.92242 14.4772
-6.93418 14.4772
-6.94593 14.4772
-6.95768 14.4772
-6.96943 14.4772
-6.66119 14.4772
-6.67294 14.4772
-6.68469 14.4772
-6.69645 14.4772
-6.7082 14.4772
-6.71995 14.4772
-6.73171 14.4772
-6.74346 14.4772
-6.75521 14.4772
-6.76697 14.4772
-6.77872 14.4772
-6.79047 14.4772
-6.80222 14.4772
-6.81398 14.4772
-6.82573 14.4772
-6.83748 14.4772
-6.84924 14.4772
-6.86099 14.4772
-6.87274 14.4772
-6.8845 14.4772
-6.89625 14.4772
-6.908 14.4772
-6.91976 14.4772
-6.93151 14.4772
-6.94326 14.4772
-6.95501 14.4772
-6.96677 14.4772
-6.65852 14.4772
-6.67027 14.4772
-6.68203 14.4772
-6.69378 14.4772
-6.70553 14.4772
-6.71729 14.4772
-6.72904 14.4772
-6.74079 14.4772
-6.75255 14.4772
-6.7643 14.4772
-6.77605 14.4772
-6.7878 14.4772
-6.79956 14.4772
-6.81131 14.4772
-6.82306 14.4772
-6.83482 14.4772
-6.84657 14.4772
-6.85832 14.4772
-6.87008 14.4772
-6.88183 14.4772
-6.89358 14.4772
-6.90534 14.4772
-6.91709 14.4772
-6.92884 14.4772
-6.94059 14.4772
-6.95235 14.4772
-6.9641 14.4772
-6.65585 14.4772
-6.66761 14.4772
-6.67936 14.4772
-6.69111 14.4772
-6.70287 14.4772
-6.71462 14.4772
-6.72637 14.4772
-6.73813 14.4772
-6.74988 14.4772
-6.76163 14.4772
-6.77338 14.4772
-6.78514 14.4772
-6.79689 14.4772
-6.80864 14.4772
-6.8204 14.4772
-6.83215 14.4772
-6.8439 14.4772
-6.85566 14.4772
-6.86741 14.4772
-6.87916 14.4772
-6.89092 14.4772
-6.90267 14.4772
-6.91442 14.4772
-6.92617 14.4772
-6.93793 14.4772
-6.94968 14.4772
-6.96143 14.4772
-6.65319 14.4772
-6.66494 14.4772
-6.67669 14.4772
-6.68845 14.4772
-6.7002 14.4772
-6.71195 14.4772
-6.72371 14.4772
-6.73546 14.4772
-6.74721 14.4772
-6.75897 14.4772
-6.77072 14.4772
-6.78247 14.4772
-6.79422 14.4772
-6.80598 14.4772
-6.81773 14.4772
-6.82948 14.4772
-6.84124 14.4772
-6.85299 14.4772
-6.86474 14.4772
-6.8765 14.4772
-6.88825 14.4772
-6.9 14.4772
-6.91176 14.4772
-6.92351 14.4772
-6.93526 14.4772
-6.94701 14.4772
-6.95877 14.4772
-6.97052 14.4772
-6.66227 14.4772
-6.67403 14.4772
-6.68578 14.4772
-6.69753 14.4772
-6.70929 14.4772
-6.72104 14.4772
-6.73279 14.4772
-6.74454 14.4772
-6.7563 14.4772
-6.76805 14.4772
-6.7798 14.4772
-6.79156 14.4772
-6.80331 14.4772
-6.81506 14.4772
-6.82682 14.4772
-6.83857 14.4772
-6.85032 14.4772
-6.86208 14.4772
-6.87383 14.4772
-6.88558 14.4772
-6.89734 14.4772
-6.90909 14.4772
-6.92084 14.4772
-6.93259 14.4772
-6.94435 14.4772
-6.9561 14.4772
-6.96785 14.4772
-6.65961 14.4772
-6.67136 14.4772
-6.68311 14.4772
-6.69487 14.4772
-6.70662 14.4772
-6.71837 14.4772
-6.73012 14.4772
-6.74188 14.4772
-6.75363 14.4772
-6.76538 14.4772
-6.77714 14.4772
-6.78889 14.4772
-6.80064 14.4772
-6.8124 14.4772
