0 0
-0.0454163 0.096515
-0.0268419 0.192863
0.0552607 0.288874
0.200323 0.384371
0.407673 0.47917
0.676538 0.573081
1.00604 0.665906
1.39522 0.757443
1.843 0.847488
2.34822 0.935837
2.90964 1.0223
3.52593 1.10668
4.19567 1.18882
4.91739 1.26858
5.68955 1.34583
6.51059 1.42049
7.37889 1.4925
8.29282 1.56182
9.25073 1.62844
10.251 1.6924
11.292 1.75374
12.3721 1.8125
13.4899 1.86878
14.6436 1.92265
15.832 1.9742
17.0536 2.02355
18.307 2.07079
19.5909 2.11601
20.9041 2.15933
22.2454 2.20084
23.6137 2.24064
25.0078 2.27883
26.4269 2.31548
27.8699 2.35068
29.3358 2.38452
30.8239 2.41707
32.3333 2.4484
33.8633 2.47858
35.4131 2.50767
36.9819 2.53573
38.5693 2.56282
40.1744 2.58898
41.7968 2.61427
43.4358 2.63873
45.0909 2.66241
46.7617 2.68534
48.4476 2.70756
50.1482 2.72911
51.863 2.75001
53.5916 2.77031
55.3336 2.79002
57.0887 2.80918
58.8565 2.82781
60.6366 2.84594
62.4287 2.86358
64.2325 2.88077
66.0476 2.89751
67.8739 2.91383
69.711 2.92975
71.5586 2.94527
73.4165 2.96043
75.2845 2.97523
77.1623 2.98969
79.0497 3.00381
80.9465 3.01763
82.8524 3.03113
84.7674 3.04435
86.691 3.05728
88.6233 3.06994
90.564 3.08234
92.5129 3.09448
94.4699 3.10638
96.4348 3.11805
98.4074 3.12948
100.388 3.1407
102.375 3.15171
104.37 3.16251
106.373 3.17311
108.382 3.18351
110.398 3.19373
112.421 3.20378
114.451 3.21364
116.487 3.22334
118.529 3.23287
120.578 3.24224
122.634 3.25145
124.695 3.26052
126.762 3.26944
128.836 3.27821
130.915 3.28685
133 3.29536
135.09 3.30373
137.187 3.31197
139.288 3.3201
141.395 3.3281
143.508 3.33598
145.625 3.34375
147.748 3.35141
149.876 3.35896
152.009 3.3664
154.147 3.37375
156.289 3.38099
158.437 3.38813
160.589 3.39517
162.746 3.40213
164.908 3.40899
167.074 3.41576
169.245 3.42244
171.42 3.42904
173.599 3.43556
175.783 3.44199
177.972 3.44835
180.164 3.45463
182.361 3.46083
184.561 3.46695
186.766 3.47301
188.975 3.47899
191.188 3.4849
193.405 3.49075
195.625 3.49652
197.85 3.50224
200.078 3.50788
202.31 3.51347
204.546 3.51899
206.785 3.52445
209.028 3.52986
211.275 3.5352
213.525 3.54049
215.779 3.54572
218.036 3.5509
220.297 3.55602
222.561 3.56109
224.829 3.56611
227.1 3.57108
229.374 3.576
231.651 3.58087
233.932 3.58569
236.216 3.59046
238.503 3.59519
240.793 3.59987
243.087 3.60451
245.383 3.6091
247.682 3.61365
249.985 3.61815
252.291 3.62262
254.599 3.62704
256.91 3.63143
259.225 3.63577
261.542 3.64007
263.862 3.64434
266.185 3.64857
268.511 3.65276
270.84 3.65691
273.171 3.66103
275.505 3.66511
277.842 3.66916
280.181 3.67317
282.524 3.67715
284.868 3.68109
287.216 3.68501
289.566 3.68889
291.919 3.69273
294.274 3.69655
296.632 3.70034
298.992 3.70409
301.355 3.70782
303.72 3.71151
306.088 3.71518
308.458 3.71882
310.83 3.72243
313.205 3.72601
315.583 3.72956
317.963 3.73309
320.345 3.73659
322.729 3.74006
325.116 3.74351
327.505 3.74693
329.896 3.75033
332.29 3.7537
334.686 3.75705
337.084 3.76037
339.484 3.76367
341.887 3.76694
344.291 3.77019
346.698 3.77342
349.107 3.77663
351.518 3.77981
353.932 3.78297
356.347 3.78611
358.765 3.78923
361.184 3.79232
363.606 3.7954
366.029 3.79845
368.455 3.80149
370.883 3.8045
373.312 3.80749
375.744 3.81046
378.178 3.81342
380.613 3.81635
383.051 3.81927
385.491 3.82216
387.932 3.82504
390.375 3.8279
392.821 3.83074
395.268 3.83356
397.717 3.83637
400.168 3.83915
402.621 3.84192
405.075 3.84468
407.532 3.84741
409.99 3.85013
412.45 3.85283
414.912 3.85552
417.376 3.85819
419.841 3.86084
422.309 3.86348
424.778 3.8661
427.249 3.86871
429.721 3.8713
432.195 3.87387
434.671 3.87643
437.149 3.87898
439.628 3.88151
442.109 3.88403
444.592 3.88653
447.076 3.88902
449.562 3.89149
452.05 3.89395
454.539 3.89639
457.03 3.89883
459.523 3.90125
462.017 3.90365
464.513 3.90604
467.01 3.90842
469.509 3.91079
472.01 3.91314
474.512 3.91548
477.016 3.91781
479.521 3.92012
482.028 3.92242
484.536 3.92471
487.046 3.92699
489.557 3.92926
492.07 3.93151
494.584 3.93376
497.1 3.93599
499.618 3.93821
502.136 3.94041
504.657 3.94261
507.178 3.9448
509.702 3.94697
512.226 3.94913
514.753 3.95129
517.28 3.95343
519.809 3.95556
522.339 3.95768
524.871 3.95979
527.404 3.96189
529.939 3.96397
532.475 3.96605
535.012 3.96812
537.551 3.97018
540.091 3.97223
542.633 3.97427
545.176 3.9763
547.72 3.97832
550.266 3.98033
552.812 3.98233
555.361 3.98432
557.91 3.9863
560.461 3.98827
563.013 3.99023
565.567 3.99219
568.122 3.99413
570.678 3.99607
573.235 3.99799
575.794 3.99991
578.354 4.00182
580.915 4.00372
583.477 4.00561
586.041 4.0075
588.606 4.00937
591.172 4.01124
593.74 4.0131
596.309 4.01495
598.879 4.01679
601.45 4.01862
604.022 4.02045
606.596 4.02227
609.171 4.02408
611.747 4.02588
614.324 4.02767
616.903 4.02946
619.482 4.03124
622.063 4.03301
624.645 4.03477
627.228 4.03653
629.813 4.03828
632.398 4.04002
634.985 4.04175
637.573 4.04348
640.162 4.0452
642.752 4.04691
645.343 4.04862
647.936 4.05032
650.529 4.05201
653.124 4.05369
655.72 4.05537
658.317 4.05704
660.915 4.05871
663.514 4.06036
666.114 4.06201
668.715 4.06366
671.318 4.0653
673.921 4.06693
676.526 4.06855
679.132 4.07017
681.738 4.07178
684.346 4.07339
686.955 4.07499
689.565 4.07658
692.176 4.07817
694.788 4.07975
697.402 4.08132
700.016 4.08289
702.631 4.08445
705.247 4.08601
707.865 4.08756
710.483 4.0891
713.103 4.09064
715.723 4.09218
718.344 4.0937
720.967 4.09522
723.59 4.09674
726.215 4.09825
728.84 4.09976
731.467 4.10125
734.094 4.10275
736.723 4.10424
739.352 4.10572
741.983 4.1072
744.614 4.10867
747.247 4.11013
749.88 4.11159
752.515 4.11305
755.15 4.1145
757.786 4.11595
760.424 4.11739
763.062 4.11882
765.701 4.12025
768.341 4.12168
770.983 4.1231
773.625 4.12451
776.268 4.12592
778.912 4.12733
781.557 4.12873
784.202 4.13012
786.849 4.13151
789.497 4.1329
792.145 4.13428
794.795 4.13565
797.445 4.13702
800.097 4.13839
802.749 4.13975
805.402 4.14111
808.056 4.14246
810.711 4.14381
813.367 4.14515
816.024 4.14649
818.682 4.14783
821.34 4.14916
824 4.15048
826.66 4.15181
829.321 4.15312
831.983 4.15444
834.646 4.15574
837.31 4.15705
839.975 4.15835
842.64 4.15964
845.307 4.16093
847.974 4.16222
850.642 4.1635
853.311 4.16478
855.981 4.16606
858.652 4.16733
861.323 4.1686
863.996 4.16986
866.669 4.17112
869.343 4.17237
872.018 4.17362
874.694 4.17487
877.37 4.17611
880.048 4.17735
882.726 4.17858
885.405 4.17982
888.085 4.18104
890.766 4.18227
893.447 4.18349
896.13 4.1847
898.813 4.18591
901.497 4.18712
904.181 4.18833
906.867 4.18953
909.553 4.19073
912.24 4.19192
914.928 4.19311
917.617 4.1943
920.307 4.19548
922.997 4.19666
925.688 4.19783
928.38 4.19901
931.073 4.20017
933.766 4.20134
936.46 4.2025
939.155 4.20366
941.851 4.20481
944.548 4.20597
947.245 4.20711
949.943 4.20826
952.642 4.2094
955.341 4.21054
958.042 4.21167
960.743 4.21281
963.445 4.21393
966.147 4.21506
968.851 4.21618
971.555 4.2173
974.26 4.21841
976.965 4.21953
979.672 4.22064
982.379 4.22174
985.087 4.22284
987.795 4.22394
990.505 4.22504
993.215 4.22613
995.925 4.22722
998.637 4.22831
1001.35 4.22939
1004.06 4.23048
1006.78 4.23155
1009.49 4.23263
1012.21 4.2337
1014.92 4.23477
1017.64 4.23584
1020.35 4.2369
1023.07 4.23796
1025.79 4.23902
1028.51 4.24007
1031.23 4.24113
1033.95 4.24217
1036.67 4.24322
1039.4 4.24426
1042.12 4.2453
1044.84 4.24634
1047.57 4.24738
1050.29 4.24841
1053.02 4.24944
1055.74 4.25046
1058.47 4.25149
1061.2 4.25251
1063.93 4.25353
1066.65 4.25454
1069.38 4.25556
1072.11 4.25657
1074.85 4.25757
1077.58 4.25858
1080.31 4.25958
1083.04 4.26058
1085.78 4.26158
1088.51 4.26257
1091.25 4.26357
1093.98 4.26456
1096.72 4.26554
1099.46 4.26653
1102.19 4.26751
1104.93 4.26849
1107.67 4.26947
1110.41 4.27044
1113.15 4.27141
1115.89 4.27238
1118.63 4.27335
1121.38 4.27431
1124.12 4.27528
1126.86 4.27624
1129.61 4.27719
1132.35 4.27815
1135.1 4.2791
1137.84 4.28005
1140.59 4.281
1143.34 4.28194
1146.08 4.28289
1148.83 4.28383
1151.58 4.28477
1154.33 4.2857
1157.08 4.28664
1159.83 4.28757
1162.58 4.2885
1165.34 4.28942
1168.09 4.29035
1170.84 4.29127
1173.6 4.29219
1176.35 4.29311
1179.11 4.29403
1181.86 4.29494
1184.62 4.29585
1187.38 4.29676
1190.14 4.29767
1192.89 4.29857
1195.65 4.29948
1198.41 4.30038
1201.17 4.30127
1203.93 4.30217
1206.7 4.30307
1209.46 4.30396
1212.22 4.30485
1214.98 4.30574
1217.75 4.30662
1220.51 4.30751
1223.28 4.30839
1226.04 4.30927
1228.81 4.31014
1231.57 4.31102
1234.34 4.31189
1237.11 4.31277
1239.88 4.31364
1242.65 4.3145
1245.42 4.31537
1248.19 4.31623
1250.96 4.31709
1253.73 4.31795
1256.5 4.31881
1259.27 4.31967
1262.05 4.32052
1264.82 4.32137
1267.6 4.32222
1270.37 4.32307
1273.15 4.32392
1275.92 4.32476
1278.7 4.3256
1281.48 4.32644
1284.25 4.32728
1287.03 4.32812
1289.81 4.32895
1292.59 4.32979
1295.37 4.33062
1298.15 4.33145
1300.93 4.33227
1303.71 4.3331
1306.49 4.33392
1309.28 4.33475
1312.06 4.33557
1314.84 4.33638
1317.63 4.3372
1320.41 4.33802
1323.2 4.33883
1325.98 4.33964
1328.77 4.34045
1331.56 4.34126
1334.34 4.34206
1337.13 4.34287
1339.92 4.34367
1342.71 4.34447
1345.5 4.34527
1348.29 4.34607
1351.08 4.34686
1353.87 4.34766
1356.66 4.34845
1359.46 4.34924
1362.25 4.35003
1365.04 4.35082
1367.84 4.3516
1370.63 4.35239
1373.43 4.35317
1376.22 4.35395
1379.02 4.35473
1381.81 4.35551
1384.61 4.35628
1387.41 4.35706
1390.21 4.35783
1393.01 4.3586
1395.8 4.35937
1398.6 4.36014
1401.4 4.3609
1404.2 4.36167
1407.01 4.36243
1409.81 4.36319
1412.61 4.36395
1415.41 4.36471
1418.21 4.36547
1421.02 4.36622
1423.82 4.36698
1426.63 4.36773
1429.43 4.36848
1432.24 4.36923
1435.04 4.36998
1437.85 4.37072
1440.66 4.37147
1443.47 4.37221
1446.27 4.37295
1449.08 4.37369
1451.89 4.37443
1454.7 4.37517
1457.51 4.3759
1460.32 4.37664
1463.13 4.37737
1465.94 4.3781
1468.76 4.37883
1471.57 4.37956
1474.38 4.38029
1477.2 4.38101
1480.01 4.38174
1482.82 4.38246
1485.64 4.38318
1488.45 4.3839
1491.27 4.38462
1494.09 4.38534
1496.9 4.38605
1499.72 4.38677
1502.54 4.38748
1505.36 4.38819
1508.18 4.3889
1510.99 4.38961
1513.81 4.39032
1516.63 4.39103
1519.46 4.39173
1522.28 4.39244
1525.1 4.39314
1527.92 4.39384
1530.74 4.39454
1533.57 4.39524
1536.39 4.39593
1539.21 4.39663
1542.04 4.39732
1544.86 4.39802
1547.69 4.39871
1550.51 4.3994
1553.34 4.40009
1556.17 4.40077
1558.99 4.40146
1561.82 4.40214
1564.65 4.40283
1567.48 4.40351
1570.31 4.40419
1573.14 4.40487
1575.97 4.40555
1578.8 4.40623
1581.63 4.4069
1584.46 4.40758
1587.29 4.40825
1590.12 4.40893
1592.96 4.4096
1595.79 4.41027
1598.62 4.41094
1601.46 4.4116
1604.29 4.41227
1607.13 4.41294
1609.96 4.4136
1612.8 4.41426
1615.63 4.41492
1618.47 4.41558
1621.31 4.41624
1624.14 4.4169
1626.98 4.41756
1629.82 4.41821
1632.66 4.41887
1635.5 4.41952
1638.34 4.42017
1641.18 4.42082
1644.02 4.42147
1646.86 4.42212
1649.7 4.42277
1652.54 4.42342
1655.39 4.42406
1658.23 4.4247
1661.07 4.42535
1663.91 4.42599
1666.76 4.42663
1669.6 4.42727
1672.45 4.42791
1675.29 4.42854
1678.14 4.42918
1680.98 4.42982
1683.83 4.43045
1686.68 4.43108
1689.53 4.43171
1692.37 4.43234
1695.22 4.43297
1698.07 4.4336
1700.92 4.43423
1703.77 4.43486
1706.62 4.43548
1709.47 4.43611
1712.32 4.43673
1715.17 4.43735
1718.02 4.43797
1720.87 4.43859
1723.73 4.43921
1726.58 4.43983
1729.43 4.44044
1732.29 4.44106
1735.14 4.44167
1738 4.44229
1740.85 4.4429
1743.71 4.44351
1746.56 4.44412
1749.42 4.44473
1752.27 4.44534
1755.13 4.44595
1757.99 4.44655
1760.85 4.44716
1763.7 4.44776
1766.56 4.44837
1769.42 4.44897
1772.28 4.44957
1775.14 4.45017
1778 4.45077
1780.86 4.45137
1783.72 4.45196
1786.58 4.45256
1789.44 4.45316
1792.31 4.45375
1795.17 4.45434
1798.03 4.45493
1800.9 4.45553
1803.76 4.45612
1806.62 4.45671
1809.49 4.45729
1812.35 4.45788
1815.22 4.45847
1818.08 4.45905
1820.95 4.45964
1823.82 4.46022
1826.68 4.4608
1829.55 4.46139
1832.42 4.46197
1835.29 4.46255
1838.15 4.46313
1841.02 4.4637
1843.89 4.46428
1846.76 4.46486
1849.63 4.46543
1852.5 4.46601
1855.37 4.46658
1858.24 4.46715
1861.11 4.46772
1863.99 4.46829
1866.86 4.46886
1869.73 4.46943
1872.6 4.47
1875.48 4.47057
1878.35 4.47113
1881.23 4.4717
1884.1 4.47226
1886.97 4.47283
1889.85 4.47339
1892.73 4.47395
1895.6 4.47451
1898.48 4.47507
1901.35 4.47563
1904.23 4.47619
1907.11 4.47675
1909.99 4.4773
1912.86 4.47786
1915.74 4.47841
1918.62 4.47897
1921.5 4.47952
1924.38 4.48007
1927.26 4.48062
1930.14 4.48117
1933.02 4.48172
1935.9 4.48227
1938.78 4.48282
1941.67 4.48337
1944.55 4.48391
1947.43 4.48446
1950.31 4.485
1953.2 4.48555
1956.08 4.48609
1958.97 4.48663
1961.85 4.48717
1964.73 4.48771
1967.62 4.48825
1970.51 4.48879
1973.39 4.48933
1976.28 4.48987
1979.16 4.49041
1982.05 4.49094
1984.94 4.49148
1987.83 4.49201
1990.71 4.49254
1993.6 4.49307
1996.49 4.49361
1999.38 4.49414
2002.27 4.49467
2005.16 4.4952
2008.05 4.49572
2010.94 4.49625
2013.83 4.49678
2016.72 4.49731
2019.61 4.49783
2022.51 4.49836
2025.4 4.49888
2028.29 4.4994
2031.18 4.49992
2034.08 4.50045
2036.97 4.50097
2039.86 4.50149
2042.76 4.50201
2045.65 4.50252
2048.55 4.50304
2051.44 4.50356
2054.34 4.50407
2057.23 4.50459
2060.13 4.5051
2063.03 4.50562
2065.93 4.50613
2068.82 4.50664
2071.72 4.50716
2074.62 4.50767
2077.52 4.50818
2080.42 4.50869
2083.31 4.50919
2086.21 4.5097
2089.11 4.51021
2092.01 4.51072
2094.91 4.51122
2097.82 4.51173
2100.72 4.51223
2103.62 4.51274
2106.52 4.51324
2109.42 4.51374
2112.32 4.51424
2115.23 4.51474
2118.13 4.51524
2121.03 4.51574
2123.94 4.51624
2126.84 4.51674
2129.75 4.51724
2132.65 4.51773
2135.56 4.51823
2138.46 4.51872
2141.37 4.51922
2144.27 4.51971
2147.18 4.5202
2150.09 4.5207
2152.99 4.52119
2155.9 4.52168
2158.81 4.52217
2161.72 4.52266
2164.63 4.52315
2167.53 4.52364
2170.44 4.52412
2173.35 4.52461
2176.26 4.5251
2179.17 4.52558
2182.08 4.52607
2184.99 4.52655
2187.91 4.52704
2190.82 4.52752
2193.73 4.528
2196.64 4.52848
2199.55 4.52896
2202.47 4.52944
2205.38 4.52992
2208.29 4.5304
2211.21 4.53088
2214.12 4.53136
2217.03 4.53184
2219.95 4.53231
2222.86 4.53279
2225.78 4.53326
2228.69 4.53374
2231.61 4.53421
2234.53 4.53468
2237.44 4.53516
2240.36 4.53563
2243.28 4.5361
2246.19 4.53657
2249.11 4.53704
2252.03 4.53751
2254.95 4.53798
2257.87 4.53845
2260.79 4.53891
2263.7 4.53938
2266.62 4.53985
2269.54 4.54031
2272.46 4.54078
2275.38 4.54124
2278.31 4.54171
2281.23 4.54217
2284.15 4.54263
2287.07 4.54309
2289.99 4.54355
2292.91 4.54402
2295.84 4.54448
2298.76 4.54494
2301.68 4.54539
2304.61 4.54585
2307.53 4.54631
2310.46 4.54677
2313.38 4.54722
2316.3 4.54768
2319.23 4.54813
2322.16 4.54859
2325.08 4.54904
2328.01 4.5495
2330.93 4.54995
2333.86 4.5504
2336.79 4.55085
2339.71 4.55131
2342.64 4.55176
2345.57 4.55221
2348.5 4.55266
2351.43 4.5531
2354.35 4.55355
2357.28 4.554
2360.21 4.55445
2363.14 4.55489
2366.07 4.55534
2369 4.55579
2371.93 4.55623
2374.86 4.55667
2377.8 4.55712
2380.73 4.55756
2383.66 4.558
2386.59 4.55845
2389.52 4.55889
2392.46 4.55933
2395.39 4.55977
2398.32 4.56021
2401.25 4.56065
2404.19 4.56109
2407.12 4.56153
2410.06 4.56196
2412.99 4.5624
2415.93 4.56284
2418.86 4.56327
2421.8 4.56371
2424.73 4.56414
2427.67 4.56458
2430.61 4.56501
2433.54 4.56544
2436.48 4.56588
2439.42 4.56631
2442.35 4.56674
2445.29 4.56717
2448.23 4.5676
2451.17 4.56803
2454.11 4.56846
2457.05 4.56889
2459.99 4.56932
2462.92 4.56975
2465.86 4.57017
2468.8 4.5706
2471.75 4.57103
2474.69 4.57145
2477.63 4.57188
2480.57 4.5723
2483.51 4.57273
2486.45 4.57315
2489.39 4.57358
2492.34 4.574
2495.28 4.57442
2498.22 4.57484
2501.16 4.57526
2504.11 4.57568
2507.05 4.5761
2510 4.57652
2512.94 4.57694
2515.89 4.57736
2518.83 4.57778
2521.77 4.5782
2524.72 4.57861
2527.67 4.57903
2530.61 4.57945
2533.56 4.57986
2536.51 4.58028
2539.45 4.58069
2542.4 4.58111
2545.35 4.58152
2548.29 4.58193
2551.24 4.58234
2554.19 4.58276
2557.14 4.58317
2560.09 4.58358
2563.04 4.58399
2565.99 4.5844
2568.94 4.58481
2571.89 4.58522
2574.84 4.58563
2577.79 4.58603
2580.74 4.58644
2583.69 4.58685
2586.64 4.58726
2589.59 4.58766
2592.54 4.58807
2595.49 4.58847
2598.45 4.58888
2601.4 4.58928
2604.35 4.58969
2607.31 4.59009
2610.26 4.59049
2613.21 4.5909
2616.17 4.5913
2619.12 4.5917
2622.07 4.5921
2625.03 4.5925
2627.98 4.5929
2630.94 4.5933
2633.9 4.5937
2636.85 4.5941
2639.81 4.5945
2642.76 4.59489
2645.72 4.59529
2648.68 4.59569
2651.63 4.59608
2654.59 4.59648
2657.55 4.59688
2660.51 4.59727
2663.47 4.59767
2666.42 4.59806
2669.38 4.59845
2672.34 4.59885
2675.3 4.59924
2678.26 4.59963
2681.22 4.60002
2684.18 4.60042
2687.14 4.60081
2690.1 4.6012
2693.06 4.60159
2696.02 4.60198
2698.98 4.60237
2701.95 4.60276
2704.91 4.60314
2707.87 4.60353
2710.83 4.60392
2713.79 4.60431
2716.76 4.60469
2719.72 4.60508
2722.68 4.60547
2725.65 4.60585
2728.61 4.60624
2731.58 4.60662
2734.54 4.607
2737.5 4.60739
2740.47 4.60777
2743.43 4.60815
2746.4 4.60854
2749.36 4.60892
2752.33 4.6093
2755.3 4.60968
2758.26 4.61006
2761.23 4.61044
2764.2 4.61082
2767.17 4.6112
2770.13 4.61158
2773.1 4.61196
2776.07 4.61234
2779.04 4.61271
2782.01 4.61309
2784.97 4.61347
2787.94 4.61384
2790.91 4.61422
2793.88 4.6146
2796.85 4.61497
2799.82 4.61535
2802.79 4.61572
2805.76 4.61609
2808.73 4.61647
2811.7 4.61684
2814.67 4.61721
2817.65 4.61759
2820.62 4.61796
2823.59 4.61833
2826.56 4.6187
2829.53 4.61907
2832.51 4.61944
2835.48 4.61981
2838.45 4.62018
2841.43 4.62055
2844.4 4.62092
2847.37 4.62129
2850.35 4.62165
2853.32 4.62202
2856.3 4.62239
2859.27 4.62276
2862.25 4.62312
2865.22 4.62349
2868.2 4.62385
2871.17 4.62422
2874.15 4.62458
2877.13 4.62495
2880.1 4.62531
2883.08 4.62568
2886.06 4.62604
2889.03 4.6264
2892.01 4.62676
2894.99 4.62713
2897.97 4.62749
2900.95 4.62785
2903.92 4.62821
2906.9 4.62857
2909.88 4.62893
2912.86 4.62929
2915.84 4.62965
2918.82 4.63001
2921.8 4.63037
2924.78 4.63073
2927.76 4.63108
2930.74 4.63144
2933.72 4.6318
2936.7 4.63216
2939.69 4.63251
2942.67 4.63287
2945.65 4.63322
2948.63 4.63358
2951.61 4.63393
2954.6 4.63429
2957.58 4.63464
2960.56 4.635
2963.55 4.63535
2966.53 4.6357
2969.51 4.63606
2972.5 4.63641
2975.48 4.63676
2978.47 4.63711
2981.45 4.63746
2984.44 4.63781
2987.42 4.63816
2990.41 4.63851
2993.39 4.63886
2996.38 4.63921
2999.36 4.63956
3002.35 4.63991
3005.34 4.64026
3008.32 4.64061
3011.31 4.64096
3014.3 4.6413
3017.29 4.64165
3020.27 4.642
3023.26 4.64234
3026.25 4.64269
3029.24 4.64303
3032.23 4.64338
3035.22 4.64372
3038.21 4.64407
3041.19 4.64441
3044.18 4.64476
3047.17 4.6451
3050.16 4.64544
3053.15 4.64579
3056.14 4.64613
3059.14 4.64647
3062.13 4.64681
3065.12 4.64715
3068.11 4.64749
3071.1 4.64784
3074.09 4.64818
3077.08 4.64852
3080.08 4.64886
3083.07 4.64919
3086.06 4.64953
3089.06 4.64987
3092.05 4.65021
3095.04 4.65055
3098.04 4.65089
3101.03 4.65122
3104.02 4.65156
3107.02 4.6519
3110.01 4.65223
3113.01 4.65257
3116 4.6529
3119 4.65324
3121.99 4.65357
3124.99 4.65391
3127.99 4.65424
3130.98 4.65458
3133.98 4.65491
3136.97 4.65524
3139.97 4.65558
3142.97 4.65591
3145.97 4.65624
3148.96 4.65657
3151.96 4.65691
3154.96 4.65724
3157.96 4.65757
3160.96 4.6579
3163.95 4.65823
3166.95 4.65856
3169.95 4.65889
3172.95 4.65922
3175.95 4.65955
3178.95 4.65988
3181.95 4.6602
3184.95 4.66053
3187.95 4.66086
3190.95 4.66119
3193.95 4.66151
3196.95 4.66184
3199.95 4.66217
3202.96 4.66249
3205.96 4.66282
3208.96 4.66315
3211.96 4.66347
3214.96 4.66379
3217.97 4.66412
3220.97 4.66444
3223.97 4.66477
3226.97 4.66509
3229.98 4.66541
3232.98 4.66574
3235.99 4.66606
3238.99 4.66638
3241.99 4.66671
3245 4.66703
3248 4.66735
3251.01 4.66767
3254.01 4.66799
3257.02 4.66831
3260.02 4.66863
3263.03 4.66895
3266.04 4.66927
3269.04 4.66959
3272.05 4.66991
3275.05 4.67023
3278.06 4.67055
3281.07 4.67086
3284.08 4.67118
3287.08 4.6715
3290.09 4.67182
3293.1 4.67213
3296.11 4.67245
3299.12 4.67277
3302.12 4.67308
3305.13 4.6734
3308.14 4.67371
3311.15 4.67403
3314.16 4.67434
3317.17 4.67466
3320.18 4.67497
3323.19 4.67529
3326.2 4.6756
3329.21 4.67591
3332.22 4.67623
3335.23 4.67654
3338.24 4.67685
3341.25 4.67717
3344.27 4.67748
3347.28 4.67779
3350.29 4.6781
3353.3 4.67841
3356.31 4.67872
3359.33 4.67903
3362.34 4.67934
3365.35 4.67965
3368.36 4.67996
3371.38 4.68027
3374.39 4.68058
3377.4 4.68089
3380.42 4.6812
3383.43 4.68151
3386.45 4.68181
3389.46 4.68212
3392.48 4.68243
3395.49 4.68274
3398.51 4.68304
3401.52 4.68335
3404.54 4.68366
3407.55 4.68396
3410.57 4.68427
3413.59 4.68457
3416.6 4.68488
3419.62 4.68518
3422.64 4.68549
3425.65 4.68579
3428.67 4.6861
3431.69 4.6864
3434.7 4.6867
3437.72 4.68701
3440.74 4.68731
3443.76 4.68761
3446.78 4.68791
3449.8 4.68822
3452.81 4.68852
3455.83 4.68882
3458.85 4.68912
3461.87 4.68942
3464.89 4.68972
3467.91 4.69002
3470.93 4.69032
3473.95 4.69062
3476.97 4.69092
3479.99 4.69122
3483.01 4.69152
3486.03 4.69182
3489.06 4.69212
3492.08 4.69242
3495.1 4.69271
3498.12 4.69301
3501.14 4.69331
3504.16 4.69361
3507.19 4.6939
3510.21 4.6942
3513.23 4.6945
3516.26 4.69479
3519.28 4.69509
3522.3 4.69538
3525.33 4.69568
3528.35 4.69598
3531.37 4.69627
3534.4 4.69656
3537.42 4.69686
3540.45 4.69715
3543.47 4.69745
3546.5 4.69774
3549.52 4.69803
3552.55 4.69833
3555.57 4.69862
3558.6 4.69891
3561.62 4.6992
3564.65 4.6995
3567.68 4.69979
3570.7 4.70008
3573.73 4.70037
3576.76 4.70066
3579.78 4.70095
3582.81 4.70124
3585.84 4.70153
3588.87 4.70182
3591.89 4.70211
3594.92 4.7024
3597.95 4.70269
3600.98 4.70298
3604.01 4.70327
3607.04 4.70356
3610.07 4.70385
3613.09 4.70413
3616.12 4.70442
3619.15 4.70471
3622.18 4.705
3625.21 4.70528
3628.24 4.70557
3631.27 4.70586
3634.3 4.70614
3637.34 4.70643
3640.37 4.70671
3643.4 4.707
3646.43 4.70729
3649.46 4.70757
3652.49 4.70786
3655.52 4.70814
3658.56 4.70842
3661.59 4.70871
3664.62 4.70899
3667.65 4.70928
3670.69 4.70956
3673.72 4.70984
3676.75 4.71012
3679.79 4.71041
3682.82 4.71069
3685.85 4.71097
3688.89 4.71125
3691.92 4.71154
3694.96 4.71182
3697.99 4.7121
3701.03 4.71238
3704.06 4.71266
3707.1 4.71294
3710.13 4.71322
3713.17 4.7135
3716.2 4.71378
3719.24 4.71406
3722.27 4.71434
3725.31 4.71462
3728.35 4.7149
3731.38 4.71518
3734.42 4.71545
3737.46 4.71573
3740.49 4.71601
3743.53 4.71629
3746.57 4.71657
3749.61 4.71684
3752.64 4.71712
3755.68 4.7174
3758.72 4.71767
3761.76 4.71795
3764.8 4.71823
3767.84 4.7185
3770.88 4.71878
3773.91 4.71905
3776.95 4.71933
3779.99 4.7196
3783.03 4.71988
3786.07 4.72015
3789.11 4.72042
3792.15 4.7207
3795.19 4.72097
3798.23 4.72125
3801.28 4.72152
3804.32 4.72179
3807.36 4.72206
3810.4 4.72234
3813.44 4.72261
3816.48 4.72288
3819.52 4.72315
3822.57 4.72343
3825.61 4.7237
3828.65 4.72397
3831.69 4.72424
3834.74 4.72451
3837.78 4.72478
3840.82 4.72505
3843.87 4.72532
3846.91 4.72559
3849.95 4.72586
3853 4.72613
3856.04 4.7264
3859.09 4.72667
3862.13 4.72694
3865.17 4.72721
3868.22 4.72747
3871.26 4.72774
3874.31 4.72801
3877.35 4.72828
3880.4 4.72855
3883.45 4.72881
3886.49 4.72908
3889.54 4.72935
3892.58 4.72961
3895.63 4.72988
3898.68 4.73015
3901.72 4.73041
3904.77 4.73068
3907.82 4.73094
3910.87 4.73121
3913.91 4.73147
3916.96 4.73174
3920.01 4.732
3923.06 4.73227
3926.1 4.73253
3929.15 4.7328
3932.2 4.73306
3935.25 4.73332
3938.3 4.73359
3941.35 4.73385
3944.4 4.73411
3947.45 4.73438
3950.5 4.73464
3953.55 4.7349
3956.6 4.73516
3959.65 4.73542
3962.7 4.73569
3965.75 4.73595
3968.8 4.73621
3971.85 4.73647
3974.9 4.73673
3977.95 4.73699
3981 4.73725
3984.05 4.73751
3987.11 4.73777
3990.16 4.73803
3993.21 4.73829
3996.26 4.73855
3999.31 4.73881
4002.37 4.73907
4005.42 4.73933
4008.47 4.73959
4011.52 4.73985
4014.58 4.74011
4017.63 4.74036
4020.69 4.74062
4023.74 4.74088
4026.79 4.74114
4029.85 4.74139
4032.9 4.74165
4035.96 4.74191
4039.01 4.74216
4042.06 4.74242
4045.12 4.74268
4048.18 4.74293
4051.23 4.74319
4054.29 4.74344
4057.34 4.7437
4060.4 4.74396
4063.45 4.74421
4066.51 4.74446
4069.57 4.74472
4072.62 4.74497
4075.68 4.74523
4078.74 4.74548
4081.79 4.74574
4084.85 4.74599
4087.91 4.74624
4090.96 4.7465
4094.02 4.74675
4097.08 4.747
4100.14 4.74726
4103.2 4.74751
4106.25 4.74776
4109.31 4.74801
4112.37 4.74826
4115.43 4.74852
4118.49 4.74877
4121.55 4.74902
4124.61 4.74927
4127.67 4.74952
4130.73 4.74977
4133.79 4.75002
4136.85 4.75027
4139.91 4.75052
4142.97 4.75077
4146.03 4.75102
4149.09 4.75127
4152.15 4.75152
4155.21 4.75177
4158.27 4.75202
4161.33 4.75227
4164.4 4.75252
4167.46 4.75277
4170.52 4.75302
4173.58 4.75326
4176.64 4.75351
4179.71 4.75376
4182.77 4.75401
4185.83 4.75425
4188.89 4.7545
4191.96 4.75475
4195.02 4.755
4198.08 4.75524
4201.15 4.75549
4204.21 4.75573
4207.27 4.75598
4210.34 4.75623
4213.4 4.75647
4216.47 4.75672
4219.53 4.75696
4222.6 4.75721
4225.66 4.75745
4228.73 4.7577
4231.79 4.75794
4234.86 4.75819
4237.92 4.75843
4240.99 4.75868
4244.05 4.75892
4247.12 4.75916
4250.18 4.75941
4253.25 4.75965
4256.32 4.75989
4259.38 4.76014
4262.45 4.76038
4265.52 4.76062
4268.58 4.76086
4271.65 4.76111
4274.72 4.76135
4277.79 4.76159
4280.85 4.76183
4283.92 4.76207
4286.99 4.76231
4290.06 4.76256
4293.13 4.7628
4296.19 4.76304
4299.26 4.76328
4302.33 4.76352
4305.4 4.76376
4308.47 4.764
4311.54 4.76424
4314.61 4.76448
4317.68 4.76472
4320.75 4.76496
4323.82 4.7652
4326.89 4.76544
4329.96 4.76567
4333.03 4.76591
4336.1 4.76615
4339.17 4.76639
4342.24 4.76663
4345.31 4.76687
4348.38 4.7671
4351.46 4.76734
4354.53 4.76758
4357.6 4.76782
4360.67 4.76805
4363.74 4.76829
4366.82 4.76853
4369.89 4.76876
4372.96 4.769
4376.03 4.76924
4379.11 4.76947
4382.18 4.76971
4385.25 4.76994
4388.33 4.77018
4391.4 4.77041
4394.47 4.77065
4397.55 4.77088
4400.62 4.77112
4403.69 4.77135
4406.77 4.77159
4409.84 4.77182
4412.92 4.77206
4415.99 4.77229
4419.07 4.77253
4422.14 4.77276
4425.22 4.77299
4428.29 4.77323
4431.37 4.77346
4434.44 4.77369
4437.52 4.77393
4440.6 4.77416
4443.67 4.77439
4446.75 4.77462
4449.82 4.77486
4452.9 4.77509
4455.98 4.77532
4459.05 4.77555
4462.13 4.77578
4465.21 4.77601
4468.29 4.77625
4471.36 4.77648
4474.44 4.77671
4477.52 4.77694
4480.6 4.77717
4483.67 4.7774
4486.75 4.77763
4489.83 4.77786
4492.91 4.77809
4495.99 4.77832
4499.07 4.77855
4502.15 4.77878
4505.23 4.77901
4508.3 4.77924
4511.38 4.77947
4514.46 4.77969
4517.54 4.77992
4520.62 4.78015
4523.7 4.78038
4526.78 4.78061
4529.86 4.78084
4532.94 4.78106
4536.03 4.78129
4539.11 4.78152
4542.19 4.78175
4545.27 4.78197
4548.35 4.7822
4551.43 4.78243
4554.51 4.78265
4557.59 4.78288
4560.68 4.78311
4563.76 4.78333
4566.84 4.78356
4569.92 4.78378
4573.01 4.78401
4576.09 4.78424
4579.17 4.78446
4582.25 4.78469
4585.34 4.78491
4588.42 4.78514
4591.5 4.78536
4594.59 4.78559
4597.67 4.78581
4600.76 4.78603
4603.84 4.78626
4606.92 4.78648
4610.01 4.78671
4613.09 4.78693
4616.18 4.78715
4619.26 4.78738
4622.35 4.7876
4625.43 4.78782
4628.52 4.78805
4631.6 4.78827
4634.69 4.78849
4637.77 4.78872
4640.86 4.78894
4643.95 4.78916
4647.03 4.78938
4650.12 4.7896
4653.2 4.78983
4656.29 4.79005
4659.38 4.79027
4662.46 4.79049
4665.55 4.79071
4668.64 4.79093
4671.73 4.79115
4674.81 4.79137
4677.9 4.79159
4680.99 4.79181
4684.08 4.79203
4687.16 4.79225
4690.25 4.79247
4693.34 4.79269
4696.43 4.79291
4699.52 4.79313
4702.61 4.79335
4705.7 4.79357
4708.78 4.79379
4711.87 4.79401
4714.96 4.79423
4718.05 4.79445
4721.14 4.79467
4724.23 4.79488
4727.32 4.7951
4730.41 4.79532
4733.5 4.79554
4736.59 4.79576
4739.68 4.79597
4742.77 4.79619
4745.86 4.79641
4748.96 4.79662
4752.05 4.79684
4755.14 4.79706
4758.23 4.79728
4761.32 4.79749
4764.41 4.79771
4767.5 4.79792
4770.6 4.79814
4773.69 4.79836
4776.78 4.79857
4779.87 4.79879
4782.96 4.799
4786.06 4.79922
4789.15 4.79943
4792.24 4.79965
4795.34 4.79986
4798.43 4.80008
4801.52 4.80029
4804.62 4.80051
4807.71 4.80072
4810.8 4.80094
4813.9 4.80115
4816.99 4.80136
4820.09 4.80158
4823.18 4.80179
4826.28 4.80201
4829.37 4.80222
4832.46 4.80243
4835.56 4.80265
4838.65 4.80286
4841.75 4.80307
4844.85 4.80328
4847.94 4.8035
4851.04 4.80371
4854.13 4.80392
4857.23 4.80413
4860.32 4.80435
4863.42 4.80456
4866.52 4.80477
4869.61 4.80498
4872.71 4.80519
4875.81 4.8054
4878.9 4.80561
4882 4.80583
4885.1 4.80604
4888.2 4.80625
4891.29 4.80646
4894.39 4.80667
4897.49 4.80688
4900.59 4.80709
4903.69 4.8073
4906.78 4.80751
4909.88 4.80772
4912.98 4.80793
4916.08 4.80814
4919.18 4.80835
4922.28 4.80856
4925.38 4.80877
4928.47 4.80897
4931.57 4.80918
4934.67 4.80939
4937.77 4.8096
4940.87 4.80981
4943.97 4.81002
4947.07 4.81023
4950.17 4.81043
4953.27 4.81064
4956.37 4.81085
4959.47 4.81106
4962.57 4.81126
4965.68 4.81147
4968.78 4.81168
4971.88 4.81189
4974.98 4.81209
4978.08 4.8123
4981.18 4.81251
4984.28 4.81271
4987.39 4.81292
4990.49 4.81313
4993.59 4.81333
4996.69 4.81354
4999.79 4.81374
5002.9 4.81395
5006 4.81416
5009.1 4.81436
5012.21 4.81457
5015.31 4.81477
5018.41 4.81498
5021.51 4.81518
5024.62 4.81539
5027.72 4.81559
5030.83 4.8158
5033.93 4.816
5037.03 4.8162
5040.14 4.81641
5043.24 4.81661
5046.35 4.81682
5049.45 4.81702
5052.56 4.81722
5055.66 4.81743
5058.77 4.81763
5061.87 4.81783
5064.98 4.81804
5068.08 4.81824
5071.19 4.81844
5074.29 4.81865
5077.4 4.81885
5080.5 4.81905
5083.61 4.81925
5086.72 4.81946
5089.82 4.81966
5092.93 4.81986
5096.03 4.82006
5099.14 4.82026
5102.25 4.82046
5105.36 4.82067
5108.46 4.82087
5111.57 4.82107
5114.68 4.82127
5117.78 4.82147
5120.89 4.82167
5124 4.82187
5127.11 4.82207
5130.22 4.82227
5133.32 4.82247
5136.43 4.82267
5139.54 4.82287
5142.65 4.82307
5145.76 4.82327
5148.87 4.82347
5151.98 4.82367
5155.08 4.82387
5158.19 4.82407
5161.3 4.82427
5164.41 4.82447
5167.52 4.82467
5170.63 4.82487
5173.74 4.82507
5176.85 4.82527
5179.96 4.82546
5183.07 4.82566
5186.18 4.82586
5189.29 4.82606
5192.4 4.82626
5195.52 4.82645
5198.63 4.82665
5201.74 4.82685
5204.85 4.82705
5207.96 4.82724
5211.07 4.82744
5214.18 4.82764
5217.3 4.82784
5220.41 4.82803
5223.52 4.82823
5226.63 4.82843
5229.74 4.82862
5232.86 4.82882
5235.97 4.82902
5239.08 4.82921
5242.19 4.82941
5245.31 4.8296
5248.42 4.8298
5251.53 4.83
5254.65 4.83019
5257.76 4.83039
5260.87 4.83058
5263.99 4.83078
5267.1 4.83097
5270.21 4.83117
5273.33 4.83136
5276.44 4.83156
5279.56 4.83175
5282.67 4.83195
5285.79 4.83214
5288.9 4.83233
5292.02 4.83253
5295.13 4.83272
5298.25 4.83292
5301.36 4.83311
5304.48 4.8333
5307.59 4.8335
5310.71 4.83369
5313.82 4.83388
5316.94 4.83408
5320.06 4.83427
5323.17 4.83446
5326.29 4.83466
5329.4 4.83485
5332.52 4.83504
5335.64 4.83523
5338.75 4.83543
5341.87 4.83562
5344.99 4.83581
5348.11 4.836
5351.22 4.83619
5354.34 4.83639
5357.46 4.83658
5360.58 4.83677
5363.69 4.83696
5366.81 4.83715
5369.93 4.83734
5373.05 4.83753
5376.17 4.83773
5379.29 4.83792
5382.4 4.83811
5385.52 4.8383
5388.64 4.83849
5391.76 4.83868
5394.88 4.83887
5398 4.83906
5401.12 4.83925
5404.24 4.83944
5407.36 4.83963
5410.48 4.83982
5413.6 4.84001
5416.72 4.8402
5419.84 4.84039
5422.96 4.84058
5426.08 4.84077
5429.2 4.84096
5432.32 4.84114
5435.44 4.84133
5438.56 4.84152
5441.68 4.84171
5444.8 4.8419
5447.92 4.84209
5451.05 4.84228
5454.17 4.84246
5457.29 4.84265
5460.41 4.84284
5463.53 4.84303
5466.65 4.84322
5469.78 4.8434
5472.9 4.84359
5476.02 4.84378
5479.14 4.84397
5482.27 4.84415
5485.39 4.84434
5488.51 4.84453
5491.64 4.84471
5494.76 4.8449
5497.88 4.84509
5501 4.84527
5504.13 4.84546
5507.25 4.84565
5510.38 4.84583
5513.5 4.84602
5516.62 4.84621
5519.75 4.84639
5522.87 4.84658
5526 4.84676
5529.12 4.84695
5532.25 4.84713
5535.37 4.84732
5538.5 4.8475
5541.62 4.84769
5544.75 4.84787
5547.87 4.84806
5551 4.84824
5554.12 4.84843
5557.25 4.84861
5560.37 4.8488
5563.5 4.84898
5566.63 4.84917
5569.75 4.84935
5572.88 4.84953
5576 4.84972
5579.13 4.8499
5582.26 4.85009
5585.38 4.85027
5588.51 4.85045
5591.64 4.85064
5594.76 4.85082
5597.89 4.851
5601.02 4.85119
5604.15 4.85137
5607.27 4.85155
5610.4 4.85174
5613.53 4.85192
5616.66 4.8521
5619.79 4.85228
5622.91 4.85247
5626.04 4.85265
5629.17 4.85283
5632.3 4.85301
5635.43 4.85319
5638.56 4.85338
5641.69 4.85356
5644.82 4.85374
5647.94 4.85392
5651.07 4.8541
5654.2 4.85428
5657.33 4.85446
5660.46 4.85465
5663.59 4.85483
5666.72 4.85501
5669.85 4.85519
5672.98 4.85537
5676.11 4.85555
5679.24 4.85573
5682.37 4.85591
5685.5 4.85609
5688.63 4.85627
5691.77 4.85645
5694.9 4.85663
5698.03 4.85681
5701.16 4.85699
5704.29 4.85717
5707.42 4.85735
5710.55 4.85753
5713.68 4.85771
5716.82 4.85789
5719.95 4.85807
5723.08 4.85825
5726.21 4.85843
5729.34 4.8586
5732.48 4.85878
5735.61 4.85896
5738.74 4.85914
5741.88 4.85932
5745.01 4.8595
5748.14 4.85967
5751.27 4.85985
5754.41 4.86003
5757.54 4.86021
5760.67 4.86039
5763.81 4.86056
5766.94 4.86074
5770.08 4.86092
5773.21 4.8611
5776.34 4.86127
5779.48 4.86145
5782.61 4.86163
5785.75 4.86181
5788.88 4.86198
5792.02 4.86216
5795.15 4.86234
5798.29 4.86251
5801.42 4.86269
5804.56 4.86287
5807.69 4.86304
5810.83 4.86322
5813.96 4.8634
5817.1 4.86357
5820.23 4.86375
5823.37 4.86392
5826.5 4.8641
5829.64 4.86427
5832.78 4.86445
5835.91 4.86463
5839.05 4.8648
5842.19 4.86498
5845.32 4.86515
5848.46 4.86533
5851.6 4.8655
5854.73 4.86568
5857.87 4.86585
5861.01 4.86603
5864.14 4.8662
5867.28 4.86637
5870.42 4.86655
5873.56 4.86672
5876.7 4.8669
5879.83 4.86707
5882.97 4.86725
5886.11 4.86742
5889.25 4.86759
5892.39 4.86777
5895.52 4.86794
5898.66 4.86811
5901.8 4.86829
5904.94 4.86846
5908.08 4.86864
5911.22 4.86881
5914.36 4.86898
5917.5 4.86915
5920.64 4.86933
5923.78 4.8695
5926.92 4.86967
5930.06 4.86985
5933.2 4.87002
5936.34 4.87019
5939.48 4.87036
5942.62 4.87053
5945.76 4.87071
5948.9 4.87088
5952.04 4.87105
5955.18 4.87122
5958.32 4.87139
5961.46 4.87157
5964.6 4.87174
5967.74 4.87191
5970.88 4.87208
5974.02 4.87225
5977.17 4.87242
5980.31 4.87259
5983.45 4.87277
5986.59 4.87294
5989.73 4.87311
5992.88 4.87328
5996.02 4.87345
5999.16 4.87362
6002.3 4.87379
6005.44 4.87396
6008.59 4.87413
6011.73 4.8743
6014.87 4.87447
6018.02 4.87464
6021.16 4.87481
6024.3 4.87498
6027.45 4.87515
6030.59 4.87532
6033.73 4.87549
6036.88 4.87566
6040.02 4.87583
6043.16 4.876
6046.31 4.87617
6049.45 4.87634
6052.6 4.8765
6055.74 4.87667
6058.89 4.87684
6062.03 4.87701
6065.17 4.87718
6068.32 4.87735
6071.46 4.87752
6074.61 4.87768
6077.75 4.87785
6080.9 4.87802
6084.04 4.87819
6087.19 4.87836
6090.34 4.87853
6093.48 4.87869
6096.63 4.87886
6099.77 4.87903
6102.92 4.8792
6106.07 4.87936
6109.21 4.87953
6112.36 4.8797
6115.5 4.87987
6118.65 4.88003
6121.8 4.8802
6124.94 4.88037
6128.09 4.88053
6131.24 4.8807
6134.39 4.88087
6137.53 4.88103
6140.68 4.8812
6143.83 4.88137
6146.98 4.88153
6150.12 4.8817
6153.27 4.88187
6156.42 4.88203
6159.57 4.8822
6162.71 4.88236
6165.86 4.88253
6169.01 4.88269
6172.16 4.88286
6175.31 4.88303
6178.46 4.88319
6181.61 4.88336
6184.76 4.88352
6187.9 4.88369
6191.05 4.88385
6194.2 4.88402
6197.35 4.88418
6200.5 4.88435
6203.65 4.88451
6206.8 4.88468
6209.95 4.88484
6213.1 4.88501
6216.25 4.88517
6219.4 4.88533
6222.55 4.8855
6225.7 4.88566
6228.85 4.88583
6232 4.88599
6235.15 4.88615
6238.3 4.88632
6241.45 4.88648
6244.61 4.88665
6247.76 4.88681
6250.91 4.88697
6254.06 4.88714
6257.21 4.8873
6260.36 4.88746
6263.51 4.88763
6266.67 4.88779
6269.82 4.88795
6272.97 4.88811
6276.12 4.88828
6279.27 4.88844
6282.43 4.8886
6285.58 4.88877
6288.73 4.88893
6291.88 4.88909
6295.04 4.88925
6298.19 4.88941
6301.34 4.88958
6304.49 4.88974
6307.65 4.8899
6310.8 4.89006
6313.95 4.89022
6317.11 4.89039
6320.26 4.89055
6323.42 4.89071
6326.57 4.89087
6329.72 4.89103
6332.88 4.89119
6336.03 4.89135
6339.19 4.89152
6342.34 4.89168
6345.49 4.89184
6348.65 4.892
6351.8 4.89216
6354.96 4.89232
6358.11 4.89248
6361.27 4.89264
6364.42 4.8928
6367.58 4.89296
6370.73 4.89312
6373.89 4.89328
6377.04 4.89344
6380.2 4.8936
6383.36 4.89376
6386.51 4.89392
6389.67 4.89408
6392.82 4.89424
6395.98 4.8944
6399.14 4.89456
6402.29 4.89472
6405.45 4.89488
6408.61 4.89504
6411.76 4.8952
6414.92 4.89536
6418.08 4.89552
6421.23 4.89568
6424.39 4.89583
6427.55 4.89599
6430.71 4.89615
6433.86 4.89631
6437.02 4.89647
6440.18 4.89663
6443.34 4.89679
6446.49 4.89694
6449.65 4.8971
6452.81 4.89726
6455.97 4.89742
6459.13 4.89758
6462.28 4.89774
6465.44 4.89789
6468.6 4.89805
6471.76 4.89821
6474.92 4.89837
6478.08 4.89852
6481.24 4.89868
6484.4 4.89884
6487.56 4.899
6490.71 4.89915
6493.87 4.89931
6497.03 4.89947
6500.19 4.89962
6503.35 4.89978
6506.51 4.89994
6509.67 4.9001
6512.83 4.90025
6515.99 4.90041
6519.15 4.90057
6522.31 4.90072
6525.47 4.90088
6528.63 4.90103
6531.8 4.90119
6534.96 4.90135
6538.12 4.9015
6541.28 4.90166
6544.44 4.90181
6547.6 4.90197
6550.76 4.90213
6553.92 4.90228
6557.08 4.90244
6560.25 4.90259
6563.41 4.90275
6566.57 4.9029
6569.73 4.90306
6572.89 4.90321
6576.06 4.90337
6579.22 4.90352
6582.38 4.90368
6585.54 4.90383
6588.71 4.90399
6591.87 4.90414
6595.03 4.9043
6598.19 4.90445
6601.36 4.90461
6604.52 4.90476
6607.68 4.90492
6610.85 4.90507
6614.01 4.90522
6617.17 4.90538
6620.34 4.90553
6623.5 4.90569
6626.66 4.90584
6629.83 4.90599
6632.99 4.90615
6636.16 4.9063
6639.32 4.90646
6642.48 4.90661
6645.65 4.90676
6648.81 4.90692
6651.98 4.90707
6655.14 4.90722
6658.31 4.90738
6661.47 4.90753
6664.64 4.90768
6667.8 4.90784
6670.97 4.90799
6674.13 4.90814
6677.3 4.90829
6680.46 4.90845
6683.63 4.9086
6686.8 4.90875
6689.96 4.9089
6693.13 4.90906
6696.29 4.90921
6699.46 4.90936
6702.63 4.90951
6705.79 4.90966
6708.96 4.90982
6712.13 4.90997
6715.29 4.91012
6718.46 4.91027
6721.63 4.91042
6724.79 4.91057
6727.96 4.91073
6731.13 4.91088
6734.29 4.91103
6737.46 4.91118
6740.63 4.91133
6743.8 4.91148
6746.96 4.91163
6750.13 4.91179
6753.3 4.91194
6756.47 4.91209
6759.64 4.91224
6762.8 4.91239
6765.97 4.91254
6769.14 4.91269
6772.31 4.91284
6775.48 4.91299
6778.65 4.91314
6781.81 4.91329
6784.98 4.91344
6788.15 4.91359
6791.32 4.91374
6794.49 4.91389
6797.66 4.91404
6800.83 4.91419
6804 4.91434
6807.17 4.91449
6810.34 4.91464
6813.51 4.91479
6816.68 4.91494
6819.85 4.91509
6823.02 4.91524
6826.19 4.91539
6829.36 4.91554
6832.53 4.91569
6835.7 4.91583
6838.87 4.91598
6842.04 4.91613
6845.21 4.91628
6848.38 4.91643
6851.55 4.91658
6854.72 4.91673
6857.89 4.91688
6861.07 4.91702
6864.24 4.91717
6867.41 4.91732
6870.58 4.91747
6873.75 4.91762
6876.92 4.91777
6880.1 4.91791
6883.27 4.91806
6886.44 4.91821
6889.61 4.91836
6892.78 4.91851
6895.96 4.91865
6899.13 4.9188
6902.3 4.91895
6905.47 4.9191
6908.65 4.91924
6911.82 4.91939
6914.99 4.91954
6918.17 4.91968
6921.34 4.91983
6924.51 4.91998
6927.69 4.92013
6930.86 4.92027
6934.03 4.92042
6937.21 4.92057
6940.38 4.92071
6943.55 4.92086
6946.73 4.92101
6949.9 4.92115
6953.08 4.9213
6956.25 4.92145
6959.42 4.92159
6962.6 4.92174
6965.77 4.92189
6968.95 4.92203
6972.12 4.92218
6975.3 4.92232
6978.47 4.92247
6981.65 4.92261
6984.82 4.92276
6988 4.92291
6991.17 4.92305
6994.35 4.9232
6997.52 4.92334
7000.7 4.92349
7003.88 4.92363
7007.05 4.92378
7010.23 4.92392
7013.4 4.92407
7016.58 4.92421
7019.75 4.92436
7022.93 4.9245
7026.11 4.92465
7029.28 4.92479
7032.46 4.92494
7035.64 4.92508
7038.81 4.92523
7041.99 4.92537
7045.17 4.92552
7048.34 4.92566
7051.52 4.92581
7054.7 4.92595
7057.88 4.92609
7061.05 4.92624
7064.23 4.92638
7067.41 4.92653
7070.59 4.92667
7073.76 4.92681
7076.94 4.92696
7080.12 4.9271
7083.3 4.92725
7086.48 4.92739
7089.65 4.92753
7092.83 4.92768
7096.01 4.92782
7099.19 4.92796
7102.37 4.92811
7105.55 4.92825
7108.73 4.92839
7111.9 4.92854
7115.08 4.92868
7118.26 4.92882
7121.44 4.92896
7124.62 4.92911
7127.8 4.92925
7130.98 4.92939
7134.16 4.92954
7137.34 4.92968
7140.52 4.92982
7143.7 4.92996
7146.88 4.93011
7150.06 4.93025
7153.24 4.93039
7156.42 4.93053
7159.6 4.93067
7162.78 4.93082
7165.96 4.93096
7169.14 4.9311
7172.32 4.93124
7175.5 4.93138
7178.68 4.93153
7181.87 4.93167
7185.05 4.93181
7188.23 4.93195
7191.41 4.93209
7194.59 4.93223
7197.77 4.93237
7200.95 4.93252
7204.14 4.93266
7207.32 4.9328
7210.5 4.93294
7213.68 4.93308
7216.86 4.93322
7220.04 4.93336
7223.23 4.9335
7226.41 4.93364
7229.59 4.93378
7232.77 4.93392
7235.96 4.93406
7239.14 4.93421
7242.32 4.93435
7245.51 4.93449
7248.69 4.93463
7251.87 4.93477
7255.05 4.93491
7258.24 4.93505
7261.42 4.93519
7264.6 4.93533
7267.79 4.93547
7270.97 4.93561
7274.16 4.93575
7277.34 4.93589
7280.52 4.93603
7283.71 4.93617
7286.89 4.93631
7290.08 4.93644
7293.26 4.93658
7296.44 4.93672
7299.63 4.93686
7302.81 4.937
7306 4.93714
7309.18 4.93728
7312.37 4.93742
7315.55 4.93756
7318.74 4.9377
7321.92 4.93784
7325.11 4.93797
7328.29 4.93811
7331.48 4.93825
7334.66 4.93839
7337.85 4.93853
7341.04 4.93867
7344.22 4.93881
7347.41 4.93894
7350.59 4.93908
7353.78 4.93922
7356.97 4.93936
7360.15 4.9395
7363.34 4.93963
7366.52 4.93977
7369.71 4.93991
7372.9 4.94005
7376.08 4.94019
7379.27 4.94032
7382.46 4.94046
7385.65 4.9406
7388.83 4.94074
7392.02 4.94087
7395.21 4.94101
7398.39 4.94115
7401.58 4.94129
7404.77 4.94142
7407.96 4.94156
7411.14 4.9417
7414.33 4.94183
7417.52 4.94197
7420.71 4.94211
7423.9 4.94225
7427.08 4.94238
7430.27 4.94252
7433.46 4.94266
7436.65 4.94279
7439.84 4.94293
7443.03 4.94307
7446.21 4.9432
7449.4 4.94334
7452.59 4.94347
7455.78 4.94361
7458.97 4.94375
7462.16 4.94388
7465.35 4.94402
7468.54 4.94416
7471.73 4.94429
7474.92 4.94443
7478.11 4.94456
7481.3 4.9447
7484.49 4.94484
7487.68 4.94497
7490.87 4.94511
7494.06 4.94524
7497.25 4.94538
7500.44 4.94551
7503.63 4.94565
7506.82 4.94578
7510.01 4.94592
7513.2 4.94605
7516.39 4.94619
7519.58 4.94632
7522.77 4.94646
7525.96 4.94659
7529.15 4.94673
7532.34 4.94686
7535.54 4.947
7538.73 4.94713
7541.92 4.94727
7545.11 4.9474
7548.3 4.94754
7551.49 4.94767
7554.68 4.94781
7557.88 4.94794
7561.07 4.94808
7564.26 4.94821
7567.45 4.94834
7570.65 4.94848
7573.84 4.94861
7577.03 4.94875
7580.22 4.94888
7583.41 4.94901
7586.61 4.94915
7589.8 4.94928
7592.99 4.94942
7596.19 4.94955
7599.38 4.94968
7602.57 4.94982
7605.77 4.94995
7608.96 4.95008
7612.15 4.95022
7615.35 4.95035
7618.54 4.95048
7621.73 4.95062
7624.93 4.95075
7628.12 4.95088
7631.31 4.95101
7634.51 4.95115
7637.7 4.95128
7640.9 4.95141
7644.09 4.95155
7647.29 4.95168
7650.48 4.95181
7653.67 4.95194
7656.87 4.95208
7660.06 4.95221
7663.26 4.95234
7666.45 4.95248
7669.65 4.95261
7672.84 4.95274
7676.04 4.95287
7679.23 4.953
7682.43 4.95314
7685.63 4.95327
7688.82 4.9534
7692.02 4.95353
7695.21 4.95366
7698.41 4.9538
7701.6 4.95393
7704.8 4.95406
7708 4.95419
7711.19 4.95432
7714.39 4.95445
7717.58 4.95459
7720.78 4.95472
7723.98 4.95485
7727.17 4.95498
7730.37 4.95511
7733.57 4.95524
7736.76 4.95537
7739.96 4.9555
7743.16 4.95564
7746.35 4.95577
7749.55 4.9559
7752.75 4.95603
7755.95 4.95616
7759.14 4.95629
7762.34 4.95642
7765.54 4.95655
7768.74 4.95668
7771.93 4.95681
7775.13 4.95694
7778.33 4.95707
7781.53 4.9572
7784.73 4.95733
7787.92 4.95746
7791.12 4.95759
7794.32 4.95772
7797.52 4.95785
7800.72 4.95798
7803.92 4.95812
7807.12 4.95825
7810.31 4.95837
7813.51 4.9585
7816.71 4.95863
7819.91 4.95876
7823.11 4.95889
7826.31 4.95902
7829.51 4.95915
7832.71 4.95928
7835.91 4.95941
7839.11 4.95954
7842.31 4.95967
7845.51 4.9598
7848.71 4.95993
7851.91 4.96006
7855.11 4.96019
7858.31 4.96032
7861.51 4.96045
7864.71 4.96057
7867.91 4.9607
7871.11 4.96083
7874.31 4.96096
7877.51 4.96109
7880.71 4.96122
7883.91 4.96135
7887.11 4.96148
7890.31 4.9616
7893.51 4.96173
7896.72 4.96186
7899.92 4.96199
7903.12 4.96212
7906.32 4.96225
7909.52 4.96237
7912.72 4.9625
7915.92 4.96263
7919.13 4.96276
7922.33 4.96289
7925.53 4.96301
7928.73 4.96314
7931.93 4.96327
7935.14 4.9634
7938.34 4.96353
7941.54 4.96365
7944.74 4.96378
7947.95 4.96391
7951.15 4.96404
7954.35 4.96416
7957.55 4.96429
7960.76 4.96442
7963.96 4.96455
7967.16 4.96467
7970.37 4.9648
7973.57 4.96493
7976.77 4.96505
7979.98 4.96518
7983.18 4.96531
7986.38 4.96544
7989.59 4.96556
7992.79 4.96569
7995.99 4.96582
7999.2 4.96594
8002.4 4.96607
8005.61 4.9662
8008.81 4.96632
8012.01 4.96645
8015.22 4.96658
8018.42 4.9667
8021.63 4.96683
8024.83 4.96695
8028.04 4.96708
8031.24 4.96721
8034.45 4.96733
8037.65 4.96746
8040.86 4.96759
8044.06 4.96771
8047.27 4.96784
8050.47 4.96796
8053.68 4.96809
8056.88 4.96821
8060.09 4.96834
8063.29 4.96847
8066.5 4.96859
8069.7 4.96872
8072.91 4.96884
8076.12 4.96897
8079.32 4.96909
8082.53 4.96922
8085.73 4.96934
8088.94 4.96947
8092.15 4.9696
8095.35 4.96972
8098.56 4.96985
8101.77 4.96997
8104.97 4.9701
8108.18 4.97022
8111.39 4.97035
8114.59 4.97047
8117.8 4.97059
8121.01 4.97072
8124.21 4.97084
8127.42 4.97097
8130.63 4.97109
8133.84 4.97122
8137.04 4.97134
8140.25 4.97147
8143.46 4.97159
8146.67 4.97172
8149.88 4.97184
8153.08 4.97196
8156.29 4.97209
8159.5 4.97221
8162.71 4.97234
8165.92 4.97246
8169.12 4.97258
8172.33 4.97271
8175.54 4.97283
8178.75 4.97296
8181.96 4.97308
8185.17 4.9732
8188.38 4.97333
8191.58 4.97345
8194.79 4.97358
8198 4.9737
8201.21 4.97382
8204.42 4.97395
8207.63 4.97407
8210.84 4.97419
8214.05 4.97432
8217.26 4.97444
8220.47 4.97456
8223.68 4.97469
8226.89 4.97481
8230.1 4.97493
8233.31 4.97505
8236.52 4.97518
8239.73 4.9753
8242.94 4.97542
8246.15 4.97555
8249.36 4.97567
8252.57 4.97579
8255.78 4.97591
8258.99 4.97604
8262.2 4.97616
8265.41 4.97628
8268.62 4.9764
8271.83 4.97653
8275.04 4.97665
8278.25 4.97677
8281.46 4.97689
8284.68 4.97702
8287.89 4.97714
8291.1 4.97726
8294.31 4.97738
8297.52 4.9775
8300.73 4.97763
8303.95 4.97775
8307.16 4.97787
8310.37 4.97799
8313.58 4.97811
8316.79 4.97824
8320 4.97836
8323.22 4.97848
8326.43 4.9786
8329.64 4.97872
8332.85 4.97884
8336.07 4.97896
8339.28 4.97909
8342.49 4.97921
8345.71 4.97933
8348.92 4.97945
8352.13 4.97957
8355.34 4.97969
8358.56 4.97981
8361.77 4.97993
8364.98 4.98006
8368.2 4.98018
8371.41 4.9803
8374.62 4.98042
8377.84 4.98054
8381.05 4.98066
8384.26 4.98078
8387.48 4.9809
8390.69 4.98102
8393.91 4.98114
8397.12 4.98126
8400.33 4.98138
8403.55 4.9815
8406.76 4.98162
8409.98 4.98174
8413.19 4.98186
8416.41 4.98198
8419.62 4.9821
8422.84 4.98222
8426.05 4.98235
8429.27 4.98247
8432.48 4.98259
8435.7 4.98271
8438.91 4.98283
8442.13 4.98294
8445.34 4.98306
8448.56 4.98318
8451.77 4.9833
8454.99 4.98342
8458.2 4.98354
8461.42 4.98366
8464.63 4.98378
8467.85 4.9839
8471.07 4.98402
8474.28 4.98414
8477.5 4.98426
8480.71 4.98438
8483.93 4.9845
8487.15 4.98462
8490.36 4.98474
8493.58 4.98486
8496.8 4.98498
8500.01 4.98509
8503.23 4.98521
8506.45 4.98533
8509.66 4.98545
8512.88 4.98557
8516.1 4.98569
8519.31 4.98581
8522.53 4.98593
8525.75 4.98604
8528.97 4.98616
8532.18 4.98628
8535.4 4.9864
8538.62 4.98652
8541.84 4.98664
8545.05 4.98676
8548.27 4.98687
8551.49 4.98699
8554.71 4.98711
8557.93 4.98723
8561.14 4.98735
8564.36 4.98747
8567.58 4.98758
8570.8 4.9877
8574.02 4.98782
8577.24 4.98794
8580.46 4.98805
8583.67 4.98817
8586.89 4.98829
8590.11 4.98841
8593.33 4.98853
8596.55 4.98864
8599.77 4.98876
8602.99 4.98888
8606.21 4.989
8609.43 4.98911
8612.65 4.98923
8615.87 4.98935
8619.08 4.98947
8622.3 4.98958
8625.52 4.9897
8628.74 4.98982
8631.96 4.98993
8635.18 4.99005
8638.4 4.99017
8641.62 4.99029
8644.84 4.9904
8648.06 4.99052
8651.28 4.99064
8654.5 4.99075
8657.73 4.99087
8660.95 4.99099
8664.17 4.9911
8667.39 4.99122
8670.61 4.99134
8673.83 4.99145
8677.05 4.99157
8680.27 4.99169
8683.49 4.9918
8686.71 4.99192
8689.93 4.99204
8693.16 4.99215
8696.38 4.99227
8699.6 4.99238
8702.82 4.9925
8706.04 4.99262
8709.26 4.99273
8712.49 4.99285
8715.71 4.99296
8718.93 4.99308
8722.15 4.9932
8725.37 4.99331
8728.6 4.99343
8731.82 4.99354
8735.04 4.99366
8738.26 4.99378
8741.49 4.99389
8744.71 4.99401
8747.93 4.99412
8751.15 4.99424
8754.38 4.99435
8757.6 4.99447
8760.82 4.99458
8764.04 4.9947
8767.27 4.99481
8770.49 4.99493
8773.71 4.99505
8776.94 4.99516
8780.16 4.99528
8783.39 4.99539
8786.61 4.9955
8789.83 4.99562
8793.06 4.99573
8796.28 4.99585
8799.5 4.99596
8802.73 4.99608
8805.95 4.99619
8809.18 4.99631
8812.4 4.99642
8815.63 4.99654
8818.85 4.99665
8822.07 4.99677
8825.3 4.99688
8828.52 4.997
8831.75 4.99711
8834.97 4.99722
8838.2 4.99734
8841.42 4.99745
8844.65 4.99757
8847.87 4.99768
8851.1 4.9978
8854.32 4.99791
8857.55 4.99802
8860.77 4.99814
8864 4.99825
8867.22 4.99837
8870.45 4.99848
8873.68 4.99859
8876.9 4.99871
8880.13 4.99882
8883.35 4.99894
8886.58 4.99905
8889.8 4.99916
8893.03 4.99928
8896.26 4.99939
8899.48 4.9995
8902.71 4.99962
8905.94 4.99973
8909.16 4.99984
8912.39 4.99996
8915.62 5.00007
8918.84 5.00018
8922.07 5.0003
8925.3 5.00041
8928.52 5.00052
8931.75 5.00064
8934.98 5.00075
8938.2 5.00086
8941.43 5.00097
8944.66 5.00109
8947.89 5.0012
8951.11 5.00131
8954.34 5.00143
8957.57 5.00154
8960.8 5.00165
8964.02 5.00176
8967.25 5.00188
8970.48 5.00199
8973.71 5.0021
8976.94 5.00221
8980.16 5.00233
8983.39 5.00244
8986.62 5.00255
8989.85 5.00266
8993.08 5.00278
8996.31 5.00289
8999.54 5.003
9002.76 5.00311
9005.99 5.00322
9009.22 5.00334
9012.45 5.00345
9015.68 5.00356
9018.91 5.00367
9022.14 5.00379
9025.37 5.0039
9028.6 5.00401
9031.83 5.00412
9035.05 5.00423
9038.28 5.00434
9041.51 5.00446
9044.74 5.00457
9047.97 5.00468
9051.2 5.00479
9054.43 5.0049
9057.66 5.00501
9060.89 5.00513
9064.12 5.00524
9067.35 5.00535
9070.58 5.00546
9073.81 5.00557
9077.04 5.00568
9080.27 5.00579
9083.5 5.0059
9086.74 5.00601
9089.97 5.00613
9093.2 5.00624
9096.43 5.00635
9099.66 5.00646
9102.89 5.00657
9106.12 5.00668
9109.35 5.00679
9112.58 5.0069
9115.81 5.00701
9119.05 5.00712
9122.28 5.00723
9125.51 5.00734
9128.74 5.00746
9131.97 5.00757
9135.2 5.00768
9138.43 5.00779
9141.67 5.0079
9144.9 5.00801
9148.13 5.00812
9151.36 5.00823
9154.59 5.00834
9157.83 5.00845
9161.06 5.00856
9164.29 5.00867
9167.52 5.00878
9170.76 5.00889
9173.99 5.009
9177.22 5.00911
9180.45 5.00922
9183.69 5.00933
9186.92 5.00944
9190.15 5.00955
9193.39 5.00966
9196.62 5.00977
9199.85 5.00988
9203.09 5.00999
9206.32 5.0101
9209.55 5.01021
9212.79 5.01032
9216.02 5.01043
9219.25 5.01054
9222.49 5.01064
9225.72 5.01075
9228.95 5.01086
9232.19 5.01097
9235.42 5.01108
9238.66 5.01119
9241.89 5.0113
9245.13 5.01141
9248.36 5.01152
9251.59 5.01163
9254.83 5.01174
9258.06 5.01185
9261.3 5.01195
9264.53 5.01206
9267.77 5.01217
9271 5.01228
9274.23 5.01239
9277.47 5.0125
9280.71 5.01261
9283.94 5.01272
9287.18 5.01282
9290.41 5.01293
9293.65 5.01304
9296.88 5.01315
9300.12 5.01326
9303.35 5.01337
9306.59 5.01348
9309.82 5.01358
9313.06 5.01369
9316.29 5.0138
9319.53 5.01391
9322.77 5.01402
9326 5.01412
9329.24 5.01423
9332.48 5.01434
9335.71 5.01445
9338.95 5.01456
9342.18 5.01467
9345.42 5.01477
9348.66 5.01488
9351.89 5.01499
9355.13 5.0151
9358.37 5.0152
9361.6 5.01531
9364.84 5.01542
9368.08 5.01553
9371.31 5.01564
9374.55 5.01574
9377.79 5.01585
9381.03 5.01596
9384.26 5.01607
9387.5 5.01617
9390.74 5.01628
9393.98 5.01639
9397.21 5.01649
9400.45 5.0166
9403.69 5.01671
9406.93 5.01682
9410.16 5.01692
9413.4 5.01703
9416.64 5.01714
9419.88 5.01724
9423.12 5.01735
9426.36 5.01746
9429.59 5.01757
9432.83 5.01767
9436.07 5.01778
9439.31 5.01789
9442.55 5.01799
9445.79 5.0181
9449.02 5.01821
9452.26 5.01831
9455.5 5.01842
9458.74 5.01853
9461.98 5.01863
9465.22 5.01874
9468.46 5.01885
9471.7 5.01895
9474.94 5.01906
9478.18 5.01916
9481.42 5.01927
9484.66 5.01938
9487.89 5.01948
9491.13 5.01959
9494.37 5.0197
9497.61 5.0198
9500.85 5.01991
9504.09 5.02001
9507.33 5.02012
9510.57 5.02023
9513.81 5.02033
9517.05 5.02044
9520.29 5.02054
9523.54 5.02065
9526.78 5.02076
9530.02 5.02086
9533.26 5.02097
9536.5 5.02107
9539.74 5.02118
9542.98 5.02128
9546.22 5.02139
9549.46 5.0215
9552.7 5.0216
9555.94 5.02171
9559.18 5.02181
9562.42 5.02192
9565.67 5.02202
9568.91 5.02213
9572.15 5.02223
9575.39 5.02234
9578.63 5.02244
9581.87 5.02255
9585.11 5.02265
9588.36 5.02276
9591.6 5.02286
9594.84 5.02297
9598.08 5.02307
9601.33 5.02318
9604.57 5.02328
9607.81 5.02339
9611.05 5.02349
9614.29 5.0236
9617.54 5.0237
9620.78 5.02381
9624.02 5.02391
9627.26 5.02402
9630.51 5.02412
9633.75 5.02423
9636.99 5.02433
9640.24 5.02444
9643.48 5.02454
9646.72 5.02464
9649.96 5.02475
9653.21 5.02485
9656.45 5.02496
9659.69 5.02506
9662.94 5.02517
9666.18 5.02527
9669.42 5.02537
9672.67 5.02548
9675.91 5.02558
9679.16 5.02569
9682.4 5.02579
9685.64 5.02589
9688.89 5.026
9692.13 5.0261
9695.38 5.02621
9698.62 5.02631
9701.86 5.02641
9705.11 5.02652
9708.35 5.02662
9711.6 5.02673
9714.84 5.02683
9718.08 5.02693
9721.33 5.02704
9724.57 5.02714
9727.82 5.02724
9731.06 5.02735
9734.31 5.02745
9737.55 5.02755
9740.8 5.02766
9744.04 5.02776
9747.29 5.02786
9750.54 5.02797
9753.78 5.02807
9757.03 5.02817
9760.27 5.02828
9763.52 5.02838
9766.76 5.02848
9770.01 5.02859
9773.25 5.02869
9776.5 5.02879
9779.75 5.0289
9782.99 5.029
9786.24 5.0291
9789.48 5.0292
9792.73 5.02931
9795.98 5.02941
9799.22 5.02951
9802.47 5.02962
9805.71 5.02972
9808.96 5.02982
9812.21 5.02992
9815.45 5.03003
9818.7 5.03013
9821.95 5.03023
9825.19 5.03033
9828.44 5.03044
9831.69 5.03054
9834.94 5.03064
9838.18 5.03074
9841.43 5.03085
9844.68 5.03095
9847.92 5.03105
9851.17 5.03115
9854.42 5.03125
9857.67 5.03136
9860.91 5.03146
9864.16 5.03156
9867.41 5.03166
9870.66 5.03176
9873.91 5.03187
9877.15 5.03197
9880.4 5.03207
9883.65 5.03217
9886.9 5.03227
9890.15 5.03238
9893.39 5.03248
9896.64 5.03258
9899.89 5.03268
9903.14 5.03278
9906.39 5.03288
9909.63 5.03299
9912.88 5.03309
9916.13 5.03319
9919.38 5.03329
9922.63 5.03339
9925.88 5.03349
9929.13 5.0336
9932.38 5.0337
9935.63 5.0338
9938.88 5.0339
9942.13 5.034
9945.37 5.0341
9948.62 5.0342
9951.87 5.0343
9955.12 5.0344
9958.37 5.03451
9961.62 5.03461
9964.87 5.03471
9968.12 5.03481
9971.37 5.03491
9974.62 5.03501
9977.87 5.03511
9981.12 5.03521
9984.37 5.03531
9987.62 5.03541
9990.87 5.03551
9994.12 5.03561
9997.37 5.03572
10000.6 5.03582
10003.9 5.03592
10007.1 5.03602
10010.4 5.03612
10013.6 5.03622
10016.9 5.03632
10020.1 5.03642
10023.4 5.03652
10026.6 5.03662
10029.9 5.03672
10033.1 5.03682
10036.4 5.03692
10039.6 5.03702
10042.9 5.03712
10046.1 5.03722
10049.4 5.03732
10052.6 5.03742
10055.9 5.03752
10059.1 5.03762
10062.4 5.03772
10065.6 5.03782
10068.9 5.03792
10072.2 5.03802
10075.4 5.03812
10078.7 5.03822
10081.9 5.03832
10085.2 5.03842
10088.4 5.03852
10091.7 5.03862
10094.9 5.03872
10098.2 5.03882
10101.4 5.03892
10104.7 5.03902
10107.9 5.03912
10111.2 5.03922
10114.4 5.03932
10117.7 5.03942
10120.9 5.03952
10124.2 5.03962
10127.4 5.03971
10130.7 5.03981
10134 5.03991
10137.2 5.04001
10140.5 5.04011
10143.7 5.04021
10147 5.04031
10150.2 5.04041
10153.5 5.04051
10156.7 5.04061
10160 5.04071
10163.2 5.04081
10166.5 5.0409
10169.7 5.041
10173 5.0411
10176.2 5.0412
10179.5 5.0413
10182.8 5.0414
10186 5.0415
10189.3 5.0416
10192.5 5.04169
10195.8 5.04179
10199 5.04189
10202.3 5.04199
10205.5 5.04209
10208.8 5.04219
10212 5.04229
10215.3 5.04238
10218.6 5.04248
10221.8 5.04258
10225.1 5.04268
10228.3 5.04278
10231.6 5.04288
10234.8 5.04297
10238.1 5.04307
10241.3 5.04317
10244.6 5.04327
10247.9 5.04337
10251.1 5.04347
10254.4 5.04356
10257.6 5.04366
10260.9 5.04376
10264.1 5.04386
10267.4 5.04396
10270.6 5.04405
10273.9 5.04415
10277.2 5.04425
10280.4 5.04435
10283.7 5.04444
10286.9 5.04454
10290.2 5.04464
10293.4 5.04474
10296.7 5.04484
10300 5.04493
10303.2 5.04503
10306.5 5.04513
10309.7 5.04523
10313 5.04532
10316.2 5.04542
10319.5 5.04552
10322.8 5.04562
10326 5.04571
10329.3 5.04581
10332.5 5.04591
10335.8 5.046
10339 5.0461
10342.3 5.0462
10345.6 5.0463
10348.8 5.04639
10352.1 5.04649
10355.3 5.04659
10358.6 5.04669
10361.8 5.04678
10365.1 5.04688
10368.4 5.04698
10371.6 5.04707
10374.9 5.04717
10378.1 5.04727
10381.4 5.04736
10384.6 5.04746
10387.9 5.04756
10391.2 5.04765
10394.4 5.04775
10397.7 5.04785
10400.9 5.04794
10404.2 5.04804
10407.5 5.04814
10410.7 5.04823
10414 5.04833
10417.2 5.04843
10420.5 5.04852
10423.8 5.04862
10427 5.04872
10430.3 5.04881
10433.5 5.04891
10436.8 5.049
10440 5.0491
10443.3 5.0492
10446.6 5.04929
10449.8 5.04939
10453.1 5.04949
10456.3 5.04958
10459.6 5.04968
10462.9 5.04977
10466.1 5.04987
10469.4 5.04997
10472.6 5.05006
10475.9 5.05016
10479.2 5.05025
10482.4 5.05035
10485.7 5.05044
10488.9 5.05054
10492.2 5.05064
10495.5 5.05073
10498.7 5.05083
10502 5.05092
10505.2 5.05102
10508.5 5.05112
10511.8 5.05121
10515 5.05131
10518.3 5.0514
10521.5 5.0515
10524.8 5.05159
10528.1 5.05169
10531.3 5.05178
10534.6 5.05188
10537.9 5.05197
10541.1 5.05207
10544.4 5.05216
10547.6 5.05226
10550.9 5.05236
10554.2 5.05245
10557.4 5.05255
10560.7 5.05264
10563.9 5.05274
10567.2 5.05283
10570.5 5.05293
10573.7 5.05302
10577 5.05312
10580.3 5.05321
10583.5 5.05331
10586.8 5.0534
10590 5.0535
10593.3 5.05359
10596.6 5.05369
10599.8 5.05378
10603.1 5.05387
10606.4 5.05397
10609.6 5.05406
10612.9 5.05416
10616.1 5.05425
10619.4 5.05435
10622.7 5.05444
10625.9 5.05454
10629.2 5.05463
10632.5 5.05473
10635.7 5.05482
10639 5.05491
10642.2 5.05501
10645.5 5.0551
10648.8 5.0552
10652 5.05529
10655.3 5.05539
10658.6 5.05548
10661.8 5.05558
10665.1 5.05567
10668.4 5.05576
10671.6 5.05586
10674.9 5.05595
10678.1 5.05605
10681.4 5.05614
10684.7 5.05623
10687.9 5.05633
10691.2 5.05642
10694.5 5.05651
10697.7 5.05661
10701 5.0567
10704.3 5.0568
10707.5 5.05689
10710.8 5.05698
10714.1 5.05708
10717.3 5.05717
10720.6 5.05727
10723.9 5.05736
10727.1 5.05745
10730.4 5.05755
10733.6 5.05764
10736.9 5.05773
10740.2 5.05783
10743.4 5.05792
10746.7 5.05801
10750 5.05811
10753.2 5.0582
10756.5 5.05829
10759.8 5.05839
10763 5.05848
10766.3 5.05857
10769.6 5.05867
10772.8 5.05876
10776.1 5.05885
10779.4 5.05895
10782.6 5.05904
10785.9 5.05913
10789.2 5.05923
10792.4 5.05932
10795.7 5.05941
10799 5.0595
10802.2 5.0596
10805.5 5.05969
10808.8 5.05978
10812 5.05988
10815.3 5.05997
10818.6 5.06006
10821.8 5.06015
10825.1 5.06025
10828.4 5.06034
10831.6 5.06043
10834.9 5.06052
10838.2 5.06062
10841.4 5.06071
10844.7 5.0608
10848 5.06089
10851.2 5.06099
10854.5 5.06108
10857.8 5.06117
10861 5.06126
10864.3 5.06136
10867.6 5.06145
10870.8 5.06154
10874.1 5.06164
10877.4 5.06173
10880.6 5.06182
10883.9 5.06191
10887.2 5.062
10890.4 5.0621
10893.7 5.06219
10897 5.06228
10900.2 5.06237
10903.5 5.06246
10906.8 5.06256
10910 5.06265
10913.3 5.06274
10916.6 5.06283
10919.9 5.06292
10923.1 5.06302
10926.4 5.06311
10929.7 5.0632
10932.9 5.06329
10936.2 5.06338
10939.5 5.06347
10942.7 5.06357
10946 5.06366
10949.3 5.06375
10952.5 5.06384
10955.8 5.06393
10959.1 5.06402
10962.4 5.06412
10965.6 5.06421
10968.9 5.0643
10972.2 5.06439
10975.4 5.06448
10978.7 5.06457
10982 5.06466
10985.2 5.06476
10988.5 5.06485
10991.8 5.06494
10995 5.06503
10998.3 5.06512
11001.6 5.06521
11004.9 5.0653
11008.1 5.06539
11011.4 5.06549
11014.7 5.06558
11017.9 5.06567
11021.2 5.06576
11024.5 5.06585
11027.8 5.06594
11031 5.06603
11034.3 5.06612
11037.6 5.06621
11040.8 5.0663
11044.1 5.0664
11047.4 5.06649
11050.6 5.06658
11053.9 5.06667
11057.2 5.06676
11060.5 5.06685
11063.7 5.06694
11067 5.06703
11070.3 5.06712
11073.5 5.06721
11076.8 5.0673
11080.1 5.06739
11083.4 5.06748
11086.6 5.06757
11089.9 5.06766
11093.2 5.06775
11096.4 5.06784
11099.7 5.06794
11103 5.06803
11106.3 5.06812
11109.5 5.06821
11112.8 5.0683
11116.1 5.06839
11119.4 5.06848
11122.6 5.06857
11125.9 5.06866
11129.2 5.06875
11132.4 5.06884
11135.7 5.06893
11139 5.06902
11142.3 5.06911
11145.5 5.0692
11148.8 5.06929
11152.1 5.06938
11155.3 5.06947
11158.6 5.06956
11161.9 5.06965
11165.2 5.06974
11168.4 5.06983
11171.7 5.06992
11175 5.07001
11178.3 5.0701
11181.5 5.07018
11184.8 5.07027
11188.1 5.07036
11191.4 5.07045
11194.6 5.07054
11197.9 5.07063
11201.2 5.07072
11204.5 5.07081
11207.7 5.0709
11211 5.07099
11214.3 5.07108
11217.5 5.07117
11220.8 5.07126
11224.1 5.07135
11227.4 5.07144
11230.6 5.07153
11233.9 5.07162
11237.2 5.07171
11240.5 5.07179
11243.7 5.07188
11247 5.07197
11250.3 5.07206
11253.6 5.07215
11256.8 5.07224
11260.1 5.07233
11263.4 5.07242
11266.7 5.07251
11269.9 5.0726
11273.2 5.07269
11276.5 5.07277
11279.8 5.07286
11283 5.07295
11286.3 5.07304
11289.6 5.07313
11292.9 5.07322
11296.1 5.07331
11299.4 5.0734
11302.7 5.07348
11306 5.07357
11309.2 5.07366
11312.5 5.07375
11315.8 5.07384
11319.1 5.07393
11322.3 5.07402
11325.6 5.07411
11328.9 5.07419
11332.2 5.07428
11335.5 5.07437
11338.7 5.07446
11342 5.07455
11345.3 5.07464
11348.6 5.07472
11351.8 5.07481
11355.1 5.0749
11358.4 5.07499
11361.7 5.07508
11364.9 5.07516
11368.2 5.07525
11371.5 5.07534
11374.8 5.07543
11378 5.07552
11381.3 5.07561
11384.6 5.07569
11387.9 5.07578
11391.2 5.07587
11394.4 5.07596
11397.7 5.07605
11401 5.07613
11404.3 5.07622
11407.5 5.07631
11410.8 5.0764
11414.1 5.07648
11417.4 5.07657
11420.7 5.07666
11423.9 5.07675
11427.2 5.07684
11430.5 5.07692
11433.8 5.07701
11437 5.0771
11440.3 5.07719
11443.6 5.07727
11446.9 5.07736
11450.2 5.07745
11453.4 5.07754
11456.7 5.07762
11460 5.07771
11463.3 5.0778
11466.5 5.07789
11469.8 5.07797
11473.1 5.07806
11476.4 5.07815
11479.7 5.07824
11482.9 5.07832
11486.2 5.07841
11489.5 5.0785
11492.8 5.07858
11496.1 5.07867
11499.3 5.07876
11502.6 5.07885
11505.9 5.07893
11509.2 5.07902
11512.5 5.07911
11515.7 5.07919
11519 5.07928
11522.3 5.07937
11525.6 5.07945
11528.9 5.07954
11532.1 5.07963
11535.4 5.07972
11538.7 5.0798
11542 5.07989
11545.3 5.07998
11548.5 5.08006
11551.8 5.08015
11555.1 5.08024
11558.4 5.08032
11561.7 5.08041
11564.9 5.0805
11568.2 5.08058
11571.5 5.08067
11574.8 5.08076
11578.1 5.08084
11581.3 5.08093
11584.6 5.08102
11587.9 5.0811
11591.2 5.08119
11594.5 5.08127
11597.7 5.08136
11601 5.08145
11604.3 5.08153
11607.6 5.08162
11610.9 5.08171
11614.1 5.08179
11617.4 5.08188
11620.7 5.08196
11624 5.08205
11627.3 5.08214
11630.5 5.08222
11633.8 5.08231
11637.1 5.0824
11640.4 5.08248
11643.7 5.08257
11647 5.08265
11650.2 5.08274
11653.5 5.08282
11656.8 5.08291
11660.1 5.083
11663.4 5.08308
11666.6 5.08317
11669.9 5.08325
11673.2 5.08334
11676.5 5.08343
11679.8 5.08351
11683.1 5.0836
11686.3 5.08368
11689.6 5.08377
11692.9 5.08385
11696.2 5.08394
11699.5 5.08403
11702.8 5.08411
11706 5.0842
11709.3 5.08428
11712.6 5.08437
11715.9 5.08445
11719.2 5.08454
11722.5 5.08462
11725.7 5.08471
11729 5.08479
11732.3 5.08488
11735.6 5.08496
11738.9 5.08505
11742.2 5.08514
11745.4 5.08522
11748.7 5.08531
11752 5.08539
11755.3 5.08548
11758.6 5.08556
11761.9 5.08565
11765.1 5.08573
11768.4 5.08582
11771.7 5.0859
11775 5.08599
11778.3 5.08607
11781.6 5.08616
11784.8 5.08624
11788.1 5.08633
11791.4 5.08641
11794.7 5.0865
11798 5.08658
11801.3 5.08667
11804.5 5.08675
11807.8 5.08684
11811.1 5.08692
11814.4 5.08701
11817.7 5.08709
11821 5.08718
11824.3 5.08726
11827.5 5.08734
11830.8 5.08743
11834.1 5.08751
11837.4 5.0876
11840.7 5.08768
11844 5.08777
11847.3 5.08785
11850.5 5.08794
11853.8 5.08802
11857.1 5.0881
11860.4 5.08819
11863.7 5.08827
11867 5.08836
11870.2 5.08844
11873.5 5.08853
11876.8 5.08861
11880.1 5.0887
11883.4 5.08878
11886.7 5.08886
11890 5.08895
11893.2 5.08903
11896.5 5.08912
11899.8 5.0892
11903.1 5.08928
11906.4 5.08937
11909.7 5.08945
11913 5.08954
11916.3 5.08962
11919.5 5.0897
11922.8 5.08979
11926.1 5.08987
11929.4 5.08996
11932.7 5.09004
11936 5.09012
11939.3 5.09021
11942.5 5.09029
11945.8 5.09037
11949.1 5.09046
11952.4 5.09054
11955.7 5.09063
11959 5.09071
11962.3 5.09079
11965.6 5.09088
11968.8 5.09096
11972.1 5.09104
11975.4 5.09113
11978.7 5.09121
11982 5.09129
11985.3 5.09138
11988.6 5.09146
11991.9 5.09154
11995.1 5.09163
11998.4 5.09171
12001.7 5.09179
12005 5.09188
12008.3 5.09196
12011.6 5.09205
12014.9 5.09213
12018.2 5.09221
12021.4 5.0923
12024.7 5.09238
12028 5.09246
12031.3 5.09254
12034.6 5.09263
12037.9 5.09271
12041.2 5.09279
12044.5 5.09288
12047.8 5.09296
12051 5.09304
12054.3 5.09313
12057.6 5.09321
12060.9 5.09329
12064.2 5.09337
12067.5 5.09346
12070.8 5.09354
12074.1 5.09362
12077.4 5.09371
12080.6 5.09379
12083.9 5.09387
12087.2 5.09396
12090.5 5.09404
12093.8 5.09412
12097.1 5.0942
12100.4 5.09429
12103.7 5.09437
12107 5.09445
12110.2 5.09453
12113.5 5.09462
12116.8 5.0947
12120.1 5.09478
12123.4 5.09486
12126.7 5.09495
12130 5.09503
12133.3 5.09511
12136.6 5.09519
12139.9 5.09528
12143.1 5.09536
12146.4 5.09544
12149.7 5.09552
12153 5.09561
12156.3 5.09569
12159.6 5.09577
12162.9 5.09585
12166.2 5.09593
12169.5 5.09602
12172.8 5.0961
12176 5.09618
12179.3 5.09626
12182.6 5.09634
12185.9 5.09643
12189.2 5.09651
12192.5 5.09659
12195.8 5.09667
12199.1 5.09675
12202.4 5.09684
12205.7 5.09692
12209 5.097
12212.3 5.09708
12215.5 5.09716
12218.8 5.09725
12222.1 5.09733
12225.4 5.09741
12228.7 5.09749
12232 5.09757
12235.3 5.09765
12238.6 5.09774
12241.9 5.09782
12245.2 5.0979
12248.5 5.09798
12251.8 5.09806
12255 5.09814
12258.3 5.09823
12261.6 5.09831
12264.9 5.09839
12268.2 5.09847
12271.5 5.09855
12274.8 5.09863
12278.1 5.09871
12281.4 5.0988
12284.7 5.09888
12288 5.09896
12291.3 5.09904
12294.6 5.09912
12297.8 5.0992
12301.1 5.09928
12304.4 5.09937
12307.7 5.09945
12311 5.09953
12314.3 5.09961
12317.6 5.09969
12320.9 5.09977
12324.2 5.09985
12327.5 5.09993
12330.8 5.10001
12334.1 5.1001
12337.4 5.10018
12340.7 5.10026
12343.9 5.10034
12347.2 5.10042
12350.5 5.1005
12353.8 5.10058
12357.1 5.10066
12360.4 5.10074
12363.7 5.10082
12367 5.10091
12370.3 5.10099
12373.6 5.10107
12376.9 5.10115
12380.2 5.10123
12383.5 5.10131
12386.8 5.10139
12390.1 5.10147
12393.4 5.10155
12396.7 5.10163
12399.9 5.10171
12403.2 5.10179
12406.5 5.10187
12409.8 5.10195
12413.1 5.10203
12416.4 5.10211
12419.7 5.1022
12423 5.10228
12426.3 5.10236
12429.6 5.10244
12432.9 5.10252
12436.2 5.1026
12439.5 5.10268
12442.8 5.10276
12446.1 5.10284
12449.4 5.10292
12452.7 5.103
12456 5.10308
12459.3 5.10316
12462.5 5.10324
12465.8 5.10332
12469.1 5.1034
12472.4 5.10348
12475.7 5.10356
12479 5.10364
12482.3 5.10372
12485.6 5.1038
12488.9 5.10388
12492.2 5.10396
12495.5 5.10404
12498.8 5.10412
12502.1 5.1042
12505.4 5.10428
12508.7 5.10436
12512 5.10444
12515.3 5.10452
12518.6 5.1046
12521.9 5.10468
12525.2 5.10476
12528.5 5.10484
12531.8 5.10492
12535.1 5.105
12538.4 5.10508
12541.7 5.10516
12545 5.10524
12548.3 5.10532
12551.5 5.1054
12554.8 5.10548
12558.1 5.10556
12561.4 5.10563
12564.7 5.10571
12568 5.10579
12571.3 5.10587
12574.6 5.10595
12577.9 5.10603
12581.2 5.10611
12584.5 5.10619
12587.8 5.10627
12591.1 5.10635
12594.4 5.10643
12597.7 5.10651
12601 5.10659
12604.3 5.10667
12607.6 5.10675
12610.9 5.10682
12614.2 5.1069
12617.5 5.10698
12620.8 5.10706
12624.1 5.10714
12627.4 5.10722
12630.7 5.1073
12634 5.10738
12637.3 5.10746
12640.6 5.10754
12643.9 5.10762
12647.2 5.1077
12650.5 5.10777
12653.8 5.10785
12657.1 5.10793
12660.4 5.10801
12663.7 5.10809
12667 5.10817
12670.3 5.10825
12673.6 5.10833
12676.9 5.10841
12680.2 5.10848
12683.5 5.10856
12686.8 5.10864
12690.1 5.10872
12693.4 5.1088
12696.7 5.10888
12700 5.10896
12703.3 5.10903
12706.6 5.10911
12709.9 5.10919
12713.2 5.10927
12716.5 5.10935
12719.8 5.10943
12723.1 5.10951
12726.4 5.10959
12729.7 5.10966
12733 5.10974
12736.3 5.10982
12739.6 5.1099
12742.9 5.10998
12746.2 5.11005
12749.5 5.11013
12752.8 5.11021
12756.1 5.11029
12759.4 5.11037
12762.7 5.11045
12766 5.11052
12769.3 5.1106
12772.6 5.11068
12775.9 5.11076
12779.2 5.11084
12782.5 5.11092
12785.8 5.11099
12789.1 5.11107
12792.4 5.11115
12795.7 5.11123
12799 5.11131
12802.3 5.11138
12805.6 5.11146
12808.9 5.11154
12812.2 5.11162
12815.5 5.1117
12818.8 5.11177
12822.1 5.11185
12825.4 5.11193
12828.7 5.11201
12832 5.11208
12835.3 5.11216
12838.6 5.11224
12841.9 5.11232
12845.2 5.1124
12848.5 5.11247
12851.8 5.11255
12855.1 5.11263
12858.4 5.11271
12861.7 5.11278
12865 5.11286
12868.3 5.11294
12871.6 5.11302
12874.9 5.11309
12878.2 5.11317
12881.5 5.11325
12884.8 5.11333
12888.1 5.1134
12891.4 5.11348
12894.7 5.11356
12898 5.11364
12901.3 5.11371
12904.6 5.11379
12907.9 5.11387
12911.2 5.11395
12914.5 5.11402
12917.8 5.1141
12921.1 5.11418
12924.4 5.11425
12927.7 5.11433
12931 5.11441
12934.3 5.11449
12937.6 5.11456
12940.9 5.11464
12944.3 5.11472
12947.6 5.1148
12950.9 5.11487
12954.2 5.11495
12957.5 5.11503
12960.8 5.1151
12964.1 5.11518
12967.4 5.11526
12970.7 5.11533
12974 5.11541
12977.3 5.11549
12980.6 5.11556
12983.9 5.11564
12987.2 5.11572
12990.5 5.1158
12993.8 5.11587
12997.1 5.11595
13000.4 5.11603
13003.7 5.1161
13007 5.11618
13010.3 5.11626
13013.6 5.11633
13016.9 5.11641
13020.2 5.11649
13023.5 5.11656
13026.8 5.11664
13030.1 5.11672
13033.5 5.11679
13036.8 5.11687
13040.1 5.11695
13043.4 5.11702
13046.7 5.1171
13050 5.11718
13053.3 5.11725
13056.6 5.11733
13059.9 5.1174
13063.2 5.11748
13066.5 5.11756
13069.8 5.11763
13073.1 5.11771
13076.4 5.11779
13079.7 5.11786
13083 5.11794
13086.3 5.11801
13089.6 5.11809
13092.9 5.11817
13096.2 5.11824
13099.6 5.11832
13102.9 5.1184
13106.2 5.11847
13109.5 5.11855
13112.8 5.11862
13116.1 5.1187
13119.4 5.11878
13122.7 5.11885
13126 5.11893
13129.3 5.119
13132.6 5.11908
13135.9 5.11916
13139.2 5.11923
13142.5 5.11931
13145.8 5.11938
13149.1 5.11946
13152.4 5.11953
13155.8 5.11961
13159.1 5.11969
13162.4 5.11976
13165.7 5.11984
13169 5.11991
13172.3 5.11999
13175.6 5.12007
13178.9 5.12014
13182.2 5.12022
13185.5 5.12029
13188.8 5.12037
13192.1 5.12044
13195.4 5.12052
13198.7 5.1206
13202 5.12067
13205.4 5.12075
13208.7 5.12082
13212 5.1209
13215.3 5.12097
13218.6 5.12105
13221.9 5.12112
13225.2 5.1212
13228.5 5.12127
13231.8 5.12135
13235.1 5.12142
13238.4 5.1215
13241.7 5.12158
13245 5.12165
13248.4 5.12173
13251.7 5.1218
13255 5.12188
13258.3 5.12195
13261.6 5.12203
13264.9 5.1221
13268.2 5.12218
13271.5 5.12225
13274.8 5.12233
13278.1 5.1224
13281.4 5.12248
13284.7 5.12255
13288.1 5.12263
13291.4 5.1227
13294.7 5.12278
13298 5.12285
13301.3 5.12293
13304.6 5.123
13307.9 5.12308
13311.2 5.12315
13314.5 5.12323
13317.8 5.1233
13321.1 5.12338
13324.4 5.12345
13327.8 5.12353
13331.1 5.1236
13334.4 5.12368
13337.7 5.12375
13341 5.12383
13344.3 5.1239
13347.6 5.12398
13350.9 5.12405
13354.2 5.12413
13357.5 5.1242
13360.8 5.12428
13364.2 5.12435
13367.5 5.12442
13370.8 5.1245
13374.1 5.12457
13377.4 5.12465
13380.7 5.12472
13384 5.1248
13387.3 5.12487
13390.6 5.12495
13393.9 5.12502
13397.3 5.12509
13400.6 5.12517
13403.9 5.12524
13407.2 5.12532
13410.5 5.12539
13413.8 5.12547
13417.1 5.12554
13420.4 5.12561
13423.7 5.12569
13427 5.12576
13430.4 5.12584
13433.7 5.12591
13437 5.12599
13440.3 5.12606
13443.6 5.12614
13446.9 5.12621
13450.2 5.12628
13453.5 5.12636
13456.8 5.12643
13460.2 5.1265
13463.5 5.12658
13466.8 5.12665
13470.1 5.12673
13473.4 5.1268
13476.7 5.12687
13480 5.12695
13483.3 5.12702
13486.6 5.1271
13490 5.12717
13493.3 5.12724
13496.6 5.12732
13499.9 5.12739
13503.2 5.12747
13506.5 5.12754
13509.8 5.12761
13513.1 5.12769
13516.4 5.12776
13519.8 5.12784
13523.1 5.12791
13526.4 5.12798
13529.7 5.12806
13533 5.12813
13536.3 5.1282
13539.6 5.12828
13542.9 5.12835
13546.3 5.12842
13549.6 5.1285
13552.9 5.12857
13556.2 5.12864
13559.5 5.12872
13562.8 5.12879
13566.1 5.12886
13569.4 5.12894
13572.8 5.12901
13576.1 5.12908
13579.4 5.12916
13582.7 5.12923
13586 5.1293
13589.3 5.12938
13592.6 5.12945
13595.9 5.12953
13599.3 5.1296
13602.6 5.12967
13605.9 5.12975
13609.2 5.12982
13612.5 5.12989
13615.8 5.12997
13619.1 5.13004
13622.5 5.13011
13625.8 5.13018
13629.1 5.13026
13632.4 5.13033
13635.7 5.1304
13639 5.13048
13642.3 5.13055
13645.6 5.13062
13649 5.13069
13652.3 5.13077
13655.6 5.13084
13658.9 5.13091
13662.2 5.13099
13665.5 5.13106
13668.8 5.13113
13672.2 5.13121
13675.5 5.13128
13678.8 5.13135
13682.1 5.13142
13685.4 5.1315
13688.7 5.13157
13692 5.13164
13695.4 5.13172
13698.7 5.13179
13702 5.13186
13705.3 5.13193
13708.6 5.13201
13711.9 5.13208
13715.2 5.13215
13718.6 5.13222
13721.9 5.1323
13725.2 5.13237
13728.5 5.13244
13731.8 5.13251
13735.1 5.13259
13738.5 5.13266
13741.8 5.13273
13745.1 5.1328
13748.4 5.13288
13751.7 5.13295
13755 5.13302
13758.3 5.13309
13761.7 5.13317
13765 5.13324
13768.3 5.13331
13771.6 5.13338
13774.9 5.13346
13778.2 5.13353
13781.6 5.1336
13784.9 5.13367
13788.2 5.13375
13791.5 5.13382
13794.8 5.13389
13798.1 5.13396
13801.4 5.13403
13804.8 5.13411
13808.1 5.13418
13811.4 5.13425
13814.7 5.13432
13818 5.13439
13821.3 5.13447
13824.7 5.13454
13828 5.13461
13831.3 5.13468
13834.6 5.13475
13837.9 5.13483
13841.2 5.1349
13844.6 5.13497
13847.9 5.13504
13851.2 5.13511
13854.5 5.13519
13857.8 5.13526
13861.1 5.13533
13864.5 5.1354
13867.8 5.13547
13871.1 5.13555
13874.4 5.13562
13877.7 5.13569
13881 5.13576
13884.4 5.13583
13887.7 5.1359
13891 5.13598
13894.3 5.13605
13897.6 5.13612
13900.9 5.13619
13904.3 5.13626
13907.6 5.13633
13910.9 5.13641
13914.2 5.13648
13917.5 5.13655
13920.9 5.13662
13924.2 5.13669
13927.5 5.13676
13930.8 5.13683
13934.1 5.13691
13937.4 5.13698
13940.8 5.13705
13944.1 5.13712
13947.4 5.13719
13950.7 5.13726
13954 5.13734
13957.4 5.13741
13960.7 5.13748
13964 5.13755
13967.3 5.13762
13970.6 5.13769
13973.9 5.13776
13977.3 5.13783
13980.6 5.13791
13983.9 5.13798
13987.2 5.13805
13990.5 5.13812
13993.9 5.13819
13997.2 5.13826
14000.5 5.13833
14003.8 5.1384
14007.1 5.13847
14010.4 5.13855
14013.8 5.13862
14017.1 5.13869
14020.4 5.13876
14023.7 5.13883
14027 5.1389
14030.4 5.13897
14033.7 5.13904
14037 5.13911
14040.3 5.13918
14043.6 5.13926
14047 5.13933
14050.3 5.1394
14053.6 5.13947
14056.9 5.13954
14060.2 5.13961
14063.6 5.13968
14066.9 5.13975
14070.2 5.13982
14073.5 5.13989
14076.8 5.13996
14080.2 5.14003
14083.5 5.1401
14086.8 5.14017
14090.1 5.14025
14093.4 5.14032
14096.8 5.14039
14100.1 5.14046
14103.4 5.14053
14106.7 5.1406
14110 5.14067
14113.4 5.14074
14116.7 5.14081
14120 5.14088
14123.3 5.14095
14126.6 5.14102
14130 5.14109
14133.3 5.14116
14136.6 5.14123
14139.9 5.1413
14143.2 5.14137
14146.6 5.14145
14149.9 5.14152
14153.2 5.14159
14156.5 5.14166
14159.9 5.14173
14163.2 5.1418
14166.5 5.14187
14169.8 5.14194
14173.1 5.14201
14176.5 5.14208
14179.8 5.14215
14183.1 5.14222
14186.4 5.14229
14189.7 5.14236
14193.1 5.14243
14196.4 5.1425
14199.7 5.14257
14203 5.14264
14206.4 5.14271
14209.7 5.14278
14213 5.14285
14216.3 5.14292
14219.6 5.14299
14223 5.14306
14226.3 5.14313
14229.6 5.1432
14232.9 5.14327
14236.3 5.14334
14239.6 5.14341
14242.9 5.14348
14246.2 5.14355
14249.5 5.14362
14252.9 5.14369
14256.2 5.14376
14259.5 5.14383
14262.8 5.1439
14266.2 5.14397
14269.5 5.14404
14272.8 5.1441
14276.1 5.14417
14279.4 5.14424
14282.8 5.14431
14286.1 5.14438
14289.4 5.14445
14292.7 5.14452
14296.1 5.14459
14299.4 5.14466
14302.7 5.14473
14306 5.1448
14309.4 5.14487
14312.7 5.14494
14316 5.14501
14319.3 5.14508
14322.6 5.14515
14326 5.14522
14329.3 5.14529
14332.6 5.14536
14335.9 5.14543
14339.3 5.1455
14342.6 5.14557
14345.9 5.14564
14349.2 5.1457
14352.6 5.14577
14355.9 5.14584
14359.2 5.14591
14362.5 5.14598
14365.9 5.14605
14369.2 5.14612
14372.5 5.14619
14375.8 5.14626
14379.1 5.14633
14382.5 5.1464
14385.8 5.14647
14389.1 5.14653
14392.4 5.1466
14395.8 5.14667
14399.1 5.14674
14402.4 5.14681
14405.7 5.14688
14409.1 5.14695
14412.4 5.14702
14415.7 5.14709
14419 5.14716
14422.4 5.14723
14425.7 5.14729
14429 5.14736
14432.3 5.14743
14435.7 5.1475
14439 5.14757
14442.3 5.14764
14445.6 5.14771
14449 5.14778
14452.3 5.14785
14455.6 5.14791
14458.9 5.14798
14462.3 5.14805
14465.6 5.14812
14468.9 5.14819
14472.2 5.14826
14475.6 5.14833
14478.9 5.1484
14482.2 5.14846
14485.5 5.14853
14488.9 5.1486
14492.2 5.14867
14495.5 5.14874
14498.8 5.14881
14502.2 5.14888
14505.5 5.14894
14508.8 5.14901
14512.2 5.14908
14515.5 5.14915
14518.8 5.14922
14522.1 5.14929
14525.5 5.14936
14528.8 5.14943
14532.1 5.14949
14535.4 5.14956
14538.8 5.14963
14542.1 5.1497
14545.4 5.14977
14548.7 5.14983
14552.1 5.1499
14555.4 5.14997
14558.7 5.15004
14562 5.15011
14565.4 5.15018
14568.7 5.15024
14572 5.15031
14575.4 5.15038
14578.7 5.15045
14582 5.15052
14585.3 5.15058
14588.7 5.15065
14592 5.15072
14595.3 5.15079
14598.6 5.15086
14602 5.15093
14605.3 5.15099
14608.6 5.15106
14612 5.15113
14615.3 5.1512
14618.6 5.15127
14621.9 5.15133
14625.3 5.1514
14628.6 5.15147
14631.9 5.15154
14635.2 5.15161
14638.6 5.15167
14641.9 5.15174
14645.2 5.15181
14648.6 5.15188
14651.9 5.15195
14655.2 5.15201
14658.5 5.15208
14661.9 5.15215
14665.2 5.15222
14668.5 5.15228
14671.9 5.15235
14675.2 5.15242
14678.5 5.15249
14681.8 5.15255
14685.2 5.15262
14688.5 5.15269
14691.8 5.15276
14695.2 5.15283
14698.5 5.15289
14701.8 5.15296
14705.1 5.15303
14708.5 5.1531
14711.8 5.15316
14715.1 5.15323
14718.5 5.1533
14721.8 5.15337
14725.1 5.15344
14728.4 5.1535
14731.8 5.15357
14735.1 5.15364
14738.4 5.15371
14741.8 5.15377
14745.1 5.15384
14748.4 5.15391
14751.7 5.15397
14755.1 5.15404
14758.4 5.15411
14761.7 5.15418
14765.1 5.15424
14768.4 5.15431
14771.7 5.15438
14775 5.15444
14778.4 5.15451
14781.7 5.15458
14785 5.15465
14788.4 5.15471
14791.7 5.15478
14795 5.15485
14798.4 5.15492
14801.7 5.15498
14805 5.15505
14808.3 5.15512
14811.7 5.15518
14815 5.15525
14818.3 5.15532
14821.7 5.15539
14825 5.15545
14828.3 5.15552
14831.7 5.15559
14835 5.15565
14838.3 5.15572
14841.7 5.15579
14845 5.15585
14848.3 5.15592
14851.6 5.15599
14855 5.15605
14858.3 5.15612
14861.6 5.15619
14865 5.15626
14868.3 5.15632
14871.6 5.15639
14875 5.15646
14878.3 5.15652
14881.6 5.15659
14885 5.15666
14888.3 5.15672
14891.6 5.15679
14894.9 5.15686
14898.3 5.15692
14901.6 5.15699
14904.9 5.15706
14908.3 5.15712
14911.6 5.15719
14914.9 5.15726
14918.3 5.15732
14921.6 5.15739
14924.9 5.15746
14928.3 5.15752
14931.6 5.15759
14934.9 5.15766
14938.3 5.15772
14941.6 5.15779
14944.9 5.15786
14948.3 5.15792
14951.6 5.15799
14954.9 5.15805
14958.2 5.15812
14961.6 5.15819
14964.9 5.15825
14968.2 5.15832
14971.6 5.15839
14974.9 5.15845
14978.2 5.15852
14981.6 5.15859
14984.9 5.15865
14988.2 5.15872
14991.6 5.15878
14994.9 5.15885
14998.2 5.15892
15001.6 5.15898
15004.9 5.15905
15008.2 5.15912
15011.6 5.15918
15014.9 5.15925
15018.2 5.15931
15021.6 5.15938
15024.9 5.15945
15028.2 5.15951
15031.6 5.15958
15034.9 5.15965
15038.2 5.15971
15041.6 5.15978
15044.9 5.15984
15048.2 5.15991
15051.6 5.15998
15054.9 5.16004
15058.2 5.16011
15061.6 5.16017
15064.9 5.16024
15068.2 5.1603
15071.6 5.16037
15074.9 5.16044
15078.2 5.1605
15081.6 5.16057
15084.9 5.16063
15088.2 5.1607
15091.6 5.16077
15094.9 5.16083
15098.2 5.1609
15101.6 5.16096
15104.9 5.16103
15108.2 5.16109
15111.6 5.16116
15114.9 5.16123
15118.2 5.16129
15121.6 5.16136
15124.9 5.16142
15128.2 5.16149
15131.6 5.16155
15134.9 5.16162
15138.2 5.16169
15141.6 5.16175
15144.9 5.16182
15148.2 5.16188
15151.6 5.16195
15154.9 5.16201
15158.3 5.16208
15161.6 5.16214
15164.9 5.16221
15168.3 5.16228
15171.6 5.16234
15174.9 5.16241
15178.3 5.16247
15181.6 5.16254
15184.9 5.1626
15188.3 5.16267
15191.6 5.16273
15194.9 5.1628
15198.3 5.16286
15201.6 5.16293
15204.9 5.16299
15208.3 5.16306
15211.6 5.16312
15214.9 5.16319
15218.3 5.16326
15221.6 5.16332
15225 5.16339
15228.3 5.16345
15231.6 5.16352
15235 5.16358
15238.3 5.16365
15241.6 5.16371
15245 5.16378
15248.3 5.16384
15251.6 5.16391
15255 5.16397
15258.3 5.16404
15261.6 5.1641
15265 5.16417
15268.3 5.16423
15271.7 5.1643
15275 5.16436
15278.3 5.16443
15281.7 5.16449
15285 5.16456
15288.3 5.16462
15291.7 5.16469
15295 5.16475
15298.3 5.16482
15301.7 5.16488
15305 5.16495
15308.4 5.16501
15311.7 5.16508
15315 5.16514
15318.4 5.16521
15321.7 5.16527
15325 5.16534
15328.4 5.1654
15331.7 5.16547
15335.1 5.16553
15338.4 5.1656
15341.7 5.16566
15345.1 5.16572
15348.4 5.16579
15351.7 5.16585
15355.1 5.16592
15358.4 5.16598
15361.7 5.16605
15365.1 5.16611
15368.4 5.16618
15371.8 5.16624
15375.1 5.16631
15378.4 5.16637
15381.8 5.16644
15385.1 5.1665
15388.4 5.16656
15391.8 5.16663
15395.1 5.16669
15398.5 5.16676
15401.8 5.16682
15405.1 5.16689
15408.5 5.16695
