0 0
0.0574879 -0.0337577
0.112729 -0.0675088
0.165728 -0.101247
0.21649 -0.134964
0.265019 -0.168655
0.311322 -0.202313
0.355405 -0.235929
0.397275 -0.269498
0.436939 -0.303013
0.474404 -0.336465
0.509679 -0.369849
0.542772 -0.403157
0.573692 -0.436382
0.602449 -0.469517
0.629052 -0.502555
0.653513 -0.535489
0.67584 -0.568311
0.696047 -0.601015
0.714143 -0.633594
0.730141 -0.666041
0.744053 -0.69835
0.755892 -0.730513
0.765669 -0.762523
0.7734 -0.794375
0.779096 -0.826062
0.782772 -0.857578
0.784443 -0.888916
0.784121 -0.92007
0.781822 -0.951035
0.777561 -0.981804
0.771353 -1.01237
0.763213 -1.04274
0.753156 -1.07289
0.741199 -1.10282
0.727356 -1.13253
0.711645 -1.16202
0.694082 -1.19128
0.674682 -1.2203
0.653463 -1.24908
0.63044 -1.27762
0.605631 -1.30591
0.579052 -1.33395
0.55072 -1.36174
0.520653 -1.38928
0.488867 -1.41655
0.455379 -1.44356
0.420206 -1.47031
0.383365 -1.4968
0.344875 -1.52301
0.30475 -1.54896
0.26301 -1.57464
0.219671 -1.60004
0.17475 -1.62517
0.128264 -1.65003
0.0802308 -1.67461
0.0306668 -1.69892
-0.0204108 -1.72296
-0.0729851 -1.74671
-0.127039 -1.7702
-0.182556 -1.79341
-0.23952 -1.81634
-0.297913 -1.83901
-0.357719 -1.8614
-0.418922 -1.88351
-0.481504 -1.90536
-0.545451 -1.92694
-0.610746 -1.94826
-0.677372 -1.9693
-0.745314 -1.99008
-0.814556 -2.0106
-0.885082 -2.03086
-0.956877 -2.05086
-1.02992 -2.0706
-1.10421 -2.09009
-1.17972 -2.10933
-1.25644 -2.12832
-1.33434 -2.14706
-1.41343 -2.16555
-1.49368 -2.1838
-1.57508 -2.20182
-1.65762 -2.21959
-1.74127 -2.23713
-1.82603 -2.25444
-1.91189 -2.27152
-1.99882 -2.28837
-2.08682 -2.305
-2.17587 -2.32141
-2.26596 -2.3376
-2.35708 -2.35357
-2.4492 -2.36934
-2.54233 -2.38489
-2.63645 -2.40024
-2.73154 -2.41538
-2.82759 -2.43032
-2.9246 -2.44506
-3.02254 -2.45961
-3.12142 -2.47397
-3.2212 -2.48813
-3.32189 -2.50211
-3.42348 -2.5159
-3.52594 -2.52952
-3.62928 -2.54295
-3.73347 -2.55621
-3.83852 -2.56929
-3.9444 -2.58221
-4.05111 -2.59495
-4.15864 -2.60753
-4.26697 -2.61995
-4.3761 -2.63221
-4.48602 -2.64431
-4.59672 -2.65625
-4.70819 -2.66804
-4.82042 -2.67968
-4.9334 -2.69117
-5.04711 -2.70252
-5.16156 -2.71372
-5.27674 -2.72479
-5.39262 -2.73571
-5.50921 -2.7465
-5.6265 -2.75715
-5.74448 -2.76767
-5.86314 -2.77806
-5.98247 -2.78832
-6.10247 -2.79846
-6.22312 -2.80847
-6.34443 -2.81836
-6.46637 -2.82813
-6.58895 -2.83778
-6.71215 -2.84732
-6.83597 -2.85674
-6.96041 -2.86605
-7.08545 -2.87525
-7.21109 -2.88434
-7.33732 -2.89332
-7.46414 -2.9022
-7.59153 -2.91097
-7.71949 -2.91964
-7.84802 -2.92821
-7.97711 -2.93669
-8.10675 -2.94506
-8.23694 -2.95334
-8.36767 -2.96153
-8.49893 -2.96962
-8.63072 -2.97762
-8.76303 -2.98553
-8.89586 -2.99336
-9.0292 -3.0011
-9.16305 -3.00875
-9.29739 -3.01631
-9.43224 -3.0238
-9.56757 -3.0312
-9.70339 -3.03852
-9.83968 -3.04577
-9.97645 -3.05293
-10.1137 -3.06002
-10.2514 -3.06703
-10.3896 -3.07397
-10.5282 -3.08084
-10.6673 -3.08763
-10.8068 -3.09435
-10.9467 -3.10101
-11.0871 -3.10759
-11.2279 -3.11411
-11.3692 -3.12055
-11.5109 -3.12694
-11.653 -3.13326
-11.7955 -3.13951
-11.9384 -3.1457
-12.0817 -3.15183
-12.2255 -3.1579
-12.3696 -3.16391
-12.5141 -3.16986
-12.659 -3.17575
-12.8043 -3.18158
-12.95 -3.18736
-13.0961 -3.19308
-13.2425 -3.19875
-13.3894 -3.20436
-13.5366 -3.20991
-13.6841 -3.21542
-13.832 -3.22087
-13.9803 -3.22627
-14.1289 -3.23162
-14.2779 -3.23692
-14.4273 -3.24218
-14.5769 -3.24738
-14.727 -3.25253
-14.8773 -3.25764
-15.028 -3.2627
-15.1791 -3.26772
-15.3304 -3.27269
-15.4821 -3.27762
-15.6342 -3.2825
-15.7865 -3.28734
-15.9392 -3.29213
-16.0921 -3.29689
-16.2454 -3.3016
-16.399 -3.30627
-16.5529 -3.3109
-16.7072 -3.31549
-16.8617 -3.32004
-17.0165 -3.32455
-17.1716 -3.32902
-17.327 -3.33346
-17.4828 -3.33786
-17.6388 -3.34222
-17.795 -3.34654
-17.9516 -3.35083
-18.1085 -3.35508
-18.2656 -3.3593
-18.423 -3.36348
-18.5807 -3.36763
-18.7387 -3.37174
-18.8969 -3.37583
-19.0554 -3.37987
-19.2142 -3.38389
-19.3733 -3.38787
-19.5326 -3.39182
-19.6922 -3.39574
-19.852 -3.39963
-20.0121 -3.40349
-20.1724 -3.40732
-20.333 -3.41112
-20.4939 -3.41489
-20.655 -3.41863
-20.8163 -3.42234
-20.9779 -3.42602
-21.1397 -3.42968
-21.3018 -3.4333
-21.4641 -3.4369
-21.6267 -3.44047
-21.7895 -3.44402
-21.9525 -3.44754
-22.1158 -3.45103
-22.2792 -3.4545
-22.443 -3.45794
-22.6069 -3.46135
-22.7711 -3.46475
-22.9355 -3.46811
-23.1001 -3.47145
-23.265 -3.47477
-23.43 -3.47807
-23.5953 -3.48134
-23.7608 -3.48458
-23.9265 -3.48781
-24.0925 -3.49101
-24.2586 -3.49419
-24.425 -3.49734
-24.5915 -3.50048
-24.7583 -3.50359
-24.9253 -3.50668
-25.0925 -3.50975
-25.2598 -3.5128
-25.4274 -3.51582
-25.5952 -3.51883
-25.7632 -3.52182
-25.9314 -3.52478
-26.0998 -3.52773
-26.2684 -3.53065
-26.4371 -3.53356
-26.6061 -3.53645
-26.7753 -3.53932
-26.9446 -3.54217
-27.1141 -3.545
-27.2839 -3.54781
-27.4538 -3.5506
-27.6239 -3.55338
-27.7942 -3.55613
-27.9646 -3.55887
-28.1353 -3.5616
-28.3061 -3.5643
-28.4771 -3.56699
-28.6483 -3.56966
-28.8197 -3.57231
-28.9912 -3.57495
-29.1629 -3.57757
-29.3348 -3.58017
-29.5069 -3.58276
-29.6791 -3.58533
-29.8515 -3.58788
-30.0241 -3.59042
-30.1968 -3.59295
-30.3697 -3.59546
-30.5428 -3.59795
-30.7161 -3.60043
-30.8895 -3.60289
-31.063 -3.60534
-31.2368 -3.60777
-31.4107 -3.61019
-31.5847 -3.61259
-31.7589 -3.61498
-31.9333 -3.61736
-32.1078 -3.61972
-32.2825 -3.62207
-32.4574 -3.6244
-32.6324 -3.62673
-32.8075 -3.62903
-32.9828 -3.63133
-33.1583 -3.63361
-33.3339 -3.63587
-33.5097 -3.63813
-33.6856 -3.64037
-33.8617 -3.6426
-34.0379 -3.64481
-34.2142 -3.64702
-34.3907 -3.64921
-34.5674 -3.65139
-34.7442 -3.65355
-34.9211 -3.65571
-35.0982 -3.65785
-35.2754 -3.65998
-35.4528 -3.6621
-35.6303 -3.66421
-35.8079 -3.6663
-35.9857 -3.66839
-36.1636 -3.67046
-36.3417 -3.67252
-36.5199 -3.67457
-36.6982 -3.67661
-36.8767 -3.67864
-37.0553 -3.68066
-37.2341 -3.68266
-37.4129 -3.68466
-37.5919 -3.68665
-37.7711 -3.68862
-37.9504 -3.69059
-38.1298 -3.69254
-38.3093 -3.69448
-38.4889 -3.69642
-38.6687 -3.69834
-38.8487 -3.70026
-39.0287 -3.70216
-39.2089 -3.70405
-39.3892 -3.70594
-39.5696 -3.70781
-39.7501 -3.70968
-39.9308 -3.71153
-40.1116 -3.71338
-40.2925 -3.71522
-40.4736 -3.71705
-40.6547 -3.71886
-40.836 -3.72067
-41.0174 -3.72247
-41.1989 -3.72427
-41.3806 -3.72605
-41.5623 -3.72782
-41.7442 -3.72959
-41.9262 -3.73134
-42.1083 -3.73309
-42.2905 -3.73483
-42.4729 -3.73656
-42.6553 -3.73828
-42.8379 -3.74
-43.0206 -3.7417
-43.2034 -3.7434
-43.3863 -3.74509
-43.5694 -3.74677
-43.7525 -3.74845
-43.9357 -3.75011
-44.1191 -3.75177
-44.3026 -3.75342
-44.4862 -3.75506
-44.6698 -3.7567
-44.8536 -3.75832
-45.0376 -3.75994
-45.2216 -3.76155
-45.4057 -3.76316
-45.5899 -3.76476
-45.7743 -3.76635
-45.9587 -3.76793
-46.1433 -3.7695
-46.3279 -3.77107
-46.5127 -3.77263
-46.6975 -3.77418
-46.8825 -3.77573
-47.0676 -3.77727
-47.2527 -3.7788
-47.438 -3.78033
-47.6234 -3.78185
-47.8088 -3.78336
-47.9944 -3.78486
-48.1801 -3.78636
-48.3659 -3.78786
-48.5517 -3.78934
-48.7377 -3.79082
-48.9238 -3.79229
-49.1099 -3.79376
-49.2962 -3.79522
-49.4826 -3.79667
-49.669 -3.79812
-49.8556 -3.79956
-50.0422 -3.80099
-50.229 -3.80242
-50.4158 -3.80384
-50.6028 -3.80526
-50.7898 -3.80667
-50.9769 -3.80807
-51.1642 -3.80947
-51.3515 -3.81087
-51.5389 -3.81225
-51.7264 -3.81363
-51.914 -3.81501
-52.1016 -3.81638
-52.2894 -3.81774
-52.4773 -3.8191
-52.6652 -3.82045
-52.8533 -3.8218
-53.0414 -3.82314
-53.2296 -3.82447
-53.4179 -3.8258
-53.6063 -3.82713
-53.7948 -3.82844
-53.9834 -3.82976
-54.1721 -3.83107
-54.3608 -3.83237
-54.5497 -3.83367
-54.7386 -3.83496
-54.9276 -3.83625
-55.1167 -3.83753
-55.3059 -3.83881
-55.4951 -3.84008
-55.6845 -3.84135
-55.8739 -3.84261
-56.0634 -3.84386
-56.253 -3.84512
-56.4427 -3.84636
-56.6325 -3.84761
-56.8223 -3.84884
-57.0123 -3.85008
-57.2023 -3.8513
-57.3924 -3.85253
-57.5826 -3.85374
-57.7728 -3.85496
-57.9632 -3.85617
-58.1536 -3.85737
-58.3441 -3.85857
-58.5347 -3.85976
-58.7253 -3.86095
-58.9161 -3.86214
-59.1069 -3.86332
-59.2978 -3.8645
-59.4888 -3.86567
-59.6798 -3.86684
-59.871 -3.868
-60.0622 -3.86916
-60.2535 -3.87032
-60.4448 -3.87147
-60.6363 -3.87261
-60.8278 -3.87376
-61.0194 -3.87489
-61.2111 -3.87603
-61.4028 -3.87716
-61.5946 -3.87828
-61.7865 -3.8794
-61.9785 -3.88052
-62.1705 -3.88163
-62.3626 -3.88274
-62.5548 -3.88385
-62.7471 -3.88495
-62.9394 -3.88604
-63.1319 -3.88714
-63.3243 -3.88823
-63.5169 -3.88931
-63.7095 -3.89039
-63.9022 -3.89147
-64.095 -3.89254
-64.2879 -3.89361
-64.4808 -3.89468
-64.6738 -3.89574
-64.8668 -3.8968
-65.0599 -3.89785
-65.2531 -3.89891
-65.4464 -3.89995
-65.6397 -3.901
-65.8332 -3.90204
-66.0266 -3.90307
-66.2202 -3.90411
-66.4138 -3.90513
-66.6075 -3.90616
-66.8012 -3.90718
-66.995 -3.9082
-67.1889 -3.90922
-67.3829 -3.91023
-67.5769 -3.91124
-67.771 -3.91224
-67.9651 -3.91324
-68.1594 -3.91424
-68.3537 -3.91523
-68.548 -3.91623
-68.7424 -3.91721
-68.9369 -3.9182
-69.1315 -3.91918
-69.3261 -3.92016
-69.5208 -3.92113
-69.7155 -3.9221
-69.9104 -3.92307
-70.1052 -3.92404
-70.3002 -3.925
-70.4952 -3.92596
-70.6903 -3.92691
-70.8854 -3.92786
-71.0806 -3.92881
-71.2758 -3.92976
-71.4712 -3.9307
-71.6666 -3.93164
-71.862 -3.93258
-72.0575 -3.93351
-72.2531 -3.93444
-72.4487 -3.93537
-72.6444 -3.9363
-72.8402 -3.93722
-73.036 -3.93814
-73.2319 -3.93905
-73.4278 -3.93996
-73.6238 -3.94087
-73.8199 -3.94178
-74.016 -3.94269
-74.2122 -3.94359
-74.4085 -3.94449
-74.6048 -3.94538
-74.8011 -3.94627
-74.9976 -3.94716
-75.194 -3.94805
-75.3906 -3.94894
-75.5872 -3.94982
-75.7838 -3.9507
-75.9806 -3.95157
-76.1773 -3.95245
-76.3742 -3.95332
-76.5711 -3.95419
-76.768 -3.95505
-76.965 -3.95591
-77.1621 -3.95677
-77.3592 -3.95763
-77.5564 -3.95849
-77.7536 -3.95934
-77.9509 -3.96019
-78.1483 -3.96104
-78.3457 -3.96188
-78.5431 -3.96272
-78.7407 -3.96356
-78.9382 -3.9644
-79.1359 -3.96523
-79.3336 -3.96606
-79.5313 -3.96689
-79.7291 -3.96772
-79.927 -3.96855
-80.1249 -3.96937
-80.3228 -3.97019
-80.5208 -3.971
-80.7189 -3.97182
-80.917 -3.97263
-81.1152 -3.97344
-81.3135 -3.97425
-81.5117 -3.97505
-81.7101 -3.97586
-81.9085 -3.97666
-82.1069 -3.97745
-82.3054 -3.97825
-82.504 -3.97904
-82.7026 -3.97984
-82.9013 -3.98062
-83.1 -3.98141
-83.2987 -3.98219
-83.4976 -3.98298
-83.6964 -3.98376
-83.8953 -3.98453
-84.0943 -3.98531
-84.2934 -3.98608
-84.4924 -3.98685
-84.6916 -3.98762
-84.8907 -3.98839
-85.09 -3.98915
-85.2892 -3.98992
-85.4886 -3.99068
-85.688 -3.99143
-85.8874 -3.99219
-86.0869 -3.99294
-86.2864 -3.99369
-86.486 -3.99444
-86.6856 -3.99519
-86.8853 -3.99594
-87.085 -3.99668
-87.2848 -3.99742
-87.4846 -3.99816
-87.6845 -3.9989
-87.8845 -3.99963
-88.0844 -4.00036
-88.2845 -4.0011
-88.4845 -4.00182
-88.6847 -4.00255
-88.8848 -4.00328
-89.0851 -4.004
-89.2853 -4.00472
-89.4857 -4.00544
-89.686 -4.00616
-89.8864 -4.00687
-90.0869 -4.00759
-90.2874 -4.0083
-90.488 -4.00901
-90.6886 -4.00971
-90.8892 -4.01042
-91.0899 -4.01112
-91.2907 -4.01183
-91.4915 -4.01253
-91.6923 -4.01322
-91.8932 -4.01392
-92.0941 -4.01461
-92.2951 -4.01531
-92.4961 -4.016
-92.6972 -4.01669
-92.8983 -4.01737
-93.0995 -4.01806
-93.3007 -4.01874
-93.5019 -4.01942
-93.7032 -4.0201
-93.9046 -4.02078
-94.106 -4.02146
-94.3074 -4.02213
-94.5089 -4.0228
-94.7104 -4.02348
-94.912 -4.02414
-95.1136 -4.02481
-95.3152 -4.02548
-95.5169 -4.02614
-95.7187 -4.0268
-95.9205 -4.02747
-96.1223 -4.02812
-96.3242 -4.02878
-96.5261 -4.02944
-96.7281 -4.03009
-96.9301 -4.03074
-97.1321 -4.03139
-97.3342 -4.03204
-97.5364 -4.03269
-97.7386 -4.03334
-97.9408 -4.03398
-98.1431 -4.03462
-98.3454 -4.03526
-98.5477 -4.0359
-98.7501 -4.03654
-98.9526 -4.03718
-99.155 -4.03781
-99.3576 -4.03844
-99.5601 -4.03908
-99.7627 -4.03971
-99.9654 -4.04033
-100.168 -4.04096
-100.371 -4.04159
-100.574 -4.04221
-100.776 -4.04283
-100.979 -4.04345
-101.182 -4.04407
-101.385 -4.04469
-101.588 -4.0453
-101.791 -4.04592
-101.994 -4.04653
-102.197 -4.04714
-102.4 -4.04775
-102.604 -4.04836
-102.807 -4.04897
-103.01 -4.04957
-103.213 -4.05018
-103.417 -4.05078
-103.62 -4.05138
-103.824 -4.05198
-104.027 -4.05258
-104.231 -4.05318
-104.434 -4.05377
-104.638 -4.05437
-104.841 -4.05496
-105.045 -4.05555
-105.249 -4.05614
-105.452 -4.05673
-105.656 -4.05732
-105.86 -4.0579
-106.064 -4.05849
-106.268 -4.05907
-106.472 -4.05965
-106.676 -4.06023
-106.88 -4.06081
-107.084 -4.06139
-107.288 -4.06196
-107.492 -4.06254
-107.696 -4.06311
-107.9 -4.06368
-108.105 -4.06425
-108.309 -4.06482
-108.513 -4.06539
-108.718 -4.06596
-108.922 -4.06652
-109.126 -4.06709
-109.331 -4.06765
-109.535 -4.06821
-109.74 -4.06877
-109.945 -4.06933
-110.149 -4.06989
-110.354 -4.07045
-110.559 -4.071
-110.763 -4.07156
-110.968 -4.07211
-111.173 -4.07266
-111.378 -4.07321
-111.583 -4.07376
-111.788 -4.07431
-111.992 -4.07485
-112.197 -4.0754
-112.403 -4.07594
-112.608 -4.07649
-112.813 -4.07703
-113.018 -4.07757
-113.223 -4.07811
-113.428 -4.07865
-113.633 -4.07918
-113.839 -4.07972
-114.044 -4.08025
-114.249 -4.08079
-114.455 -4.08132
-114.66 -4.08185
-114.866 -4.08238
-115.071 -4.08291
-115.277 -4.08343
-115.482 -4.08396
-115.688 -4.08449
-115.893 -4.08501
-116.099 -4.08553
-116.305 -4.08605
-116.511 -4.08657
-116.716 -4.08709
-116.922 -4.08761
-117.128 -4.08813
-117.334 -4.08864
-117.54 -4.08916
-117.746 -4.08967
-117.952 -4.09019
-118.158 -4.0907
-118.364 -4.09121
-118.57 -4.09172
-118.776 -4.09223
-118.982 -4.09273
-119.188 -4.09324
-119.395 -4.09374
-119.601 -4.09425
-119.807 -4.09475
-120.013 -4.09525
-120.22 -4.09575
-120.426 -4.09625
-120.633 -4.09675
-120.839 -4.09725
-121.046 -4.09775
-121.252 -4.09824
-121.459 -4.09874
-121.665 -4.09923
-121.872 -4.09972
-122.078 -4.10021
-122.285 -4.1007
-122.492 -4.10119
-122.699 -4.10168
-122.905 -4.10217
-123.112 -4.10266
-123.319 -4.10314
-123.526 -4.10363
-123.733 -4.10411
-123.94 -4.10459
-124.147 -4.10507
-124.354 -4.10555
-124.561 -4.10603
-124.768 -4.10651
-124.975 -4.10699
-125.182 -4.10746
-125.389 -4.10794
-125.596 -4.10841
-125.804 -4.10889
-126.011 -4.10936
-126.218 -4.10983
-126.426 -4.1103
-126.633 -4.11077
-126.84 -4.11124
-127.048 -4.11171
-127.255 -4.11217
-127.463 -4.11264
-127.67 -4.11311
-127.878 -4.11357
-128.085 -4.11403
-128.293 -4.11449
-128.501 -4.11496
-128.708 -4.11542
-128.916 -4.11588
-129.124 -4.11633
-129.331 -4.11679
-129.539 -4.11725
-129.747 -4.1177
-129.955 -4.11816
-130.163 -4.11861
-130.371 -4.11907
-130.579 -4.11952
-130.787 -4.11997
-130.995 -4.12042
-131.203 -4.12087
-131.411 -4.12132
-131.619 -4.12177
-131.827 -4.12221
-132.035 -4.12266
-132.243 -4.1231
-132.451 -4.12355
-132.66 -4.12399
-132.868 -4.12443
-133.076 -4.12488
-133.284 -4.12532
-133.493 -4.12576
-133.701 -4.12619
-133.91 -4.12663
-134.118 -4.12707
-134.327 -4.12751
-134.535 -4.12794
-134.744 -4.12838
-134.952 -4.12881
-135.161 -4.12925
-135.369 -4.12968
-135.578 -4.13011
-135.787 -4.13054
-135.995 -4.13097
-136.204 -4.1314
-136.413 -4.13183
-136.622 -4.13226
-136.83 -4.13268
-137.039 -4.13311
-137.248 -4.13353
-137.457 -4.13396
-137.666 -4.13438
-137.875 -4.1348
-138.084 -4.13522
-138.293 -4.13565
-138.502 -4.13607
-138.711 -4.13649
-138.92 -4.1369
-139.129 -4.13732
-139.339 -4.13774
-139.548 -4.13816
-139.757 -4.13857
-139.966 -4.13899
-140.175 -4.1394
-140.385 -4.13981
-140.594 -4.14023
-140.803 -4.14064
-141.013 -4.14105
-141.222 -4.14146
-141.432 -4.14187
-141.641 -4.14228
-141.851 -4.14269
-142.06 -4.14309
-142.27 -4.1435
-142.479 -4.14391
-142.689 -4.14431
-142.898 -4.14471
-143.108 -4.14512
-143.318 -4.14552
-143.527 -4.14592
-143.737 -4.14632
-143.947 -4.14673
-144.157 -4.14713
-144.367 -4.14752
-144.576 -4.14792
-144.786 -4.14832
-144.996 -4.14872
-145.206 -4.14911
-145.416 -4.14951
-145.626 -4.1499
-145.836 -4.1503
-146.046 -4.15069
-146.256 -4.15109
-146.466 -4.15148
-146.676 -4.15187
-146.886 -4.15226
-147.096 -4.15265
-147.307 -4.15304
-147.517 -4.15343
-147.727 -4.15382
-147.937 -4.1542
-148.148 -4.15459
-148.358 -4.15497
-148.568 -4.15536
-148.779 -4.15574
-148.989 -4.15613
-149.199 -4.15651
-149.41 -4.15689
-149.62 -4.15728
-149.831 -4.15766
-150.041 -4.15804
-150.252 -4.15842
-150.462 -4.1588
-150.673 -4.15918
-150.884 -4.15955
-151.094 -4.15993
-151.305 -4.16031
-151.516 -4.16068
-151.726 -4.16106
-151.937 -4.16143
-152.148 -4.16181
-152.359 -4.16218
-152.569 -4.16255
-152.78 -4.16292
-152.991 -4.1633
-153.202 -4.16367
-153.413 -4.16404
-153.624 -4.16441
-153.835 -4.16478
-154.046 -4.16514
-154.257 -4.16551
-154.468 -4.16588
-154.679 -4.16624
-154.89 -4.16661
-155.101 -4.16698
-155.312 -4.16734
-155.523 -4.1677
-155.735 -4.16807
-155.946 -4.16843
-156.157 -4.16879
-156.368 -4.16915
-156.579 -4.16951
-156.791 -4.16987
-157.002 -4.17023
-157.213 -4.17059
-157.425 -4.17095
-157.636 -4.17131
-157.848 -4.17167
-158.059 -4.17202
-158.271 -4.17238
-158.482 -4.17273
-158.694 -4.17309
-158.905 -4.17344
-159.117 -4.1738
-159.328 -4.17415
-159.54 -4.1745
-159.752 -4.17485
-159.963 -4.17521
-160.175 -4.17556
-160.387 -4.17591
-160.598 -4.17626
-160.81 -4.17661
-161.022 -4.17695
-161.234 -4.1773
-161.445 -4.17765
-161.657 -4.178
-161.869 -4.17834
-162.081 -4.17869
-162.293 -4.17903
-162.505 -4.17938
-162.717 -4.17972
-162.929 -4.18006
-163.141 -4.18041
-163.353 -4.18075
-163.565 -4.18109
-163.777 -4.18143
-163.989 -4.18177
-164.201 -4.18211
-164.413 -4.18245
-164.625 -4.18279
-164.838 -4.18313
-165.05 -4.18347
-165.262 -4.18381
-165.474 -4.18414
-165.687 -4.18448
-165.899 -4.18481
-166.111 -4.18515
-166.324 -4.18548
-166.536 -4.18582
-166.748 -4.18615
-166.961 -4.18648
-167.173 -4.18682
-167.386 -4.18715
-167.598 -4.18748
-167.811 -4.18781
-168.023 -4.18814
-168.236 -4.18847
-168.448 -4.1888
-168.661 -4.18913
-168.873 -4.18946
-169.086 -4.18979
-169.299 -4.19011
-169.511 -4.19044
-169.724 -4.19077
-169.937 -4.19109
-170.15 -4.19142
-170.362 -4.19174
-170.575 -4.19207
-170.788 -4.19239
-171.001 -4.19271
-171.214 -4.19304
-171.426 -4.19336
-171.639 -4.19368
-171.852 -4.194
-172.065 -4.19432
-172.278 -4.19464
-172.491 -4.19496
-172.704 -4.19528
-172.917 -4.1956
-173.13 -4.19592
-173.343 -4.19624
