0 0
0.309018 0.951056
1.56036 1.9049
3.74767 2.8642
6.86652 3.83123
10.9139 4.8076
15.8873 5.79376
21.7837 6.78848
28.5986 7.78813
36.324 8.78616
44.9478 9.77288
54.4518 10.7361
64.8114 11.6625
75.9945 12.5401
87.9623 13.3601
100.67 14.1178
114.068 14.8123
128.107 15.4462
142.737 16.0235
157.91 16.5496
173.582 17.0296
189.713 17.4688
206.267 17.8719
223.21 18.243
240.514 18.5859
258.152 18.9038
276.1 19.1996
294.339 19.4755
312.848 19.7338
331.612 19.9762
350.614 20.2043
369.842 20.4194
389.282 20.6229
408.924 20.8158
428.756 20.9989
448.771 21.1731
468.958 21.3392
489.309 21.4977
509.819 21.6493
530.479 21.7945
551.283 21.9337
572.226 22.0675
593.301 22.196
614.505 22.3198
635.832 22.439
657.278 22.5541
678.838 22.6652
700.509 22.7726
722.287 22.8765
744.169 22.9771
766.15 23.0746
788.229 23.1692
810.403 23.261
832.668 23.3501
855.022 23.4367
877.462 23.521
899.986 23.603
922.593 23.6828
945.278 23.7606
968.042 23.8365
990.881 23.9104
1013.79 23.9826
1036.78 24.0531
1059.83 24.1219
1082.96 24.1891
1106.15 24.2549
1129.41 24.3192
1152.73 24.3821
1176.11 24.4437
1199.56 24.504
1223.06 24.5631
1246.63 24.6209
1270.25 24.6777
1293.93 24.7333
1317.66 24.7879
1341.45 24.8414
1365.3 24.894
1389.19 24.9455
1413.14 24.9962
1437.14 25.046
1461.18 25.0948
1485.28 25.1429
1509.42 25.1901
1533.61 25.2366
1557.85 25.2823
1582.14 25.3272
1606.46 25.3714
1630.84 25.4149
1655.25 25.4578
1679.71 25.4999
1704.21 25.5415
1728.75 25.5824
1753.34 25.6227
1777.96 25.6624
1802.62 25.7016
1827.33 25.7401
1852.07 25.7782
1876.85 25.8157
1901.66 25.8527
1926.52 25.8892
1951.41 25.9252
1976.33 25.9607
2001.29 25.9958
2026.29 26.0303
2051.32 26.0645
2076.38 26.0982
2101.48 26.1315
2126.62 26.1644
2151.78 26.1969
2176.98 26.2289
2202.21 26.2606
2227.47 26.2919
2252.76 26.3229
2278.08 26.3535
2303.44 26.3837
2328.82 26.4136
2354.24 26.4431
2379.68 26.4723
2405.15 26.5012
2430.65 26.5298
2456.18 26.558
2481.74 26.586
2507.33 26.6136
2532.94 26.641
2558.58 26.668
2584.25 26.6948
2609.95 26.7213
2635.67 26.7476
2661.42 26.7735
2687.19 26.7992
2712.99 26.8247
2738.82 26.8499
2764.67 26.8748
2790.54 26.8995
2816.44 26.924
2842.37 26.9482
2868.31 26.9722
2894.29 26.996
2920.28 27.0196
2946.3 27.0429
2972.35 27.066
2998.41 27.089
3024.5 27.1117
3050.61 27.1342
3076.75 27.1565
3102.9 27.1786
3129.08 27.2005
3155.28 27.2222
3181.51 27.2438
3207.75 27.2651
3234.02 27.2863
3260.3 27.3073
3286.61 27.3281
3312.94 27.3487
3339.29 27.3692
3365.66 27.3895
3392.05 27.4096
3418.46 27.4296
3444.89 27.4494
3471.34 27.4691
3497.8 27.4886
3524.29 27.5079
3550.8 27.5271
3577.33 27.5462
3603.88 27.5651
3630.44 27.5838
3657.02 27.6024
3683.63 27.6209
3710.25 27.6392
3736.89 27.6574
3763.54 27.6755
3790.22 27.6934
3816.91 27.7112
3843.63 27.7289
3870.35 27.7464
3897.1 27.7638
3923.86 27.7811
3950.65 27.7983
3977.44 27.8153
4004.26 27.8323
4031.09 27.8491
4057.94 27.8658
4084.81 27.8824
4111.69 27.8988
4138.59 27.9152
4165.5 27.9314
4192.44 27.9476
4219.38 27.9636
4246.35 27.9795
4273.33 27.9953
4300.32 28.011
4327.33 28.0267
4354.36 28.0422
4381.4 28.0576
4408.46 28.0729
4435.53 28.0881
4462.62 28.1032
4489.73 28.1182
4516.84 28.1332
4543.98 28.148
4571.13 28.1627
4598.29 28.1774
4625.47 28.192
4652.66 28.2064
4679.86 28.2208
4707.09 28.2351
4734.32 28.2493
4761.57 28.2635
4788.83 28.2775
4816.11 28.2915
4843.4 28.3053
4870.71 28.3191
4898.03 28.3329
4925.36 28.3465
4952.71 28.3601
4980.07 28.3735
5007.44 28.3869
5034.83 28.4003
5062.23 28.4135
5089.64 28.4267
5117.07 28.4398
5144.51 28.4528
5171.96 28.4658
5199.43 28.4787
5226.91 28.4915
5254.4 28.5043
5281.9 28.5169
5309.42 28.5296
5336.95 28.5421
5364.49 28.5546
5392.05 28.567
5419.61 28.5793
5447.19 28.5916
5474.79 28.6038
5502.39 28.616
5530.01 28.6281
5557.63 28.6401
5585.27 28.6521
5612.93 28.664
5640.59 28.6758
5668.27 28.6876
5695.95 28.6993
5723.65 28.711
5751.36 28.7226
5779.09 28.7341
5806.82 28.7456
5834.57 28.757
5862.32 28.7684
5890.09 28.7797
5917.87 28.791
5945.66 28.8022
5973.47 28.8134
6001.28 28.8245
6029.1 28.8355
6056.94 28.8465
6084.79 28.8574
6112.64 28.8683
6140.51 28.8792
6168.39 28.89
6196.28 28.9007
6224.18 28.9114
6252.09 28.922
6280.02 28.9326
6307.95 28.9431
6335.89 28.9536
6363.84 28.9641
6391.81 28.9745
6419.78 28.9848
6447.77 28.9951
6475.76 29.0054
6503.77 29.0156
6531.78 29.0258
6559.81 29.0359
6587.85 29.0459
6615.89 29.056
6643.95 29.066
6672.01 29.0759
6700.09 29.0858
6728.18 29.0957
6756.27 29.1055
6784.38 29.1152
6812.49 29.125
6840.62 29.1347
6868.75 29.1443
6896.9 29.1539
6925.05 29.1635
6953.21 29.173
6981.39 29.1825
7009.57 29.1919
7037.76 29.2013
7065.96 29.2107
7094.17 29.22
7122.39 29.2293
7150.62 29.2386
7178.86 29.2478
7207.11 29.257
7235.37 29.2661
7263.63 29.2752
7291.91 29.2843
7320.19 29.2933
7348.49 29.3023
7376.79 29.3112
7405.1 29.3202
7433.42 29.329
7461.75 29.3379
7490.09 29.3467
7518.43 29.3555
7546.79 29.3642
7575.15 29.373
7603.53 29.3816
7631.91 29.3903
7660.3 29.3989
7688.7 29.4075
7717.11 29.416
7745.52 29.4245
7773.95 29.433
7802.38 29.4415
7830.82 29.4499
7859.27 29.4583
7887.73 29.4666
7916.2 29.4749
7944.67 29.4832
7973.15 29.4915
8001.65 29.4997
8030.15 29.5079
8058.65 29.5161
8087.17 29.5242
8115.69 29.5323
8144.23 29.5404
8172.77 29.5485
8201.32 29.5565
8229.87 29.5645
8258.44 29.5725
8287.01 29.5804
8315.59 29.5883
8344.18 29.5962
8372.77 29.604
8401.38 29.6119
8429.99 29.6197
8458.61 29.6274
8487.24 29.6352
8515.87 29.6429
8544.52 29.6506
8573.17 29.6582
8601.83 29.6659
8630.49 29.6735
8659.17 29.6811
8687.85 29.6886
8716.53 29.6961
8745.23 29.7036
8773.93 29.7111
8802.65 29.7186
8831.36 29.726
8860.09 29.7334
8888.82 29.7408
8917.56 29.7481
8946.31 29.7555
8975.07 29.7628
9003.83 29.7701
9032.6 29.7773
9061.38 29.7846
9090.16 29.7918
9118.96 29.7989
9147.75 29.8061
9176.56 29.8132
9205.37 29.8204
9234.19 29.8275
9263.02 29.8345
9291.86 29.8416
9320.7 29.8486
9349.55 29.8556
9378.4 29.8626
9407.26 29.8695
9436.13 29.8765
9465.01 29.8834
9493.89 29.8903
9522.78 29.8972
9551.68 29.904
9580.59 29.9108
9609.5 29.9176
9638.42 29.9244
9667.34 29.9312
9696.27 29.9379
9725.21 29.9446
9754.15 29.9513
9783.1 29.958
9812.06 29.9647
9841.03 29.9713
9870 29.9779
9898.98 29.9845
9927.96 29.9911
9956.95 29.9977
9985.95 30.0042
10015 30.0107
10044 30.0172
10073 30.0237
10102 30.0302
10131 30.0366
10160.1 30.043
10189.1 30.0495
10218.2 30.0558
10247.2 30.0622
10276.3 30.0686
10305.4 30.0749
10334.4 30.0812
10363.5 30.0875
10392.6 30.0938
10421.7 30.1
10450.8 30.1063
10479.9 30.1125
10509 30.1187
10538.1 30.1249
10567.3 30.131
10596.4 30.1372
10625.5 30.1433
10654.7 30.1494
10683.8 30.1555
10713 30.1616
10742.1 30.1677
10771.3 30.1737
10800.5 30.1797
10829.7 30.1857
10858.8 30.1917
10888 30.1977
10917.2 30.2037
10946.4 30.2096
10975.6 30.2156
11004.9 30.2215
11034.1 30.2274
11063.3 30.2332
11092.5 30.2391
11121.8 30.245
11151 30.2508
11180.3 30.2566
11209.5 30.2624
11238.8 30.2682
11268.1 30.274
11297.3 30.2797
11326.6 30.2854
11355.9 30.2912
11385.2 30.2969
11414.5 30.3026
11443.8 30.3083
11473.1 30.3139
11502.4 30.3196
11531.7 30.3252
11561.1 30.3308
11590.4 30.3364
11619.7 30.342
11649.1 30.3476
11678.4 30.3531
11707.8 30.3587
11737.1 30.3642
11766.5 30.3697
11795.9 30.3752
11825.2 30.3807
11854.6 30.3862
11884 30.3917
11913.4 30.3971
11942.8 30.4025
11972.2 30.4079
12001.6 30.4134
12031 30.4187
12060.4 30.4241
12089.9 30.4295
12119.3 30.4348
12148.7 30.4402
12178.2 30.4455
12207.6 30.4508
12237.1 30.4561
12266.5 30.4614
12296 30.4667
12325.4 30.4719
12354.9 30.4772
12384.4 30.4824
12413.9 30.4876
12443.4 30.4928
12472.9 30.498
12502.4 30.5032
12531.9 30.5083
12561.4 30.5135
12590.9 30.5186
12620.4 30.5238
12649.9 30.5289
12679.5 30.534
12709 30.5391
12738.5 30.5442
12768.1 30.5492
12797.6 30.5543
12827.2 30.5593
12856.7 30.5644
12886.3 30.5694
12915.9 30.5744
12945.4 30.5794
12975 30.5844
13004.6 30.5894
13034.2 30.5943
13063.8 30.5993
13093.4 30.6042
13123 30.6091
13152.6 30.614
13182.2 30.6189
13211.8 30.6238
13241.5 30.6287
13271.1 30.6336
13300.7 30.6384
13330.4 30.6433
13360 30.6481
13389.7 30.653
13419.3 30.6578
13449 30.6626
13478.6 30.6674
13508.3 30.6721
13538 30.6769
13567.6 30.6817
13597.3 30.6864
13627 30.6912
13656.7 30.6959
13686.4 30.7006
13716.1 30.7053
13745.8 30.71
13775.5 30.7147
13805.2 30.7194
13834.9 30.724
13864.7 30.7287
13894.4 30.7333
13924.1 30.738
13953.9 30.7426
13983.6 30.7472
14013.4 30.7518
14043.1 30.7564
14072.9 30.761
14102.6 30.7655
14132.4 30.7701
14162.2 30.7747
14191.9 30.7792
14221.7 30.7837
14251.5 30.7883
14281.3 30.7928
14311.1 30.7973
14340.9 30.8018
14370.7 30.8062
14400.5 30.8107
14430.3 30.8152
14460.1 30.8196
14489.9 30.8241
14519.8 30.8285
14549.6 30.833
14579.4 30.8374
14609.3 30.8418
14639.1 30.8462
14668.9 30.8506
14698.8 30.8549
14728.6 30.8593
14758.5 30.8637
14788.4 30.868
14818.2 30.8724
14848.1 30.8767
14878 30.881
14907.9 30.8854
14937.8 30.8897
14967.6 30.894
14997.5 30.8983
15027.4 30.9025
15057.3 30.9068
15087.2 30.9111
15117.2 30.9153
15147.1 30.9196
15177 30.9238
15206.9 30.928
15236.8 30.9323
15266.8 30.9365
15296.7 30.9407
15326.7 30.9449
15356.6 30.9491
15386.5 30.9532
15416.5 30.9574
15446.5 30.9616
15476.4 30.9657
15506.4 30.9699
15536.4 30.974
15566.3 30.9781
15596.3 30.9822
15626.3 30.9864
15656.3 30.9905
15686.3 30.9946
15716.3 30.9986
15746.3 31.0027
15776.3 31.0068
15806.3 31.0109
15836.3 31.0149
15866.3 31.019
15896.3 31.023
15926.3 31.027
15956.4 31.031
15986.4 31.0351
16016.4 31.0391
16046.5 31.0431
16076.5 31.0471
16106.6 31.051
16136.6 31.055
16166.7 31.059
16196.7 31.063
16226.8 31.0669
16256.9 31.0709
16286.9 31.0748
16317 31.0787
16347.1 31.0826
16377.2 31.0866
16407.2 31.0905
16437.3 31.0944
16467.4 31.0983
16497.5 31.1022
16527.6 31.106
16557.7 31.1099
16587.8 31.1138
16618 31.1176
16648.1 31.1215
16678.2 31.1253
16708.3 31.1292
16738.5 31.133
16768.6 31.1368
16798.7 31.1406
16828.9 31.1444
16859 31.1482
16889.2 31.152
16919.3 31.1558
16949.5 31.1596
16979.6 31.1634
17009.8 31.1671
17040 31.1709
17070.1 31.1746
17100.3 31.1784
17130.5 31.1821
17160.7 31.1859
17190.8 31.1896
17221 31.1933
17251.2 31.197
17281.4 31.2007
17311.6 31.2044
17341.8 31.2081
17372 31.2118
17402.3 31.2155
17432.5 31.2191
17462.7 31.2228
17492.9 31.2265
17523.1 31.2301
17553.4 31.2338
17583.6 31.2374
17613.8 31.241
17644.1 31.2447
17674.3 31.2483
17704.6 31.2519
17734.8 31.2555
17765.1 31.2591
17795.3 31.2627
17825.6 31.2663
17855.9 31.2699
17886.1 31.2734
17916.4 31.277
17946.7 31.2806
17977 31.2841
18007.3 31.2877
18037.5 31.2912
18067.8 31.2948
18098.1 31.2983
18128.4 31.3018
18158.7 31.3053
18189 31.3088
18219.3 31.3124
18249.7 31.3159
18280 31.3194
18310.3 31.3228
18340.6 31.3263
18370.9 31.3298
18401.3 31.3333
18431.6 31.3367
18461.9 31.3402
18492.3 31.3437
18522.6 31.3471
18553 31.3505
18583.3 31.354
18613.7 31.3574
18644 31.3608
18674.4 31.3643
18704.8 31.3677
18735.1 31.3711
18765.5 31.3745
18795.9 31.3779
18826.2 31.3813
18856.6 31.3847
18887 31.388
18917.4 31.3914
18947.8 31.3948
18978.2 31.3981
19008.6 31.4015
19039 31.4048
19069.4 31.4082
19099.8 31.4115
19130.2 31.4149
19160.6 31.4182
19191 31.4215
19221.5 31.4248
19251.9 31.4281
19282.3 31.4315
19312.7 31.4348
19343.2 31.4381
19373.6 31.4413
19404.1 31.4446
19434.5 31.4479
19465 31.4512
19495.4 31.4545
19525.9 31.4577
19556.3 31.461
19586.8 31.4642
19617.2 31.4675
19647.7 31.4707
19678.2 31.474
19708.7 31.4772
19739.1 31.4804
19769.6 31.4837
19800.1 31.4869
19830.6 31.4901
19861.1 31.4933
19891.6 31.4965
19922.1 31.4997
19952.6 31.5029
19983.1 31.5061
20013.6 31.5093
20044.1 31.5124
20074.6 31.5156
20105.1 31.5188
20135.6 31.5219
20166.2 31.5251
20196.7 31.5282
20227.2 31.5314
20257.7 31.5345
20288.3 31.5377
20318.8 31.5408
20349.3 31.5439
20379.9 31.5471
20410.4 31.5502
20441 31.5533
20471.5 31.5564
20502.1 31.5595
20532.7 31.5626
20563.2 31.5657
20593.8 31.5688
20624.4 31.5719
20654.9 31.575
20685.5 31.578
20716.1 31.5811
20746.7 31.5842
20777.2 31.5872
20807.8 31.5903
20838.4 31.5933
20869 31.5964
20899.6 31.5994
20930.2 31.6025
20960.8 31.6055
20991.4 31.6085
21022 31.6116
21052.6 31.6146
21083.3 31.6176
21113.9 31.6206
21144.5 31.6236
21175.1 31.6266
21205.7 31.6296
21236.4 31.6326
21267 31.6356
21297.6 31.6386
21328.3 31.6416
21358.9 31.6445
21389.6 31.6475
21420.2 31.6505
21450.9 31.6534
21481.5 31.6564
21512.2 31.6593
21542.8 31.6623
21573.5 31.6652
21604.2 31.6682
21634.8 31.6711
21665.5 31.674
21696.2 31.677
21726.9 31.6799
21757.5 31.6828
21788.2 31.6857
21818.9 31.6886
21849.6 31.6915
21880.3 31.6945
21911 31.6973
21941.7 31.7002
21972.4 31.7031
22003.1 31.706
22033.8 31.7089
22064.5 31.7118
22095.2 31.7146
22125.9 31.7175
22156.6 31.7204
22187.4 31.7232
22218.1 31.7261
22248.8 31.729
22279.5 31.7318
22310.3 31.7346
22341 31.7375
22371.7 31.7403
22402.5 31.7432
22433.2 31.746
22464 31.7488
22494.7 31.7516
22525.5 31.7544
22556.2 31.7573
22587 31.7601
22617.7 31.7629
22648.5 31.7657
22679.3 31.7685
22710 31.7713
22740.8 31.774
22771.6 31.7768
22802.4 31.7796
22833.1 31.7824
22863.9 31.7852
22894.7 31.7879
22925.5 31.7907
22956.3 31.7935
22987.1 31.7962
23017.9 31.799
23048.7 31.8017
23079.5 31.8045
23110.3 31.8072
23141.1 31.8099
23171.9 31.8127
23202.7 31.8154
23233.5 31.8181
23264.3 31.8209
23295.2 31.8236
23326 31.8263
23356.8 31.829
23387.6 31.8317
23418.5 31.8344
23449.3 31.8371
23480.1 31.8398
23511 31.8425
23541.8 31.8452
23572.7 31.8479
23603.5 31.8506
23634.4 31.8533
23665.2 31.8559
23696.1 31.8586
23726.9 31.8613
23757.8 31.8639
23788.7 31.8666
23819.5 31.8693
23850.4 31.8719
23881.3 31.8746
23912.1 31.8772
23943 31.8799
23973.9 31.8825
24004.8 31.8851
24035.7 31.8878
24066.6 31.8904
24097.4 31.893
24128.3 31.8957
24159.2 31.8983
24190.1 31.9009
24221 31.9035
24251.9 31.9061
24282.8 31.9087
24313.8 31.9113
24344.7 31.9139
24375.6 31.9165
24406.5 31.9191
24437.4 31.9217
24468.3 31.9243
24499.3 31.9269
24530.2 31.9294
24561.1 31.932
24592 31.9346
24623 31.9372
24653.9 31.9397
24684.9 31.9423
24715.8 31.9448
24746.7 31.9474
24777.7 31.95
24808.6 31.9525
24839.6 31.955
24870.6 31.9576
24901.5 31.9601
24932.5 31.9627
24963.4 31.9652
24994.4 31.9677
25025.4 31.9702
25056.3 31.9728
25087.3 31.9753
25118.3 31.9778
25149.3 31.9803
25180.2 31.9828
25211.2 31.9853
25242.2 31.9878
25273.2 31.9903
25304.2 31.9928
25335.2 31.9953
25366.2 31.9978
25397.2 32.0003
25428.2 32.0028
25459.2 32.0053
25490.2 32.0078
25521.2 32.0102
25552.2 32.0127
25583.2 32.0152
25614.2 32.0176
25645.2 32.0201
25676.3 32.0226
25707.3 32.025
25738.3 32.0275
25769.3 32.0299
25800.4 32.0324
25831.4 32.0348
25862.4 32.0373
25893.5 32.0397
25924.5 32.0421
25955.6 32.0446
25986.6 32.047
26017.7 32.0494
26048.7 32.0518
26079.8 32.0543
26110.8 32.0567
26141.9 32.0591
26172.9 32.0615
26204 32.0639
26235 32.0663
26266.1 32.0687
26297.2 32.0711
26328.3 32.0735
26359.3 32.0759
26390.4 32.0783
26421.5 32.0807
26452.6 32.0831
26483.6 32.0855
26514.7 32.0878
26545.8 32.0902
26576.9 32.0926
26608 32.095
26639.1 32.0973
26670.2 32.0997
26701.3 32.1021
26732.4 32.1044
26763.5 32.1068
26794.6 32.1091
26825.7 32.1115
26856.8 32.1138
26887.9 32.1162
26919.1 32.1185
26950.2 32.1209
26981.3 32.1232
27012.4 32.1255
27043.5 32.1279
27074.7 32.1302
27105.8 32.1325
27136.9 32.1348
27168.1 32.1372
27199.2 32.1395
27230.3 32.1418
27261.5 32.1441
27292.6 32.1464
27323.8 32.1487
27354.9 32.151
27386.1 32.1533
27417.2 32.1556
27448.4 32.1579
27479.5 32.1602
27510.7 32.1625
27541.9 32.1648
27573 32.1671
27604.2 32.1694
27635.4 32.1716
27666.5 32.1739
27697.7 32.1762
27728.9 32.1785
27760.1 32.1807
27791.3 32.183
27822.4 32.1853
27853.6 32.1875
27884.8 32.1898
27916 32.192
27947.2 32.1943
27978.4 32.1965
28009.6 32.1988
28040.8 32.201
28072 32.2033
28103.2 32.2055
28134.4 32.2078
28165.6 32.21
28196.8 32.2122
28228 32.2145
28259.2 32.2167
28290.4 32.2189
28321.7 32.2211
28352.9 32.2234
28384.1 32.2256
28415.3 32.2278
28446.6 32.23
28477.8 32.2322
28509 32.2344
28540.3 32.2366
28571.5 32.2388
28602.7 32.241
28634 32.2432
28665.2 32.2454
28696.5 32.2476
28727.7 32.2498
28759 32.252
28790.2 32.2542
28821.5 32.2564
28852.7 32.2585
28884 32.2607
28915.2 32.2629
28946.5 32.2651
28977.8 32.2672
29009 32.2694
29040.3 32.2716
29071.6 32.2737
29102.9 32.2759
29134.1 32.2781
29165.4 32.2802
29196.7 32.2824
29228 32.2845
29259.3 32.2867
29290.5 32.2888
29321.8 32.291
29353.1 32.2931
29384.4 32.2952
29415.7 32.2974
29447 32.2995
29478.3 32.3016
29509.6 32.3038
29540.9 32.3059
29572.2 32.308
29603.5 32.3102
29634.8 32.3123
29666.2 32.3144
29697.5 32.3165
29728.8 32.3186
29760.1 32.3207
29791.4 32.3228
29822.7 32.3249
29854.1 32.3271
29885.4 32.3292
29916.7 32.3313
29948.1 32.3334
29979.4 32.3354
30010.7 32.3375
30042.1 32.3396
30073.4 32.3417
30104.7 32.3438
30136.1 32.3459
30167.4 32.348
30198.8 32.3501
30230.1 32.3521
30261.5 32.3542
30292.8 32.3563
30324.2 32.3584
30355.5 32.3604
30386.9 32.3625
30418.3 32.3646
30449.6 32.3666
30481 32.3687
30512.4 32.3707
30543.7 32.3728
30575.1 32.3748
30606.5 32.3769
30637.9 32.3789
30669.3 32.381
30700.6 32.383
30732 32.3851
30763.4 32.3871
30794.8 32.3892
30826.2 32.3912
30857.6 32.3932
30889 32.3953
30920.4 32.3973
30951.7 32.3993
30983.1 32.4014
31014.5 32.4034
31046 32.4054
31077.4 32.4074
31108.8 32.4094
31140.2 32.4114
31171.6 32.4135
31203 32.4155
31234.4 32.4175
31265.8 32.4195
31297.3 32.4215
31328.7 32.4235
31360.1 32.4255
31391.5 32.4275
31423 32.4295
31454.4 32.4315
31485.8 32.4335
31517.3 32.4355
31548.7 32.4375
31580.1 32.4394
31611.6 32.4414
31643 32.4434
31674.4 32.4454
31705.9 32.4474
31737.3 32.4493
31768.8 32.4513
31800.2 32.4533
31831.7 32.4553
31863.1 32.4572
31894.6 32.4592
31926.1 32.4612
31957.5 32.4631
31989 32.4651
32020.5 32.467
32051.9 32.469
32083.4 32.471
32114.9 32.4729
32146.3 32.4749
32177.8 32.4768
32209.3 32.4787
32240.8 32.4807
32272.2 32.4826
32303.7 32.4846
32335.2 32.4865
32366.7 32.4885
32398.2 32.4904
32429.7 32.4923
32461.2 32.4943
32492.7 32.4962
32524.2 32.4981
32555.7 32.5
32587.2 32.502
32618.7 32.5039
32650.2 32.5058
32681.7 32.5077
32713.2 32.5096
32744.7 32.5115
32776.2 32.5135
32807.7 32.5154
32839.2 32.5173
32870.7 32.5192
32902.3 32.5211
32933.8 32.523
32965.3 32.5249
32996.8 32.5268
33028.4 32.5287
33059.9 32.5306
33091.4 32.5325
33122.9 32.5344
33154.5 32.5363
33186 32.5381
33217.6 32.54
33249.1 32.5419
33280.6 32.5438
33312.2 32.5457
33343.7 32.5476
33375.3 32.5494
33406.8 32.5513
33438.4 32.5532
33469.9 32.555
33501.5 32.5569
33533 32.5588
33564.6 32.5606
33596.2 32.5625
33627.7 32.5644
33659.3 32.5662
33690.9 32.5681
33722.4 32.5699
33754 32.5718
33785.6 32.5737
33817.1 32.5755
33848.7 32.5774
33880.3 32.5792
33911.9 32.581
33943.4 32.5829
33975 32.5847
34006.6 32.5866
34038.2 32.5884
34069.8 32.5902
34101.4 32.5921
34133 32.5939
34164.6 32.5957
34196.2 32.5976
34227.8 32.5994
34259.4 32.6012
34291 32.6031
34322.6 32.6049
34354.2 32.6067
34385.8 32.6085
34417.4 32.6103
34449 32.6121
34480.6 32.614
34512.2 32.6158
34543.8 32.6176
34575.5 32.6194
34607.1 32.6212
34638.7 32.623
34670.3 32.6248
34701.9 32.6266
34733.6 32.6284
34765.2 32.6302
34796.8 32.632
34828.5 32.6338
34860.1 32.6356
34891.7 32.6374
34923.4 32.6392
34955 32.641
34986.6 32.6428
35018.3 32.6445
35049.9 32.6463
35081.6 32.6481
35113.2 32.6499
35144.9 32.6517
35176.5 32.6534
35208.2 32.6552
35239.8 32.657
35271.5 32.6588
35303.2 32.6605
35334.8 32.6623
35366.5 32.6641
35398.1 32.6658
35429.8 32.6676
35461.5 32.6694
35493.1 32.6711
35524.8 32.6729
35556.5 32.6746
35588.2 32.6764
35619.8 32.6782
35651.5 32.6799
35683.2 32.6817
35714.9 32.6834
35746.6 32.6852
35778.2 32.6869
35809.9 32.6886
35841.6 32.6904
35873.3 32.6921
35905 32.6939
35936.7 32.6956
35968.4 32.6973
36000.1 32.6991
36031.8 32.7008
36063.5 32.7025
36095.2 32.7043
36126.9 32.706
36158.6 32.7077
36190.3 32.7094
36222 32.7112
36253.7 32.7129
36285.4 32.7146
36317.2 32.7163
36348.9 32.7181
36380.6 32.7198
36412.3 32.7215
36444 32.7232
36475.8 32.7249
36507.5 32.7266
36539.2 32.7283
36570.9 32.73
36602.7 32.7317
36634.4 32.7334
36666.1 32.7351
36697.9 32.7369
36729.6 32.7385
36761.3 32.7402
36793.1 32.7419
36824.8 32.7436
36856.6 32.7453
36888.3 32.747
36920.1 32.7487
36951.8 32.7504
36983.6 32.7521
37015.3 32.7538
37047.1 32.7555
37078.8 32.7571
37110.6 32.7588
37142.3 32.7605
37174.1 32.7622
37205.9 32.7639
37237.6 32.7655
37269.4 32.7672
37301.2 32.7689
37332.9 32.7706
37364.7 32.7722
37396.5 32.7739
37428.3 32.7756
37460 32.7772
37491.8 32.7789
37523.6 32.7806
37555.4 32.7822
37587.1 32.7839
37618.9 32.7855
37650.7 32.7872
37682.5 32.7888
37714.3 32.7905
37746.1 32.7921
37777.9 32.7938
37809.7 32.7954
37841.5 32.7971
37873.3 32.7987
37905.1 32.8004
37936.9 32.802
37968.7 32.8037
38000.5 32.8053
38032.3 32.8069
38064.1 32.8086
38095.9 32.8102
38127.7 32.8119
38159.5 32.8135
38191.3 32.8151
38223.1 32.8168
38255 32.8184
38286.8 32.82
38318.6 32.8216
38350.4 32.8233
38382.2 32.8249
38414.1 32.8265
38445.9 32.8281
38477.7 32.8298
38509.5 32.8314
38541.4 32.833
38573.2 32.8346
38605 32.8362
38636.9 32.8378
38668.7 32.8394
38700.6 32.8411
38732.4 32.8427
38764.2 32.8443
38796.1 32.8459
38827.9 32.8475
38859.8 32.8491
38891.6 32.8507
38923.5 32.8523
38955.3 32.8539
38987.2 32.8555
39019 32.8571
39050.9 32.8587
39082.8 32.8603
39114.6 32.8619
39146.5 32.8635
39178.3 32.865
39210.2 32.8666
39242.1 32.8682
39273.9 32.8698
39305.8 32.8714
39337.7 32.873
39369.6 32.8746
39401.4 32.8761
39433.3 32.8777
39465.2 32.8793
39497.1 32.8809
39528.9 32.8824
39560.8 32.884
39592.7 32.8856
39624.6 32.8872
39656.5 32.8887
39688.4 32.8903
39720.3 32.8919
39752.2 32.8934
39784.1 32.895
39815.9 32.8966
39847.8 32.8981
39879.7 32.8997
39911.6 32.9012
39943.5 32.9028
39975.4 32.9044
40007.4 32.9059
40039.3 32.9075
40071.2 32.909
40103.1 32.9106
40135 32.9121
40166.9 32.9137
40198.8 32.9152
40230.7 32.9168
40262.6 32.9183
40294.6 32.9199
40326.5 32.9214
40358.4 32.923
40390.3 32.9245
40422.3 32.926
40454.2 32.9276
40486.1 32.9291
40518 32.9307
40550 32.9322
40581.9 32.9337
40613.8 32.9353
40645.8 32.9368
40677.7 32.9383
40709.6 32.9398
40741.6 32.9414
40773.5 32.9429
40805.5 32.9444
40837.4 32.9459
40869.4 32.9475
40901.3 32.949
40933.3 32.9505
40965.2 32.952
40997.2 32.9535
41029.1 32.9551
41061.1 32.9566
41093 32.9581
41125 32.9596
41156.9 32.9611
41188.9 32.9626
41220.9 32.9641
41252.8 32.9656
41284.8 32.9671
41316.8 32.9686
41348.7 32.9701
41380.7 32.9716
41412.7 32.9732
41444.6 32.9747
41476.6 32.9762
41508.6 32.9776
41540.6 32.9791
41572.5 32.9806
41604.5 32.9821
41636.5 32.9836
41668.5 32.9851
41700.5 32.9866
41732.5 32.9881
41764.5 32.9896
41796.4 32.9911
41828.4 32.9926
41860.4 32.994
41892.4 32.9955
41924.4 32.997
41956.4 32.9985
41988.4 33
42020.4 33.0015
42052.4 33.0029
42084.4 33.0044
42116.4 33.0059
42148.4 33.0074
42180.4 33.0088
42212.4 33.0103
42244.5 33.0118
42276.5 33.0132
42308.5 33.0147
42340.5 33.0162
42372.5 33.0176
42404.5 33.0191
42436.5 33.0206
42468.6 33.022
42500.6 33.0235
42532.6 33.025
42564.6 33.0264
42596.7 33.0279
42628.7 33.0293
42660.7 33.0308
42692.8 33.0322
42724.8 33.0337
42756.8 33.0352
42788.9 33.0366
42820.9 33.0381
42852.9 33.0395
42885 33.041
42917 33.0424
42949.1 33.0438
42981.1 33.0453
43013.1 33.0467
43045.2 33.0482
43077.2 33.0496
43109.3 33.0511
43141.3 33.0525
43173.4 33.0539
43205.4 33.0554
43237.5 33.0568
43269.6 33.0582
43301.6 33.0597
43333.7 33.0611
43365.7 33.0625
43397.8 33.064
43429.9 33.0654
43461.9 33.0668
43494 33.0683
43526.1 33.0697
43558.1 33.0711
43590.2 33.0725
43622.3 33.074
43654.3 33.0754
43686.4 33.0768
43718.5 33.0782
43750.6 33.0796
43782.7 33.0811
43814.7 33.0825
43846.8 33.0839
43878.9 33.0853
43911 33.0867
43943.1 33.0881
43975.2 33.0895
44007.3 33.091
44039.3 33.0924
44071.4 33.0938
44103.5 33.0952
44135.6 33.0966
44167.7 33.098
44199.8 33.0994
44231.9 33.1008
44264 33.1022
44296.1 33.1036
44328.2 33.105
44360.3 33.1064
44392.4 33.1078
44424.5 33.1092
44456.7 33.1106
44488.8 33.112
44520.9 33.1134
44553 33.1148
44585.1 33.1162
44617.2 33.1175
44649.3 33.1189
44681.5 33.1203
44713.6 33.1217
44745.7 33.1231
44777.8 33.1245
44809.9 33.1259
44842.1 33.1272
44874.2 33.1286
44906.3 33.13
44938.5 33.1314
44970.6 33.1328
45002.7 33.1341
45034.9 33.1355
45067 33.1369
45099.1 33.1383
45131.3 33.1396
45163.4 33.141
45195.6 33.1424
45227.7 33.1438
45259.8 33.1451
45292 33.1465
45324.1 33.1479
45356.3 33.1492
45388.4 33.1506
45420.6 33.152
45452.7 33.1533
45484.9 33.1547
45517 33.1561
45549.2 33.1574
45581.4 33.1588
45613.5 33.1601
45645.7 33.1615
45677.8 33.1629
45710 33.1642
45742.2 33.1656
45774.3 33.1669
45806.5 33.1683
45838.7 33.1696
45870.8 33.171
45903 33.1723
45935.2 33.1737
45967.3 33.175
45999.5 33.1764
46031.7 33.1777
46063.9 33.1791
46096.1 33.1804
46128.2 33.1817
46160.4 33.1831
46192.6 33.1844
46224.8 33.1858
46257 33.1871
46289.2 33.1884
46321.3 33.1898
46353.5 33.1911
46385.7 33.1925
46417.9 33.1938
46450.1 33.1951
46482.3 33.1965
46514.5 33.1978
46546.7 33.1991
46578.9 33.2005
46611.1 33.2018
46643.3 33.2031
46675.5 33.2044
46707.7 33.2058
46739.9 33.2071
46772.1 33.2084
46804.3 33.2097
46836.5 33.2111
46868.8 33.2124
46901 33.2137
46933.2 33.215
46965.4 33.2163
46997.6 33.2177
47029.8 33.219
47062 33.2203
47094.3 33.2216
47126.5 33.2229
47158.7 33.2242
47190.9 33.2255
47223.2 33.2269
47255.4 33.2282
47287.6 33.2295
47319.8 33.2308
47352.1 33.2321
47384.3 33.2334
47416.5 33.2347
47448.8 33.236
47481 33.2373
47513.2 33.2386
47545.5 33.2399
47577.7 33.2412
47610 33.2425
47642.2 33.2438
47674.4 33.2451
47706.7 33.2464
47738.9 33.2477
47771.2 33.249
47803.4 33.2503
47835.7 33.2516
47867.9 33.2529
47900.2 33.2542
47932.4 33.2555
47964.7 33.2568
47997 33.258
48029.2 33.2593
48061.5 33.2606
48093.7 33.2619
48126 33.2632
48158.3 33.2645
48190.5 33.2658
48222.8 33.267
48255.1 33.2683
48287.3 33.2696
48319.6 33.2709
48351.9 33.2722
48384.1 33.2734
48416.4 33.2747
48448.7 33.276
48481 33.2773
48513.2 33.2786
48545.5 33.2798
48577.8 33.2811
48610.1 33.2824
48642.4 33.2836
48674.6 33.2849
48706.9 33.2862
48739.2 33.2875
48771.5 33.2887
48803.8 33.29
48836.1 33.2913
48868.4 33.2925
48900.7 33.2938
48933 33.2951
48965.3 33.2963
48997.6 33.2976
49029.9 33.2988
49062.2 33.3001
49094.5 33.3014
49126.8 33.3026
49159.1 33.3039
49191.4 33.3051
49223.7 33.3064
49256 33.3076
49288.3 33.3089
49320.6 33.3102
49352.9 33.3114
49385.2 33.3127
49417.5 33.3139
49449.8 33.3152
49482.1 33.3164
49514.5 33.3177
49546.8 33.3189
49579.1 33.3202
49611.4 33.3214
49643.7 33.3226
49676.1 33.3239
49708.4 33.3251
49740.7 33.3264
49773 33.3276
49805.4 33.3289
49837.7 33.3301
49870 33.3313
49902.4 33.3326
49934.7 33.3338
49967 33.3351
49999.4 33.3363
50031.7 33.3375
50064 33.3388
50096.4 33.34
50128.7 33.3412
50161.1 33.3425
50193.4 33.3437
50225.7 33.3449
50258.1 33.3461
50290.4 33.3474
50322.8 33.3486
50355.1 33.3498
50387.5 33.3511
50419.8 33.3523
50452.2 33.3535
50484.5 33.3547
50516.9 33.356
50549.2 33.3572
50581.6 33.3584
50614 33.3596
50646.3 33.3608
50678.7 33.3621
50711 33.3633
50743.4 33.3645
50775.8 33.3657
50808.1 33.3669
50840.5 33.3681
50872.9 33.3694
50905.2 33.3706
50937.6 33.3718
50970 33.373
51002.4 33.3742
51034.7 33.3754
51067.1 33.3766
51099.5 33.3778
51131.9 33.379
51164.2 33.3802
51196.6 33.3815
51229 33.3827
51261.4 33.3839
51293.8 33.3851
51326.2 33.3863
51358.5 33.3875
51390.9 33.3887
51423.3 33.3899
51455.7 33.3911
51488.1 33.3923
51520.5 33.3935
51552.9 33.3947
51585.3 33.3959
51617.7 33.3971
51650.1 33.3983
51682.5 33.3995
51714.9 33.4007
51747.3 33.4018
51779.7 33.403
51812.1 33.4042
51844.5 33.4054
51876.9 33.4066
51909.3 33.4078
51941.7 33.409
51974.1 33.4102
52006.5 33.4114
52038.9 33.4125
52071.3 33.4137
52103.8 33.4149
52136.2 33.4161
52168.6 33.4173
52201 33.4185
52233.4 33.4197
52265.8 33.4208
52298.3 33.422
52330.7 33.4232
52363.1 33.4244
52395.5 33.4255
52428 33.4267
52460.4 33.4279
52492.8 33.4291
52525.2 33.4303
52557.7 33.4314
52590.1 33.4326
52622.5 33.4338
52655 33.4349
52687.4 33.4361
52719.8 33.4373
52752.3 33.4385
52784.7 33.4396
52817.2 33.4408
52849.6 33.442
52882 33.4431
52914.5 33.4443
52946.9 33.4455
52979.4 33.4466
53011.8 33.4478
53044.3 33.4489
53076.7 33.4501
53109.2 33.4513
53141.6 33.4524
53174.1 33.4536
53206.5 33.4548
53239 33.4559
53271.4 33.4571
53303.9 33.4582
53336.3 33.4594
53368.8 33.4605
53401.3 33.4617
53433.7 33.4628
53466.2 33.464
53498.7 33.4652
53531.1 33.4663
53563.6 33.4675
53596.1 33.4686
53628.5 33.4698
53661 33.4709
53693.5 33.4721
53725.9 33.4732
53758.4 33.4743
53790.9 33.4755
53823.4 33.4766
53855.8 33.4778
53888.3 33.4789
53920.8 33.4801
53953.3 33.4812
53985.8 33.4824
54018.2 33.4835
54050.7 33.4846
54083.2 33.4858
54115.7 33.4869
54148.2 33.4881
54180.7 33.4892
54213.2 33.4903
54245.6 33.4915
54278.1 33.4926
54310.6 33.4937
54343.1 33.4949
54375.6 33.496
54408.1 33.4971
54440.6 33.4983
54473.1 33.4994
54505.6 33.5005
54538.1 33.5017
54570.6 33.5028
54603.1 33.5039
54635.6 33.5051
54668.1 33.5062
54700.6 33.5073
54733.1 33.5084
54765.6 33.5096
54798.2 33.5107
54830.7 33.5118
54863.2 33.5129
54895.7 33.5141
54928.2 33.5152
54960.7 33.5163
54993.2 33.5174
55025.8 33.5185
55058.3 33.5197
55090.8 33.5208
55123.3 33.5219
55155.8 33.523
55188.4 33.5241
55220.9 33.5252
55253.4 33.5264
55285.9 33.5275
55318.5 33.5286
55351 33.5297
55383.5 33.5308
55416 33.5319
55448.6 33.533
55481.1 33.5341
55513.6 33.5353
55546.2 33.5364
55578.7 33.5375
55611.3 33.5386
55643.8 33.5397
55676.3 33.5408
55708.9 33.5419
55741.4 33.543
55774 33.5441
55806.5 33.5452
55839 33.5463
55871.6 33.5474
55904.1 33.5485
55936.7 33.5496
55969.2 33.5507
56001.8 33.5518
56034.3 33.5529
56066.9 33.554
56099.4 33.5551
56132 33.5562
56164.6 33.5573
56197.1 33.5584
56229.7 33.5595
56262.2 33.5606
56294.8 33.5617
56327.4 33.5628
56359.9 33.5639
56392.5 33.565
56425.1 33.5661
56457.6 33.5671
56490.2 33.5682
56522.8 33.5693
56555.3 33.5704
56587.9 33.5715
56620.5 33.5726
56653 33.5737
56685.6 33.5748
56718.2 33.5759
56750.8 33.5769
56783.3 33.578
56815.9 33.5791
56848.5 33.5802
56881.1 33.5813
56913.7 33.5824
56946.2 33.5834
56978.8 33.5845
57011.4 33.5856
57044 33.5867
57076.6 33.5877
57109.2 33.5888
57141.8 33.5899
57174.3 33.591
57206.9 33.5921
57239.5 33.5931
57272.1 33.5942
57304.7 33.5953
57337.3 33.5964
57369.9 33.5974
57402.5 33.5985
57435.1 33.5996
57467.7 33.6006
57500.3 33.6017
57532.9 33.6028
57565.5 33.6039
57598.1 33.6049
57630.7 33.606
57663.3 33.6071
57695.9 33.6081
57728.5 33.6092
57761.1 33.6103
57793.8 33.6113
57826.4 33.6124
57859 33.6134
57891.6 33.6145
57924.2 33.6156
57956.8 33.6166
57989.4 33.6177
58022.1 33.6188
58054.7 33.6198
58087.3 33.6209
58119.9 33.6219
58152.5 33.623
58185.2 33.624
58217.8 33.6251
58250.4 33.6262
58283 33.6272
58315.7 33.6283
58348.3 33.6293
58380.9 33.6304
58413.5 33.6314
58446.2 33.6325
58478.8 33.6335
58511.4 33.6346
58544.1 33.6356
58576.7 33.6367
58609.4 33.6377
58642 33.6388
58674.6 33.6398
58707.3 33.6409
58739.9 33.6419
58772.6 33.643
58805.2 33.644
58837.8 33.6451
58870.5 33.6461
58903.1 33.6472
58935.8 33.6482
58968.4 33.6492
59001.1 33.6503
59033.7 33.6513
59066.4 33.6524
59099 33.6534
59131.7 33.6544
59164.3 33.6555
59197 33.6565
59229.6 33.6576
59262.3 33.6586
59295 33.6596
59327.6 33.6607
59360.3 33.6617
59392.9 33.6627
59425.6 33.6638
59458.3 33.6648
59490.9 33.6658
59523.6 33.6669
59556.3 33.6679
59588.9 33.6689
59621.6 33.67
59654.3 33.671
59686.9 33.672
59719.6 33.6731
59752.3 33.6741
59785 33.6751
59817.6 33.6761
59850.3 33.6772
59883 33.6782
59915.7 33.6792
59948.4 33.6802
59981 33.6813
60013.7 33.6823
60046.4 33.6833
60079.1 33.6843
60111.8 33.6854
60144.4 33.6864
60177.1 33.6874
60209.8 33.6884
60242.5 33.6894
60275.2 33.6905
60307.9 33.6915
60340.6 33.6925
60373.3 33.6935
60406 33.6945
60438.7 33.6956
