0 0
-0.0681245 0.144772
-0.134779 0.289539
-0.199975 0.434294
-0.263727 0.579031
-0.326047 0.723745
-0.38695 0.868428
-0.446447 1.01308
-0.504555 1.15768
-0.561287 1.30223
-0.616658 1.44673
-0.670684 1.59116
-0.723379 1.73553
-0.774759 1.87981
-0.824842 2.02401
-0.873642 2.16811
-0.921178 2.31212
-0.967465 2.45601
-1.01252 2.59978
-1.05637 2.74343
-1.09902 2.88694
-1.14049 3.03031
-1.18081 3.17352
-1.21999 3.31656
-1.25806 3.45943
-1.29502 3.60212
-1.33091 3.74461
-1.36575 3.8869
-1.39955 4.02896
-1.43233 4.1708
-1.46412 4.3124
-1.49495 4.45374
-1.52482 4.59482
-1.55378 4.73561
-1.58183 4.87611
-1.609 5.01631
-1.63532 5.15618
-1.66082 5.29572
-1.68551 5.4349
-1.70941 5.57372
-1.73257 5.71215
-1.75499 5.85018
-1.77672 5.98779
-1.79776 6.12497
-1.81815 6.26169
-1.83792 6.39793
-1.85709 6.53368
-1.87569 6.66892
-1.89374 6.80362
-1.91128 6.93777
-1.92832 7.07134
-1.9449 7.20431
-1.96105 7.33665
-1.97678 7.46835
-1.99213 7.59937
-2.00713 7.7297
-2.0218 7.85931
-2.03617 7.98817
-2.05026 8.11625
-2.0641 8.24353
-2.07772 8.36998
-2.09114 8.49557
-2.10439 8.62028
-2.11749 8.74407
-2.13046 8.86691
-2.14334 8.98878
-2.15614 9.10964
-2.16889 9.22946
-2.1816 9.34822
-2.1943 9.46588
-2.20701 9.58241
-2.21975 9.69778
-2.23253 9.81195
-2.24537 9.92491
-2.2583 10.0366
-2.27132 10.147
-2.28445 10.2561
-2.29769 10.3639
-2.31108 10.4703
-2.32461 10.5752
-2.33829 10.6788
-2.35213 10.7809
-2.36614 10.8815
-2.38033 10.9806
-2.3947 11.0782
-2.40925 11.1742
-2.42398 11.2686
-2.43891 11.3615
-2.45401 11.4527
-2.46931 11.5423
-2.48478 11.6302
-2.50044 11.7165
-2.51627 11.8011
-2.53227 11.884
-2.54843 11.9652
-2.56475 12.0447
-2.58122 12.1225
-2.59783 12.1986
-2.61458 12.273
-2.63145 12.3457
-2.64843 12.4166
-2.66552 12.4859
-2.6827 12.5534
-2.69996 12.6193
-2.71729 12.6835
-2.73469 12.746
-2.75214 12.8069
-2.76963 12.8661
-2.78715 12.9238
-2.80469 12.9798
-2.82224 13.0342
-2.83979 13.087
-2.85733 13.1383
-2.87485 13.1881
-2.89235 13.2364
-2.9098 13.2832
-2.92722 13.3286
-2.94458 13.3725
-2.96189 13.4151
-2.97913 13.4562
-2.99629 13.4961
-3.01339 13.5346
-3.0304 13.5719
-3.04732 13.6079
-3.06415 13.6426
-3.08088 13.6762
-3.09752 13.7086
-3.11406 13.7399
-3.13049 13.7701
-3.14681 13.7992
-3.16303 13.8272
-3.17914 13.8543
-3.19514 13.8803
-3.21102 13.9054
-3.2268 13.9296
-3.24246 13.9528
-3.25801 13.9752
-3.27345 13.9967
-3.28878 14.0174
-3.30399 14.0373
-3.3191 14.0565
-3.33411 14.0749
-3.349 14.0925
-3.36379 14.1095
-3.37848 14.1258
-3.39307 14.1414
-3.40755 14.1564
-3.42194 14.1708
-3.43623 14.1846
-3.45043 14.1979
-3.46454 14.2106
-3.47856 14.2228
-3.49249 14.2344
-3.50634 14.2456
-3.52011 14.2563
-3.53379 14.2666
-3.5474 14.2764
-3.56093 14.2858
-3.57439 14.2948
-3.58778 14.3034
-3.6011 14.3117
-3.61436 14.3196
-3.62755 14.3271
-3.64068 14.3343
-3.65375 14.3412
-3.66676 14.3478
-3.67971 14.354
-3.69261 14.3601
-3.70546 14.3658
-3.71827 14.3713
-3.73102 14.3765
-3.74372 14.3815
-3.75639 14.3862
-3.76901 14.3908
-3.78159 14.3951
-3.79413 14.3993
-3.80663 14.4032
-3.8191 14.407
-3.83153 14.4105
-3.84393 14.4139
-3.8563 14.4172
-3.86864 14.4203
-3.88095 14.4232
-3.89323 14.426
-3.90548 14.4287
-3.91771 14.4313
-3.92992 14.4337
-3.9421 14.436
-3.95426 14.4382
-3.9664 14.4402
-3.97852 14.4422
-3.99062 14.4441
-4.0027 14.4459
-4.01477 14.4476
-4.02682 14.4492
-4.03885 14.4507
-4.05087 14.4522
-4.06287 14.4536
-4.07486 14.4549
-4.08684 14.4561
-4.09881 14.4573
-4.11076 14.4584
-4.1227 14.4595
-4.13463 14.4605
-4.14656 14.4614
-4.15847 14.4623
-4.17037 14.4632
-4.18227 14.464
-4.19415 14.4647
-4.20603 14.4655
-4.21791 14.4661
-4.22977 14.4668
-4.24163 14.4674
-4.25348 14.468
-4.26533 14.4685
-4.27717 14.469
-4.28901 14.4695
-4.30084 14.47
-4.31267 14.4704
-4.32449 14.4708
-4.33631 14.4712
-4.34812 14.4716
-4.35993 14.4719
-4.37174 14.4723
-4.38354 14.4726
-4.39534 14.4729
-4.40714 14.4731
-4.41893 14.4734
-4.43073 14.4736
-4.44252 14.4739
-4.4543 14.4741
-4.46609 14.4743
-4.47787 14.4745
-4.48965 14.4747
-4.50143 14.4748
-4.51321 14.475
-4.52499 14.4751
-4.53676 14.4753
-4.54853 14.4754
-4.56031 14.4755
-4.57208 14.4756
-4.58385 14.4757
-4.59561 14.4758
-4.60738 14.4759
-4.61915 14.476
-4.63091 14.4761
-4.64268 14.4762
-4.65444 14.4763
-4.6662 14.4763
-4.67797 14.4764
-4.68973 14.4765
-4.70149 14.4765
-4.71325 14.4766
-4.72501 14.4766
-4.73677 14.4767
-4.74853 14.4767
-4.76029 14.4767
-4.77205 14.4768
-4.78381 14.4768
-4.79556 14.4768
-4.80732 14.4769
-4.81908 14.4769
-4.83083 14.4769
-4.84259 14.4769
-4.85435 14.477
-4.8661 14.477
-4.87786 14.477
-4.88961 14.477
-4.90137 14.477
-4.91312 14.4771
-4.92488 14.4771
-4.93663 14.4771
-4.94839 14.4771
-4.96014 14.4771
-4.9719 14.4771
-4.98365 14.4771
-4.99541 14.4771
-5.00716 14.4771
-5.01891 14.4772
-5.03067 14.4772
-5.04242 14.4772
-5.05417 14.4772
-5.06593 14.4772
-5.07768 14.4772
-5.08944 14.4772
-5.10119 14.4772
-5.11294 14.4772
-5.1247 14.4772
-5.13645 14.4772
-5.1482 14.4772
-5.15996 14.4772
-5.17171 14.4772
-5.18346 14.4772
-5.19522 14.4772
-5.20697 14.4772
-5.21872 14.4772
-5.23048 14.4772
-5.24223 14.4772
-5.25398 14.4772
-5.26574 14.4772
-5.27749 14.4772
-5.28924 14.4772
-5.30099 14.4772
-5.31275 14.4772
-5.3245 14.4772
-5.33625 14.4772
-5.34801 14.4772
-5.35976 14.4772
-5.37151 14.4772
-5.38327 14.4772
-5.39502 14.4772
-5.40677 14.4772
-5.41853 14.4772
-5.43028 14.4772
-5.44203 14.4772
-5.45378 14.4772
-5.46554 14.4772
-5.47729 14.4772
-5.48904 14.4772
-5.5008 14.4772
-5.51255 14.4772
-5.5243 14.4772
-5.53606 14.4772
-5.54781 14.4772
-5.55956 14.4772
-5.57132 14.4772
-5.58307 14.4772
-5.59482 14.4772
-5.60657 14.4772
-5.61833 14.4772
-5.63008 14.4772
-5.64183 14.4772
-5.65359 14.4772
-5.66534 14.4772
-5.67709 14.4772
-5.68885 14.4772
-5.7006 14.4772
-5.71235 14.4772
-5.72411 14.4772
-5.73586 14.4772
-5.74761 14.4772
-5.75936 14.4772
-5.77112 14.4772
-5.78287 14.4772
-5.79462 14.4772
-5.80638 14.4772
-5.81813 14.4772
-5.82988 14.4772
-5.84164 14.4772
-5.85339 14.4772
-5.86514 14.4772
-5.8769 14.4772
-5.88865 14.4772
-5.9004 14.4772
-5.91215 14.4772
-5.92391 14.4772
-5.93566 14.4772
-5.94741 14.4772
-5.95917 14.4772
-5.97092 14.4772
-5.98267 14.4772
-5.99443 14.4772
-6.00618 14.4772
-6.01793 14.4772
-6.02969 14.4772
-6.04144 14.4772
-6.05319 14.4772
-6.06494 14.4772
-6.0767 14.4772
-6.08845 14.4772
-6.1002 14.4772
-6.11196 14.4772
-6.12371 14.4772
-6.13546 14.4772
-6.14722 14.4772
-6.15897 14.4772
-6.17072 14.4772
-6.18248 14.4772
-6.19423 14.4772
-6.20598 14.4772
-6.21773 14.4772
-6.22949 14.4772
-6.24124 14.4772
-6.25299 14.4772
-6.26475 14.4772
-6.2765 14.4772
-6.28825 14.4772
-6.30001 14.4772
-6.31176 14.4772
-6.32351 14.4772
-6.33527 14.4772
-6.34702 14.4772
-6.35877 14.4772
-6.37052 14.4772
-6.38228 14.4772
-6.39403 14.4772
-6.40578 14.4772
-6.41754 14.4772
-6.42929 14.4772
-6.44104 14.4772
-6.4528 14.4772
-6.46455 14.4772
-6.4763 14.4772
-6.48806 14.4772
-6.49981 14.4772
-6.51156 14.4772
-6.52331 14.4772
-6.53507 14.4772
-6.54682 14.4772
-6.55857 14.4772
-6.57033 14.4772
-6.58208 14.4772
-6.59383 14.4772
-6.60559 14.4772
-6.61734 14.4772
-6.62909 14.4772
-6.64085 14.4772
-6.6526 14.4772
-6.66435 14.4772
-6.67611 14.4772
-6.68786 14.4772
-6.69961 14.4772
-6.71136 14.4772
-6.72312 14.4772
