0 0
0.0123607 0.0380423
0.0262376 0.0760863
0.0416251 0.114134
0.0585179 0.152187
0.0769103 0.190247
0.096797 0.228317
0.118173 0.266397
0.141031 0.30449
0.165368 0.342598
0.191178 0.380722
0.218455 0.418865
0.247193 0.457027
0.277388 0.495212
0.309033 0.53342
0.342124 0.571654
0.376655 0.609916
0.41262 0.648206
0.450014 0.686528
0.488832 0.724882
0.529067 0.76327
0.570714 0.801695
0.613767 0.840157
0.658221 0.878658
0.704069 0.917199
0.751306 0.955783
0.799925 0.994411
0.849921 1.03308
0.901287 1.0718
0.954018 1.11057
1.00811 1.14938
1.06355 1.18825
1.12033 1.22716
1.17845 1.26613
1.2379 1.30515
1.29868 1.34422
1.36078 1.38334
1.42418 1.42252
1.48889 1.46175
1.55489 1.50103
1.62217 1.54037
1.69074 1.57976
1.76057 1.61921
1.83167 1.6587
1.90403 1.69825
1.97762 1.73785
2.05246 1.77749
2.12852 1.81718
2.2058 1.85692
2.28428 1.8967
2.36397 1.93651
2.44484 1.97637
2.5269 2.01626
2.61012 2.05617
2.6945 2.09612
2.78002 2.13608
2.86668 2.17606
2.95447 2.21606
3.04337 2.25605
3.13337 2.29605
3.22447 2.33605
3.31664 2.37603
3.40988 2.41599
3.50418 2.45592
3.59952 2.49581
3.69589 2.53566
3.79328 2.57546
3.89168 2.61519
3.99108 2.65485
4.09146 2.69443
4.19281 2.73391
4.29512 2.77328
4.39839 2.81254
4.50259 2.85167
4.60772 2.89066
4.71376 2.92949
4.82072 2.96816
4.92856 3.00666
5.03729 3.04496
5.1469 3.08305
5.25738 3.12093
5.36871 3.15858
5.48089 3.19599
5.59391 3.23315
5.70776 3.27003
5.82244 3.30664
5.93794 3.34296
6.05425 3.37897
6.17136 3.41467
6.28928 3.45004
6.40798 3.48508
6.52748 3.51978
6.64776 3.55412
6.76882 3.5881
6.89066 3.6217
7.01326 3.65494
7.13663 3.68778
7.26076 3.72024
7.38566 3.7523
7.5113 3.78396
7.6377 3.81522
7.76485 3.84607
7.89275 3.87651
8.02138 3.90654
8.15076 3.93616
8.28087 3.96536
8.41171 3.99415
8.54328 4.02253
8.67558 4.05049
8.8086 4.07804
8.94234 4.10518
9.07679 4.13191
9.21196 4.15824
9.34783 4.18417
9.4844 4.2097
9.62167 4.23483
9.75963 4.25957
9.89829 4.28393
10.0376 4.30791
10.1776 4.33151
10.3183 4.35474
10.4597 4.3776
10.6017 4.4001
10.7444 4.42224
10.8878 4.44404
11.0318 4.46549
11.1764 4.4866
11.3217 4.50737
11.4676 4.52782
11.6142 4.54794
11.7613 4.56775
11.9091 4.58725
12.0575 4.60644
12.2065 4.62534
12.3561 4.64394
12.5063 4.66225
12.6571 4.68028
12.8085 4.69803
12.9604 4.71551
13.1129 4.73272
13.266 4.74967
13.4196 4.76636
13.5738 4.78281
13.7286 4.79901
13.8838 4.81496
14.0397 4.83068
14.196 4.84617
14.3529 4.86143
14.5103 4.87647
14.6682 4.8913
14.8266 4.90591
14.9855 4.92031
15.1449 4.9345
15.3048 4.9485
15.4652 4.9623
15.6261 4.9759
15.7875 4.98932
15.9493 5.00255
16.1116 5.01561
16.2743 5.02848
16.4375 5.04118
16.6012 5.05371
16.7653 5.06608
16.9299 5.07828
17.0948 5.09032
17.2603 5.1022
17.4261 5.11393
17.5924 5.1255
17.7591 5.13693
17.9262 5.14822
18.0937 5.15936
18.2616 5.17036
18.4299 5.18122
18.5986 5.19195
18.7677 5.20255
18.9372 5.21302
19.1071 5.22336
19.2774 5.23358
19.448 5.24368
19.619 5.25366
19.7904 5.26351
19.9622 5.27326
20.1343 5.28289
20.3067 5.29241
20.4795 5.30182
20.6527 5.31112
20.8262 5.32031
21.0001 5.32941
21.1743 5.3384
21.3488 5.34729
21.5237 5.35609
21.6989 5.36479
21.8744 5.37339
22.0503 5.3819
22.2264 5.39032
22.4029 5.39865
22.5797 5.40689
22.7569 5.41505
22.9343 5.42311
23.112 5.4311
23.29 5.439
23.4684 5.44683
23.647 5.45457
23.8259 5.46223
24.0051 5.46982
24.1847 5.47733
24.3644 5.48477
24.5445 5.49214
24.7249 5.49943
24.9055 5.50665
25.0864 5.5138
25.2676 5.52088
25.4491 5.5279
25.6308 5.53484
25.8128 5.54173
25.995 5.54854
26.1775 5.5553
26.3603 5.56199
26.5434 5.56862
26.7266 5.57519
26.9102 5.5817
27.094 5.58815
27.278 5.59454
27.4623 5.60088
27.6468 5.60716
27.8316 5.61338
28.0166 5.61955
28.2019 5.62567
28.3874 5.63173
28.5731 5.63774
28.759 5.6437
28.9452 5.64961
29.1316 5.65546
29.3183 5.66127
29.5051 5.66703
29.6922 5.67274
29.8796 5.67841
30.0671 5.68402
30.2548 5.6896
30.4428 5.69512
30.631 5.7006
30.8194 5.70604
31.008 5.71143
31.1968 5.71678
31.3858 5.72209
31.5751 5.72736
31.7645 5.73258
31.9541 5.73777
32.144 5.74291
32.334 5.74802
32.5243 5.75308
32.7147 5.75811
32.9053 5.7631
33.0962 5.76805
33.2872 5.77296
33.4784 5.77784
33.6698 5.78268
33.8614 5.78748
34.0532 5.79225
34.2452 5.79699
34.4373 5.80169
34.6297 5.80635
34.8222 5.81098
35.0149 5.81558
35.2078 5.82015
35.4008 5.82468
35.5941 5.82918
35.7875 5.83365
35.9811 5.83809
36.1749 5.8425
36.3688 5.84688
36.5629 5.85123
36.7572 5.85554
36.9516 5.85983
37.1463 5.86409
37.3411 5.86832
37.536 5.87252
37.7311 5.87669
37.9264 5.88084
38.1219 5.88496
38.3175 5.88905
38.5132 5.89311
38.7092 5.89715
38.9053 5.90116
39.1015 5.90514
39.2979 5.9091
39.4945 5.91304
39.6912 5.91694
39.888 5.92083
40.0851 5.92469
40.2822 5.92852
40.4796 5.93233
40.677 5.93612
40.8746 5.93988
41.0724 5.94362
41.2703 5.94734
41.4684 5.95103
41.6666 5.95471
41.865 5.95836
42.0635 5.96198
42.2621 5.96559
42.4609 5.96917
42.6598 5.97273
42.8589 5.97627
43.0581 5.97979
43.2574 5.98329
43.4569 5.98677
43.6565 5.99023
43.8563 5.99367
44.0562 5.99709
44.2562 6.00048
44.4564 6.00386
44.6567 6.00722
44.8571 6.01056
45.0577 6.01388
45.2583 6.01719
45.4592 6.02047
45.6601 6.02374
45.8612 6.02698
46.0624 6.03021
46.2637 6.03342
46.4652 6.03662
46.6668 6.03979
46.8685 6.04295
47.0704 6.04609
47.2723 6.04922
47.4744 6.05232
47.6766 6.05541
47.879 6.05849
48.0814 6.06154
48.284 6.06459
48.4867 6.06761
48.6895 6.07062
48.8925 6.07361
49.0955 6.07659
49.2987 6.07955
49.502 6.0825
49.7054 6.08543
49.9089 6.08835
50.1125 6.09125
50.3163 6.09413
50.5202 6.097
50.7242 6.09986
50.9282 6.1027
51.1325 6.10553
51.3368 6.10835
51.5412 6.11115
51.7458 6.11393
51.9504 6.1167
52.1552 6.11946
52.36 6.1222
52.565 6.12494
52.7701 6.12765
52.9753 6.13036
53.1806 6.13305
53.386 6.13573
53.5915 6.13839
53.7972 6.14104
54.0029 6.14368
54.2087 6.14631
54.4147 6.14892
54.6207 6.15153
54.8269 6.15412
55.0331 6.15669
55.2394 6.15926
55.4459 6.16181
55.6525 6.16435
55.8591 6.16688
56.0659 6.1694
56.2727 6.17191
56.4797 6.1744
56.6867 6.17689
56.8939 6.17936
57.1011 6.18182
57.3085 6.18427
57.5159 6.18671
57.7235 6.18913
57.9311 6.19155
58.1388 6.19395
58.3467 6.19635
58.5546 6.19873
58.7626 6.20111
58.9707 6.20347
59.1789 6.20582
59.3872 6.20817
59.5956 6.2105
59.8041 6.21282
60.0127 6.21513
60.2214 6.21743
60.4301 6.21972
60.639 6.22201
60.8479 6.22428
61.057 6.22654
61.2661 6.22879
61.4753 6.23104
61.6846 6.23327
61.894 6.2355
62.1035 6.23771
62.313 6.23992
62.5227 6.24211
62.7324 6.2443
62.9423 6.24648
63.1522 6.24865
63.3622 6.25081
63.5723 6.25296
63.7825 6.2551
63.9927 6.25724
64.2031 6.25936
64.4135 6.26148
64.624 6.26358
64.8346 6.26568
65.0453 6.26777
65.2561 6.26986
65.4669 6.27193
65.6778 6.274
65.8889 6.27605
66.1 6.2781
66.3111 6.28015
66.5224 6.28218
66.7337 6.2842
66.9451 6.28622
67.1566 6.28823
67.3682 6.29023
67.5799 6.29222
67.7916 6.29421
68.0034 6.29619
68.2153 6.29816
68.4273 6.30012
68.6394 6.30208
68.8515 6.30403
69.0637 6.30597
69.276 6.3079
69.4884 6.30983
69.7008 6.31175
69.9133 6.31366
70.1259 6.31556
70.3386 6.31746
70.5513 6.31935
70.7641 6.32123
70.977 6.32311
71.19 6.32498
71.403 6.32684
71.6162 6.32869
71.8294 6.33054
72.0426 6.33238
72.256 6.33422
72.4694 6.33605
72.6829 6.33787
72.8964 6.33968
73.11 6.34149
73.3237 6.3433
73.5375 6.34509
73.7514 6.34688
73.9653 6.34866
74.1793 6.35044
74.3933 6.35221
74.6074 6.35397
74.8216 6.35573
75.0359 6.35748
75.2502 6.35923
75.4647 6.36097
75.6791 6.3627
75.8937 6.36443
76.1083 6.36615
76.323 6.36786
76.5377 6.36957
76.7525 6.37127
76.9674 6.37297
77.1824 6.37466
77.3974 6.37635
77.6125 6.37803
77.8277 6.3797
78.0429 6.38137
78.2582 6.38303
78.4735 6.38469
78.6889 6.38634
78.9044 6.38799
79.12 6.38963
79.3356 6.39126
79.5513 6.39289
79.767 6.39452
79.9829 6.39614
80.1987 6.39775
80.4147 6.39936
80.6307 6.40096
80.8468 6.40256
81.0629 6.40415
81.2791 6.40574
81.4953 6.40732
81.7117 6.4089
81.9281 6.41047
82.1445 6.41203
82.361 6.4136
82.5776 6.41515
82.7942 6.4167
83.0109 6.41825
83.2277 6.41979
83.4445 6.42133
83.6614 6.42286
83.8783 6.42439
84.0953 6.42591
84.3124 6.42743
84.5295 6.42894
84.7467 6.43045
84.964 6.43195
85.1813 6.43345
85.3986 6.43494
85.6161 6.43643
85.8335 6.43792
86.0511 6.4394
86.2687 6.44087
86.4863 6.44234
86.7041 6.44381
86.9218 6.44527
87.1397 6.44673
87.3576 6.44818
87.5755 6.44963
87.7935 6.45107
88.0116 6.45251
88.2297 6.45395
88.4479 6.45538
88.6662 6.4568
88.8845 6.45823
89.1028 6.45964
89.3212 6.46106
89.5397 6.46247
89.7582 6.46387
89.9768 6.46527
90.1954 6.46667
90.4141 6.46806
90.6329 6.46945
90.8517 6.47084
91.0705 6.47222
91.2894 6.47359
91.5084 6.47497
91.7274 6.47634
91.9465 6.4777
92.1656 6.47906
92.3848 6.48042
92.6041 6.48177
92.8234 6.48312
93.0427 6.48446
93.2621 6.4858
93.4816 6.48714
93.7011 6.48847
93.9206 6.4898
94.1402 6.49113
94.3599 6.49245
94.5796 6.49377
94.7994 6.49508
95.0192 6.4964
95.2391 6.4977
95.459 6.49901
95.679 6.50031
95.899 6.5016
96.1191 6.50289
96.3393 6.50418
96.5594 6.50547
96.7797 6.50675
97 6.50803
97.2203 6.5093
97.4407 6.51057
97.6611 6.51184
97.8816 6.51311
98.1022 6.51437
98.3228 6.51563
98.5434 6.51688
98.7641 6.51813
98.9849 6.51938
99.2057 6.52062
99.4265 6.52186
99.6474 6.5231
99.8683 6.52433
100.089 6.52556
100.31 6.52679
100.531 6.52801
100.753 6.52923
100.974 6.53045
101.195 6.53166
101.416 6.53287
101.638 6.53408
101.859 6.53529
102.08 6.53649
102.302 6.53769
102.523 6.53888
102.745 6.54007
102.967 6.54126
103.188 6.54245
103.41 6.54363
103.632 6.54481
103.854 6.54598
104.075 6.54716
104.297 6.54833
104.519 6.5495
104.741 6.55066
104.963 6.55182
105.185 6.55298
105.408 6.55413
105.63 6.55529
105.852 6.55644
106.074 6.55758
106.297 6.55873
106.519 6.55987
106.741 6.56101
106.964 6.56214
107.186 6.56327
107.409 6.5644
107.631 6.56553
107.854 6.56665
108.077 6.56777
108.3 6.56889
108.522 6.57
108.745 6.57112
108.968 6.57223
109.191 6.57333
109.414 6.57444
109.637 6.57554
109.86 6.57664
110.083 6.57773
110.306 6.57883
110.529 6.57992
110.752 6.58101
110.976 6.58209
111.199 6.58317
111.422 6.58425
111.646 6.58533
111.869 6.58641
112.093 6.58748
112.316 6.58855
112.54 6.58962
112.763 6.59068
112.987 6.59174
113.211 6.5928
113.434 6.59386
113.658 6.59491
113.882 6.59597
114.106 6.59702
114.33 6.59806
114.554 6.59911
114.778 6.60015
115.002 6.60119
115.226 6.60223
115.45 6.60326
115.674 6.60429
115.898 6.60532
116.122 6.60635
116.347 6.60738
116.571 6.6084
116.795 6.60942
117.02 6.61044
117.244 6.61145
117.469 6.61247
117.693 6.61348
117.918 6.61448
118.142 6.61549
118.367 6.61649
118.591 6.6175
118.816 6.6185
119.041 6.61949
119.266 6.62049
119.491 6.62148
119.715 6.62247
119.94 6.62346
120.165 6.62444
120.39 6.62543
120.615 6.62641
120.84 6.62739
121.065 6.62837
121.291 6.62934
121.516 6.63031
121.741 6.63128
121.966 6.63225
122.192 6.63322
122.417 6.63418
122.642 6.63514
122.868 6.6361
123.093 6.63706
123.319 6.63802
123.544 6.63897
123.77 6.63992
123.995 6.64087
124.221 6.64182
124.447 6.64276
124.672 6.6437
124.898 6.64464
125.124 6.64558
125.35 6.64652
125.576 6.64746
125.802 6.64839
126.028 6.64932
126.254 6.65025
126.48 6.65117
126.706 6.6521
126.932 6.65302
127.158 6.65394
127.384 6.65486
127.61 6.65578
127.837 6.65669
128.063 6.65761
128.289 6.65852
128.515 6.65943
128.742 6.66033
128.968 6.66124
129.195 6.66214
129.421 6.66304
129.648 6.66394
129.874 6.66484
130.101 6.66573
130.328 6.66663
130.554 6.66752
130.781 6.66841
131.008 6.6693
131.234 6.67019
131.461 6.67107
131.688 6.67195
131.915 6.67283
132.142 6.67371
132.369 6.67459
132.596 6.67547
132.823 6.67634
133.05 6.67721
133.277 6.67808
133.504 6.67895
133.731 6.67982
133.959 6.68068
134.186 6.68154
134.413 6.6824
134.64 6.68326
134.868 6.68412
135.095 6.68498
135.323 6.68583
135.55 6.68669
135.777 6.68754
136.005 6.68839
136.232 6.68923
136.46 6.69008
136.688 6.69092
136.915 6.69176
137.143 6.69261
137.371 6.69344
137.598 6.69428
137.826 6.69512
138.054 6.69595
138.282 6.69678
138.51 6.69761
138.738 6.69844
138.966 6.69927
139.194 6.7001
139.422 6.70092
139.65 6.70174
139.878 6.70256
140.106 6.70338
140.334 6.7042
140.562 6.70502
140.79 6.70583
141.019 6.70665
141.247 6.70746
141.475 6.70827
141.704 6.70907
141.932 6.70988
142.16 6.71069
142.389 6.71149
142.617 6.71229
142.846 6.71309
143.074 6.71389
143.303 6.71469
143.531 6.71549
143.76 6.71628
143.989 6.71707
144.217 6.71786
144.446 6.71865
144.675 6.71944
144.904 6.72023
145.133 6.72101
145.361 6.7218
145.59 6.72258
145.819 6.72336
146.048 6.72414
146.277 6.72492
146.506 6.7257
146.735 6.72647
146.964 6.72725
147.193 6.72802
147.422 6.72879
147.652 6.72956
147.881 6.73033
148.11 6.73109
148.339 6.73186
148.568 6.73262
148.798 6.73338
149.027 6.73414
149.257 6.7349
149.486 6.73566
149.715 6.73642
149.945 6.73717
150.174 6.73793
150.404 6.73868
150.633 6.73943
150.863 6.74018
151.093 6.74093
151.322 6.74168
151.552 6.74242
151.782 6.74317
152.011 6.74391
152.241 6.74465
152.471 6.74539
152.701 6.74613
152.931 6.74687
153.16 6.7476
153.39 6.74834
153.62 6.74907
153.85 6.74981
154.08 6.75054
154.31 6.75127
154.54 6.752
154.77 6.75272
155.001 6.75345
155.231 6.75417
155.461 6.7549
155.691 6.75562
155.921 6.75634
156.152 6.75706
156.382 6.75778
156.612 6.75849
156.843 6.75921
157.073 6.75992
157.303 6.76064
157.534 6.76135
157.764 6.76206
157.995 6.76277
158.225 6.76348
158.456 6.76418
158.686 6.76489
158.917 6.76559
159.148 6.7663
159.378 6.767
159.609 6.7677
159.84 6.7684
160.07 6.7691
160.301 6.7698
160.532 6.77049
160.763 6.77119
160.994 6.77188
161.224 6.77257
161.455 6.77326
161.686 6.77395
161.917 6.77464
162.148 6.77533
162.379 6.77602
162.61 6.7767
162.841 6.77739
163.073 6.77807
163.304 6.77875
163.535 6.77943
163.766 6.78011
163.997 6.78079
164.228 6.78147
164.46 6.78214
164.691 6.78282
164.922 6.78349
165.154 6.78417
165.385 6.78484
165.616 6.78551
165.848 6.78618
166.079 6.78685
166.311 6.78751
166.542 6.78818
166.774 6.78885
167.005 6.78951
167.237 6.79017
167.469 6.79083
167.7 6.79149
167.932 6.79215
168.164 6.79281
168.395 6.79347
168.627 6.79413
168.859 6.79478
169.091 6.79543
169.322 6.79609
169.554 6.79674
169.786 6.79739
170.018 6.79804
170.25 6.79869
170.482 6.79934
170.714 6.79998
170.946 6.80063
171.178 6.80127
171.41 6.80192
171.642 6.80256
171.874 6.8032
172.106 6.80384
172.338 6.80448
172.571 6.80512
172.803 6.80576
173.035 6.8064
173.267 6.80703
173.5 6.80766
173.732 6.8083
173.964 6.80893
174.197 6.80956
174.429 6.81019
174.661 6.81082
174.894 6.81145
175.126 6.81208
175.359 6.8127
175.591 6.81333
175.824 6.81395
176.056 6.81458
176.289 6.8152
176.522 6.81582
176.754 6.81644
176.987 6.81706
177.22 6.81768
177.452 6.8183
177.685 6.81891
177.918 6.81953
178.151 6.82014
178.383 6.82076
178.616 6.82137
178.849 6.82198
179.082 6.82259
179.315 6.8232
179.548 6.82381
179.781 6.82442
180.014 6.82503
180.247 6.82563
180.48 6.82624
180.713 6.82684
180.946 6.82744
181.179 6.82805
181.412 6.82865
181.645 6.82925
181.878 6.82985
182.112 6.83045
182.345 6.83104
182.578 6.83164
182.811 6.83224
183.045 6.83283
183.278 6.83343
183.511 6.83402
183.745 6.83461
183.978 6.8352
184.212 6.83579
184.445 6.83638
184.678 6.83697
184.912 6.83756
185.145 6.83815
185.379 6.83873
185.613 6.83932
185.846 6.8399
186.08 6.84049
186.313 6.84107
186.547 6.84165
186.781 6.84223
187.014 6.84281
187.248 6.84339
187.482 6.84397
187.716 6.84455
187.949 6.84513
188.183 6.8457
188.417 6.84628
188.651 6.84685
188.885 6.84742
189.119 6.848
189.353 6.84857
189.586 6.84914
189.82 6.84971
190.054 6.85028
190.288 6.85085
190.522 6.85141
190.757 6.85198
190.991 6.85255
191.225 6.85311
191.459 6.85368
191.693 6.85424
191.927 6.8548
192.161 6.85536
192.396 6.85592
192.63 6.85648
192.864 6.85704
193.098 6.8576
193.333 6.85816
193.567 6.85872
193.801 6.85927
194.036 6.85983
194.27 6.86038
194.505 6.86094
194.739 6.86149
194.973 6.86204
195.208 6.86259
195.442 6.86314
195.677 6.86369
195.912 6.86424
196.146 6.86479
196.381 6.86534
196.615 6.86588
196.85 6.86643
197.085 6.86697
197.319 6.86752
197.554 6.86806
197.789 6.8686
198.023 6.86915
198.258 6.86969
198.493 6.87023
198.728 6.87077
198.963 6.87131
199.198 6.87184
199.432 6.87238
199.667 6.87292
199.902 6.87345
200.137 6.87399
200.372 6.87452
200.607 6.87506
200.842 6.87559
201.077 6.87612
201.312 6.87665
201.547 6.87718
201.782 6.87771
202.017 6.87824
202.253 6.87877
202.488 6.8793
202.723 6.87983
202.958 6.88035
203.193 6.88088
203.429 6.8814
203.664 6.88193
203.899 6.88245
204.134 6.88297
204.37 6.8835
204.605 6.88402
204.84 6.88454
205.076 6.88506
205.311 6.88558
205.547 6.8861
205.782 6.88661
206.018 6.88713
206.253 6.88765
206.489 6.88816
206.724 6.88868
206.96 6.88919
207.195 6.88971
207.431 6.89022
207.666 6.89073
207.902 6.89124
208.138 6.89175
208.373 6.89226
208.609 6.89277
208.845 6.89328
209.081 6.89379
209.316 6.8943
209.552 6.8948
209.788 6.89531
210.024 6.89581
210.26 6.89632
210.495 6.89682
210.731 6.89733
210.967 6.89783
211.203 6.89833
211.439 6.89883
211.675 6.89933
211.911 6.89983
212.147 6.90033
212.383 6.90083
212.619 6.90133
212.855 6.90183
213.091 6.90232
213.327 6.90282
213.563 6.90332
213.799 6.90381
214.036 6.9043
214.272 6.9048
214.508 6.90529
214.744 6.90578
214.98 6.90627
215.217 6.90677
215.453 6.90726
215.689 6.90775
215.926 6.90824
216.162 6.90872
216.398 6.90921
216.635 6.9097
216.871 6.91018
217.107 6.91067
217.344 6.91116
217.58 6.91164
217.817 6.91212
218.053 6.91261
218.29 6.91309
218.526 6.91357
218.763 6.91405
218.999 6.91454
219.236 6.91502
219.473 6.9155
219.709 6.91597
219.946 6.91645
220.183 6.91693
220.419 6.91741
220.656 6.91788
220.893 6.91836
221.129 6.91884
221.366 6.91931
221.603 6.91979
221.84 6.92026
222.077 6.92073
222.313 6.9212
222.55 6.92168
222.787 6.92215
223.024 6.92262
223.261 6.92309
223.498 6.92356
223.735 6.92403
223.972 6.9245
224.209 6.92496
224.446 6.92543
224.683 6.9259
224.92 6.92636
225.157 6.92683
225.394 6.92729
225.631 6.92776
225.868 6.92822
226.105 6.92868
226.342 6.92915
226.58 6.92961
226.817 6.93007
227.054 6.93053
227.291 6.93099
227.528 6.93145
227.766 6.93191
228.003 6.93237
228.24 6.93283
228.478 6.93328
228.715 6.93374
228.952 6.9342
229.19 6.93465
229.427 6.93511
229.664 6.93556
229.902 6.93602
230.139 6.93647
230.377 6.93692
230.614 6.93737
230.852 6.93783
231.089 6.93828
231.327 6.93873
231.564 6.93918
231.802 6.93963
232.039 6.94008
232.277 6.94053
232.515 6.94097
232.752 6.94142
232.99 6.94187
233.228 6.94231
233.465 6.94276
233.703 6.9432
233.941 6.94365
234.179 6.94409
234.416 6.94454
234.654 6.94498
234.892 6.94542
235.13 6.94586
235.368 6.94631
235.605 6.94675
235.843 6.94719
236.081 6.94763
236.319 6.94807
236.557 6.94851
236.795 6.94895
237.033 6.94938
237.271 6.94982
237.509 6.95026
237.747 6.95069
237.985 6.95113
238.223 6.95156
238.461 6.952
238.699 6.95243
238.937 6.95287
239.175 6.9533
239.413 6.95373
239.652 6.95417
239.89 6.9546
240.128 6.95503
240.366 6.95546
240.604 6.95589
240.843 6.95632
241.081 6.95675
241.319 6.95718
241.557 6.9576
241.796 6.95803
242.034 6.95846
242.272 6.95889
242.511 6.95931
242.749 6.95974
242.988 6.96016
243.226 6.96059
243.464 6.96101
243.703 6.96144
243.941 6.96186
244.18 6.96228
244.418 6.96271
244.657 6.96313
244.895 6.96355
245.134 6.96397
245.372 6.96439
245.611 6.96481
245.85 6.96523
246.088 6.96565
246.327 6.96607
246.565 6.96649
246.804 6.9669
247.043 6.96732
247.282 6.96774
247.52 6.96815
247.759 6.96857
247.998 6.96898
248.236 6.9694
248.475 6.96981
248.714 6.97022
248.953 6.97064
249.192 6.97105
249.431 6.97146
249.669 6.97188
249.908 6.97229
250.147 6.9727
250.386 6.97311
250.625 6.97352
250.864 6.97393
251.103 6.97434
251.342 6.97475
251.581 6.97515
251.82 6.97556
252.059 6.97597
252.298 6.97638
252.537 6.97678
252.776 6.97719
253.015 6.97759
253.254 6.978
253.493 6.9784
253.733 6.97881
253.972 6.97921
254.211 6.97961
254.45 6.98001
254.689 6.98042
254.928 6.98082
255.168 6.98122
255.407 6.98162
255.646 6.98202
255.885 6.98242
256.125 6.98282
256.364 6.98322
256.603 6.98362
256.843 6.98402
257.082 6.98442
257.322 6.98481
257.561 6.98521
257.8 6.98561
258.04 6.986
258.279 6.9864
258.519 6.98679
258.758 6.98719
258.998 6.98758
259.237 6.98798
259.477 6.98837
259.716 6.98876
259.956 6.98916
260.195 6.98955
260.435 6.98994
260.674 6.99033
260.914 6.99072
261.154 6.99111
261.393 6.9915
261.633 6.99189
261.873 6.99228
262.112 6.99267
262.352 6.99306
262.592 6.99345
262.832 6.99383
263.071 6.99422
263.311 6.99461
263.551 6.99499
263.791 6.99538
264.031 6.99577
264.27 6.99615
264.51 6.99654
264.75 6.99692
264.99 6.9973
265.23 6.99769
265.47 6.99807
265.71 6.99845
265.95 6.99883
266.19 6.99922
266.43 6.9996
266.669 6.99998
266.909 7.00036
267.15 7.00074
267.39 7.00112
267.63 7.0015
267.87 7.00188
268.11 7.00226
268.35 7.00263
268.59 7.00301
268.83 7.00339
269.07 7.00377
269.31 7.00414
269.55 7.00452
269.791 7.0049
270.031 7.00527
270.271 7.00565
270.511 7.00602
270.752 7.00639
270.992 7.00677
271.232 7.00714
271.472 7.00751
271.713 7.00789
271.953 7.00826
272.193 7.00863
272.434 7.009
272.674 7.00937
272.914 7.00974
273.155 7.01012
273.395 7.01049
273.636 7.01085
273.876 7.01122
274.117 7.01159
274.357 7.01196
274.597 7.01233
274.838 7.0127
275.078 7.01306
275.319 7.01343
275.56 7.0138
275.8 7.01416
276.041 7.01453
276.281 7.01489
276.522 7.01526
276.762 7.01562
277.003 7.01599
277.244 7.01635
277.484 7.01672
277.725 7.01708
277.966 7.01744
278.206 7.0178
278.447 7.01817
278.688 7.01853
278.929 7.01889
279.169 7.01925
279.41 7.01961
279.651 7.01997
279.892 7.02033
280.133 7.02069
280.373 7.02105
280.614 7.02141
280.855 7.02177
281.096 7.02212
281.337 7.02248
281.578 7.02284
281.819 7.0232
282.06 7.02355
282.3 7.02391
282.541 7.02427
282.782 7.02462
283.023 7.02498
283.264 7.02533
283.505 7.02569
283.746 7.02604
283.988 7.02639
284.229 7.02675
284.47 7.0271
284.711 7.02745
284.952 7.0278
285.193 7.02816
285.434 7.02851
285.675 7.02886
285.916 7.02921
286.158 7.02956
286.399 7.02991
286.64 7.03026
286.881 7.03061
287.122 7.03096
287.364 7.03131
287.605 7.03166
287.846 7.03201
288.087 7.03235
288.329 7.0327
288.57 7.03305
288.811 7.03339
289.053 7.03374
289.294 7.03409
289.535 7.03443
289.777 7.03478
290.018 7.03512
290.26 7.03547
290.501 7.03581
290.742 7.03616
290.984 7.0365
291.225 7.03684
291.467 7.03719
291.708 7.03753
291.95 7.03787
292.191 7.03821
292.433 7.03856
292.674 7.0389
292.916 7.03924
293.158 7.03958
293.399 7.03992
293.641 7.04026
293.882 7.0406
294.124 7.04094
294.366 7.04128
294.607 7.04162
294.849 7.04195
295.091 7.04229
295.332 7.04263
295.574 7.04297
295.816 7.0433
296.057 7.04364
296.299 7.04398
296.541 7.04431
296.783 7.04465
297.024 7.04499
297.266 7.04532
297.508 7.04566
297.75 7.04599
297.992 7.04632
298.234 7.04666
298.475 7.04699
298.717 7.04733
298.959 7.04766
299.201 7.04799
299.443 7.04832
299.685 7.04866
299.927 7.04899
300.169 7.04932
300.411 7.04965
300.653 7.04998
300.895 7.05031
301.137 7.05064
301.379 7.05097
301.621 7.0513
301.863 7.05163
302.105 7.05196
302.347 7.05229
302.589 7.05262
302.831 7.05294
303.073 7.05327
303.316 7.0536
303.558 7.05393
303.8 7.05425
304.042 7.05458
304.284 7.0549
304.526 7.05523
304.769 7.05556
305.011 7.05588
305.253 7.05621
305.495 7.05653
305.738 7.05685
305.98 7.05718
306.222 7.0575
306.465 7.05783
306.707 7.05815
306.949 7.05847
307.191 7.05879
307.434 7.05912
307.676 7.05944
307.919 7.05976
308.161 7.06008
308.403 7.0604
308.646 7.06072
308.888 7.06104
309.131 7.06136
309.373 7.06168
309.616 7.062
309.858 7.06232
310.101 7.06264
310.343 7.06296
310.586 7.06328
310.828 7.0636
311.071 7.06391
311.313 7.06423
311.556 7.06455
311.798 7.06487
312.041 7.06518
312.284 7.0655
312.526 7.06581
312.769 7.06613
313.012 7.06645
313.254 7.06676
313.497 7.06708
313.74 7.06739
313.982 7.0677
314.225 7.06802
314.468 7.06833
314.71 7.06865
314.953 7.06896
315.196 7.06927
315.439 7.06958
315.681 7.0699
315.924 7.07021
316.167 7.07052
316.41 7.07083
316.653 7.07114
316.896 7.07145
317.138 7.07176
317.381 7.07207
317.624 7.07238
317.867 7.07269
318.11 7.073
318.353 7.07331
318.596 7.07362
318.839 7.07393
319.082 7.07424
319.325 7.07455
319.568 7.07486
319.811 7.07516
320.054 7.07547
320.297 7.07578
320.54 7.07608
320.783 7.07639
321.026 7.0767
321.269 7.077
321.512 7.07731
321.755 7.07761
321.998 7.07792
322.241 7.07822
322.484 7.07853
322.728 7.07883
322.971 7.07914
323.214 7.07944
323.457 7.07974
323.7 7.08005
323.943 7.08035
324.187 7.08065
324.43 7.08095
324.673 7.08126
324.916 7.08156
325.16 7.08186
325.403 7.08216
325.646 7.08246
325.889 7.08276
326.133 7.08306
326.376 7.08336
326.619 7.08366
326.863 7.08396
327.106 7.08426
327.35 7.08456
327.593 7.08486
327.836 7.08516
328.08 7.08546
328.323 7.08576
328.567 7.08606
328.81 7.08635
329.053 7.08665
329.297 7.08695
329.54 7.08724
329.784 7.08754
330.027 7.08784
330.271 7.08813
330.514 7.08843
330.758 7.08873
331.002 7.08902
331.245 7.08932
331.489 7.08961
331.732 7.08991
331.976 7.0902
332.219 7.09049
332.463 7.09079
332.707 7.09108
332.95 7.09137
333.194 7.09167
333.438 7.09196
333.681 7.09225
333.925 7.09255
334.169 7.09284
334.412 7.09313
334.656 7.09342
334.9 7.09371
335.144 7.094
335.387 7.09429
335.631 7.09458
335.875 7.09488
336.119 7.09517
336.363 7.09546
336.606 7.09574
336.85 7.09603
337.094 7.09632
337.338 7.09661
337.582 7.0969
337.826 7.09719
338.07 7.09748
338.313 7.09776
338.557 7.09805
338.801 7.09834
339.045 7.09863
339.289 7.09891
339.533 7.0992
339.777 7.09949
340.021 7.09977
340.265 7.10006
340.509 7.10035
340.753 7.10063
340.997 7.10092
341.241 7.1012
341.485 7.10149
341.729 7.10177
341.973 7.10205
342.217 7.10234
342.462 7.10262
342.706 7.10291
342.95 7.10319
343.194 7.10347
343.438 7.10376
343.682 7.10404
343.926 7.10432
344.171 7.1046
344.415 7.10488
344.659 7.10517
344.903 7.10545
345.147 7.10573
345.392 7.10601
345.636 7.10629
345.88 7.10657
346.124 7.10685
346.369 7.10713
346.613 7.10741
346.857 7.10769
347.101 7.10797
347.346 7.10825
347.59 7.10853
347.834 7.10881
348.079 7.10909
348.323 7.10936
348.568 7.10964
348.812 7.10992
349.056 7.1102
349.301 7.11047
349.545 7.11075
349.79 7.11103
350.034 7.1113
350.279 7.11158
350.523 7.11186
350.767 7.11213
351.012 7.11241
351.256 7.11268
351.501 7.11296
351.745 7.11323
351.99 7.11351
352.235 7.11378
352.479 7.11406
352.724 7.11433
352.968 7.11461
353.213 7.11488
353.457 7.11515
353.702 7.11543
353.947 7.1157
354.191 7.11597
354.436 7.11625
354.681 7.11652
354.925 7.11679
355.17 7.11706
355.415 7.11733
355.659 7.1176
355.904 7.11788
356.149 7.11815
356.393 7.11842
356.638 7.11869
356.883 7.11896
357.128 7.11923
357.372 7.1195
357.617 7.11977
357.862 7.12004
358.107 7.12031
358.352 7.12058
358.596 7.12085
358.841 7.12111
359.086 7.12138
359.331 7.12165
359.576 7.12192
359.821 7.12219
360.066 7.12245
360.31 7.12272
360.555 7.12299
360.8 7.12326
361.045 7.12352
361.29 7.12379
361.535 7.12406
361.78 7.12432
362.025 7.12459
362.27 7.12485
362.515 7.12512
362.76 7.12538
363.005 7.12565
363.25 7.12591
363.495 7.12618
363.74 7.12644
363.985 7.12671
364.23 7.12697
364.475 7.12723
364.72 7.1275
364.966 7.12776
365.211 7.12803
365.456 7.12829
365.701 7.12855
365.946 7.12881
366.191 7.12908
366.436 7.12934
366.682 7.1296
366.927 7.12986
367.172 7.13012
367.417 7.13038
367.662 7.13065
367.908 7.13091
368.153 7.13117
368.398 7.13143
368.643 7.13169
368.889 7.13195
369.134 7.13221
369.379 7.13247
369.625 7.13273
369.87 7.13299
370.115 7.13324
370.36 7.1335
370.606 7.13376
370.851 7.13402
371.097 7.13428
371.342 7.13454
371.587 7.1348
371.833 7.13505
372.078 7.13531
372.323 7.13557
372.569 7.13582
372.814 7.13608
373.06 7.13634
373.305 7.13659
373.551 7.13685
373.796 7.13711
374.042 7.13736
374.287 7.13762
374.533 7.13787
374.778 7.13813
375.024 7.13838
375.269 7.13864
375.515 7.13889
375.76 7.13915
376.006 7.1394
376.251 7.13966
376.497 7.13991
376.743 7.14016
376.988 7.14042
377.234 7.14067
377.479 7.14092
377.725 7.14118
377.971 7.14143
378.216 7.14168
378.462 7.14194
378.708 7.14219
378.953 7.14244
379.199 7.14269
379.445 7.14294
379.691 7.1432
379.936 7.14345
380.182 7.1437
380.428 7.14395
380.674 7.1442
380.919 7.14445
381.165 7.1447
381.411 7.14495
381.657 7.1452
381.902 7.14545
382.148 7.1457
382.394 7.14595
382.64 7.1462
382.886 7.14645
383.132 7.1467
383.378 7.14694
383.623 7.14719
383.869 7.14744
384.115 7.14769
384.361 7.14794
384.607 7.14818
384.853 7.14843
385.099 7.14868
385.345 7.14893
385.591 7.14917
385.837 7.14942
386.083 7.14967
386.329 7.14991
386.575 7.15016
386.821 7.15041
387.067 7.15065
387.313 7.1509
387.559 7.15114
387.805 7.15139
388.051 7.15163
388.297 7.15188
388.543 7.15212
388.789 7.15237
389.035 7.15261
389.281 7.15286
389.527 7.1531
389.774 7.15334
390.02 7.15359
390.266 7.15383
390.512 7.15407
390.758 7.15432
391.004 7.15456
391.251 7.1548
391.497 7.15505
391.743 7.15529
391.989 7.15553
392.235 7.15577
392.482 7.15601
392.728 7.15626
392.974 7.1565
393.22 7.15674
393.467 7.15698
393.713 7.15722
393.959 7.15746
394.206 7.1577
394.452 7.15794
394.698 7.15818
394.944 7.15842
395.191 7.15866
395.437 7.1589
395.684 7.15914
395.93 7.15938
396.176 7.15962
396.423 7.15986
396.669 7.1601
396.915 7.16034
397.162 7.16058
397.408 7.16081
397.655 7.16105
397.901 7.16129
398.148 7.16153
398.394 7.16177
398.641 7.162
398.887 7.16224
399.134 7.16248
399.38 7.16271
399.627 7.16295
399.873 7.16319
400.12 7.16342
400.366 7.16366
400.613 7.1639
400.859 7.16413
401.106 7.16437
401.352 7.1646
401.599 7.16484
401.846 7.16507
402.092 7.16531
402.339 7.16554
402.585 7.16578
402.832 7.16601
403.079 7.16625
403.325 7.16648
403.572 7.16672
403.819 7.16695
404.065 7.16718
404.312 7.16742
404.559 7.16765
404.805 7.16789
405.052 7.16812
405.299 7.16835
405.546 7.16858
405.792 7.16882
406.039 7.16905
406.286 7.16928
406.533 7.16951
406.779 7.16974
407.026 7.16998
407.273 7.17021
407.52 7.17044
407.767 7.17067
408.013 7.1709
408.26 7.17113
408.507 7.17136
408.754 7.17159
409.001 7.17182
409.248 7.17206
409.495 7.17229
409.742 7.17252
409.988 7.17275
410.235 7.17298
410.482 7.1732
410.729 7.17343
410.976 7.17366
411.223 7.17389
411.47 7.17412
411.717 7.17435
411.964 7.17458
412.211 7.17481
412.458 7.17503
412.705 7.17526
412.952 7.17549
413.199 7.17572
413.446 7.17595
413.693 7.17617
413.94 7.1764
414.187 7.17663
414.434 7.17686
414.681 7.17708
414.928 7.17731
415.175 7.17754
415.423 7.17776
415.67 7.17799
415.917 7.17821
416.164 7.17844
416.411 7.17867
416.658 7.17889
416.905 7.17912
417.153 7.17934
417.4 7.17957
417.647 7.17979
417.894 7.18002
418.141 7.18024
418.388 7.18047
418.636 7.18069
418.883 7.18091
419.13 7.18114
419.377 7.18136
419.625 7.18158
419.872 7.18181
420.119 7.18203
420.366 7.18225
420.614 7.18248
420.861 7.1827
421.108 7.18292
421.356 7.18315
421.603 7.18337
421.85 7.18359
422.098 7.18381
422.345 7.18403
422.592 7.18426
422.84 7.18448
423.087 7.1847
423.335 7.18492
423.582 7.18514
423.829 7.18536
424.077 7.18558
424.324 7.1858
424.572 7.18603
424.819 7.18625
425.067 7.18647
425.314 7.18669
425.561 7.18691
425.809 7.18713
426.056 7.18735
426.304 7.18757
426.551 7.18778
426.799 7.188
427.046 7.18822
427.294 7.18844
427.542 7.18866
427.789 7.18888
428.037 7.1891
428.284 7.18932
428.532 7.18954
428.779 7.18975
429.027 7.18997
429.275 7.19019
429.522 7.19041
429.77 7.19062
430.017 7.19084
430.265 7.19106
430.513 7.19128
430.76 7.19149
431.008 7.19171
431.256 7.19193
431.503 7.19214
431.751 7.19236
431.999 7.19257
432.246 7.19279
432.494 7.19301
432.742 7.19322
432.99 7.19344
433.237 7.19365
433.485 7.19387
433.733 7.19408
433.981 7.1943
434.228 7.19451
434.476 7.19473
434.724 7.19494
434.972 7.19516
435.219 7.19537
435.467 7.19559
435.715 7.1958
435.963 7.19601
436.211 7.19623
436.459 7.19644
436.707 7.19665
436.954 7.19687
437.202 7.19708
437.45 7.19729
437.698 7.19751
437.946 7.19772
438.194 7.19793
438.442 7.19814
438.69 7.19836
438.938 7.19857
439.186 7.19878
439.434 7.19899
439.681 7.1992
439.929 7.19942
