0 0
-0.425778 0.904828
0.0458329 1.80612
1.404 2.70018
3.63465 3.58309
6.72056 4.45074
10.6414 5.29883
15.3741 6.12308
20.8923 6.91942
27.1675 7.68424
34.1687 8.41463
41.8632 9.10854
50.2173 9.76484
59.1963 10.3833
68.7658 10.9645
78.8919 11.5096
89.5416 12.0202
100.684 12.4983
112.288 12.946
124.326 13.3654
136.772 13.7587
149.601 14.128
162.791 14.4751
176.321 14.8018
190.172 15.1099
204.325 15.4008
218.764 15.676
233.475 15.9367
248.443 16.1841
263.655 16.4192
279.099 16.6429
294.765 16.8561
310.642 17.0597
326.721 17.2542
342.993 17.4403
359.449 17.6186
376.082 17.7897
392.886 17.954
409.852 18.1119
426.976 18.264
444.251 18.4104
461.671 18.5516
479.232 18.6879
496.929 18.8196
514.756 18.9469
532.711 19.0701
550.788 19.1894
568.984 19.305
587.295 19.4171
605.719 19.5259
624.25 19.6316
642.887 19.7342
661.626 19.8341
680.465 19.9312
699.401 20.0257
718.431 20.1178
737.552 20.2075
756.764 20.295
776.062 20.3803
795.446 20.4636
814.913 20.5448
834.461 20.6242
854.088 20.7018
873.793 20.7777
893.573 20.8519
913.428 20.9244
933.355 20.9954
953.353 21.065
973.42 21.1331
993.555 21.1998
1013.76 21.2652
1034.02 21.3293
1054.36 21.3921
1074.75 21.4538
1095.21 21.5143
1115.72 21.5737
1136.3 21.632
1156.93 21.6893
1177.62 21.7455
1198.37 21.8008
1219.17 21.8551
1240.03 21.9085
1260.94 21.961
1281.9 22.0126
1302.91 22.0634
1323.98 22.1133
1345.09 22.1625
1366.26 22.2109
1387.47 22.2586
1408.73 22.3055
1430.03 22.3517
1451.39 22.3972
1472.79 22.4421
1494.23 22.4863
1515.72 22.5299
1537.25 22.5728
1558.82 22.6151
1580.44 22.6569
1602.09 22.6981
1623.79 22.7387
1645.53 22.7788
1667.31 22.8183
1689.13 22.8573
1710.99 22.8958
1732.89 22.9339
1754.82 22.9714
1776.79 23.0085
1798.8 23.0451
1820.85 23.0812
1842.93 23.1169
1865.05 23.1522
1887.2 23.187
1909.39 23.2215
1931.61 23.2555
1953.86 23.2892
1976.15 23.3224
1998.48 23.3553
2020.83 23.3878
2043.22 23.4199
2065.64 23.4517
2088.09 23.4831
2110.58 23.5142
2133.09 23.545
2155.64 23.5754
2178.21 23.6055
2200.82 23.6353
2223.46 23.6647
2246.12 23.6939
2268.81 23.7228
2291.54 23.7514
2314.29 23.7796
2337.07 23.8077
2359.88 23.8354
2382.71 23.8628
2405.58 23.89
2428.47 23.917
2451.38 23.9436
2474.33 23.97
2497.3 23.9962
2520.3 24.0221
2543.32 24.0478
2566.37 24.0733
2589.44 24.0985
2612.54 24.1235
2635.66 24.1482
2658.81 24.1728
2681.98 24.1971
2705.18 24.2212
2728.4 24.2451
2751.65 24.2688
2774.92 24.2923
2798.21 24.3156
2821.53 24.3386
2844.86 24.3615
2868.23 24.3842
2891.61 24.4068
2915.02 24.4291
2938.45 24.4512
2961.9 24.4732
2985.37 24.495
3008.87 24.5166
3032.38 24.538
3055.92 24.5593
3079.48 24.5804
3103.06 24.6013
3126.66 24.6221
3150.29 24.6427
3173.93 24.6632
3197.59 24.6835
3221.28 24.7036
3244.98 24.7236
3268.7 24.7435
3292.45 24.7632
3316.21 24.7828
3339.99 24.8022
3363.8 24.8214
3387.62 24.8406
3411.46 24.8596
3435.32 24.8784
3459.2 24.8972
3483.09 24.9157
3507.01 24.9342
3530.94 24.9525
3554.9 24.9708
3578.87 24.9888
3602.86 25.0068
3626.86 25.0246
3650.89 25.0423
3674.93 25.0599
3698.99 25.0774
3723.07 25.0948
3747.16 25.112
3771.28 25.1292
3795.41 25.1462
3819.55 25.1631
3843.72 25.1799
3867.9 25.1966
3892.09 25.2132
3916.31 25.2297
3940.53 25.246
3964.78 25.2623
3989.04 25.2785
4013.32 25.2945
4037.62 25.3105
4061.93 25.3264
4086.25 25.3422
4110.6 25.3578
4134.95 25.3734
4159.33 25.3889
4183.72 25.4043
4208.12 25.4196
4232.54 25.4348
4256.98 25.45
4281.43 25.465
4305.89 25.4799
4330.37 25.4948
4354.87 25.5096
4379.38 25.5243
4403.9 25.5389
4428.44 25.5534
4452.99 25.5678
4477.56 25.5822
4502.14 25.5965
4526.74 25.6107
4551.35 25.6248
4575.98 25.6388
4600.62 25.6528
4625.27 25.6667
4649.93 25.6805
4674.62 25.6942
4699.31 25.7079
4724.02 25.7214
4748.74 25.735
4773.47 25.7484
4798.22 25.7618
4822.98 25.7751
4847.76 25.7883
4872.55 25.8014
4897.35 25.8145
4922.16 25.8276
4946.99 25.8405
4971.83 25.8534
4996.69 25.8662
5021.55 25.879
5046.43 25.8917
5071.32 25.9043
5096.23 25.9169
5121.14 25.9294
5146.07 25.9418
5171.02 25.9542
5195.97 25.9665
5220.94 25.9787
5245.92 25.9909
5270.91 26.0031
5295.91 26.0151
5320.92 26.0272
5345.95 26.0391
5370.99 26.051
5396.04 26.0629
5421.11 26.0747
5446.18 26.0864
5471.27 26.0981
5496.36 26.1097
5521.47 26.1213
5546.6 26.1328
5571.73 26.1442
5596.87 26.1556
5622.03 26.167
5647.2 26.1783
5672.37 26.1895
5697.56 26.2007
5722.76 26.2119
5747.98 26.223
5773.2 26.234
5798.43 26.245
5823.68 26.256
5848.93 26.2669
5874.2 26.2777
5899.48 26.2885
5924.77 26.2993
5950.07 26.31
5975.38 26.3206
6000.7 26.3313
6026.03 26.3418
6051.37 26.3524
6076.72 26.3628
6102.09 26.3733
6127.46 26.3836
6152.84 26.394
6178.24 26.4043
6203.64 26.4145
6229.06 26.4248
6254.48 26.4349
6279.92 26.4451
6305.36 26.4551
6330.82 26.4652
6356.28 26.4752
6381.76 26.4852
6407.24 26.4951
6432.74 26.505
6458.24 26.5148
6483.76 26.5246
6509.28 26.5344
6534.82 26.5441
6560.36 26.5538
6585.91 26.5634
6611.48 26.573
6637.05 26.5826
6662.63 26.5921
6688.23 26.6016
6713.83 26.611
6739.44 26.6205
6765.06 26.6298
6790.69 26.6392
6816.33 26.6485
6841.98 26.6578
6867.63 26.667
6893.3 26.6762
6918.98 26.6854
6944.66 26.6945
6970.36 26.7036
6996.06 26.7126
7021.77 26.7217
7047.49 26.7307
7073.23 26.7396
7098.96 26.7485
7124.71 26.7574
7150.47 26.7663
7176.24 26.7751
7202.01 26.7839
7227.8 26.7927
7253.59 26.8014
7279.39 26.8101
7305.2 26.8187
7331.02 26.8274
7356.85 26.836
7382.68 26.8446
7408.53 26.8531
7434.38 26.8616
7460.24 26.8701
7486.11 26.8785
7511.99 26.8869
7537.88 26.8953
7563.77 26.9037
7589.68 26.912
7615.59 26.9203
7641.51 26.9286
7667.44 26.9368
7693.38 26.945
7719.32 26.9532
7745.27 26.9614
7771.23 26.9695
7797.2 26.9776
7823.18 26.9857
7849.17 26.9937
7875.16 27.0017
7901.16 27.0097
7927.17 27.0177
7953.19 27.0256
7979.22 27.0335
8005.25 27.0414
8031.29 27.0493
8057.34 27.0571
8083.4 27.0649
8109.46 27.0727
8135.54 27.0804
8161.62 27.0882
8187.71 27.0959
8213.8 27.1036
8239.9 27.1112
8266.02 27.1188
8292.13 27.1264
8318.26 27.134
8344.39 27.1416
8370.54 27.1491
8396.69 27.1566
8422.84 27.1641
8449.01 27.1715
8475.18 27.179
8501.36 27.1864
8527.54 27.1937
8553.74 27.2011
8579.94 27.2084
8606.15 27.2158
8632.36 27.2231
8658.58 27.2303
8684.81 27.2376
8711.05 27.2448
8737.3 27.252
8763.55 27.2592
8789.81 27.2663
8816.07 27.2735
8842.35 27.2806
8868.63 27.2877
8894.92 27.2947
8921.21 27.3018
8947.51 27.3088
8973.82 27.3158
9000.14 27.3228
9026.46 27.3298
9052.79 27.3367
9079.13 27.3436
9105.47 27.3505
9131.82 27.3574
9158.18 27.3643
9184.54 27.3711
9210.91 27.3779
9237.29 27.3847
9263.68 27.3915
9290.07 27.3983
9316.47 27.405
9342.87 27.4117
9369.28 27.4184
9395.7 27.4251
9422.13 27.4318
9448.56 27.4384
9475 27.445
9501.44 27.4516
9527.89 27.4582
9554.35 27.4648
9580.82 27.4713
9607.29 27.4779
9633.77 27.4844
9660.25 27.4909
9686.74 27.4973
9713.24 27.5038
9739.74 27.5102
9766.25 27.5167
9792.77 27.5231
9819.29 27.5294
9845.82 27.5358
9872.36 27.5422
9898.9 27.5485
9925.45 27.5548
9952 27.5611
9978.57 27.5674
10005.1 27.5736
10031.7 27.5799
10058.3 27.5861
10084.9 27.5923
10111.5 27.5985
10138.1 27.6047
10164.7 27.6108
10191.3 27.617
10217.9 27.6231
10244.5 27.6292
10271.1 27.6353
10297.8 27.6414
10324.4 27.6475
10351.1 27.6535
10377.7 27.6595
10404.4 27.6655
10431.1 27.6715
10457.7 27.6775
10484.4 27.6835
10511.1 27.6894
10537.8 27.6954
10564.5 27.7013
10591.2 27.7072
10617.9 27.7131
10644.6 27.719
10671.3 27.7248
10698 27.7307
10724.8 27.7365
10751.5 27.7423
10778.2 27.7481
10805 27.7539
10831.7 27.7596
10858.5 27.7654
10885.3 27.7711
10912 27.7769
10938.8 27.7826
10965.6 27.7883
10992.4 27.7939
11019.2 27.7996
11046 27.8053
11072.8 27.8109
11099.6 27.8165
11126.4 27.8221
11153.2 27.8277
11180.1 27.8333
11206.9 27.8389
11233.7 27.8444
11260.6 27.85
11287.4 27.8555
11314.3 27.861
11341.2 27.8665
11368 27.872
11394.9 27.8775
11421.8 27.8829
11448.6 27.8884
11475.5 27.8938
11502.4 27.8992
11529.3 27.9046
11556.2 27.91
11583.1 27.9154
11610.1 27.9208
11637 27.9261
11663.9 27.9315
11690.8 27.9368
11717.8 27.9421
11744.7 27.9474
11771.7 27.9527
11798.6 27.958
11825.6 27.9633
11852.5 27.9685
11879.5 27.9738
11906.5 27.979
11933.5 27.9842
11960.4 27.9894
11987.4 27.9946
12014.4 27.9998
12041.4 28.005
12068.4 28.0101
12095.4 28.0153
12122.5 28.0204
12149.5 28.0255
12176.5 28.0307
12203.5 28.0358
12230.6 28.0408
12257.6 28.0459
12284.7 28.051
12311.7 28.056
12338.8 28.0611
12365.8 28.0661
12392.9 28.0711
12420 28.0761
12447 28.0811
12474.1 28.0861
12501.2 28.0911
12528.3 28.0961
12555.4 28.101
12582.5 28.1059
12609.6 28.1109
12636.7 28.1158
12663.8 28.1207
12690.9 28.1256
12718.1 28.1305
12745.2 28.1354
12772.3 28.1402
12799.5 28.1451
12826.6 28.1499
12853.8 28.1548
12880.9 28.1596
12908.1 28.1644
12935.3 28.1692
12962.4 28.174
12989.6 28.1788
13016.8 28.1835
13044 28.1883
13071.1 28.193
13098.3 28.1978
13125.5 28.2025
13152.7 28.2072
13180 28.2119
13207.2 28.2166
13234.4 28.2213
13261.6 28.226
13288.8 28.2307
13316.1 28.2353
13343.3 28.24
13370.5 28.2446
13397.8 28.2493
13425 28.2539
13452.3 28.2585
13479.5 28.2631
13506.8 28.2677
13534.1 28.2723
13561.3 28.2768
13588.6 28.2814
13615.9 28.2859
13643.2 28.2905
13670.5 28.295
13697.8 28.2996
13725.1 28.3041
13752.4 28.3086
13779.7 28.3131
13807 28.3176
13834.3 28.322
13861.6 28.3265
13889 28.331
13916.3 28.3354
13943.6 28.3399
13971 28.3443
13998.3 28.3487
14025.7 28.3531
14053 28.3575
14080.4 28.3619
14107.7 28.3663
14135.1 28.3707
14162.5 28.3751
14189.8 28.3795
14217.2 28.3838
14244.6 28.3882
14272 28.3925
14299.4 28.3968
14326.8 28.4011
14354.2 28.4055
14381.6 28.4098
14409 28.4141
14436.4 28.4183
14463.8 28.4226
14491.3 28.4269
14518.7 28.4311
14546.1 28.4354
14573.6 28.4396
14601 28.4439
14628.4 28.4481
14655.9 28.4523
14683.3 28.4565
14710.8 28.4607
14738.3 28.4649
14765.7 28.4691
14793.2 28.4733
14820.7 28.4775
14848.1 28.4816
14875.6 28.4858
14903.1 28.49
14930.6 28.4941
14958.1 28.4982
14985.6 28.5023
15013.1 28.5065
15040.6 28.5106
15068.1 28.5147
15095.6 28.5188
15123.1 28.5229
15150.7 28.5269
15178.2 28.531
15205.7 28.5351
15233.3 28.5391
15260.8 28.5432
15288.3 28.5472
15315.9 28.5512
15343.4 28.5553
15371 28.5593
15398.6 28.5633
15426.1 28.5673
15453.7 28.5713
15481.3 28.5753
15508.8 28.5793
15536.4 28.5832
15564 28.5872
15591.6 28.5912
15619.2 28.5951
15646.8 28.599
15674.4 28.603
15702 28.6069
15729.6 28.6108
15757.2 28.6148
15784.8 28.6187
15812.4 28.6226
15840 28.6265
15867.7 28.6303
15895.3 28.6342
15922.9 28.6381
15950.6 28.642
15978.2 28.6458
16005.9 28.6497
16033.5 28.6535
16061.2 28.6574
16088.8 28.6612
16116.5 28.665
16144.1 28.6688
16171.8 28.6727
16199.5 28.6765
16227.2 28.6803
16254.8 28.6841
16282.5 28.6878
16310.2 28.6916
16337.9 28.6954
16365.6 28.6992
16393.3 28.7029
16421 28.7067
16448.7 28.7104
16476.4 28.7141
16504.1 28.7179
16531.9 28.7216
16559.6 28.7253
16587.3 28.729
16615 28.7327
16642.8 28.7365
16670.5 28.7401
16698.2 28.7438
16726 28.7475
16753.7 28.7512
16781.5 28.7549
16809.2 28.7585
16837 28.7622
16864.8 28.7658
16892.5 28.7695
16920.3 28.7731
16948.1 28.7767
16975.8 28.7804
17003.6 28.784
17031.4 28.7876
17059.2 28.7912
17087 28.7948
17114.8 28.7984
17142.6 28.802
17170.4 28.8056
17198.2 28.8092
17226 28.8127
17253.8 28.8163
17281.6 28.8198
17309.4 28.8234
17337.3 28.827
17365.1 28.8305
17392.9 28.834
17420.8 28.8376
17448.6 28.8411
17476.4 28.8446
17504.3 28.8481
17532.1 28.8516
17560 28.8551
17587.8 28.8586
17615.7 28.8621
17643.6 28.8656
17671.4 28.8691
17699.3 28.8725
17727.2 28.876
17755 28.8795
17782.9 28.8829
17810.8 28.8864
17838.7 28.8898
17866.6 28.8933
17894.5 28.8967
17922.4 28.9001
17950.3 28.9036
17978.2 28.907
18006.1 28.9104
18034 28.9138
18061.9 28.9172
18089.8 28.9206
18117.7 28.924
18145.7 28.9274
18173.6 28.9307
18201.5 28.9341
18229.5 28.9375
18257.4 28.9408
18285.3 28.9442
18313.3 28.9475
18341.2 28.9509
18369.2 28.9542
18397.1 28.9576
18425.1 28.9609
18453.1 28.9642
18481 28.9676
18509 28.9709
18537 28.9742
18564.9 28.9775
18592.9 28.9808
18620.9 28.9841
18648.9 28.9874
18676.9 28.9907
18704.8 28.9939
18732.8 28.9972
18760.8 29.0005
18788.8 29.0037
18816.8 29.007
18844.9 29.0103
18872.9 29.0135
18900.9 29.0168
18928.9 29.02
18956.9 29.0232
18984.9 29.0265
19013 29.0297
19041 29.0329
19069 29.0361
19097.1 29.0393
19125.1 29.0425
19153.1 29.0457
19181.2 29.0489
19209.2 29.0521
19237.3 29.0553
19265.3 29.0585
19293.4 29.0617
19321.5 29.0648
19349.5 29.068
19377.6 29.0712
19405.7 29.0743
19433.7 29.0775
19461.8 29.0806
19489.9 29.0838
19518 29.0869
19546.1 29.09
19574.2 29.0932
19602.3 29.0963
19630.3 29.0994
19658.4 29.1025
19686.6 29.1056
19714.7 29.1087
19742.8 29.1118
19770.9 29.1149
19799 29.118
19827.1 29.1211
19855.2 29.1242
19883.4 29.1273
19911.5 29.1304
19939.6 29.1334
19967.7 29.1365
19995.9 29.1396
20024 29.1426
20052.2 29.1457
20080.3 29.1487
20108.5 29.1518
20136.6 29.1548
20164.8 29.1578
20192.9 29.1609
20221.1 29.1639
20249.2 29.1669
20277.4 29.1699
20305.6 29.1729
20333.8 29.176
20361.9 29.179
20390.1 29.182
20418.3 29.185
20446.5 29.1879
20474.7 29.1909
20502.9 29.1939
20531.1 29.1969
20559.3 29.1999
20587.4 29.2028
20615.7 29.2058
20643.9 29.2088
20672.1 29.2117
20700.3 29.2147
20728.5 29.2176
20756.7 29.2206
20784.9 29.2235
20813.2 29.2265
20841.4 29.2294
20869.6 29.2323
20897.8 29.2352
20926.1 29.2382
20954.3 29.2411
20982.6 29.244
21010.8 29.2469
21039 29.2498
21067.3 29.2527
21095.5 29.2556
21123.8 29.2585
21152.1 29.2614
21180.3 29.2643
21208.6 29.2671
21236.9 29.27
21265.1 29.2729
21293.4 29.2758
21321.7 29.2786
21349.9 29.2815
21378.2 29.2843
21406.5 29.2872
21434.8 29.29
21463.1 29.2929
21491.4 29.2957
21519.7 29.2986
21548 29.3014
21576.3 29.3042
21604.6 29.3071
21632.9 29.3099
21661.2 29.3127
21689.5 29.3155
21717.8 29.3183
21746.2 29.3211
21774.5 29.3239
21802.8 29.3267
21831.1 29.3295
21859.5 29.3323
21887.8 29.3351
21916.1 29.3379
21944.5 29.3407
21972.8 29.3435
22001.1 29.3462
22029.5 29.349
22057.8 29.3518
22086.2 29.3545
22114.5 29.3573
22142.9 29.36
22171.3 29.3628
22199.6 29.3655
22228 29.3683
22256.4 29.371
22284.7 29.3738
22313.1 29.3765
22341.5 29.3792
22369.9 29.382
22398.2 29.3847
22426.6 29.3874
22455 29.3901
22483.4 29.3928
22511.8 29.3955
22540.2 29.3982
22568.6 29.4009
22597 29.4036
22625.4 29.4063
22653.8 29.409
22682.2 29.4117
22710.6 29.4144
22739 29.4171
22767.5 29.4198
22795.9 29.4224
22824.3 29.4251
22852.7 29.4278
22881.1 29.4304
22909.6 29.4331
22938 29.4357
22966.4 29.4384
22994.9 29.441
23023.3 29.4437
23051.8 29.4463
23080.2 29.449
23108.7 29.4516
23137.1 29.4542
23165.6 29.4569
23194 29.4595
23222.5 29.4621
23251 29.4647
23279.4 29.4674
23307.9 29.47
23336.4 29.4726
23364.8 29.4752
23393.3 29.4778
23421.8 29.4804
23450.3 29.483
23478.7 29.4856
23507.2 29.4882
23535.7 29.4908
23564.2 29.4933
23592.7 29.4959
23621.2 29.4985
23649.7 29.5011
23678.2 29.5036
23706.7 29.5062
23735.2 29.5088
23763.7 29.5113
23792.2 29.5139
23820.7 29.5164
23849.3 29.519
23877.8 29.5215
23906.3 29.5241
23934.8 29.5266
23963.3 29.5292
23991.9 29.5317
24020.4 29.5342
24048.9 29.5368
24077.5 29.5393
24106 29.5418
24134.6 29.5443
24163.1 29.5469
24191.7 29.5494
24220.2 29.5519
24248.8 29.5544
24277.3 29.5569
24305.9 29.5594
24334.4 29.5619
24363 29.5644
24391.6 29.5669
24420.1 29.5694
24448.7 29.5719
24477.3 29.5744
24505.8 29.5768
24534.4 29.5793
24563 29.5818
24591.6 29.5843
24620.2 29.5867
24648.7 29.5892
24677.3 29.5917
24705.9 29.5941
24734.5 29.5966
24763.1 29.599
24791.7 29.6015
24820.3 29.6039
24848.9 29.6064
24877.5 29.6088
24906.1 29.6113
24934.7 29.6137
24963.4 29.6161
24992 29.6186
25020.6 29.621
25049.2 29.6234
25077.8 29.6258
25106.5 29.6283
25135.1 29.6307
25163.7 29.6331
25192.4 29.6355
25221 29.6379
25249.6 29.6403
25278.3 29.6427
25306.9 29.6451
25335.6 29.6475
25364.2 29.6499
25392.9 29.6523
25421.5 29.6547
25450.2 29.6571
25478.8 29.6595
25507.5 29.6618
25536.1 29.6642
25564.8 29.6666
25593.5 29.669
25622.1 29.6713
25650.8 29.6737
25679.5 29.6761
25708.2 29.6784
25736.8 29.6808
25765.5 29.6831
25794.2 29.6855
25822.9 29.6878
25851.6 29.6902
25880.3 29.6925
25909 29.6949
25937.7 29.6972
25966.4 29.6996
25995.1 29.7019
26023.8 29.7042
26052.5 29.7065
26081.2 29.7089
26109.9 29.7112
26138.6 29.7135
26167.3 29.7158
26196 29.7182
26224.7 29.7205
26253.5 29.7228
26282.2 29.7251
26310.9 29.7274
26339.6 29.7297
26368.4 29.732
26397.1 29.7343
26425.8 29.7366
26454.6 29.7389
26483.3 29.7412
26512 29.7435
26540.8 29.7457
26569.5 29.748
26598.3 29.7503
26627 29.7526
26655.8 29.7549
26684.5 29.7571
26713.3 29.7594
26742.1 29.7617
26770.8 29.7639
26799.6 29.7662
26828.3 29.7685
26857.1 29.7707
26885.9 29.773
26914.7 29.7752
26943.4 29.7775
26972.2 29.7797
27001 29.782
27029.8 29.7842
27058.6 29.7864
27087.3 29.7887
27116.1 29.7909
27144.9 29.7931
27173.7 29.7954
27202.5 29.7976
27231.3 29.7998
27260.1 29.802
27288.9 29.8043
27317.7 29.8065
27346.5 29.8087
27375.3 29.8109
27404.1 29.8131
27433 29.8153
27461.8 29.8175
27490.6 29.8197
27519.4 29.8219
27548.2 29.8241
27577.1 29.8263
27605.9 29.8285
27634.7 29.8307
27663.5 29.8329
27692.4 29.8351
27721.2 29.8373
27750 29.8395
27778.9 29.8416
27807.7 29.8438
27836.6 29.846
27865.4 29.8482
27894.3 29.8503
27923.1 29.8525
27952 29.8547
27980.8 29.8568
28009.7 29.859
28038.5 29.8612
28067.4 29.8633
28096.3 29.8655
28125.1 29.8676
28154 29.8698
28182.9 29.8719
28211.7 29.8741
28240.6 29.8762
28269.5 29.8783
28298.4 29.8805
28327.2 29.8826
28356.1 29.8848
28385 29.8869
28413.9 29.889
28442.8 29.8911
28471.7 29.8933
28500.6 29.8954
28529.5 29.8975
28558.4 29.8996
28587.3 29.9017
28616.2 29.9039
28645.1 29.906
28674 29.9081
28702.9 29.9102
28731.8 29.9123
28760.7 29.9144
28789.6 29.9165
28818.5 29.9186
28847.5 29.9207
28876.4 29.9228
28905.3 29.9249
28934.2 29.927
28963.1 29.9291
28992.1 29.9311
29021 29.9332
29049.9 29.9353
29078.9 29.9374
29107.8 29.9395
29136.8 29.9415
29165.7 29.9436
29194.6 29.9457
29223.6 29.9477
29252.5 29.9498
29281.5 29.9519
29310.4 29.9539
29339.4 29.956
29368.3 29.9581
29397.3 29.9601
29426.3 29.9622
29455.2 29.9642
29484.2 29.9663
29513.2 29.9683
29542.1 29.9704
29571.1 29.9724
29600.1 29.9744
29629 29.9765
29658 29.9785
29687 29.9806
29716 29.9826
29745 29.9846
29773.9 29.9866
29802.9 29.9887
29831.9 29.9907
29860.9 29.9927
29889.9 29.9947
29918.9 29.9968
29947.9 29.9988
29976.9 30.0008
30005.9 30.0028
30034.9 30.0048
30063.9 30.0068
30092.9 30.0088
30121.9 30.0108
30150.9 30.0128
30179.9 30.0148
30209 30.0168
30238 30.0188
30267 30.0208
30296 30.0228
30325 30.0248
30354.1 30.0268
30383.1 30.0288
30412.1 30.0308
30441.1 30.0328
30470.2 30.0347
30499.2 30.0367
30528.3 30.0387
30557.3 30.0407
30586.3 30.0426
30615.4 30.0446
30644.4 30.0466
30673.5 30.0486
30702.5 30.0505
30731.6 30.0525
30760.6 30.0545
30789.7 30.0564
30818.7 30.0584
30847.8 30.0603
30876.9 30.0623
30905.9 30.0642
30935 30.0662
30964 30.0681
30993.1 30.0701
31022.2 30.072
31051.3 30.074
31080.3 30.0759
31109.4 30.0779
31138.5 30.0798
31167.6 30.0817
31196.6 30.0837
31225.7 30.0856
31254.8 30.0875
31283.9 30.0895
31313 30.0914
31342.1 30.0933
31371.2 30.0952
31400.3 30.0971
31429.4 30.0991
31458.5 30.101
31487.6 30.1029
31516.7 30.1048
31545.8 30.1067
31574.9 30.1086
31604 30.1105
31633.1 30.1124
31662.2 30.1143
31691.3 30.1162
31720.5 30.1181
31749.6 30.12
31778.7 30.1219
31807.8 30.1238
31836.9 30.1257
31866.1 30.1276
31895.2 30.1295
31924.3 30.1314
31953.4 30.1333
31982.6 30.1352
32011.7 30.1371
32040.9 30.1389
32070 30.1408
32099.1 30.1427
32128.3 30.1446
32157.4 30.1464
32186.6 30.1483
32215.7 30.1502
32244.9 30.1521
32274 30.1539
32303.2 30.1558
32332.3 30.1576
32361.5 30.1595
32390.6 30.1614
32419.8 30.1632
32449 30.1651
32478.1 30.1669
32507.3 30.1688
32536.5 30.1706
32565.6 30.1725
32594.8 30.1743
32624 30.1762
32653.2 30.178
32682.3 30.1799
32711.5 30.1817
32740.7 30.1836
32769.9 30.1854
32799.1 30.1872
32828.3 30.1891
32857.4 30.1909
32886.6 30.1927
32915.8 30.1946
32945 30.1964
32974.2 30.1982
33003.4 30.2
33032.6 30.2019
33061.8 30.2037
33091 30.2055
33120.2 30.2073
33149.4 30.2091
33178.6 30.2109
33207.9 30.2128
33237.1 30.2146
33266.3 30.2164
33295.5 30.2182
33324.7 30.22
33353.9 30.2218
33383.2 30.2236
33412.4 30.2254
33441.6 30.2272
33470.8 30.229
33500.1 30.2308
33529.3 30.2326
33558.5 30.2344
33587.8 30.2362
33617 30.238
33646.2 30.2397
33675.5 30.2415
33704.7 30.2433
33734 30.2451
33763.2 30.2469
33792.5 30.2487
33821.7 30.2504
33851 30.2522
33880.2 30.254
33909.5 30.2558
33938.7 30.2575
33968 30.2593
33997.2 30.2611
34026.5 30.2629
34055.8 30.2646
34085 30.2664
34114.3 30.2681
34143.6 30.2699
34172.8 30.2717
34202.1 30.2734
34231.4 30.2752
34260.6 30.2769
34289.9 30.2787
34319.2 30.2804
34348.5 30.2822
34377.8 30.2839
34407 30.2857
34436.3 30.2874
34465.6 30.2892
34494.9 30.2909
34524.2 30.2927
34553.5 30.2944
34582.8 30.2961
34612.1 30.2979
34641.4 30.2996
34670.7 30.3013
34700 30.3031
34729.3 30.3048
34758.6 30.3065
34787.9 30.3083
34817.2 30.31
34846.5 30.3117
34875.8 30.3134
34905.1 30.3152
34934.5 30.3169
34963.8 30.3186
34993.1 30.3203
35022.4 30.322
35051.7 30.3237
35081.1 30.3255
35110.4 30.3272
35139.7 30.3289
35169 30.3306
35198.4 30.3323
35227.7 30.334
35257 30.3357
35286.4 30.3374
35315.7 30.3391
35345 30.3408
35374.4 30.3425
35403.7 30.3442
35433.1 30.3459
35462.4 30.3476
35491.8 30.3493
35521.1 30.351
35550.5 30.3527
35579.8 30.3544
35609.2 30.356
35638.5 30.3577
35667.9 30.3594
35697.3 30.3611
35726.6 30.3628
35756 30.3645
35785.3 30.3661
35814.7 30.3678
35844.1 30.3695
35873.4 30.3712
35902.8 30.3728
35932.2 30.3745
35961.6 30.3762
35990.9 30.3778
36020.3 30.3795
36049.7 30.3812
36079.1 30.3828
36108.5 30.3845
36137.8 30.3862
36167.2 30.3878
36196.6 30.3895
36226 30.3911
36255.4 30.3928
36284.8 30.3944
36314.2 30.3961
36343.6 30.3977
36373 30.3994
36402.4 30.401
36431.8 30.4027
36461.2 30.4043
36490.6 30.406
36520 30.4076
36549.4 30.4093
36578.8 30.4109
36608.2 30.4125
36637.6 30.4142
36667 30.4158
36696.5 30.4174
36725.9 30.4191
36755.3 30.4207
36784.7 30.4223
36814.1 30.424
36843.6 30.4256
36873 30.4272
36902.4 30.4289
36931.8 30.4305
36961.3 30.4321
36990.7 30.4337
37020.1 30.4353
37049.6 30.437
37079 30.4386
37108.5 30.4402
37137.9 30.4418
37167.3 30.4434
37196.8 30.445
37226.2 30.4466
37255.7 30.4483
37285.1 30.4499
37314.6 30.4515
37344 30.4531
37373.5 30.4547
37402.9 30.4563
37432.4 30.4579
37461.8 30.4595
37491.3 30.4611
37520.8 30.4627
37550.2 30.4643
37579.7 30.4659
37609.2 30.4675
37638.6 30.4691
37668.1 30.4707
37697.6 30.4722
37727 30.4738
37756.5 30.4754
37786 30.477
37815.5 30.4786
37844.9 30.4802
37874.4 30.4818
37903.9 30.4833
37933.4 30.4849
37962.9 30.4865
37992.4 30.4881
38021.8 30.4897
38051.3 30.4912
38080.8 30.4928
38110.3 30.4944
38139.8 30.4959
38169.3 30.4975
38198.8 30.4991
38228.3 30.5007
38257.8 30.5022
38287.3 30.5038
38316.8 30.5053
38346.3 30.5069
38375.8 30.5085
38405.3 30.51
38434.8 30.5116
38464.4 30.5131
38493.9 30.5147
38523.4 30.5163
38552.9 30.5178
38582.4 30.5194
38611.9 30.5209
38641.5 30.5225
38671 30.524
38700.5 30.5256
38730 30.5271
38759.6 30.5287
38789.1 30.5302
38818.6 30.5317
38848.2 30.5333
38877.7 30.5348
38907.2 30.5364
38936.8 30.5379
38966.3 30.5394
38995.8 30.541
39025.4 30.5425
39054.9 30.544
39084.5 30.5456
39114 30.5471
39143.6 30.5486
39173.1 30.5502
39202.7 30.5517
39232.2 30.5532
39261.8 30.5547
39291.3 30.5563
39320.9 30.5578
39350.4 30.5593
39380 30.5608
39409.5 30.5623
39439.1 30.5639
39468.7 30.5654
39498.2 30.5669
39527.8 30.5684
39557.4 30.5699
39586.9 30.5714
39616.5 30.5729
39646.1 30.5744
39675.7 30.576
39705.2 30.5775
39734.8 30.579
39764.4 30.5805
39794 30.582
39823.6 30.5835
39853.1 30.585
39882.7 30.5865
39912.3 30.588
39941.9 30.5895
39971.5 30.591
40001.1 30.5925
40030.7 30.594
40060.3 30.5955
40089.9 30.597
40119.5 30.5984
40149.1 30.5999
40178.7 30.6014
40208.3 30.6029
40237.9 30.6044
40267.5 30.6059
40297.1 30.6074
40326.7 30.6089
40356.3 30.6103
40385.9 30.6118
40415.5 30.6133
40445.1 30.6148
40474.7 30.6162
40504.4 30.6177
40534 30.6192
40563.6 30.6207
40593.2 30.6221
40622.8 30.6236
40652.5 30.6251
40682.1 30.6266
40711.7 30.628
40741.3 30.6295
40771 30.631
40800.6 30.6324
40830.2 30.6339
40859.9 30.6354
40889.5 30.6368
40919.1 30.6383
40948.8 30.6397
40978.4 30.6412
41008.1 30.6427
41037.7 30.6441
41067.3 30.6456
41097 30.647
41126.6 30.6485
41156.3 30.6499
41185.9 30.6514
41215.6 30.6528
41245.2 30.6543
41274.9 30.6557
41304.6 30.6572
41334.2 30.6586
41363.9 30.6601
41393.5 30.6615
41423.2 30.6629
41452.9 30.6644
41482.5 30.6658
41512.2 30.6673
41541.8 30.6687
41571.5 30.6701
41601.2 30.6716
41630.9 30.673
41660.5 30.6745
41690.2 30.6759
41719.9 30.6773
41749.6 30.6787
41779.2 30.6802
41808.9 30.6816
41838.6 30.683
41868.3 30.6845
41898 30.6859
41927.7 30.6873
41957.3 30.6887
41987 30.6902
42016.7 30.6916
42046.4 30.693
42076.1 30.6944
42105.8 30.6958
42135.5 30.6973
42165.2 30.6987
42194.9 30.7001
42224.6 30.7015
42254.3 30.7029
42284 30.7043
42313.7 30.7057
42343.4 30.7071
42373.1 30.7086
42402.8 30.71
42432.5 30.7114
42462.2 30.7128
42491.9 30.7142
42521.7 30.7156
42551.4 30.717
42581.1 30.7184
42610.8 30.7198
42640.5 30.7212
42670.3 30.7226
42700 30.724
42729.7 30.7254
42759.4 30.7268
42789.2 30.7282
42818.9 30.7296
42848.6 30.731
42878.3 30.7324
42908.1 30.7338
42937.8 30.7351
42967.5 30.7365
42997.3 30.7379
43027 30.7393
43056.8 30.7407
43086.5 30.7421
43116.2 30.7435
43146 30.7448
43175.7 30.7462
43205.5 30.7476
43235.2 30.749
43265 30.7504
43294.7 30.7517
43324.5 30.7531
43354.2 30.7545
43384 30.7559
43413.7 30.7573
43443.5 30.7586
43473.3 30.76
43503 30.7614
43532.8 30.7627
43562.5 30.7641
43592.3 30.7655
43622.1 30.7668
43651.8 30.7682
43681.6 30.7696
43711.4 30.7709
43741.1 30.7723
43770.9 30.7737
43800.7 30.775
43830.5 30.7764
43860.2 30.7778
43890 30.7791
43919.8 30.7805
43949.6 30.7818
43979.4 30.7832
44009.1 30.7845
44038.9 30.7859
44068.7 30.7872
44098.5 30.7886
44128.3 30.79
44158.1 30.7913
44187.9 30.7927
44217.7 30.794
44247.5 30.7954
44277.3 30.7967
44307.1 30.798
44336.8 30.7994
44366.6 30.8007
44396.4 30.8021
44426.3 30.8034
44456.1 30.8048
44485.9 30.8061
44515.7 30.8074
44545.5 30.8088
44575.3 30.8101
44605.1 30.8115
44634.9 30.8128
44664.7 30.8141
44694.5 30.8155
44724.3 30.8168
44754.2 30.8181
44784 30.8195
44813.8 30.8208
44843.6 30.8221
44873.4 30.8234
44903.3 30.8248
44933.1 30.8261
44962.9 30.8274
44992.7 30.8287
45022.6 30.8301
45052.4 30.8314
45082.2 30.8327
45112.1 30.834
45141.9 30.8354
45171.7 30.8367
45201.6 30.838
45231.4 30.8393
45261.2 30.8406
45291.1 30.8419
45320.9 30.8433
45350.8 30.8446
45380.6 30.8459
45410.5 30.8472
45440.3 30.8485
45470.2 30.8498
45500 30.8511
45529.9 30.8524
45559.7 30.8537
45589.6 30.855
45619.4 30.8564
45649.3 30.8577
45679.1 30.859
45709 30.8603
45738.9 30.8616
45768.7 30.8629
45798.6 30.8642
45828.4 30.8655
45858.3 30.8668
45888.2 30.8681
45918.1 30.8694
45947.9 30.8707
45977.8 30.872
46007.7 30.8732
46037.5 30.8745
46067.4 30.8758
46097.3 30.8771
46127.2 30.8784
46157 30.8797
46186.9 30.881
46216.8 30.8823
46246.7 30.8836
46276.6 30.8849
46306.5 30.8861
46336.3 30.8874
46366.2 30.8887
46396.1 30.89
46426 30.8913
46455.9 30.8926
46485.8 30.8938
46515.7 30.8951
46545.6 30.8964
46575.5 30.8977
46605.4 30.899
46635.3 30.9002
46665.2 30.9015
46695.1 30.9028
46725 30.9041
46754.9 30.9053
46784.8 30.9066
46814.7 30.9079
46844.6 30.9091
46874.5 30.9104
46904.4 30.9117
46934.3 30.9129
46964.2 30.9142
46994.2 30.9155
47024.1 30.9167
47054 30.918
47083.9 30.9193
47113.8 30.9205
47143.8 30.9218
47173.7 30.9231
47203.6 30.9243
47233.5 30.9256
47263.4 30.9268
47293.4 30.9281
47323.3 30.9294
47353.2 30.9306
47383.2 30.9319
47413.1 30.9331
47443 30.9344
47473 30.9356
47502.9 30.9369
47532.8 30.9381
47562.8 30.9394
47592.7 30.9406
47622.7 30.9419
47652.6 30.9431
47682.5 30.9444
47712.5 30.9456
47742.4 30.9469
47772.4 30.9481
47802.3 30.9494
47832.3 30.9506
47862.2 30.9518
47892.2 30.9531
47922.1 30.9543
47952.1 30.9556
47982 30.9568
48012 30.958
48041.9 30.9593
48071.9 30.9605
48101.9 30.9618
48131.8 30.963
48161.8 30.9642
48191.8 30.9655
48221.7 30.9667
48251.7 30.9679
48281.7 30.9692
48311.6 30.9704
48341.6 30.9716
48371.6 30.9729
48401.5 30.9741
48431.5 30.9753
48461.5 30.9765
48491.5 30.9778
48521.4 30.979
48551.4 30.9802
48581.4 30.9814
48611.4 30.9827
48641.4 30.9839
48671.4 30.9851
48701.3 30.9863
48731.3 30.9875
48761.3 30.9888
48791.3 30.99
48821.3 30.9912
48851.3 30.9924
48881.3 30.9936
48911.3 30.9948
48941.3 30.9961
48971.3 30.9973
49001.3 30.9985
49031.3 30.9997
49061.3 31.0009
49091.3 31.0021
49121.3 31.0033
49151.3 31.0045
49181.3 31.0057
49211.3 31.007
49241.3 31.0082
49271.3 31.0094
49301.3 31.0106
49331.3 31.0118
49361.3 31.013
49391.3 31.0142
49421.3 31.0154
49451.4 31.0166
49481.4 31.0178
49511.4 31.019
49541.4 31.0202
49571.4 31.0214
49601.5 31.0226
49631.5 31.0238
49661.5 31.025
49691.5 31.0262
49721.6 31.0274
49751.6 31.0286
49781.6 31.0298
49811.6 31.0309
49841.7 31.0321
49871.7 31.0333
49901.7 31.0345
49931.8 31.0357
49961.8 31.0369
49991.8 31.0381
50021.9 31.0393
50051.9 31.0405
50082 31.0416
50112 31.0428
50142 31.044
50172.1 31.0452
50202.1 31.0464
50232.2 31.0476
50262.2 31.0487
50292.3 31.0499
50322.3 31.0511
50352.4 31.0523
50382.4 31.0535
50412.5 31.0546
50442.5 31.0558
50472.6 31.057
50502.6 31.0582
50532.7 31.0593
50562.8 31.0605
50592.8 31.0617
50622.9 31.0629
50652.9 31.064
50683 31.0652
50713.1 31.0664
50743.1 31.0676
50773.2 31.0687
50803.3 31.0699
50833.4 31.0711
50863.4 31.0722
50893.5 31.0734
50923.6 31.0746
50953.6 31.0757
50983.7 31.0769
51013.8 31.0781
51043.9 31.0792
51073.9 31.0804
51104 31.0815
51134.1 31.0827
51164.2 31.0839
51194.3 31.085
51224.4 31.0862
51254.4 31.0873
51284.5 31.0885
51314.6 31.0896
51344.7 31.0908
51374.8 31.092
51404.9 31.0931
51435 31.0943
51465.1 31.0954
51495.2 31.0966
51525.3 31.0977
51555.4 31.0989
51585.5 31.1
51615.6 31.1012
51645.7 31.1023
51675.8 31.1035
51705.9 31.1046
51736 31.1058
51766.1 31.1069
51796.2 31.1081
51826.3 31.1092
51856.4 31.1103
51886.5 31.1115
51916.6 31.1126
51946.8 31.1138
51976.9 31.1149
52007 31.1161
52037.1 31.1172
52067.2 31.1183
52097.3 31.1195
52127.4 31.1206
52157.6 31.1217
52187.7 31.1229
52217.8 31.124
52247.9 31.1252
52278.1 31.1263
52308.2 31.1274
52338.3 31.1286
52368.4 31.1297
52398.6 31.1308
52428.7 31.132
52458.8 31.1331
52489 31.1342
52519.1 31.1353
52549.2 31.1365
52579.4 31.1376
52609.5 31.1387
52639.7 31.1399
52669.8 31.141
52699.9 31.1421
52730.1 31.1432
52760.2 31.1444
52790.4 31.1455
52820.5 31.1466
52850.7 31.1477
52880.8 31.1488
52911 31.15
52941.1 31.1511
52971.3 31.1522
53001.4 31.1533
53031.6 31.1544
53061.7 31.1556
53091.9 31.1567
53122 31.1578
53152.2 31.1589
53182.3 31.16
53212.5 31.1611
53242.7 31.1622
53272.8 31.1634
53303 31.1645
53333.2 31.1656
53363.3 31.1667
53393.5 31.1678
53423.7 31.1689
53453.8 31.17
53484 31.1711
53514.2 31.1722
53544.3 31.1733
53574.5 31.1744
53604.7 31.1756
53634.9 31.1767
53665 31.1778
53695.2 31.1789
53725.4 31.18
53755.6 31.1811
53785.8 31.1822
53815.9 31.1833
53846.1 31.1844
53876.3 31.1855
53906.5 31.1866
53936.7 31.1877
53966.9 31.1888
53997.1 31.1899
54027.2 31.191
54057.4 31.1921
54087.6 31.1932
54117.8 31.1942
54148 31.1953
54178.2 31.1964
54208.4 31.1975
54238.6 31.1986
54268.8 31.1997
54299 31.2008
54329.2 31.2019
54359.4 31.203
54389.6 31.2041
54419.8 31.2052
54450 31.2062
54480.2 31.2073
54510.4 31.2084
54540.6 31.2095
54570.9 31.2106
54601.1 31.2117
54631.3 31.2128
54661.5 31.2138
54691.7 31.2149
54721.9 31.216
54752.1 31.2171
54782.3 31.2182
54812.6 31.2193
54842.8 31.2203
54873 31.2214
54903.2 31.2225
54933.4 31.2236
54963.7 31.2246
54993.9 31.2257
55024.1 31.2268
55054.4 31.2279
55084.6 31.2289
55114.8 31.23
55145 31.2311
55175.3 31.2322
55205.5 31.2332
55235.7 31.2343
55266 31.2354
55296.2 31.2365
55326.4 31.2375
55356.7 31.2386
55386.9 31.2397
55417.2 31.2407
55447.4 31.2418
55477.6 31.2429
55507.9 31.2439
55538.1 31.245
55568.4 31.2461
55598.6 31.2471
55628.9 31.2482
55659.1 31.2493
55689.4 31.2503
55719.6 31.2514
55749.9 31.2524
55780.1 31.2535
55810.4 31.2546
55840.6 31.2556
55870.9 31.2567
55901.1 31.2577
55931.4 31.2588
55961.7 31.2599
55991.9 31.2609
56022.2 31.262
56052.4 31.263
56082.7 31.2641
56113 31.2651
56143.2 31.2662
56173.5 31.2672
56203.8 31.2683
56234 31.2693
56264.3 31.2704
56294.6 31.2715
56324.8 31.2725
56355.1 31.2736
56385.4 31.2746
56415.7 31.2756
56445.9 31.2767
56476.2 31.2777
56506.5 31.2788
56536.8 31.2798
56567.1 31.2809
56597.3 31.2819
56627.6 31.283
56657.9 31.284
56688.2 31.2851
56718.5 31.2861
56748.8 31.2871
56779 31.2882
56809.3 31.2892
56839.6 31.2903
56869.9 31.2913
56900.2 31.2923
56930.5 31.2934
56960.8 31.2944
56991.1 31.2955
57021.4 31.2965
57051.7 31.2975
57082 31.2986
57112.3 31.2996
57142.6 31.3006
57172.9 31.3017
57203.2 31.3027
57233.5 31.3037
57263.8 31.3048
57294.1 31.3058
57324.4 31.3068
57354.7 31.3079
57385 31.3089
57415.3 31.3099
57445.6 31.311
57475.9 31.312
57506.2 31.313
57536.6 31.314
57566.9 31.3151
57597.2 31.3161
57627.5 31.3171
57657.8 31.3182
57688.1 31.3192
57718.5 31.3202
57748.8 31.3212
57779.1 31.3222
57809.4 31.3233
57839.7 31.3243
57870.1 31.3253
57900.4 31.3263
57930.7 31.3274
57961 31.3284
57991.4 31.3294
58021.7 31.3304
58052 31.3314
58082.4 31.3324
58112.7 31.3335
58143 31.3345
58173.4 31.3355
58203.7 31.3365
58234 31.3375
58264.4 31.3385
58294.7 31.3396
58325.1 31.3406
58355.4 31.3416
58385.7 31.3426
58416.1 31.3436
58446.4 31.3446
58476.8 31.3456
58507.1 31.3466
58537.5 31.3476
58567.8 31.3487
58598.1 31.3497
58628.5 31.3507
58658.9 31.3517
58689.2 31.3527
58719.6 31.3537
58749.9 31.3547
58780.3 31.3557
58810.6 31.3567
58841 31.3577
58871.3 31.3587
58901.7 31.3597
58932.1 31.3607
58962.4 31.3617
58992.8 31.3627
59023.1 31.3637
59053.5 31.3647
59083.9 31.3657
59114.2 31.3667
59144.6 31.3677
59175 31.3687
59205.3 31.3697
59235.7 31.3707
59266.1 31.3717
59296.4 31.3727
59326.8 31.3737
59357.2 31.3747
59387.6 31.3757
59417.9 31.3767
59448.3 31.3777
59478.7 31.3787
59509.1 31.3797
59539.5 31.3807
59569.8 31.3817
59600.2 31.3826
59630.6 31.3836
59661 31.3846
59691.4 31.3856
59721.8 31.3866
59752.1 31.3876
59782.5 31.3886
59812.9 31.3896
59843.3 31.3906
59873.7 31.3915
59904.1 31.3925
59934.5 31.3935
59964.9 31.3945
59995.3 31.3955
60025.7 31.3965
60056.1 31.3974
60086.5 31.3984
60116.9 31.3994
60147.3 31.4004
60177.7 31.4014
60208.1 31.4024
60238.5 31.4033
60268.9 31.4043
60299.3 31.4053
60329.7 31.4063
60360.1 31.4072
60390.5 31.4082
60420.9 31.4092
60451.3 31.4102
60481.7 31.4112
60512.1 31.4121
60542.5 31.4131
60573 31.4141
60603.4 31.4151
60633.8 31.416
60664.2 31.417
60694.6 31.418
60725 31.4189
60755.5 31.4199
60785.9 31.4209
60816.3 31.4219
60846.7 31.4228
60877.1 31.4238
60907.6 31.4248
60938 31.4257
60968.4 31.4267
60998.8 31.4277
61029.3 31.4286
61059.7 31.4296
61090.1 31.4306
61120.6 31.4315
61151 31.4325
61181.4 31.4335
61211.8 31.4344
61242.3 31.4354
61272.7 31.4364
61303.2 31.4373
61333.6 31.4383
61364 31.4392
61394.5 31.4402
61424.9 31.4412
61455.3 31.4421
61485.8 31.4431
61516.2 31.444
61546.7 31.445
61577.1 31.446
61607.6 31.4469
61638 31.4479
61668.5 31.4488
61698.9 31.4498
61729.4 31.4507
61759.8 31.4517
61790.3 31.4527
61820.7 31.4536
61851.2 31.4546
61881.6 31.4555
61912.1 31.4565
61942.5 31.4574
61973 31.4584
62003.4 31.4593
62033.9 31.4603
62064.4 31.4612
62094.8 31.4622
62125.3 31.4631
62155.8 31.4641
62186.2 31.465
62216.7 31.466
62247.2 31.4669
62277.6 31.4679
62308.1 31.4688
62338.6 31.4698
62369 31.4707
62399.5 31.4716
62430 31.4726
62460.4 31.4735
62490.9 31.4745
62521.4 31.4754
62551.9 31.4764
62582.3 31.4773
62612.8 31.4782
62643.3 31.4792
62673.8 31.4801
62704.3 31.4811
62734.7 31.482
62765.2 31.4829
62795.7 31.4839
62826.2 31.4848
62856.7 31.4858
62887.2 31.4867
62917.6 31.4876
62948.1 31.4886
62978.6 31.4895
63009.1 31.4904
63039.6 31.4914
63070.1 31.4923
63100.6 31.4932
63131.1 31.4942
63161.6 31.4951
63192.1 31.496
63222.6 31.497
63253.1 31.4979
63283.6 31.4988
63314.1 31.4998
63344.6 31.5007
63375.1 31.5016
63405.6 31.5026
63436.1 31.5035
63466.6 31.5044
63497.1 31.5054
63527.6 31.5063
63558.1 31.5072
63588.6 31.5081
63619.1 31.5091
63649.6 31.51
63680.1 31.5109
63710.6 31.5118
63741.1 31.5128
63771.6 31.5137
63802.2 31.5146
63832.7 31.5155
63863.2 31.5165
63893.7 31.5174
63924.2 31.5183
63954.7 31.5192
63985.3 31.5201
64015.8 31.5211
64046.3 31.522
64076.8 31.5229
64107.4 31.5238
64137.9 31.5247
64168.4 31.5257
64198.9 31.5266
64229.5 31.5275
64260 31.5284
64290.5 31.5293
64321 31.5302
64351.6 31.5312
64382.1 31.5321
64412.6 31.533
64443.2 31.5339
64473.7 31.5348
64504.2 31.5357
64534.8 31.5366
64565.3 31.5376
64595.8 31.5385
64626.4 31.5394
64656.9 31.5403
64687.5 31.5412
64718 31.5421
64748.5 31.543
64779.1 31.5439
64809.6 31.5448
64840.2 31.5457
64870.7 31.5467
64901.3 31.5476
64931.8 31.5485
64962.4 31.5494
64992.9 31.5503
65023.5 31.5512
65054 31.5521
65084.6 31.553
65115.1 31.5539
65145.7 31.5548
65176.2 31.5557
65206.8 31.5566
65237.3 31.5575
65267.9 31.5584
65298.5 31.5593
65329 31.5602
65359.6 31.5611
65390.1 31.562
65420.7 31.5629
65451.3 31.5638
65481.8 31.5647
65512.4 31.5656
65543 31.5665
65573.5 31.5674
65604.1 31.5683
65634.7 31.5692
65665.2 31.5701
65695.8 31.571
65726.4 31.5719
65756.9 31.5728
65787.5 31.5737
65818.1 31.5746
65848.7 31.5755
65879.2 31.5764
65909.8 31.5773
65940.4 31.5782
65971 31.579
66001.6 31.5799
66032.1 31.5808
66062.7 31.5817
66093.3 31.5826
66123.9 31.5835
66154.5 31.5844
66185 31.5853
66215.6 31.5862
66246.2 31.5871
66276.8 31.5879
66307.4 31.5888
66338 31.5897
66368.6 31.5906
66399.2 31.5915
66429.8 31.5924
66460.3 31.5933
66490.9 31.5941
66521.5 31.595
66552.1 31.5959
66582.7 31.5968
66613.3 31.5977
66643.9 31.5986
66674.5 31.5995
66705.1 31.6003
66735.7 31.6012
66766.3 31.6021
66796.9 31.603
66827.5 31.6039
66858.1 31.6047
66888.7 31.6056
66919.3 31.6065
66949.9 31.6074
66980.6 31.6083
67011.2 31.6091
67041.8 31.61
67072.4 31.6109
67103 31.6118
67133.6 31.6126
67164.2 31.6135
67194.8 31.6144
67225.4 31.6153
67256.1 31.6161
67286.7 31.617
67317.3 31.6179
67347.9 31.6188
67378.5 31.6196
67409.1 31.6205
67439.8 31.6214
67470.4 31.6223
67501 31.6231
67531.6 31.624
67562.3 31.6249
67592.9 31.6257
67623.5 31.6266
67654.1 31.6275
67684.8 31.6283
67715.4 31.6292
67746 31.6301
67776.7 31.6309
67807.3 31.6318
67837.9 31.6327
67868.6 31.6336
67899.2 31.6344
67929.8 31.6353
67960.5 31.6361
67991.1 31.637
68021.7 31.6379
68052.4 31.6387
68083 31.6396
68113.6 31.6405
68144.3 31.6413
68174.9 31.6422
68205.6 31.6431
68236.2 31.6439
68266.9 31.6448
68297.5 31.6456
68328.1 31.6465
68358.8 31.6474
68389.4 31.6482
68420.1 31.6491
68450.7 31.6499
68481.4 31.6508
68512 31.6517
68542.7 31.6525
68573.3 31.6534
68604 31.6542
68634.7 31.6551
68665.3 31.6559
68696 31.6568
68726.6 31.6577
68757.3 31.6585
68787.9 31.6594
68818.6 31.6602
68849.3 31.6611
68879.9 31.6619
68910.6 31.6628
68941.3 31.6636
68971.9 31.6645
69002.6 31.6653
69033.2 31.6662
69063.9 31.667
69094.6 31.6679
69125.2 31.6687
69155.9 31.6696
69186.6 31.6704
69217.3 31.6713
69247.9 31.6721
69278.6 31.673
69309.3 31.6738
69339.9 31.6747
69370.6 31.6755
69401.3 31.6764
69432 31.6772
69462.6 31.6781
69493.3 31.6789
69524 31.6798
69554.7 31.6806
69585.4 31.6814
69616 31.6823
69646.7 31.6831
69677.4 31.684
69708.1 31.6848
69738.8 31.6857
69769.5 31.6865
69800.1 31.6873
69830.8 31.6882
69861.5 31.689
69892.2 31.6899
69922.9 31.6907
69953.6 31.6915
69984.3 31.6924
70015 31.6932
70045.7 31.6941
70076.4 31.6949
70107.1 31.6957
70137.8 31.6966
70168.5 31.6974
70199.1 31.6983
70229.8 31.6991
70260.5 31.6999
70291.2 31.7008
70321.9 31.7016
70352.6 31.7024
70383.4 31.7033
70414.1 31.7041
70444.8 31.7049
70475.5 31.7058
70506.2 31.7066
70536.9 31.7074
70567.6 31.7083
70598.3 31.7091
70629 31.7099
70659.7 31.7108
70690.4 31.7116
70721.1 31.7124
70751.8 31.7133
70782.6 31.7141
70813.3 31.7149
70844 31.7157
70874.7 31.7166
70905.4 31.7174
70936.1 31.7182
70966.9 31.7191
70997.6 31.7199
71028.3 31.7207
71059 31.7215
71089.7 31.7224
71120.5 31.7232
71151.2 31.724
71181.9 31.7248
71212.6 31.7257
71243.4 31.7265
71274.1 31.7273
71304.8 31.7281
71335.5 31.729
71366.3 31.7298
71397 31.7306
71427.7 31.7314
71458.5 31.7322
71489.2 31.7331
71519.9 31.7339
71550.7 31.7347
71581.4 31.7355
71612.1 31.7363
71642.9 31.7372
71673.6 31.738
71704.3 31.7388
71735.1 31.7396
71765.8 31.7404
71796.6 31.7413
71827.3 31.7421
71858 31.7429
71888.8 31.7437
71919.5 31.7445
71950.3 31.7453
71981 31.7462
72011.8 31.747
72042.5 31.7478
72073.3 31.7486
72104 31.7494
72134.8 31.7502
72165.5 31.751
72196.3 31.7519
72227 31.7527
72257.8 31.7535
72288.5 31.7543
72319.3 31.7551
72350 31.7559
72380.8 31.7567
72411.5 31.7575
72442.3 31.7584
72473.1 31.7592
72503.8 31.76
72534.6 31.7608
72565.3 31.7616
72596.1 31.7624
72626.9 31.7632
72657.6 31.764
72688.4 31.7648
72719.2 31.7656
72749.9 31.7664
72780.7 31.7672
72811.5 31.768
72842.2 31.7689
72873 31.7697
72903.8 31.7705
72934.5 31.7713
72965.3 31.7721
72996.1 31.7729
73026.9 31.7737
73057.6 31.7745
73088.4 31.7753
73119.2 31.7761
73149.9 31.7769
73180.7 31.7777
73211.5 31.7785
73242.3 31.7793
73273.1 31.7801
73303.8 31.7809
73334.6 31.7817
73365.4 31.7825
73396.2 31.7833
73427 31.7841
73457.8 31.7849
73488.5 31.7857
73519.3 31.7865
73550.1 31.7873
73580.9 31.7881
73611.7 31.7889
73642.5 31.7897
73673.3 31.7905
73704.1 31.7913
73734.8 31.7921
73765.6 31.7929
73796.4 31.7937
73827.2 31.7944
73858 31.7952
73888.8 31.796
73919.6 31.7968
73950.4 31.7976
73981.2 31.7984
74012 31.7992
74042.8 31.8
74073.6 31.8008
74104.4 31.8016
74135.2 31.8024
74166 31.8032
74196.8 31.804
74227.6 31.8047
74258.4 31.8055
74289.2 31.8063
74320 31.8071
74350.8 31.8079
74381.6 31.8087
74412.5 31.8095
74443.3 31.8103
74474.1 31.8111
74504.9 31.8118
74535.7 31.8126
74566.5 31.8134
74597.3 31.8142
74628.1 31.815
74659 31.8158
74689.8 31.8166
74720.6 31.8173
74751.4 31.8181
74782.2 31.8189
74813 31.8197
74843.9 31.8205
74874.7 31.8213
74905.5 31.822
74936.3 31.8228
74967.1 31.8236
74998 31.8244
75028.8 31.8252
75059.6 31.8259
75090.5 31.8267
75121.3 31.8275
75152.1 31.8283
75182.9 31.8291
75213.8 31.8298
75244.6 31.8306
75275.4 31.8314
75306.3 31.8322
75337.1 31.833
75367.9 31.8337
75398.8 31.8345
75429.6 31.8353
75460.4 31.8361
75491.3 31.8368
75522.1 31.8376
75552.9 31.8384
75583.8 31.8392
75614.6 31.84
75645.5 31.8407
75676.3 31.8415
75707.1 31.8423
75738 31.843
75768.8 31.8438
75799.7 31.8446
75830.5 31.8454
75861.4 31.8461
75892.2 31.8469
75923 31.8477
75953.9 31.8485
75984.8 31.8492
76015.6 31.85
76046.5 31.8508
76077.3 31.8515
76108.2 31.8523
76139 31.8531
76169.9 31.8538
76200.7 31.8546
76231.6 31.8554
76262.4 31.8562
76293.3 31.8569
76324.1 31.8577
76355 31.8585
76385.9 31.8592
76416.7 31.86
76447.6 31.8608
76478.4 31.8615
76509.3 31.8623
76540.1 31.8631
76571 31.8638
76601.9 31.8646
76632.7 31.8653
76663.6 31.8661
76694.5 31.8669
76725.3 31.8676
76756.2 31.8684
76787.1 31.8692
76817.9 31.8699
76848.8 31.8707
76879.7 31.8715
76910.6 31.8722
76941.4 31.873
76972.3 31.8737
77003.2 31.8745
77034.1 31.8753
77064.9 31.876
77095.8 31.8768
77126.7 31.8775
77157.6 31.8783
77188.4 31.8791
77219.3 31.8798
77250.2 31.8806
77281.1 31.8813
77312 31.8821
77342.8 31.8828
77373.7 31.8836
77404.6 31.8844
77435.5 31.8851
77466.4 31.8859
77497.3 31.8866
77528.1 31.8874
77559 31.8881
77589.9 31.8889
77620.8 31.8896
77651.7 31.8904
77682.6 31.8912
77713.5 31.8919
77744.4 31.8927
77775.3 31.8934
77806.2 31.8942
77837 31.8949
77867.9 31.8957
77898.8 31.8964
77929.7 31.8972
77960.6 31.8979
77991.5 31.8987
78022.4 31.8994
78053.3 31.9002
78084.2 31.9009
78115.1 31.9017
78146 31.9024
78176.9 31.9032
78207.8 31.9039
78238.8 31.9047
78269.7 31.9054
78300.6 31.9062
78331.5 31.9069
78362.4 31.9077
78393.3 31.9084
78424.2 31.9092
78455.1 31.9099
78486 31.9106
78516.9 31.9114
78547.8 31.9121
78578.7 31.9129
78609.7 31.9136
78640.6 31.9144
78671.5 31.9151
78702.4 31.9159
78733.3 31.9166
78764.2 31.9173
78795.1 31.9181
78826.1 31.9188
78857 31.9196
78887.9 31.9203
78918.8 31.9211
78949.8 31.9218
78980.7 31.9225
79011.6 31.9233
79042.5 31.924
79073.4 31.9248
79104.4 31.9255
79135.3 31.9262
79166.2 31.927
79197.1 31.9277
79228.1 31.9285
79259 31.9292
79289.9 31.9299
79320.9 31.9307
79351.8 31.9314
79382.7 31.9321
79413.6 31.9329
79444.6 31.9336
79475.5 31.9344
79506.5 31.9351
79537.4 31.9358
79568.3 31.9366
79599.3 31.9373
79630.2 31.938
79661.1 31.9388
79692.1 31.9395
79723 31.9402
79754 31.941
79784.9 31.9417
79815.8 31.9424
79846.8 31.9432
79877.7 31.9439
79908.7 31.9446
79939.6 31.9454
79970.6 31.9461
80001.5 31.9468
80032.5 31.9476
80063.4 31.9483
80094.3 31.949
80125.3 31.9497
80156.2 31.9505
80187.2 31.9512
80218.1 31.9519
80249.1 31.9527
80280.1 31.9534
80311 31.9541
80342 31.9548
80372.9 31.9556
80403.9 31.9563
80434.8 31.957
80465.8 31.9578
80496.7 31.9585
80527.7 31.9592
80558.7 31.9599
80589.6 31.9607
80620.6 31.9614
80651.5 31.9621
80682.5 31.9628
80713.5 31.9636
80744.4 31.9643
80775.4 31.965
80806.4 31.9657
80837.3 31.9665
80868.3 31.9672
80899.3 31.9679
80930.2 31.9686
80961.2 31.9693
80992.2 31.9701
81023.1 31.9708
81054.1 31.9715
81085.1 31.9722
81116 31.973
81147 31.9737
81178 31.9744
81209 31.9751
81239.9 31.9758
81270.9 31.9766
81301.9 31.9773
81332.9 31.978
81363.9 31.9787
81394.8 31.9794
81425.8 31.9802
81456.8 31.9809
81487.8 31.9816
81518.8 31.9823
81549.7 31.983
81580.7 31.9837
81611.7 31.9845
81642.7 31.9852
81673.7 31.9859
81704.7 31.9866
81735.6 31.9873
81766.6 31.988
81797.6 31.9887
81828.6 31.9895
81859.6 31.9902
81890.6 31.9909
81921.6 31.9916
81952.6 31.9923
81983.6 31.993
82014.6 31.9937
82045.5 31.9945
82076.5 31.9952
82107.5 31.9959
82138.5 31.9966
82169.5 31.9973
82200.5 31.998
82231.5 31.9987
82262.5 31.9994
82293.5 32.0001
82324.5 32.0009
82355.5 32.0016
82386.5 32.0023
82417.5 32.003
82448.5 32.0037
82479.5 32.0044
82510.5 32.0051
82541.5 32.0058
82572.5 32.0065
82603.6 32.0072
82634.6 32.0079
82665.6 32.0086
82696.6 32.0094
82727.6 32.0101
82758.6 32.0108
82789.6 32.0115
82820.6 32.0122
82851.6 32.0129
82882.6 32.0136
82913.7 32.0143
82944.7 32.015
82975.7 32.0157
83006.7 32.0164
83037.7 32.0171
83068.7 32.0178
83099.8 32.0185
83130.8 32.0192
83161.8 32.0199
83192.8 32.0206
83223.8 32.0213
83254.9 32.022
83285.9 32.0227
83316.9 32.0234
83347.9 32.0241
83378.9 32.0248
83410 32.0255
83441 32.0262
83472 32.0269
83503 32.0276
83534.1 32.0283
83565.1 32.029
83596.1 32.0297
83627.2 32.0304
83658.2 32.0311
83689.2 32.0318
83720.3 32.0325
83751.3 32.0332
83782.3 32.0339
83813.4 32.0346
83844.4 32.0353
83875.4 32.036
83906.5 32.0367
83937.5 32.0374
83968.5 32.0381
83999.6 32.0388
84030.6 32.0395
84061.7 32.0402
84092.7 32.0409
84123.7 32.0416
84154.8 32.0423
84185.8 32.043
84216.9 32.0437
84247.9 32.0443
84278.9 32.045
84310 32.0457
84341 32.0464
84372.1 32.0471
84403.1 32.0478
84434.2 32.0485
84465.2 32.0492
84496.3 32.0499
84527.3 32.0506
84558.4 32.0513
84589.4 32.052
84620.5 32.0526
84651.5 32.0533
84682.6 32.054
84713.6 32.0547
84744.7 32.0554
84775.8 32.0561
84806.8 32.0568
84837.9 32.0575
84868.9 32.0582
84900 32.0588
84931 32.0595
84962.1 32.0602
84993.2 32.0609
85024.2 32.0616
85055.3 32.0623
85086.3 32.063
85117.4 32.0637
85148.5 32.0643
85179.5 32.065
85210.6 32.0657
85241.7 32.0664
85272.7 32.0671
85303.8 32.0678
85334.9 32.0684
85365.9 32.0691
85397 32.0698
85428.1 32.0705
85459.1 32.0712
85490.2 32.0719
85521.3 32.0725
85552.4 32.0732
85583.4 32.0739
85614.5 32.0746
85645.6 32.0753
85676.6 32.076
85707.7 32.0766
85738.8 32.0773
85769.9 32.078
85801 32.0787
85832 32.0794
85863.1 32.08
85894.2 32.0807
85925.3 32.0814
85956.4 32.0821
85987.4 32.0828
86018.5 32.0834
86049.6 32.0841
86080.7 32.0848
86111.8 32.0855
86142.9 32.0861
86174 32.0868
86205 32.0875
86236.1 32.0882
86267.2 32.0889
86298.3 32.0895
86329.4 32.0902
86360.5 32.0909
86391.6 32.0916
86422.7 32.0922
86453.8 32.0929
86484.9 32.0936
86515.9 32.0943
86547 32.0949
86578.1 32.0956
86609.2 32.0963
86640.3 32.097
86671.4 32.0976
86702.5 32.0983
86733.6 32.099
86764.7 32.0996
86795.8 32.1003
86826.9 32.101
86858 32.1017
86889.1 32.1023
86920.2 32.103
86951.3 32.1037
86982.4 32.1043
87013.5 32.105
87044.6 32.1057
87075.7 32.1064
87106.8 32.107
87138 32.1077
87169.1 32.1084
87200.2 32.109
87231.3 32.1097
87262.4 32.1104
87293.5 32.111
87324.6 32.1117
87355.7 32.1124
87386.8 32.113
87417.9 32.1137
87449.1 32.1144
87480.2 32.115
87511.3 32.1157
87542.4 32.1164
87573.5 32.117
87604.6 32.1177
87635.8 32.1184
87666.9 32.119
87698 32.1197
87729.1 32.1204
87760.2 32.121
87791.3 32.1217
87822.5 32.1224
87853.6 32.123
87884.7 32.1237
87915.8 32.1244
87947 32.125
87978.1 32.1257
88009.2 32.1263
88040.3 32.127
88071.5 32.1277
88102.6 32.1283
88133.7 32.129
88164.9 32.1297
88196 32.1303
88227.1 32.131
88258.3 32.1316
88289.4 32.1323
88320.5 32.133
88351.6 32.1336
88382.8 32.1343
88413.9 32.1349
88445 32.1356
88476.2 32.1363
88507.3 32.1369
88538.5 32.1376
88569.6 32.1382
88600.7 32.1389
88631.9 32.1396
88663 32.1402
88694.2 32.1409
88725.3 32.1415
88756.4 32.1422
88787.6 32.1428
88818.7 32.1435
88849.9 32.1441
88881 32.1448
88912.1 32.1455
88943.3 32.1461
88974.4 32.1468
89005.6 32.1474
89036.7 32.1481
89067.9 32.1487
89099 32.1494
89130.2 32.15
89161.3 32.1507
89192.5 32.1514
89223.6 32.152
89254.8 32.1527
89285.9 32.1533
89317.1 32.154
89348.3 32.1546
89379.4 32.1553
89410.6 32.1559
89441.7 32.1566
89472.9 32.1572
89504 32.1579
89535.2 32.1585
89566.3 32.1592
89597.5 32.1598
89628.7 32.1605
89659.8 32.1611
89691 32.1618
89722.1 32.1624
89753.3 32.1631
89784.5 32.1637
89815.6 32.1644
89846.8 32.165
89878 32.1657
89909.1 32.1663
89940.3 32.167
89971.5 32.1676
90002.6 32.1683
90033.8 32.1689
90065 32.1696
90096.1 32.1702
90127.3 32.1709
90158.5 32.1715
90189.7 32.1721
90220.8 32.1728
90252 32.1734
90283.2 32.1741
90314.3 32.1747
90345.5 32.1754
90376.7 32.176
90407.9 32.1767
90439 32.1773
90470.2 32.1779
90501.4 32.1786
90532.6 32.1792
90563.8 32.1799
90594.9 32.1805
90626.1 32.1812
90657.3 32.1818
90688.5 32.1825
90719.7 32.1831
90750.8 32.1837
90782 32.1844
90813.2 32.185
90844.4 32.1857
90875.6 32.1863
90906.8 32.1869
90938 32.1876
90969.2 32.1882
91000.3 32.1889
91031.5 32.1895
91062.7 32.1901
91093.9 32.1908
91125.1 32.1914
91156.3 32.1921
91187.5 32.1927
91218.7 32.1933
91249.9 32.194
91281.1 32.1946
91312.3 32.1953
91343.5 32.1959
91374.7 32.1965
91405.9 32.1972
91437 32.1978
91468.2 32.1984
91499.4 32.1991
91530.6 32.1997
91561.8 32.2004
91593 32.201
91624.2 32.2016
91655.4 32.2023
91686.6 32.2029
91717.9 32.2035
91749.1 32.2042
91780.3 32.2048
91811.5 32.2054
91842.7 32.2061
91873.9 32.2067
91905.1 32.2073
91936.3 32.208
91967.5 32.2086
91998.7 32.2092
92029.9 32.2099
92061.1 32.2105
92092.3 32.2111
92123.5 32.2118
92154.8 32.2124
92186 32.213
92217.2 32.2137
92248.4 32.2143
92279.6 32.2149
92310.8 32.2156
92342 32.2162
92373.3 32.2168
92404.5 32.2174
92435.7 32.2181
92466.9 32.2187
92498.1 32.2193
92529.4 32.22
92560.6 32.2206
92591.8 32.2212
92623 32.2219
92654.2 32.2225
92685.4 32.2231
92716.7 32.2237
92747.9 32.2244
92779.1 32.225
92810.4 32.2256
92841.6 32.2262
92872.8 32.2269
92904 32.2275
92935.3 32.2281
92966.5 32.2288
92997.7 32.2294
93028.9 32.23
93060.2 32.2306
93091.4 32.2313
93122.6 32.2319
93153.9 32.2325
93185.1 32.2331
93216.3 32.2338
93247.6 32.2344
93278.8 32.235
93310 32.2356
93341.3 32.2363
93372.5 32.2369
93403.7 32.2375
93435 32.2381
93466.2 32.2387
93497.5 32.2394
93528.7 32.24
93559.9 32.2406
93591.2 32.2412
93622.4 32.2419
93653.7 32.2425
93684.9 32.2431
93716.1 32.2437
93747.4 32.2443
93778.6 32.245
93809.9 32.2456
93841.1 32.2462
93872.4 32.2468
93903.6 32.2474
93934.9 32.2481
93966.1 32.2487
93997.4 32.2493
94028.6 32.2499
94059.9 32.2505
94091.1 32.2512
94122.4 32.2518
94153.6 32.2524
94184.9 32.253
94216.1 32.2536
94247.4 32.2542
94278.6 32.2549
94309.9 32.2555
94341.1 32.2561
94372.4 32.2567
94403.7 32.2573
94434.9 32.258
94466.2 32.2586
94497.4 32.2592
94528.7 32.2598
94559.9 32.2604
94591.2 32.261
94622.5 32.2616
94653.7 32.2623
94685 32.2629
94716.3 32.2635
94747.5 32.2641
94778.8 32.2647
94810 32.2653
94841.3 32.2659
94872.6 32.2666
94903.8 32.2672
94935.1 32.2678
94966.4 32.2684
94997.6 32.269
95028.9 32.2696
95060.2 32.2702
95091.5 32.2708
95122.7 32.2715
95154 32.2721
95185.3 32.2727
95216.5 32.2733
95247.8 32.2739
95279.1 32.2745
95310.4 32.2751
95341.6 32.2757
95372.9 32.2763
95404.2 32.2769
95435.5 32.2776
95466.7 32.2782
95498 32.2788
95529.3 32.2794
95560.6 32.28
95591.9 32.2806
95623.1 32.2812
95654.4 32.2818
95685.7 32.2824
95717 32.283
95748.3 32.2836
95779.6 32.2842
95810.8 32.2849
95842.1 32.2855
95873.4 32.2861
95904.7 32.2867
95936 32.2873
95967.3 32.2879
95998.6 32.2885
96029.9 32.2891
96061.1 32.2897
96092.4 32.2903
96123.7 32.2909
96155 32.2915
96186.3 32.2921
96217.6 32.2927
96248.9 32.2933
96280.2 32.2939
96311.5 32.2945
96342.8 32.2951
96374.1 32.2957
96405.4 32.2964
96436.7 32.297
96468 32.2976
96499.3 32.2982
96530.5 32.2988
96561.8 32.2994
96593.1 32.3
96624.4 32.3006
96655.7 32.3012
96687 32.3018
96718.3 32.3024
96749.6 32.303
96781 32.3036
96812.3 32.3042
96843.6 32.3048
96874.9 32.3054
96906.2 32.306
96937.5 32.3066
96968.8 32.3072
97000.1 32.3078
97031.4 32.3084
97062.7 32.309
97094 32.3096
97125.3 32.3102
97156.6 32.3108
97187.9 32.3114
97219.3 32.312
97250.6 32.3126
97281.9 32.3132
97313.2 32.3138
97344.5 32.3144
97375.8 32.315
97407.1 32.3156
97438.4 32.3162
97469.8 32.3167
97501.1 32.3173
97532.4 32.3179
97563.7 32.3185
97595 32.3191
97626.4 32.3197
97657.7 32.3203
97689 32.3209
97720.3 32.3215
97751.6 32.3221
97783 32.3227
97814.3 32.3233
97845.6 32.3239
97876.9 32.3245
97908.3 32.3251
97939.6 32.3257
97970.9 32.3263
98002.2 32.3269
98033.6 32.3275
98064.9 32.328
98096.2 32.3286
98127.5 32.3292
98158.9 32.3298
98190.2 32.3304
98221.5 32.331
98252.9 32.3316
98284.2 32.3322
98315.5 32.3328
98346.9 32.3334
98378.2 32.334
98409.5 32.3345
98440.9 32.3351
98472.2 32.3357
98503.5 32.3363
98534.9 32.3369
98566.2 32.3375
98597.5 32.3381
98628.9 32.3387
98660.2 32.3393
98691.6 32.3399
98722.9 32.3404
98754.2 32.341
98785.6 32.3416
98816.9 32.3422
98848.3 32.3428
98879.6 32.3434
98911 32.344
98942.3 32.3446
98973.6 32.3451
99005 32.3457
99036.3 32.3463
99067.7 32.3469
99099 32.3475
99130.4 32.3481
99161.7 32.3487
99193.1 32.3493
99224.4 32.3498
99255.8 32.3504
99287.1 32.351
99318.5 32.3516
99349.8 32.3522
99381.2 32.3528
99412.5 32.3533
99443.9 32.3539
99475.2 32.3545
99506.6 32.3551
99537.9 32.3557
99569.3 32.3563
99600.7 32.3568
99632 32.3574
99663.4 32.358
99694.7 32.3586
99726.1 32.3592
99757.5 32.3598
99788.8 32.3604
99820.2 32.3609
99851.5 32.3615
99882.9 32.3621
99914.3 32.3627
99945.6 32.3633
99977 32.3638
100008 32.3644
100040 32.365
100071 32.3656
100102 32.3662
100134 32.3667
100165 32.3673
100197 32.3679
100228 32.3685
100259 32.3691
100291 32.3696
100322 32.3702
100353 32.3708
100385 32.3714
100416 32.372
100447 32.3725
100479 32.3731
100510 32.3737
100542 32.3743
100573 32.3748
100604 32.3754
100636 32.376
100667 32.3766
100698 32.3771
100730 32.3777
100761 32.3783
100793 32.3789
100824 32.3795
100855 32.38
100887 32.3806
100918 32.3812
100950 32.3818
100981 32.3823
101012 32.3829
101044 32.3835
101075 32.3841
101106 32.3846
101138 32.3852
101169 32.3858
101201 32.3864
101232 32.3869
101263 32.3875
101295 32.3881
101326 32.3886
101358 32.3892
101389 32.3898
101420 32.3904
101452 32.3909
101483 32.3915
101514 32.3921
101546 32.3927
101577 32.3932
101609 32.3938
101640 32.3944
101671 32.3949
101703 32.3955
101734 32.3961
101766 32.3967
101797 32.3972
101828 32.3978
101860 32.3984
101891 32.3989
101923 32.3995
101954 32.4001
101985 32.4006
102017 32.4012
102048 32.4018
102080 32.4023
102111 32.4029
102142 32.4035
102174 32.404
102205 32.4046
102237 32.4052
102268 32.4058
102299 32.4063
102331 32.4069
102362 32.4075
102394 32.408
102425 32.4086
102456 32.4092
102488 32.4097
102519 32.4103
102551 32.4109
102582 32.4114
102614 32.412
102645 32.4126
102676 32.4131
102708 32.4137
102739 32.4142
102771 32.4148
102802 32.4154
102833 32.4159
102865 32.4165
102896 32.4171
102928 32.4176
102959 32.4182
102991 32.4188
103022 32.4193
103053 32.4199
103085 32.4205
103116 32.421
103148 32.4216
103179 32.4221
103210 32.4227
103242 32.4233
103273 32.4238
103305 32.4244
103336 32.4249
103368 32.4255
103399 32.4261
103430 32.4266
103462 32.4272
103493 32.4277
103525 32.4283
103556 32.4289
103588 32.4294
103619 32.43
103650 32.4306
103682 32.4311
103713 32.4317
103745 32.4322
103776 32.4328
103808 32.4334
103839 32.4339
103870 32.4345
103902 32.435
103933 32.4356
103965 32.4361
103996 32.4367
104028 32.4373
104059 32.4378
104091 32.4384
104122 32.4389
104153 32.4395
104185 32.44
104216 32.4406
104248 32.4412
104279 32.4417
104311 32.4423
104342 32.4428
104373 32.4434
104405 32.4439
104436 32.4445
104468 32.4451
104499 32.4456
104531 32.4462
104562 32.4467
104594 32.4473
104625 32.4478
104656 32.4484
104688 32.4489
104719 32.4495
104751 32.45
104782 32.4506
104814 32.4511
104845 32.4517
104877 32.4522
104908 32.4528
104940 32.4534
104971 32.4539
105002 32.4545
105034 32.455
105065 32.4556
105097 32.4561
105128 32.4567
105160 32.4572
105191 32.4578
105223 32.4583
105254 32.4589
105286 32.4594
105317 32.46
105348 32.4605
105380 32.4611
105411 32.4616
105443 32.4622
105474 32.4627
105506 32.4633
105537 32.4638
105569 32.4644
105600 32.4649
105632 32.4655
105663 32.466
105695 32.4666
105726 32.4671
105758 32.4677
105789 32.4682
105820 32.4688
105852 32.4693
105883 32.4699
105915 32.4704
105946 32.471
105978 32.4715
106009 32.472
106041 32.4726
106072 32.4731
106104 32.4737
106135 32.4742
106167 32.4748
106198 32.4753
106230 32.4759
106261 32.4764
106293 32.477
106324 32.4775
106355 32.4781
106387 32.4786
106418 32.4791
106450 32.4797
106481 32.4802
106513 32.4808
106544 32.4813
106576 32.4819
106607 32.4824
106639 32.483
106670 32.4835
106702 32.484
106733 32.4846
106765 32.4851
106796 32.4857
106828 32.4862
106859 32.4868
106891 32.4873
106922 32.4878
106954 32.4884
106985 32.4889
107017 32.4895
107048 32.49
107080 32.4905
107111 32.4911
107143 32.4916
107174 32.4922
107206 32.4927
107237 32.4933
107269 32.4938
107300 32.4943
107332 32.4949
107363 32.4954
107395 32.496
107426 32.4965
107458 32.497
107489 32.4976
107521 32.4981
107552 32.4986
107584 32.4992
107615 32.4997
107647 32.5003
107678 32.5008
107710 32.5013
107741 32.5019
107773 32.5024
107804 32.5029
107836 32.5035
107867 32.504
107899 32.5046
107930 32.5051
107962 32.5056
107993 32.5062
108025 32.5067
108056 32.5073
108088 32.5078
108119 32.5083
108151 32.5089
108182 32.5094
108214 32.5099
108245 32.5105
108277 32.511
108308 32.5115
108340 32.5121
108371 32.5126
108403 32.5131
108434 32.5137
108466 32.5142
108497 32.5147
108529 32.5153
108560 32.5158
108592 32.5163
108623 32.5169
108655 32.5174
108686 32.5179
108718 32.5185
108749 32.519
108781 32.5195
108812 32.5201
108844 32.5206
108875 32.5211
108907 32.5217
108938 32.5222
108970 32.5227
109002 32.5233
109033 32.5238
109065 32.5243
109096 32.5249
109128 32.5254
109159 32.5259
109191 32.5264
109222 32.527
109254 32.5275
109285 32.528
109317 32.5286
109348 32.5291
109380 32.5296
109411 32.5302
109443 32.5307
109474 32.5312
109506 32.5317
109538 32.5323
109569 32.5328
109601 32.5333
109632 32.5339
109664 32.5344
109695 32.5349
109727 32.5354
109758 32.536
109790 32.5365
109821 32.537
109853 32.5376
109884 32.5381
109916 32.5386
109947 32.5391
109979 32.5397
110011 32.5402
110042 32.5407
110074 32.5412
110105 32.5418
110137 32.5423
110168 32.5428
110200 32.5433
110231 32.5439
110263 32.5444
110294 32.5449
110326 32.5455
110358 32.546
110389 32.5465
110421 32.547
110452 32.5476
110484 32.5481
110515 32.5486
110547 32.5491
110578 32.5496
110610 32.5502
110641 32.5507
110673 32.5512
110705 32.5517
110736 32.5523
110768 32.5528
110799 32.5533
110831 32.5538
110862 32.5543
110894 32.5549
110925 32.5554
110957 32.5559
110989 32.5564
111020 32.557
111052 32.5575
111083 32.558
111115 32.5585
111146 32.559
111178 32.5596
111209 32.5601
111241 32.5606
111273 32.5611
111304 32.5616
111336 32.5622
111367 32.5627
111399 32.5632
111430 32.5637
111462 32.5642
111493 32.5648
111525 32.5653
111557 32.5658
111588 32.5663
111620 32.5668
111651 32.5674
111683 32.5679
111714 32.5684
111746 32.5689
111778 32.5694
111809 32.5699
111841 32.5705
111872 32.571
111904 32.5715
111935 32.572
111967 32.5725
111999 32.5731
112030 32.5736
112062 32.5741
112093 32.5746
112125 32.5751
112156 32.5756
112188 32.5761
112220 32.5767
112251 32.5772
112283 32.5777
112314 32.5782
112346 32.5787
112378 32.5792
112409 32.5798
112441 32.5803
112472 32.5808
112504 32.5813
112535 32.5818
112567 32.5823
112599 32.5828
112630 32.5834
112662 32.5839
112693 32.5844
112725 32.5849
112756 32.5854
112788 32.5859
112820 32.5864
112851 32.587
112883 32.5875
112914 32.588
112946 32.5885
112978 32.589
113009 32.5895
113041 32.59
113072 32.5905
113104 32.591
113136 32.5916
113167 32.5921
113199 32.5926
113230 32.5931
113262 32.5936
113294 32.5941
113325 32.5946
113357 32.5951
113388 32.5956
113420 32.5962
113451 32.5967
113483 32.5972
113515 32.5977
113546 32.5982
113578 32.5987
113609 32.5992
113641 32.5997
113673 32.6002
113704 32.6007
113736 32.6012
113767 32.6018
113799 32.6023
113831 32.6028
113862 32.6033
113894 32.6038
113925 32.6043
113957 32.6048
113989 32.6053
114020 32.6058
114052 32.6063
114084 32.6068
114115 32.6073
114147 32.6078
114178 32.6084
114210 32.6089
114242 32.6094
114273 32.6099
114305 32.6104
114336 32.6109
114368 32.6114
114400 32.6119
114431 32.6124
114463 32.6129
114494 32.6134
114526 32.6139
114558 32.6144
114589 32.6149
114621 32.6154
114653 32.6159
114684 32.6164
114716 32.6169
114747 32.6174
114779 32.618
114811 32.6185
114842 32.619
114874 32.6195
114905 32.62
114937 32.6205
114969 32.621
115000 32.6215
115032 32.622
115064 32.6225
115095 32.623
115127 32.6235
115158 32.624
115190 32.6245
115222 32.625
115253 32.6255
115285 32.626
115317 32.6265
115348 32.627
115380 32.6275
115411 32.628
115443 32.6285
115475 32.629
115506 32.6295
115538 32.63
115570 32.6305
115601 32.631
115633 32.6315
115664 32.632
115696 32.6325
115728 32.633
115759 32.6335
115791 32.634
115823 32.6345
115854 32.635
115886 32.6355
115918 32.636
115949 32.6365
115981 32.637
116012 32.6375
116044 32.638
116076 32.6385
116107 32.639
116139 32.6395
116171 32.64
116202 32.6405
116234 32.641
116266 32.6415
116297 32.642
116329 32.6425
116360 32.643
116392 32.6435
116424 32.644
116455 32.6445
116487 32.645
116519 32.6455
116550 32.6459
116582 32.6464
116614 32.6469
116645 32.6474
116677 32.6479
116709 32.6484
116740 32.6489
116772 32.6494
116804 32.6499
116835 32.6504
116867 32.6509
116898 32.6514
116930 32.6519
116962 32.6524
116993 32.6529
117025 32.6534
117057 32.6539
117088 32.6544
117120 32.6549
117152 32.6553
117183 32.6558
117215 32.6563
117247 32.6568
117278 32.6573
117310 32.6578
117342 32.6583
117373 32.6588
117405 32.6593
117437 32.6598
117468 32.6603
117500 32.6608
117532 32.6613
117563 32.6617
117595 32.6622
117627 32.6627
117658 32.6632
117690 32.6637
117722 32.6642
117753 32.6647
117785 32.6652
117817 32.6657
117848 32.6662
117880 32.6667
117912 32.6672
117943 32.6676
117975 32.6681
118007 32.6686
118038 32.6691
118070 32.6696
118102 32.6701
118133 32.6706
118165 32.6711
118197 32.6716
118228 32.672
118260 32.6725
118292 32.673
118323 32.6735
118355 32.674
118387 32.6745
118418 32.675
118450 32.6755
118482 32.6759
118513 32.6764
118545 32.6769
118577 32.6774
118608 32.6779
118640 32.6784
118672 32.6789
118703 32.6794
118735 32.6799
118767 32.6803
118798 32.6808
118830 32.6813
118862 32.6818
118893 32.6823
118925 32.6828
118957 32.6833
118989 32.6837
119020 32.6842
119052 32.6847
119084 32.6852
119115 32.6857
119147 32.6862
119179 32.6866
119210 32.6871
119242 32.6876
119274 32.6881
119305 32.6886
119337 32.6891
119369 32.6895
119400 32.69
119432 32.6905
119464 32.691
119496 32.6915
119527 32.692
119559 32.6925
119591 32.6929
119622 32.6934
119654 32.6939
119686 32.6944
119717 32.6949
119749 32.6954
119781 32.6958
119812 32.6963
119844 32.6968
119876 32.6973
119908 32.6978
119939 32.6982
119971 32.6987
120003 32.6992
120034 32.6997
120066 32.7002
120098 32.7006
120129 32.7011
120161 32.7016
120193 32.7021
120225 32.7026
120256 32.703
120288 32.7035
120320 32.704
120351 32.7045
120383 32.705
120415 32.7054
120446 32.7059
120478 32.7064
120510 32.7069
120542 32.7074
120573 32.7079
120605 32.7083
120637 32.7088
120668 32.7093
120700 32.7098
120732 32.7102
120764 32.7107
120795 32.7112
120827 32.7117
120859 32.7121
120890 32.7126
120922 32.7131
120954 32.7136
120986 32.7141
121017 32.7145
121049 32.715
121081 32.7155
121112 32.716
121144 32.7164
121176 32.7169
121208 32.7174
121239 32.7179
121271 32.7183
121303 32.7188
121334 32.7193
121366 32.7198
121398 32.7203
121430 32.7207
121461 32.7212
121493 32.7217
121525 32.7222
121556 32.7226
121588 32.7231
121620 32.7236
121652 32.7241
121683 32.7245
121715 32.725
121747 32.7255
121779 32.7259
121810 32.7264
121842 32.7269
121874 32.7274
121905 32.7278
121937 32.7283
121969 32.7288
122001 32.7293
122032 32.7297
122064 32.7302
122096 32.7307
122128 32.7312
122159 32.7316
122191 32.7321
122223 32.7326
122254 32.733
122286 32.7335
122318 32.734
122350 32.7345
122381 32.7349
122413 32.7354
122445 32.7359
122477 32.7364
122508 32.7368
122540 32.7373
122572 32.7378
122604 32.7382
122635 32.7387
122667 32.7392
122699 32.7396
122731 32.7401
122762 32.7406
122794 32.7411
122826 32.7415
122858 32.742
122889 32.7425
122921 32.7429
122953 32.7434
122984 32.7439
123016 32.7443
123048 32.7448
123080 32.7453
123111 32.7457
123143 32.7462
123175 32.7467
123207 32.7472
123238 32.7476
123270 32.7481
123302 32.7486
123334 32.749
123365 32.7495
123397 32.75
123429 32.7504
123461 32.7509
123492 32.7514
123524 32.7518
123556 32.7523
123588 32.7528
123619 32.7532
123651 32.7537
123683 32.7542
123715 32.7546
123746 32.7551
123778 32.7556
123810 32.756
123842 32.7565
123873 32.757
123905 32.7574
123937 32.7579
123969 32.7584
124001 32.7588
124032 32.7593
124064 32.7598
124096 32.7602
124128 32.7607
124159 32.7611
124191 32.7616
124223 32.7621
124255 32.7625
124286 32.763
124318 32.7635
124350 32.7639
124382 32.7644
124413 32.7649
124445 32.7653
124477 32.7658
124509 32.7663
124540 32.7667
124572 32.7672
124604 32.7676
124636 32.7681
124668 32.7686
124699 32.769
124731 32.7695
124763 32.77
124795 32.7704
124826 32.7709
124858 32.7713
124890 32.7718
124922 32.7723
124953 32.7727
124985 32.7732
125017 32.7736
125049 32.7741
125081 32.7746
125112 32.775
125144 32.7755
125176 32.776
125208 32.7764
125239 32.7769
125271 32.7773
125303 32.7778
125335 32.7783
125367 32.7787
125398 32.7792
125430 32.7796
125462 32.7801
125494 32.7806
125525 32.781
125557 32.7815
125589 32.7819
125621 32.7824
125653 32.7829
125684 32.7833
125716 32.7838
125748 32.7842
125780 32.7847
125811 32.7851
125843 32.7856
125875 32.7861
125907 32.7865
125939 32.787
125970 32.7874
126002 32.7879
126034 32.7883
126066 32.7888
126098 32.7893
126129 32.7897
126161 32.7902
126193 32.7906
126225 32.7911
126257 32.7916
126288 32.792
126320 32.7925
126352 32.7929
126384 32.7934
126415 32.7938
126447 32.7943
126479 32.7948
126511 32.7952
126543 32.7957
126574 32.7961
126606 32.7966
126638 32.797
126670 32.7975
126702 32.7979
126733 32.7984
126765 32.7988
126797 32.7993
126829 32.7998
126861 32.8002
126892 32.8007
126924 32.8011
126956 32.8016
126988 32.802
127020 32.8025
127051 32.8029
127083 32.8034
127115 32.8038
127147 32.8043
127179 32.8047
127210 32.8052
127242 32.8057
127274 32.8061
127306 32.8066
127338 32.807
127369 32.8075
127401 32.8079
127433 32.8084
127465 32.8088
127497 32.8093
127529 32.8097
127560 32.8102
127592 32.8106
127624 32.8111
127656 32.8115
127688 32.812
127719 32.8124
127751 32.8129
127783 32.8133
127815 32.8138
127847 32.8142
127878 32.8147
127910 32.8151
127942 32.8156
127974 32.816
128006 32.8165
128038 32.8169
128069 32.8174
128101 32.8178
128133 32.8183
128165 32.8187
128197 32.8192
128228 32.8196
128260 32.8201
128292 32.8205
128324 32.821
128356 32.8214
128388 32.8219
128419 32.8223
128451 32.8228
128483 32.8232
128515 32.8237
128547 32.8241
128578 32.8246
128610 32.825
128642 32.8255
128674 32.8259
128706 32.8264
128738 32.8268
128769 32.8273
128801 32.8277
128833 32.8282
128865 32.8286
128897 32.8291
128929 32.8295
128960 32.8299
128992 32.8304
129024 32.8308
129056 32.8313
129088 32.8317
129120 32.8322
129151 32.8326
129183 32.8331
129215 32.8335
129247 32.834
129279 32.8344
129311 32.8349
129342 32.8353
129374 32.8358
129406 32.8362
129438 32.8366
129470 32.8371
129502 32.8375
129533 32.838
129565 32.8384
129597 32.8389
129629 32.8393
129661 32.8398
129693 32.8402
129724 32.8407
129756 32.8411
129788 32.8415
129820 32.842
129852 32.8424
129884 32.8429
129916 32.8433
129947 32.8438
129979 32.8442
130011 32.8446
130043 32.8451
130075 32.8455
130107 32.846
130138 32.8464
130170 32.8468
130202 32.8473
130234 32.8477
130266 32.8482
130298 32.8486
130330 32.8491
130361 32.8495
130393 32.8499
130425 32.8504
130457 32.8508
130489 32.8513
130521 32.8517
130552 32.8522
130584 32.8526
130616 32.853
130648 32.8535
130680 32.8539
130712 32.8544
130744 32.8548
130775 32.8553
130807 32.8557
130839 32.8561
130871 32.8566
130903 32.857
130935 32.8574
130967 32.8579
130998 32.8583
131030 32.8588
131062 32.8592
131094 32.8596
131126 32.8601
131158 32.8605
131190 32.861
131221 32.8614
131253 32.8618
131285 32.8623
131317 32.8627
131349 32.8631
131381 32.8636
131413 32.864
131444 32.8645
131476 32.8649
131508 32.8653
131540 32.8658
131572 32.8662
131604 32.8667
131636 32.8671
131667 32.8675
131699 32.868
131731 32.8684
131763 32.8689
131795 32.8693
131827 32.8697
131859 32.8702
131891 32.8706
131922 32.871
131954 32.8715
131986 32.8719
132018 32.8723
132050 32.8728
132082 32.8732
132114 32.8736
132146 32.8741
132177 32.8745
132209 32.875
132241 32.8754
132273 32.8758
132305 32.8763
132337 32.8767
132369 32.8771
132401 32.8776
132432 32.878
132464 32.8784
132496 32.8789
132528 32.8793
132560 32.8797
132592 32.8802
132624 32.8806
132656 32.881
132687 32.8815
132719 32.8819
132751 32.8823
132783 32.8828
132815 32.8832
132847 32.8836
132879 32.8841
132911 32.8845
132943 32.885
132974 32.8854
133006 32.8858
133038 32.8862
133070 32.8867
133102 32.8871
133134 32.8875
133166 32.888
133198 32.8884
133230 32.8888
133261 32.8893
133293 32.8897
133325 32.8901
133357 32.8906
133389 32.891
133421 32.8914
133453 32.8919
133485 32.8923
133517 32.8927
133548 32.8931
133580 32.8936
133612 32.894
133644 32.8944
133676 32.8949
133708 32.8953
133740 32.8957
133772 32.8962
133804 32.8966
133835 32.897
133867 32.8975
133899 32.8979
133931 32.8983
133963 32.8988
133995 32.8992
134027 32.8996
134059 32.9
134091 32.9005
134123 32.9009
134154 32.9013
134186 32.9018
134218 32.9022
134250 32.9026
134282 32.903
134314 32.9035
134346 32.9039
134378 32.9043
134410 32.9048
134442 32.9052
134474 32.9056
134505 32.906
134537 32.9065
134569 32.9069
134601 32.9073
134633 32.9077
134665 32.9082
134697 32.9086
134729 32.909
134761 32.9095
134793 32.9099
134825 32.9103
134856 32.9107
134888 32.9112
134920 32.9116
134952 32.912
134984 32.9124
135016 32.9129
135048 32.9133
135080 32.9137
135112 32.9142
135144 32.9146
135176 32.915
135207 32.9154
135239 32.9159
135271 32.9163
135303 32.9167
135335 32.9171
135367 32.9176
135399 32.918
135431 32.9184
135463 32.9188
135495 32.9193
135527 32.9197
135559 32.9201
135590 32.9205
135622 32.9209
135654 32.9214
135686 32.9218
135718 32.9222
135750 32.9226
135782 32.9231
135814 32.9235
135846 32.9239
135878 32.9243
135910 32.9248
135942 32.9252
135974 32.9256
136005 32.926
136037 32.9264
136069 32.9269
136101 32.9273
136133 32.9277
136165 32.9281
136197 32.9286
136229 32.929
136261 32.9294
136293 32.9298
136325 32.9303
136357 32.9307
136389 32.9311
136421 32.9315
136452 32.932
136484 32.9324
136516 32.9328
136548 32.9332
136580 32.9336
136612 32.9341
136644 32.9345
136676 32.9349
136708 32.9353
136740 32.9357
136772 32.9362
136804 32.9366
136836 32.937
136868 32.9374
136900 32.9378
136932 32.9383
136963 32.9387
136995 32.9391
137027 32.9395
137059 32.9399
137091 32.9403
137123 32.9408
137155 32.9412
137187 32.9416
137219 32.942
137251 32.9424
137283 32.9429
137315 32.9433
137347 32.9437
137379 32.9441
137411 32.9445
137443 32.945
137474 32.9454
137506 32.9458
137538 32.9462
137570 32.9466
137602 32.9471
137634 32.9475
137666 32.9479
137698 32.9483
137730 32.9487
137762 32.9492
137794 32.9496
137826 32.95
137858 32.9504
137890 32.9508
137922 32.9512
137954 32.9516
137986 32.9521
138018 32.9525
138050 32.9529
138082 32.9533
138114 32.9537
138145 32.9541
138177 32.9546
138209 32.955
138241 32.9554
138273 32.9558
138305 32.9562
138337 32.9566
138369 32.9571
138401 32.9575
138433 32.9579
138465 32.9583
138497 32.9587
138529 32.9591
138561 32.9595
138593 32.96
138625 32.9604
138657 32.9608
138689 32.9612
138721 32.9616
138753 32.962
138785 32.9625
138817 32.9629
138849 32.9633
138880 32.9637
138912 32.9641
138944 32.9645
138976 32.9649
139008 32.9654
139040 32.9658
139072 32.9662
139104 32.9666
139136 32.967
139168 32.9674
139200 32.9678
139232 32.9682
139264 32.9687
139296 32.9691
139328 32.9695
139360 32.9699
139392 32.9703
139424 32.9707
139456 32.9711
139488 32.9715
139520 32.9719
139552 32.9724
139584 32.9728
139616 32.9732
139648 32.9736
139680 32.974
139712 32.9744
139744 32.9748
139776 32.9752
139808 32.9757
139840 32.9761
139872 32.9765
139903 32.9769
139935 32.9773
139967 32.9777
139999 32.9781
140031 32.9785
140063 32.979
140095 32.9794
140127 32.9798
140159 32.9802
140191 32.9806
140223 32.981
140255 32.9814
140287 32.9818
140319 32.9822
140351 32.9826
140383 32.983
140415 32.9835
140447 32.9839
140479 32.9843
140511 32.9847
140543 32.9851
140575 32.9855
140607 32.9859
140639 32.9863
140671 32.9867
140703 32.9871
140735 32.9875
140767 32.9879
140799 32.9883
140831 32.9888
140863 32.9892
140895 32.9896
140927 32.99
140959 32.9904
140991 32.9908
141023 32.9912
141055 32.9916
141087 32.992
141119 32.9924
141151 32.9928
141183 32.9932
141215 32.9937
141247 32.9941
141279 32.9945
141311 32.9949
141343 32.9953
141375 32.9957
141407 32.9961
141439 32.9965
141471 32.9969
141503 32.9973
141535 32.9977
141567 32.9981
141599 32.9985
141631 32.9989
141663 32.9993
141695 32.9997
141727 33.0002
141759 33.0006
141791 33.001
141823 33.0014
141855 33.0018
141887 33.0022
141919 33.0026
141951 33.003
141983 33.0034
142015 33.0038
142047 33.0042
142079 33.0046
142111 33.005
142143 33.0054
142175 33.0058
142207 33.0062
142239 33.0066
142271 33.007
142303 33.0074
142335 33.0078
142367 33.0082
142399 33.0086
142431 33.009
142463 33.0095
142495 33.0099
142527 33.0103
142559 33.0107
142591 33.0111
142623 33.0115
142655 33.0119
142687 33.0123
142719 33.0127
142751 33.0131
142783 33.0135
142815 33.0139
142847 33.0143
142879 33.0147
142911 33.0151
142943 33.0155
142975 33.0159
143007 33.0163
143039 33.0167
143071 33.0171
143103 33.0175
143135 33.0179
143167 33.0183
143199 33.0187
143231 33.0191
143263 33.0195
143295 33.0199
143327 33.0203
143359 33.0207
143391 33.0211
143423 33.0215
143455 33.0219
143487 33.0223
143519 33.0227
143551 33.0231
143584 33.0235
143616 33.0239
143648 33.0243
143680 33.0247
143712 33.0251
143744 33.0255
143776 33.0259
143808 33.0263
143840 33.0267
143872 33.0271
143904 33.0275
143936 33.0279
143968 33.0283
144000 33.0287
144032 33.0291
144064 33.0295
144096 33.0299
144128 33.0303
144160 33.0307
144192 33.0311
144224 33.0315
144256 33.0319
144288 33.0323
144320 33.0327
144352 33.0331
144384 33.0335
144416 33.0339
144448 33.0343
144480 33.0347
144512 33.0351
144544 33.0355
144576 33.0359
144609 33.0363
144641 33.0367
144673 33.0371
144705 33.0374
144737 33.0378
144769 33.0382
144801 33.0386
144833 33.039
144865 33.0394
144897 33.0398
144929 33.0402
144961 33.0406
144993 33.041
145025 33.0414
145057 33.0418
145089 33.0422
145121 33.0426
145153 33.043
145185 33.0434
145217 33.0438
145249 33.0442
145281 33.0446
145313 33.045
145345 33.0454
145378 33.0458
145410 33.0462
145442 33.0466
145474 33.047
145506 33.0474
145538 33.0477
145570 33.0481
145602 33.0485
145634 33.0489
145666 33.0493
145698 33.0497
145730 33.0501
145762 33.0505
145794 33.0509
145826 33.0513
145858 33.0517
145890 33.0521
145922 33.0525
145954 33.0529
145986 33.0532
146018 33.0536
146050 33.054
146083 33.0544
146115 33.0548
146147 33.0552
146179 33.0556
146211 33.056
146243 33.0564
146275 33.0568
146307 33.0572
146339 33.0576
146371 33.058
146403 33.0584
146435 33.0588
146467 33.0591
146499 33.0595
146531 33.0599
146563 33.0603
146596 33.0607
146628 33.0611
146660 33.0615
146692 33.0619
146724 33.0623
146756 33.0627
146788 33.0631
146820 33.0635
146852 33.0639
146884 33.0642
146916 33.0646
146948 33.065
146980 33.0654
147012 33.0658
147044 33.0662
147076 33.0666
147109 33.067
147141 33.0674
147173 33.0677
147205 33.0681
147237 33.0685
147269 33.0689
147301 33.0693
147333 33.0697
147365 33.0701
147397 33.0705
147429 33.0709
147461 33.0712
147493 33.0716
147525 33.072
147557 33.0724
147590 33.0728
147622 33.0732
147654 33.0736
147686 33.074
147718 33.0744
147750 33.0747
147782 33.0751
147814 33.0755
147846 33.0759
147878 33.0763
147910 33.0767
147942 33.0771
147974 33.0775
148007 33.0779
148039 33.0782
148071 33.0786
148103 33.079
148135 33.0794
148167 33.0798
148199 33.0802
148231 33.0806
148263 33.081
148295 33.0813
148327 33.0817
148359 33.0821
148392 33.0825
148424 33.0829
148456 33.0833
148488 33.0837
148520 33.084
148552 33.0844
148584 33.0848
148616 33.0852
148648 33.0856
148680 33.086
148712 33.0864
148744 33.0867
148776 33.0871
148809 33.0875
148841 33.0879
148873 33.0883
148905 33.0887
148937 33.0891
148969 33.0894
149001 33.0898
149033 33.0902
149065 33.0906
149097 33.091
149130 33.0914
149162 33.0918
