0 0
-0.00681245 0.0144772
-0.0136101 0.0289545
-0.0203929 0.0434317
-0.027161 0.0579089
-0.0339142 0.0723861
-0.0406527 0.0868633
-0.0473765 0.10134
-0.0540855 0.115817
-0.0607798 0.130295
-0.0674594 0.144771
-0.0741242 0.159248
-0.0807744 0.173725
-0.0874099 0.188202
-0.0940308 0.202679
-0.100637 0.217155
-0.107229 0.231632
-0.113805 0.246108
-0.120368 0.260585
-0.126915 0.275061
-0.133449 0.289537
-0.139967 0.304013
-0.146471 0.318489
-0.152961 0.332965
-0.159435 0.347441
-0.165896 0.361916
-0.172342 0.376391
-0.178773 0.390867
-0.18519 0.405342
-0.191592 0.419817
-0.19798 0.434291
-0.204354 0.448766
-0.210713 0.46324
-0.217057 0.477714
-0.223388 0.492188
-0.229703 0.506662
-0.236005 0.521136
-0.242292 0.535609
-0.248565 0.550082
-0.254823 0.564555
-0.261067 0.579028
-0.267297 0.5935
-0.273512 0.607972
-0.279714 0.622444
-0.2859 0.636916
-0.292073 0.651387
-0.298231 0.665858
-0.304376 0.680329
-0.310505 0.6948
-0.316621 0.70927
-0.322723 0.72374
-0.32881 0.73821
-0.334883 0.752679
-0.340942 0.767148
-0.346987 0.781617
-0.353018 0.796085
-0.359035 0.810554
-0.365037 0.825021
-0.371026 0.839489
-0.377 0.853956
-0.38296 0.868423
-0.388907 0.882889
-0.394839 0.897355
-0.400757 0.91182
-0.406661 0.926286
-0.412552 0.94075
-0.418428 0.955215
-0.42429 0.969679
-0.430139 0.984142
-0.435973 0.998606
-0.441794 1.01307
-0.4476 1.02753
-0.453393 1.04199
-0.459172 1.05645
-0.464937 1.07092
-0.470688 1.08538
-0.476426 1.09984
-0.482149 1.1143
-0.487859 1.12875
-0.493555 1.14321
-0.499237 1.15767
-0.504906 1.17213
-0.510561 1.18659
-0.516202 1.20104
-0.521829 1.2155
-0.527443 1.22995
-0.533042 1.24441
-0.538629 1.25886
-0.544201 1.27332
-0.54976 1.28777
-0.555306 1.30222
-0.560837 1.31668
-0.566355 1.33113
-0.57186 1.34558
-0.577351 1.36003
-0.582829 1.37448
-0.588292 1.38893
-0.593743 1.40338
-0.59918 1.41783
-0.604603 1.43227
-0.610013 1.44672
-0.61541 1.46117
-0.620793 1.47561
-0.626162 1.49006
-0.631519 1.5045
-0.636862 1.51895
-0.642191 1.53339
-0.647507 1.54783
-0.65281 1.56227
-0.658099 1.57671
-0.663375 1.59115
-0.668638 1.60559
-0.673888 1.62003
-0.679124 1.63447
-0.684347 1.64891
-0.689557 1.66334
-0.694753 1.67778
-0.699937 1.69221
-0.705107 1.70665
-0.710264 1.72108
-0.715407 1.73551
-0.720538 1.74995
-0.725656 1.76438
-0.73076 1.77881
-0.735852 1.79324
-0.74093 1.80767
-0.745995 1.82209
-0.751047 1.83652
-0.756086 1.85095
-0.761112 1.86537
-0.766126 1.8798
-0.771126 1.89422
-0.776113 1.90864
-0.781087 1.92307
-0.786048 1.93749
-0.790997 1.95191
-0.795932 1.96633
-0.800855 1.98075
-0.805765 1.99516
-0.810662 2.00958
-0.815546 2.02399
-0.820417 2.03841
-0.825275 2.05282
-0.830121 2.06724
-0.834954 2.08165
-0.839774 2.09606
-0.844582 2.11047
-0.849376 2.12488
-0.854158 2.13929
-0.858928 2.15369
-0.863684 2.1681
-0.868429 2.1825
-0.87316 2.19691
-0.877879 2.21131
-0.882585 2.22571
-0.887279 2.24011
-0.89196 2.25451
-0.896628 2.26891
-0.901284 2.28331
-0.905928 2.2977
-0.910559 2.3121
-0.915177 2.32649
-0.919783 2.34089
-0.924377 2.35528
-0.928958 2.36967
-0.933527 2.38406
-0.938083 2.39845
-0.942627 2.41284
-0.947159 2.42722
-0.951679 2.44161
-0.956186 2.45599
-0.96068 2.47037
-0.965163 2.48476
-0.969633 2.49914
-0.974091 2.51352
-0.978537 2.52789
-0.98297 2.54227
-0.987392 2.55665
-0.991801 2.57102
-0.996198 2.58539
-1.00058 2.59976
-1.00496 2.61414
-1.00932 2.6285
-1.01367 2.64287
-1.018 2.65724
-1.02233 2.6716
-1.02664 2.68597
-1.03094 2.70033
-1.03523 2.71469
-1.0395 2.72905
-1.04377 2.74341
-1.04802 2.75777
-1.05226 2.77212
-1.05649 2.78648
-1.06071 2.80083
-1.06491 2.81518
-1.06911 2.82953
-1.07329 2.84388
-1.07746 2.85823
-1.08161 2.87258
-1.08576 2.88692
-1.08989 2.90126
-1.09402 2.91561
-1.09813 2.92995
-1.10223 2.94428
-1.10631 2.95862
-1.11039 2.97296
-1.11445 2.98729
-1.11851 3.00162
-1.12255 3.01595
-1.12658 3.03028
-1.1306 3.04461
-1.1346 3.05894
-1.1386 3.07326
-1.14258 3.08759
-1.14655 3.10191
-1.15051 3.11623
-1.15446 3.13055
-1.1584 3.14487
-1.16232 3.15918
-1.16624 3.17349
-1.17014 3.18781
-1.17403 3.20212
-1.17791 3.21643
-1.18178 3.23073
-1.18564 3.24504
-1.18949 3.25934
-1.19332 3.27364
-1.19715 3.28794
-1.20096 3.30224
-1.20476 3.31654
-1.20855 3.33083
-1.21233 3.34513
-1.2161 3.35942
-1.21986 3.37371
-1.22361 3.388
-1.22734 3.40228
-1.23107 3.41657
-1.23478 3.43085
-1.23848 3.44513
-1.24217 3.45941
-1.24585 3.47369
-1.24952 3.48796
-1.25318 3.50223
-1.25683 3.51651
-1.26046 3.53078
-1.26409 3.54504
-1.2677 3.55931
-1.27131 3.57357
-1.2749 3.58784
-1.27848 3.60209
-1.28206 3.61635
-1.28562 3.63061
-1.28917 3.64486
-1.29271 3.65911
-1.29623 3.67336
-1.29975 3.68761
-1.30326 3.70186
-1.30676 3.7161
-1.31024 3.73035
-1.31372 3.74458
-1.31718 3.75882
-1.32064 3.77306
-1.32408 3.78729
-1.32752 3.80152
-1.33094 3.81575
-1.33435 3.82998
-1.33776 3.84421
-1.34115 3.85843
-1.34453 3.87265
-1.3479 3.88687
-1.35126 3.90109
-1.35461 3.9153
-1.35795 3.92951
-1.36128 3.94372
-1.3646 3.95793
-1.36791 3.97213
-1.37121 3.98634
-1.3745 4.00054
-1.37778 4.01474
-1.38105 4.02893
-1.3843 4.04313
-1.38755 4.05732
-1.39079 4.07151
-1.39402 4.0857
-1.39724 4.09988
-1.40045 4.11406
-1.40364 4.12824
-1.40683 4.14242
-1.41001 4.1566
-1.41318 4.17077
-1.41634 4.18494
-1.41949 4.19911
-1.42263 4.21328
-1.42575 4.22744
-1.42887 4.2416
-1.43198 4.25576
-1.43508 4.26991
-1.43817 4.28407
-1.44125 4.29822
-1.44432 4.31237
-1.44738 4.32651
-1.45043 4.34065
-1.45348 4.3548
-1.45651 4.36893
-1.45953 4.38307
-1.46254 4.3972
-1.46555 4.41133
-1.46854 4.42546
-1.47152 4.43958
-1.4745 4.45371
-1.47746 4.46783
-1.48042 4.48194
-1.48337 4.49606
-1.4863 4.51017
-1.48923 4.52428
-1.49215 4.53838
-1.49506 4.55249
-1.49796 4.56659
-1.50085 4.58069
-1.50373 4.59478
-1.5066 4.60887
-1.50946 4.62296
-1.51232 4.63705
-1.51516 4.65113
-1.51799 4.66521
-1.52082 4.67929
-1.52364 4.69337
-1.52645 4.70744
-1.52924 4.72151
-1.53203 4.73558
-1.53481 4.74964
-1.53759 4.7637
-1.54035 4.77776
-1.5431 4.79181
-1.54585 4.80586
-1.54858 4.81991
-1.55131 4.83396
-1.55403 4.848
-1.55674 4.86204
-1.55944 4.87608
-1.56213 4.89011
-1.56482 4.90414
-1.56749 4.91817
-1.57016 4.93219
-1.57281 4.94621
-1.57546 4.96023
-1.5781 4.97425
-1.58074 4.98826
-1.58336 5.00227
-1.58597 5.01627
-1.58858 5.03027
-1.59118 5.04427
-1.59377 5.05827
-1.59635 5.07226
-1.59892 5.08625
-1.60148 5.10023
-1.60404 5.11422
-1.60658 5.12819
-1.60912 5.14217
-1.61165 5.15614
-1.61417 5.17011
-1.61669 5.18408
-1.61919 5.19804
-1.62169 5.212
-1.62418 5.22595
-1.62666 5.2399
-1.62914 5.25385
-1.6316 5.2678
-1.63406 5.28174
-1.63651 5.29568
-1.63895 5.30961
-1.64138 5.32354
-1.6438 5.33747
-1.64622 5.35139
-1.64863 5.36531
-1.65103 5.37923
-1.65342 5.39314
-1.65581 5.40705
-1.65819 5.42096
-1.66056 5.43486
-1.66292 5.44876
-1.66527 5.46265
-1.66762 5.47654
-1.66996 5.49043
-1.67229 5.50431
-1.67461 5.51819
-1.67693 5.53207
-1.67923 5.54594
-1.68153 5.55981
-1.68383 5.57367
-1.68611 5.58753
-1.68839 5.60139
-1.69066 5.61524
-1.69292 5.62909
-1.69518 5.64294
-1.69743 5.65678
-1.69967 5.67062
-1.7019 5.68445
-1.70413 5.69828
-1.70635 5.7121
-1.70856 5.72592
-1.71076 5.73974
-1.71296 5.75356
-1.71515 5.76736
-1.71733 5.78117
-1.71951 5.79497
-1.72168 5.80877
-1.72384 5.82256
-1.72599 5.83635
-1.72814 5.85013
-1.73028 5.86391
-1.73241 5.87769
-1.73454 5.89146
-1.73666 5.90523
-1.73877 5.91899
-1.74088 5.93275
-1.74297 5.9465
-1.74507 5.96025
-1.74715 5.974
-1.74923 5.98774
-1.7513 6.00148
-1.75337 6.01521
-1.75542 6.02894
-1.75747 6.04266
-1.75952 6.05638
-1.76156 6.0701
-1.76359 6.08381
-1.76561 6.09751
-1.76763 6.11122
-1.76964 6.12491
-1.77165 6.13861
-1.77365 6.15229
-1.77564 6.16598
-1.77763 6.17966
-1.77961 6.19333
-1.78158 6.207
-1.78355 6.22066
-1.78551 6.23432
-1.78746 6.24798
-1.78941 6.26163
-1.79135 6.27528
-1.79329 6.28892
-1.79522 6.30255
-1.79714 6.31619
-1.79906 6.32981
-1.80097 6.34344
-1.80287 6.35705
-1.80477 6.37066
-1.80667 6.38427
-1.80855 6.39787
-1.81043 6.41147
-1.81231 6.42506
-1.81418 6.43865
-1.81604 6.45223
-1.8179 6.46581
-1.81975 6.47938
-1.8216 6.49295
-1.82344 6.50651
-1.82527 6.52007
-1.8271 6.53362
-1.82892 6.54717
-1.83074 6.56071
-1.83255 6.57425
-1.83436 6.58778
-1.83616 6.60131
-1.83795 6.61483
-1.83974 6.62834
-1.84153 6.64186
-1.84331 6.65536
-1.84508 6.66886
-1.84685 6.68235
-1.84861 6.69584
-1.85037 6.70933
-1.85212 6.72281
-1.85386 6.73628
-1.8556 6.74975
-1.85734 6.76321
-1.85907 6.77666
-1.86079 6.79012
-1.86251 6.80356
-1.86423 6.817
-1.86594 6.83043
-1.86764 6.84386
-1.86934 6.85729
-1.87104 6.8707
-1.87273 6.88412
-1.87441 6.89752
-1.87609 6.91092
-1.87777 6.92432
-1.87943 6.9377
-1.8811 6.95109
-1.88276 6.96446
-1.88441 6.97784
-1.88606 6.9912
-1.88771 7.00456
-1.88935 7.01791
-1.89099 7.03126
-1.89262 7.0446
-1.89424 7.05794
-1.89587 7.07127
-1.89748 7.08459
-1.8991 7.09791
-1.90071 7.11122
-1.90231 7.12453
-1.90391 7.13783
-1.9055 7.15112
-1.90709 7.16441
-1.90868 7.17769
-1.91026 7.19097
-1.91184 7.20424
-1.91341 7.2175
-1.91498 7.23076
-1.91654 7.24401
-1.9181 7.25725
-1.91966 7.27049
-1.92121 7.28372
-1.92276 7.29694
-1.9243 7.31016
-1.92584 7.32337
-1.92738 7.33658
-1.92891 7.34978
-1.93043 7.36297
-1.93196 7.37616
-1.93347 7.38934
-1.93499 7.40251
-1.9365 7.41568
-1.93801 7.42883
-1.93951 7.44199
-1.94101 7.45513
-1.94251 7.46827
-1.944 7.48141
-1.94549 7.49453
-1.94697 7.50765
-1.94845 7.52077
-1.94993 7.53387
-1.9514 7.54697
-1.95287 7.56006
-1.95434 7.57315
-1.9558 7.58623
-1.95726 7.5993
-1.95871 7.61236
-1.96016 7.62542
-1.96161 7.63847
-1.96306 7.65151
-1.9645 7.66455
-1.96594 7.67758
-1.96737 7.6906
-1.9688 7.70361
-1.97023 7.71662
-1.97166 7.72962
-1.97308 7.74262
-1.9745 7.7556
-1.97591 7.76858
-1.97732 7.78155
-1.97873 7.79452
-1.98014 7.80747
-1.98154 7.82042
-1.98294 7.83336
-1.98434 7.8463
-1.98573 7.85923
-1.98712 7.87215
-1.98851 7.88506
-1.98989 7.89796
-1.99128 7.91086
-1.99265 7.92375
-1.99403 7.93663
-1.9954 7.9495
-1.99677 7.96237
-1.99814 7.97523
-1.99951 7.98808
-2.00087 8.00093
-2.00223 8.01376
-2.00358 8.02659
-2.00494 8.03941
-2.00629 8.05222
-2.00764 8.06502
-2.00899 8.07782
-2.01033 8.09061
-2.01167 8.10339
-2.01301 8.11616
-2.01435 8.12893
-2.01568 8.14168
-2.01701 8.15443
-2.01834 8.16717
-2.01967 8.1799
-2.02099 8.19263
-2.02231 8.20534
-2.02363 8.21805
-2.02495 8.23075
-2.02627 8.24344
-2.02758 8.25612
-2.02889 8.2688
-2.0302 8.28146
-2.03151 8.29412
-2.03281 8.30677
-2.03412 8.31941
-2.03542 8.33204
-2.03671 8.34467
-2.03801 8.35728
-2.03931 8.36989
-2.0406 8.38249
-2.04189 8.39507
-2.04318 8.40766
-2.04447 8.42023
-2.04575 8.43279
-2.04703 8.44535
-2.04832 8.45789
-2.0496 8.47043
-2.05087 8.48296
-2.05215 8.49548
-2.05343 8.50799
-2.0547 8.52049
-2.05597 8.53298
-2.05724 8.54547
-2.05851 8.55794
-2.05977 8.57041
-2.06104 8.58286
-2.0623 8.59531
-2.06357 8.60775
-2.06483 8.62018
-2.06609 8.6326
-2.06734 8.64501
-2.0686 8.65741
-2.06986 8.66981
-2.07111 8.68219
-2.07236 8.69456
-2.07361 8.70693
-2.07486 8.71928
-2.07611 8.73163
-2.07736 8.74397
-2.07861 8.75629
-2.07985 8.76861
-2.08109 8.78092
-2.08234 8.79322
-2.08358 8.80551
-2.08482 8.81779
-2.08606 8.83006
-2.0873 8.84232
-2.08854 8.85457
-2.08977 8.86681
-2.09101 8.87904
-2.09224 8.89126
-2.09348 8.90347
-2.09471 8.91567
-2.09594 8.92786
-2.09717 8.94004
-2.0984 8.95222
-2.09963 8.96438
-2.10086 8.97653
-2.10209 8.98867
-2.10332 9.0008
-2.10454 9.01292
-2.10577 9.02503
-2.107 9.03714
-2.10822 9.04923
-2.10945 9.06131
-2.11067 9.07338
-2.11189 9.08544
-2.11311 9.09749
-2.11434 9.10953
-2.11556 9.12156
-2.11678 9.13358
-2.118 9.14559
-2.11922 9.15758
-2.12044 9.16957
-2.12166 9.18155
-2.12288 9.19352
-2.1241 9.20547
-2.12531 9.21742
-2.12653 9.22935
-2.12775 9.24128
-2.12897 9.25319
-2.13018 9.26509
-2.1314 9.27698
-2.13262 9.28886
-2.13384 9.30073
-2.13505 9.31259
-2.13627 9.32444
-2.13748 9.33628
-2.1387 9.34811
-2.13992 9.35992
-2.14113 9.37173
-2.14235 9.38352
-2.14356 9.3953
-2.14478 9.40707
-2.146 9.41883
-2.14721 9.43058
-2.14843 9.44232
-2.14965 9.45405
-2.15086 9.46576
-2.15208 9.47747
-2.15329 9.48916
-2.15451 9.50084
-2.15573 9.51251
-2.15695 9.52417
-2.15816 9.53582
-2.15938 9.54745
-2.1606 9.55908
-2.16182 9.57069
-2.16304 9.58229
-2.16426 9.59388
-2.16547 9.60546
-2.16669 9.61702
-2.16791 9.62858
-2.16913 9.64012
-2.17036 9.65165
-2.17158 9.66317
-2.1728 9.67468
-2.17402 9.68617
-2.17524 9.69766
-2.17647 9.70913
-2.17769 9.72059
-2.17892 9.73203
-2.18014 9.74347
-2.18137 9.75489
-2.18259 9.7663
-2.18382 9.7777
-2.18505 9.78909
-2.18627 9.80047
-2.1875 9.81183
-2.18873 9.82318
-2.18996 9.83452
-2.19119 9.84584
-2.19242 9.85716
-2.19366 9.86846
-2.19489 9.87975
-2.19612 9.89102
-2.19736 9.90229
-2.19859 9.91354
-2.19983 9.92478
-2.20107 9.936
-2.2023 9.94722
-2.20354 9.95842
-2.20478 9.96961
-2.20602 9.98079
-2.20726 9.99195
-2.20851 10.0031
-2.20975 10.0142
-2.211 10.0254
-2.21224 10.0365
-2.21349 10.0476
-2.21473 10.0587
-2.21598 10.0697
-2.21723 10.0808
-2.21848 10.0918
-2.21974 10.1029
-2.22099 10.1139
-2.22224 10.1249
-2.2235 10.1359
-2.22475 10.1469
-2.22601 10.1579
-2.22727 10.1688
-2.22853 10.1798
-2.22979 10.1907
-2.23105 10.2016
-2.23231 10.2125
-2.23358 10.2234
-2.23484 10.2343
-2.23611 10.2451
-2.23738 10.256
-2.23865 10.2668
-2.23992 10.2776
-2.24119 10.2885
-2.24247 10.2993
-2.24374 10.31
-2.24502 10.3208
-2.24629 10.3316
-2.24757 10.3423
-2.24885 10.353
-2.25013 10.3637
-2.25142 10.3744
-2.2527 10.3851
-2.25399 10.3958
-2.25528 10.4065
-2.25656 10.4171
-2.25785 10.4277
-2.25915 10.4384
-2.26044 10.449
-2.26173 10.4595
-2.26303 10.4701
-2.26433 10.4807
-2.26563 10.4912
-2.26693 10.5018
-2.26823 10.5123
-2.26953 10.5228
-2.27084 10.5333
-2.27214 10.5438
-2.27345 10.5542
-2.27476 10.5647
-2.27607 10.5751
-2.27739 10.5855
-2.2787 10.5959
-2.28002 10.6063
-2.28134 10.6167
-2.28266 10.6271
-2.28398 10.6374
-2.2853 10.6477
-2.28663 10.6581
-2.28795 10.6684
-2.28928 10.6787
-2.29061 10.6889
-2.29194 10.6992
-2.29327 10.7094
-2.29461 10.7197
-2.29595 10.7299
-2.29728 10.7401
-2.29862 10.7503
-2.29997 10.7604
-2.30131 10.7706
-2.30265 10.7807
-2.304 10.7909
-2.30535 10.801
-2.3067 10.8111
-2.30805 10.8212
-2.30941 10.8312
-2.31076 10.8413
-2.31212 10.8513
-2.31348 10.8613
-2.31484 10.8714
-2.31621 10.8813
-2.31757 10.8913
-2.31894 10.9013
-2.32031 10.9112
-2.32168 10.9212
-2.32305 10.9311
-2.32442 10.941
-2.3258 10.9509
-2.32718 10.9607
-2.32856 10.9706
-2.32994 10.9804
-2.33132 10.9903
-2.33271 11.0001
-2.33409 11.0099
-2.33548 11.0197
-2.33687 11.0294
-2.33827 11.0392
-2.33966 11.0489
-2.34106 11.0586
-2.34246 11.0683
-2.34386 11.078
-2.34526 11.0877
-2.34666 11.0973
-2.34807 11.107
-2.34948 11.1166
-2.35089 11.1262
-2.3523 11.1358
-2.35371 11.1454
-2.35513 11.1549
-2.35655 11.1645
-2.35797 11.174
-2.35939 11.1835
-2.36081 11.193
-2.36224 11.2025
-2.36366 11.212
-2.36509 11.2214
-2.36652 11.2309
-2.36796 11.2403
-2.36939 11.2497
-2.37083 11.2591
-2.37227 11.2685
-2.37371 11.2778
-2.37515 11.2871
-2.37659 11.2965
-2.37804 11.3058
-2.37949 11.3151
-2.38094 11.3243
-2.38239 11.3336
-2.38385 11.3428
-2.3853 11.3521
-2.38676 11.3613
-2.38822 11.3705
-2.38968 11.3797
-2.39115 11.3888
-2.39261 11.398
-2.39408 11.4071
-2.39555 11.4162
-2.39702 11.4253
-2.3985 11.4344
-2.39997 11.4435
-2.40145 11.4525
-2.40293 11.4615
-2.40441 11.4706
-2.40589 11.4796
-2.40738 11.4885
-2.40887 11.4975
-2.41035 11.5065
-2.41185 11.5154
-2.41334 11.5243
-2.41483 11.5332
-2.41633 11.5421
-2.41783 11.551
-2.41933 11.5598
-2.42083 11.5686
-2.42233 11.5775
-2.42384 11.5863
-2.42535 11.595
-2.42686 11.6038
-2.42837 11.6126
-2.42988 11.6213
-2.4314 11.63
-2.43292 11.6387
-2.43444 11.6474
-2.43596 11.6561
-2.43748 11.6647
-2.43901 11.6734
-2.44053 11.682
-2.44206 11.6906
-2.44359 11.6992
-2.44512 11.7077
-2.44666 11.7163
-2.44819 11.7248
-2.44973 11.7333
-2.45127 11.7418
-2.45281 11.7503
-2.45435 11.7588
-2.4559 11.7673
-2.45745 11.7757
-2.45899 11.7841
-2.46055 11.7925
-2.4621 11.8009
-2.46365 11.8093
-2.46521 11.8176
-2.46676 11.8259
-2.46832 11.8343
-2.46988 11.8426
-2.47145 11.8508
-2.47301 11.8591
-2.47458 11.8674
-2.47615 11.8756
-2.47772 11.8838
-2.47929 11.892
-2.48086 11.9002
-2.48243 11.9083
-2.48401 11.9165
-2.48559 11.9246
-2.48717 11.9327
-2.48875 11.9408
-2.49033 11.9489
-2.49192 11.957
-2.4935 11.965
-2.49509 11.973
-2.49668 11.9811
-2.49827 11.989
-2.49987 11.997
-2.50146 12.005
-2.50306 12.0129
-2.50466 12.0208
-2.50625 12.0288
-2.50786 12.0366
-2.50946 12.0445
-2.51106 12.0524
-2.51267 12.0602
-2.51428 12.068
-2.51588 12.0759
-2.5175 12.0836
-2.51911 12.0914
-2.52072 12.0992
-2.52234 12.1069
-2.52395 12.1146
-2.52557 12.1223
-2.52719 12.13
-2.52881 12.1377
-2.53043 12.1453
-2.53206 12.153
-2.53368 12.1606
-2.53531 12.1682
-2.53694 12.1758
-2.53857 12.1833
-2.5402 12.1909
-2.54183 12.1984
-2.54347 12.2059
-2.5451 12.2134
-2.54674 12.2209
-2.54838 12.2284
-2.55002 12.2358
-2.55166 12.2433
-2.5533 12.2507
-2.55494 12.2581
-2.55659 12.2654
-2.55823 12.2728
-2.55988 12.2801
-2.56153 12.2875
-2.56318 12.2948
-2.56483 12.3021
-2.56648 12.3094
-2.56814 12.3166
-2.56979 12.3239
-2.57145 12.3311
-2.57311 12.3383
-2.57477 12.3455
-2.57643 12.3526
-2.57809 12.3598
-2.57975 12.3669
-2.58141 12.3741
-2.58308 12.3812
-2.58475 12.3883
-2.58641 12.3953
-2.58808 12.4024
-2.58975 12.4094
-2.59142 12.4164
-2.59309 12.4234
-2.59477 12.4304
-2.59644 12.4374
-2.59812 12.4443
-2.59979 12.4513
-2.60147 12.4582
-2.60315 12.4651
-2.60483 12.472
-2.60651 12.4789
-2.60819 12.4857
-2.60987 12.4925
-2.61155 12.4993
-2.61324 12.5061
-2.61492 12.5129
-2.61661 12.5197
-2.6183 12.5264
-2.61999 12.5332
-2.62167 12.5399
-2.62336 12.5466
-2.62506 12.5533
-2.62675 12.5599
-2.62844 12.5666
-2.63013 12.5732
-2.63183 12.5798
-2.63352 12.5864
-2.63522 12.593
-2.63692 12.5996
-2.63862 12.6061
-2.64032 12.6126
-2.64202 12.6191
-2.64372 12.6256
-2.64542 12.6321
-2.64712 12.6386
-2.64882 12.645
-2.65053 12.6514
-2.65223 12.6579
-2.65393 12.6642
-2.65564 12.6706
-2.65735 12.677
-2.65905 12.6833
-2.66076 12.6897
-2.66247 12.696
-2.66418 12.7023
-2.66589 12.7085
-2.6676 12.7148
-2.66931 12.721
-2.67102 12.7273
-2.67274 12.7335
-2.67445 12.7397
-2.67616 12.7459
-2.67788 12.752
-2.67959 12.7582
-2.68131 12.7643
-2.68302 12.7704
-2.68474 12.7765
-2.68646 12.7826
-2.68818 12.7886
-2.68989 12.7947
-2.69161 12.8007
-2.69333 12.8067
-2.69505 12.8127
-2.69677 12.8187
-2.69849 12.8247
-2.70021 12.8306
-2.70193 12.8365
-2.70366 12.8425
-2.70538 12.8484
-2.7071 12.8542
-2.70882 12.8601
-2.71055 12.866
-2.71227 12.8718
-2.714 12.8776
-2.71572 12.8834
-2.71745 12.8892
-2.71917 12.895
-2.7209 12.9007
-2.72262 12.9065
-2.72435 12.9122
-2.72608 12.9179
-2.7278 12.9236
-2.72953 12.9292
-2.73126 12.9349
-2.73298 12.9405
-2.73471 12.9462
-2.73644 12.9518
-2.73817 12.9574
-2.7399 12.9629
-2.74163 12.9685
-2.74335 12.974
-2.74508 12.9796
-2.74681 12.9851
-2.74854 12.9906
-2.75027 12.9961
-2.752 13.0015
-2.75373 13.007
-2.75546 13.0124
-2.75719 13.0178
-2.75892 13.0232
-2.76065 13.0286
-2.76238 13.034
-2.76411 13.0393
-2.76584 13.0447
-2.76757 13.05
-2.7693 13.0553
-2.77103 13.0606
-2.77277 13.0659
-2.7745 13.0711
-2.77623 13.0764
-2.77796 13.0816
-2.77969 13.0868
-2.78142 13.092
-2.78315 13.0972
-2.78488 13.1024
-2.78661 13.1075
-2.78834 13.1127
-2.79007 13.1178
-2.7918 13.1229
-2.79353 13.128
-2.79526 13.1331
-2.79699 13.1381
-2.79872 13.1432
-2.80045 13.1482
-2.80218 13.1532
-2.80391 13.1582
-2.80564 13.1632
-2.80737 13.1682
-2.8091 13.1732
-2.81083 13.1781
-2.81255 13.183
-2.81428 13.1879
-2.81601 13.1928
-2.81774 13.1977
-2.81947 13.2026
-2.82119 13.2074
-2.82292 13.2123
-2.82465 13.2171
-2.82638 13.2219
-2.8281 13.2267
-2.82983 13.2315
-2.83155 13.2362
-2.83328 13.241
-2.83501 13.2457
-2.83673 13.2504
-2.83845 13.2551
-2.84018 13.2598
-2.8419 13.2645
-2.84363 13.2691
-2.84535 13.2738
-2.84707 13.2784
-2.8488 13.283
-2.85052 13.2876
-2.85224 13.2922
-2.85396 13.2968
-2.85568 13.3013
-2.8574 13.3059
-2.85912 13.3104
-2.86084 13.3149
-2.86256 13.3194
-2.86428 13.3239
-2.866 13.3284
-2.86772 13.3329
-2.86944 13.3373
-2.87115 13.3417
-2.87287 13.3461
-2.87459 13.3505
-2.8763 13.3549
-2.87802 13.3593
-2.87973 13.3637
-2.88145 13.368
-2.88316 13.3723
-2.88487 13.3767
-2.88659 13.381
-2.8883 13.3852
-2.89001 13.3895
-2.89172 13.3938
-2.89343 13.398
-2.89514 13.4023
-2.89685 13.4065
-2.89856 13.4107
-2.90027 13.4149
-2.90198 13.4191
-2.90368 13.4232
-2.90539 13.4274
-2.9071 13.4315
-2.9088 13.4356
-2.91051 13.4398
-2.91221 13.4439
-2.91391 13.4479
-2.91562 13.452
-2.91732 13.4561
-2.91902 13.4601
-2.92072 13.4641
-2.92242 13.4682
-2.92412 13.4722
-2.92582 13.4762
-2.92752 13.4801
-2.92921 13.4841
-2.93091 13.4881
-2.93261 13.492
-2.9343 13.4959
-2.936 13.4998
-2.93769 13.5037
-2.93938 13.5076
-2.94108 13.5115
-2.94277 13.5153
-2.94446 13.5192
-2.94615 13.523
-2.94784 13.5268
-2.94953 13.5307
-2.95122 13.5344
-2.9529 13.5382
-2.95459 13.542
-2.95628 13.5458
-2.95796 13.5495
-2.95964 13.5532
-2.96133 13.557
-2.96301 13.5607
-2.96469 13.5644
-2.96637 13.568
-2.96805 13.5717
-2.96973 13.5754
-2.97141 13.579
-2.97309 13.5826
-2.97477 13.5862
-2.97644 13.5899
-2.97812 13.5934
-2.97979 13.597
-2.98146 13.6006
-2.98314 13.6042
-2.98481 13.6077
-2.98648 13.6112
-2.98815 13.6148
-2.98982 13.6183
-2.99149 13.6218
-2.99316 13.6252
-2.99482 13.6287
-2.99649 13.6322
-2.99815 13.6356
-2.99982 13.6391
-3.00148 13.6425
-3.00314 13.6459
-3.0048 13.6493
-3.00646 13.6527
-3.00812 13.6561
-3.00978 13.6594
-3.01144 13.6628
-3.0131 13.6661
-3.01475 13.6694
-3.01641 13.6728
-3.01806 13.6761
-3.01971 13.6794
-3.02137 13.6826
-3.02302 13.6859
-3.02467 13.6892
-3.02632 13.6924
-3.02796 13.6957
-3.02961 13.6989
-3.03126 13.7021
-3.0329 13.7053
-3.03455 13.7085
-3.03619 13.7117
-3.03783 13.7148
-3.03947 13.718
-3.04112 13.7211
-3.04275 13.7243
-3.04439 13.7274
-3.04603 13.7305
-3.04767 13.7336
-3.0493 13.7367
-3.05094 13.7398
-3.05257 13.7428
-3.0542 13.7459
-3.05584 13.7489
-3.05747 13.752
-3.0591 13.755
-3.06073 13.758
-3.06235 13.761
-3.06398 13.764
-3.06561 13.767
-3.06723 13.7699
-3.06885 13.7729
-3.07048 13.7759
-3.0721 13.7788
-3.07372 13.7817
-3.07534 13.7846
-3.07696 13.7875
-3.07857 13.7904
-3.08019 13.7933
-3.08181 13.7962
-3.08342 13.7991
-3.08503 13.8019
-3.08665 13.8047
-3.08826 13.8076
-3.08987 13.8104
-3.09148 13.8132
-3.09309 13.816
-3.09469 13.8188
-3.0963 13.8216
-3.09791 13.8243
-3.09951 13.8271
-3.10111 13.8299
-3.10271 13.8326
-3.10432 13.8353
-3.10592 13.838
-3.10751 13.8408
-3.10911 13.8435
-3.11071 13.8461
-3.1123 13.8488
-3.1139 13.8515
-3.11549 13.8541
-3.11708 13.8568
-3.11868 13.8594
-3.12027 13.8621
-3.12186 13.8647
-3.12344 13.8673
-3.12503 13.8699
-3.12662 13.8725
-3.1282 13.8751
-3.12979 13.8776
-3.13137 13.8802
-3.13295 13.8828
-3.13453 13.8853
-3.13611 13.8878
-3.13769 13.8904
-3.13927 13.8929
-3.14084 13.8954
-3.14242 13.8979
-3.14399 13.9004
-3.14557 13.9028
-3.14714 13.9053
-3.14871 13.9078
-3.15028 13.9102
-3.15185 13.9126
-3.15342 13.9151
-3.15498 13.9175
-3.15655 13.9199
-3.15811 13.9223
-3.15968 13.9247
-3.16124 13.9271
-3.1628 13.9295
-3.16436 13.9318
-3.16592 13.9342
-3.16748 13.9365
-3.16904 13.9389
-3.17059 13.9412
-3.17215 13.9435
-3.1737 13.9458
-3.17526 13.9481
-3.17681 13.9504
-3.17836 13.9527
-3.17991 13.955
-3.18146 13.9573
-3.183 13.9595
-3.18455 13.9618
-3.18609 13.964
-3.18764 13.9662
-3.18918 13.9685
-3.19072 13.9707
-3.19226 13.9729
-3.1938 13.9751
-3.19534 13.9773
-3.19688 13.9795
-3.19842 13.9816
-3.19995 13.9838
-3.20149 13.986
-3.20302 13.9881
-3.20455 13.9902
-3.20609 13.9924
-3.20762 13.9945
-3.20914 13.9966
-3.21067 13.9987
-3.2122 14.0008
-3.21373 14.0029
-3.21525 14.005
-3.21677 14.0071
-3.2183 14.0091
-3.21982 14.0112
-3.22134 14.0132
-3.22286 14.0153
-3.22438 14.0173
-3.22589 14.0194
-3.22741 14.0214
-3.22893 14.0234
-3.23044 14.0254
-3.23195 14.0274
-3.23347 14.0294
-3.23498 14.0313
-3.23649 14.0333
-3.238 14.0353
-3.2395 14.0372
-3.24101 14.0392
-3.24252 14.0411
-3.24402 14.0431
-3.24553 14.045
-3.24703 14.0469
-3.24853 14.0488
-3.25003 14.0507
-3.25153 14.0526
-3.25303 14.0545
-3.25453 14.0564
-3.25602 14.0582
-3.25752 14.0601
-3.25901 14.062
-3.2605 14.0638
-3.262 14.0657
-3.26349 14.0675
-3.26498 14.0693
-3.26647 14.0711
-3.26796 14.073
-3.26944 14.0748
-3.27093 14.0766
-3.27241 14.0783
-3.2739 14.0801
-3.27538 14.0819
-3.27686 14.0837
-3.27834 14.0854
-3.27982 14.0872
-3.2813 14.0889
-3.28278 14.0907
-3.28426 14.0924
-3.28573 14.0942
-3.28721 14.0959
-3.28868 14.0976
-3.29015 14.0993
-3.29163 14.101
-3.2931 14.1027
-3.29457 14.1044
-3.29603 14.1061
-3.2975 14.1077
-3.29897 14.1094
-3.30043 14.1111
-3.3019 14.1127
-3.30336 14.1143
-3.30483 14.116
-3.30629 14.1176
-3.30775 14.1192
-3.30921 14.1209
-3.31067 14.1225
-3.31212 14.1241
-3.31358 14.1257
-3.31504 14.1273
-3.31649 14.1289
-3.31795 14.1304
-3.3194 14.132
-3.32085 14.1336
-3.3223 14.1351
-3.32375 14.1367
-3.3252 14.1382
-3.32665 14.1398
-3.32809 14.1413
-3.32954 14.1429
-3.33099 14.1444
-3.33243 14.1459
-3.33387 14.1474
-3.33532 14.1489
-3.33676 14.1504
-3.3382 14.1519
-3.33964 14.1534
-3.34107 14.1549
-3.34251 14.1563
-3.34395 14.1578
-3.34538 14.1593
-3.34682 14.1607
-3.34825 14.1622
-3.34968 14.1636
-3.35112 14.1651
-3.35255 14.1665
-3.35398 14.1679
-3.35541 14.1693
-3.35683 14.1707
-3.35826 14.1721
-3.35969 14.1735
-3.36111 14.1749
-3.36254 14.1763
-3.36396 14.1777
-3.36538 14.1791
-3.3668 14.1805
-3.36823 14.1818
-3.36965 14.1832
-3.37106 14.1846
-3.37248 14.1859
-3.3739 14.1873
-3.37531 14.1886
-3.37673 14.1899
-3.37814 14.1913
-3.37956 14.1926
-3.38097 14.1939
-3.38238 14.1952
-3.38379 14.1965
-3.3852 14.1978
-3.38661 14.1991
-3.38802 14.2004
-3.38943 14.2017
-3.39083 14.203
-3.39224 14.2042
-3.39364 14.2055
-3.39505 14.2068
-3.39645 14.208
-3.39785 14.2093
-3.39925 14.2105
-3.40065 14.2118
-3.40205 14.213
-3.40345 14.2142
-3.40485 14.2154
-3.40625 14.2167
-3.40764 14.2179
-3.40904 14.2191
-3.41043 14.2203
-3.41182 14.2215
-3.41322 14.2227
-3.41461 14.2239
-3.416 14.2251
-3.41739 14.2262
-3.41878 14.2274
-3.42017 14.2286
-3.42155 14.2298
-3.42294 14.2309
-3.42433 14.2321
-3.42571 14.2332
-3.4271 14.2344
-3.42848 14.2355
-3.42986 14.2366
-3.43124 14.2378
-3.43262 14.2389
-3.434 14.24
-3.43538 14.2411
-3.43676 14.2422
-3.43814 14.2434
-3.43952 14.2445
-3.44089 14.2456
-3.44227 14.2466
-3.44364 14.2477
-3.44502 14.2488
-3.44639 14.2499
-3.44776 14.251
-3.44913 14.252
-3.4505 14.2531
-3.45187 14.2542
-3.45324 14.2552
-3.45461 14.2563
-3.45598 14.2573
-3.45734 14.2584
-3.45871 14.2594
-3.46007 14.2604
-3.46144 14.2614
-3.4628 14.2625
-3.46416 14.2635
-3.46553 14.2645
-3.46689 14.2655
-3.46825 14.2665
-3.46961 14.2675
-3.47097 14.2685
-3.47232 14.2695
-3.47368 14.2705
-3.47504 14.2715
-3.47639 14.2725
-3.47775 14.2734
-3.4791 14.2744
-3.48046 14.2754
-3.48181 14.2763
-3.48316 14.2773
-3.48451 14.2783
-3.48587 14.2792
-3.48722 14.2802
-3.48856 14.2811
-3.48991 14.282
-3.49126 14.283
-3.49261 14.2839
-3.49395 14.2848
-3.4953 14.2858
-3.49665 14.2867
-3.49799 14.2876
-3.49933 14.2885
-3.50068 14.2894
-3.50202 14.2903
-3.50336 14.2912
-3.5047 14.2921
-3.50604 14.293
-3.50738 14.2939
-3.50872 14.2948
-3.51006 14.2956
-3.51139 14.2965
-3.51273 14.2974
-3.51407 14.2982
-3.5154 14.2991
-3.51674 14.3
-3.51807 14.3008
-3.5194 14.3017
-3.52074 14.3025
-3.52207 14.3034
-3.5234 14.3042
-3.52473 14.305
-3.52606 14.3059
-3.52739 14.3067
-3.52872 14.3075
-3.53005 14.3084
-3.53137 14.3092
-3.5327 14.31
-3.53403 14.3108
-3.53535 14.3116
-3.53668 14.3124
-3.538 14.3132
-3.53932 14.314
-3.54065 14.3148
-3.54197 14.3156
-3.54329 14.3164
-3.54461 14.3172
-3.54593 14.3179
-3.54725 14.3187
-3.54857 14.3195
-3.54989 14.3203
-3.55121 14.321
-3.55252 14.3218
-3.55384 14.3225
-3.55516 14.3233
-3.55647 14.3241
-3.55779 14.3248
-3.5591 14.3255
-3.56041 14.3263
-3.56173 14.327
-3.56304 14.3278
-3.56435 14.3285
-3.56566 14.3292
-3.56697 14.3299
-3.56828 14.3307
-3.56959 14.3314
-3.5709 14.3321
-3.57221 14.3328
-3.57351 14.3335
-3.57482 14.3342
-3.57613 14.3349
-3.57743 14.3356
-3.57874 14.3363
-3.58004 14.337
-3.58135 14.3377
-3.58265 14.3384
-3.58395 14.3391
-3.58525 14.3398
-3.58656 14.3404
-3.58786 14.3411
-3.58916 14.3418
-3.59046 14.3425
-3.59176 14.3431
-3.59306 14.3438
-3.59435 14.3444
-3.59565 14.3451
-3.59695 14.3458
-3.59825 14.3464
-3.59954 14.3471
-3.60084 14.3477
-3.60213 14.3483
-3.60343 14.349
-3.60472 14.3496
-3.60602 14.3503
-3.60731 14.3509
-3.6086 14.3515
-3.60989 14.3521
-3.61118 14.3528
-3.61247 14.3534
-3.61376 14.354
-3.61505 14.3546
-3.61634 14.3552
-3.61763 14.3558
-3.61892 14.3564
-3.62021 14.357
-3.6215 14.3576
-3.62278 14.3582
-3.62407 14.3588
-3.62535 14.3594
-3.62664 14.36
-3.62792 14.3606
-3.62921 14.3612
-3.63049 14.3617
-3.63177 14.3623
-3.63306 14.3629
-3.63434 14.3635
-3.63562 14.364
-3.6369 14.3646
-3.63818 14.3652
-3.63946 14.3657
-3.64074 14.3663
-3.64202 14.3669
-3.6433 14.3674
-3.64458 14.368
-3.64586 14.3685
-3.64713 14.3691
-3.64841 14.3696
-3.64969 14.3701
-3.65096 14.3707
-3.65224 14.3712
-3.65351 14.3717
-3.65479 14.3723
-3.65606 14.3728
-3.65734 14.3733
-3.65861 14.3739
-3.65988 14.3744
-3.66115 14.3749
-3.66243 14.3754
-3.6637 14.3759
-3.66497 14.3764
-3.66624 14.377
-3.66751 14.3775
-3.66878 14.378
-3.67005 14.3785
-3.67132 14.379
-3.67258 14.3795
-3.67385 14.38
-3.67512 14.3805
-3.67639 14.3809
-3.67765 14.3814
-3.67892 14.3819
-3.68018 14.3824
-3.68145 14.3829
-3.68271 14.3834
-3.68398 14.3838
-3.68524 14.3843
-3.6865 14.3848
-3.68777 14.3853
-3.68903 14.3857
-3.69029 14.3862
-3.69155 14.3867
-3.69282 14.3871
-3.69408 14.3876
-3.69534 14.388
-3.6966 14.3885
-3.69786 14.389
-3.69912 14.3894
-3.70038 14.3899
-3.70163 14.3903
-3.70289 14.3907
-3.70415 14.3912
-3.70541 14.3916
-3.70666 14.3921
-3.70792 14.3925
-3.70918 14.3929
-3.71043 14.3934
-3.71169 14.3938
-3.71294 14.3942
-3.7142 14.3947
-3.71545 14.3951
-3.71671 14.3955
-3.71796 14.3959
-3.71921 14.3963
-3.72047 14.3968
-3.72172 14.3972
-3.72297 14.3976
-3.72422 14.398
-3.72547 14.3984
-3.72672 14.3988
-3.72797 14.3992
-3.72922 14.3996
-3.73047 14.4
-3.73172 14.4004
-3.73297 14.4008
-3.73422 14.4012
-3.73547 14.4016
-3.73672 14.402
-3.73796 14.4024
-3.73921 14.4028
-3.74046 14.4032
-3.74171 14.4035
-3.74295 14.4039
-3.7442 14.4043
-3.74544 14.4047
-3.74669 14.4051
-3.74793 14.4054
-3.74918 14.4058
-3.75042 14.4062
-3.75167 14.4065
-3.75291 14.4069
-3.75415 14.4073
-3.75539 14.4076
-3.75664 14.408
-3.75788 14.4084
-3.75912 14.4087
-3.76036 14.4091
-3.7616 14.4094
-3.76284 14.4098
-3.76409 14.4101
-3.76533 14.4105
-3.76657 14.4108
-3.7678 14.4112
-3.76904 14.4115
-3.77028 14.4119
-3.77152 14.4122
-3.77276 14.4126
-3.774 14.4129
-3.77524 14.4132
-3.77647 14.4136
-3.77771 14.4139
-3.77895 14.4142
-3.78018 14.4146
-3.78142 14.4149
-3.78265 14.4152
-3.78389 14.4156
-3.78513 14.4159
-3.78636 14.4162
-3.7876 14.4165
-3.78883 14.4168
-3.79006 14.4172
-3.7913 14.4175
-3.79253 14.4178
-3.79376 14.4181
-3.795 14.4184
-3.79623 14.4187
-3.79746 14.419
-3.79869 14.4193
-3.79992 14.4196
-3.80116 14.4199
-3.80239 14.4203
-3.80362 14.4206
-3.80485 14.4209
-3.80608 14.4212
-3.80731 14.4214
-3.80854 14.4217
-3.80977 14.422
-3.811 14.4223
-3.81223 14.4226
-3.81345 14.4229
-3.81468 14.4232
-3.81591 14.4235
-3.81714 14.4238
-3.81837 14.4241
-3.81959 14.4243
-3.82082 14.4246
-3.82205 14.4249
-3.82327 14.4252
-3.8245 14.4255
-3.82573 14.4257
-3.82695 14.426
-3.82818 14.4263
-3.8294 14.4266
-3.83063 14.4268
-3.83185 14.4271
-3.83308 14.4274
-3.8343 14.4276
-3.83552 14.4279
-3.83675 14.4282
-3.83797 14.4284
-3.83919 14.4287
-3.84042 14.4289
-3.84164 14.4292
-3.84286 14.4295
-3.84408 14.4297
-3.84531 14.43
-3.84653 14.4302
-3.84775 14.4305
-3.84897 14.4307
-3.85019 14.431
-3.85141 14.4312
-3.85263 14.4315
-3.85385 14.4317
-3.85507 14.432
-3.85629 14.4322
-3.85751 14.4324
-3.85873 14.4327
-3.85995 14.4329
-3.86117 14.4332
-3.86239 14.4334
-3.86361 14.4336
-3.86483 14.4339
-3.86604 14.4341
-3.86726 14.4343
-3.86848 14.4346
-3.8697 14.4348
-3.87091 14.435
-3.87213 14.4353
-3.87335 14.4355
-3.87456 14.4357
-3.87578 14.4359
-3.877 14.4362
-3.87821 14.4364
-3.87943 14.4366
-3.88064 14.4368
-3.88186 14.4371
-3.88307 14.4373
-3.88429 14.4375
-3.8855 14.4377
-3.88672 14.4379
-3.88793 14.4381
-3.88914 14.4383
-3.89036 14.4386
-3.89157 14.4388
-3.89278 14.439
-3.894 14.4392
-3.89521 14.4394
-3.89642 14.4396
-3.89764 14.4398
-3.89885 14.44
-3.90006 14.4402
-3.90127 14.4404
-3.90248 14.4406
-3.9037 14.4408
-3.90491 14.441
-3.90612 14.4412
-3.90733 14.4414
-3.90854 14.4416
-3.90975 14.4418
-3.91096 14.442
-3.91217 14.4422
-3.91338 14.4424
-3.91459 14.4426
-3.9158 14.4428
-3.91701 14.443
-3.91822 14.4431
-3.91943 14.4433
-3.92064 14.4435
-3.92185 14.4437
-3.92305 14.4439
-3.92426 14.4441
-3.92547 14.4443
-3.92668 14.4444
-3.92789 14.4446
-3.92909 14.4448
-3.9303 14.445
-3.93151 14.4452
-3.93272 14.4453
-3.93392 14.4455
-3.93513 14.4457
-3.93634 14.4459
-3.93754 14.446
-3.93875 14.4462
-3.93996 14.4464
-3.94116 14.4466
-3.94237 14.4467
-3.94357 14.4469
-3.94478 14.4471
-3.94598 14.4472
-3.94719 14.4474
-3.94839 14.4476
-3.9496 14.4477
-3.9508 14.4479
-3.95201 14.4481
-3.95321 14.4482
-3.95442 14.4484
-3.95562 14.4485
-3.95683 14.4487
-3.95803 14.4489
-3.95923 14.449
-3.96044 14.4492
-3.96164 14.4493
-3.96284 14.4495
-3.96405 14.4496
-3.96525 14.4498
-3.96645 14.4499
-3.96765 14.4501
-3.96886 14.4503
-3.97006 14.4504
-3.97126 14.4506
-3.97246 14.4507
-3.97366 14.4509
-3.97487 14.451
-3.97607 14.4511
-3.97727 14.4513
-3.97847 14.4514
-3.97967 14.4516
-3.98087 14.4517
-3.98207 14.4519
-3.98327 14.452
-3.98447 14.4522
-3.98567 14.4523
-3.98687 14.4524
-3.98807 14.4526
-3.98927 14.4527
-3.99047 14.4529
-3.99167 14.453
-3.99287 14.4531
-3.99407 14.4533
-3.99527 14.4534
-3.99647 14.4535
-3.99767 14.4537
-3.99887 14.4538
-4.00007 14.4539
-4.00127 14.4541
-4.00246 14.4542
-4.00366 14.4543
-4.00486 14.4545
-4.00606 14.4546
-4.00726 14.4547
-4.00846 14.4548
-4.00965 14.455
-4.01085 14.4551
-4.01205 14.4552
-4.01325 14.4553
-4.01444 14.4555
-4.01564 14.4556
-4.01684 14.4557
-4.01803 14.4558
-4.01923 14.456
-4.02043 14.4561
-4.02162 14.4562
-4.02282 14.4563
-4.02402 14.4564
-4.02521 14.4566
-4.02641 14.4567
-4.02761 14.4568
-4.0288 14.4569
-4.03 14.457
-4.03119 14.4571
-4.03239 14.4573
-4.03358 14.4574
-4.03478 14.4575
-4.03597 14.4576
-4.03717 14.4577
-4.03836 14.4578
-4.03956 14.4579
-4.04075 14.4581
-4.04195 14.4582
-4.04314 14.4583
-4.04434 14.4584
-4.04553 14.4585
-4.04672 14.4586
-4.04792 14.4587
-4.04911 14.4588
-4.05031 14.4589
-4.0515 14.459
-4.05269 14.4591
-4.05389 14.4592
-4.05508 14.4593
-4.05627 14.4594
-4.05747 14.4595
-4.05866 14.4596
-4.05985 14.4597
-4.06105 14.4598
-4.06224 14.4599
-4.06343 14.46
-4.06462 14.4601
-4.06582 14.4602
-4.06701 14.4603
-4.0682 14.4604
-4.06939 14.4605
-4.07059 14.4606
-4.07178 14.4607
-4.07297 14.4608
-4.07416 14.4609
-4.07535 14.461
-4.07654 14.4611
-4.07774 14.4612
-4.07893 14.4613
-4.08012 14.4614
-4.08131 14.4615
-4.0825 14.4616
-4.08369 14.4617
-4.08488 14.4618
-4.08607 14.4619
-4.08727 14.4619
-4.08846 14.462
-4.08965 14.4621
-4.09084 14.4622
-4.09203 14.4623
-4.09322 14.4624
-4.09441 14.4625
-4.0956 14.4626
-4.09679 14.4626
-4.09798 14.4627
-4.09917 14.4628
-4.10036 14.4629
-4.10155 14.463
-4.10274 14.4631
-4.10393 14.4631
-4.10512 14.4632
-4.10631 14.4633
-4.1075 14.4634
-4.10869 14.4635
-4.10987 14.4636
-4.11106 14.4636
-4.11225 14.4637
-4.11344 14.4638
-4.11463 14.4639
-4.11582 14.464
-4.11701 14.464
-4.1182 14.4641
-4.11939 14.4642
-4.12057 14.4643
-4.12176 14.4643
-4.12295 14.4644
-4.12414 14.4645
-4.12533 14.4646
-4.12651 14.4646
-4.1277 14.4647
-4.12889 14.4648
-4.13008 14.4649
-4.13127 14.4649
-4.13245 14.465
-4.13364 14.4651
-4.13483 14.4652
-4.13602 14.4652
-4.1372 14.4653
-4.13839 14.4654
-4.13958 14.4654
-4.14077 14.4655
-4.14195 14.4656
-4.14314 14.4657
-4.14433 14.4657
-4.14551 14.4658
-4.1467 14.4659
-4.14789 14.4659
-4.14908 14.466
-4.15026 14.4661
-4.15145 14.4661
-4.15264 14.4662
-4.15382 14.4663
-4.15501 14.4663
-4.15619 14.4664
-4.15738 14.4665
-4.15857 14.4665
-4.15975 14.4666
-4.16094 14.4667
-4.16213 14.4667
-4.16331 14.4668
-4.1645 14.4668
-4.16568 14.4669
-4.16687 14.467
-4.16805 14.467
-4.16924 14.4671
-4.17043 14.4672
-4.17161 14.4672
-4.1728 14.4673
-4.17398 14.4673
-4.17517 14.4674
-4.17635 14.4675
-4.17754 14.4675
-4.17872 14.4676
-4.17991 14.4676
-4.18109 14.4677
-4.18228 14.4677
-4.18346 14.4678
-4.18465 14.4679
-4.18583 14.4679
-4.18702 14.468
-4.1882 14.468
-4.18939 14.4681
-4.19057 14.4681
-4.19176 14.4682
-4.19294 14.4683
-4.19412 14.4683
-4.19531 14.4684
-4.19649 14.4684
-4.19768 14.4685
-4.19886 14.4685
-4.20005 14.4686
-4.20123 14.4686
-4.20241 14.4687
-4.2036 14.4687
-4.20478 14.4688
-4.20597 14.4688
-4.20715 14.4689
-4.20833 14.4689
-4.20952 14.469
-4.2107 14.469
-4.21188 14.4691
-4.21307 14.4691
-4.21425 14.4692
-4.21543 14.4692
-4.21662 14.4693
-4.2178 14.4693
-4.21899 14.4694
-4.22017 14.4694
-4.22135 14.4695
-4.22253 14.4695
-4.22372 14.4696
-4.2249 14.4696
-4.22608 14.4697
-4.22727 14.4697
-4.22845 14.4698
-4.22963 14.4698
-4.23082 14.4699
-4.232 14.4699
-4.23318 14.4699
-4.23436 14.47
-4.23555 14.47
-4.23673 14.4701
-4.23791 14.4701
-4.23909 14.4702
-4.24028 14.4702
-4.24146 14.4703
-4.24264 14.4703
-4.24382 14.4703
-4.24501 14.4704
-4.24619 14.4704
-4.24737 14.4705
-4.24855 14.4705
-4.24973 14.4706
-4.25092 14.4706
-4.2521 14.4706
-4.25328 14.4707
-4.25446 14.4707
-4.25565 14.4708
-4.25683 14.4708
-4.25801 14.4708
-4.25919 14.4709
-4.26037 14.4709
-4.26155 14.471
-4.26274 14.471
-4.26392 14.471
-4.2651 14.4711
-4.26628 14.4711
-4.26746 14.4712
-4.26864 14.4712
-4.26983 14.4712
-4.27101 14.4713
-4.27219 14.4713
-4.27337 14.4713
-4.27455 14.4714
-4.27573 14.4714
-4.27691 14.4714
-4.27809 14.4715
-4.27928 14.4715
-4.28046 14.4716
-4.28164 14.4716
-4.28282 14.4716
-4.284 14.4717
-4.28518 14.4717
-4.28636 14.4717
-4.28754 14.4718
-4.28872 14.4718
-4.2899 14.4718
-4.29109 14.4719
-4.29227 14.4719
-4.29345 14.4719
-4.29463 14.472
-4.29581 14.472
-4.29699 14.472
-4.29817 14.4721
-4.29935 14.4721
-4.30053 14.4721
-4.30171 14.4722
-4.30289 14.4722
-4.30407 14.4722
-4.30525 14.4723
-4.30643 14.4723
-4.30761 14.4723
-4.30879 14.4724
-4.30997 14.4724
-4.31115 14.4724
-4.31233 14.4725
-4.31351 14.4725
-4.31469 14.4725
-4.31587 14.4725
-4.31705 14.4726
-4.31823 14.4726
-4.31941 14.4726
-4.32059 14.4727
-4.32177 14.4727
-4.32296 14.4727
-4.32413 14.4727
-4.32531 14.4728
-4.32649 14.4728
-4.32767 14.4728
-4.32885 14.4729
-4.33003 14.4729
-4.33121 14.4729
-4.33239 14.4729
-4.33357 14.473
-4.33475 14.473
-4.33593 14.473
-4.33711 14.4731
-4.33829 14.4731
-4.33947 14.4731
-4.34065 14.4731
-4.34183 14.4732
-4.34301 14.4732
-4.34419 14.4732
-4.34537 14.4732
-4.34655 14.4733
-4.34773 14.4733
-4.34891 14.4733
-4.35009 14.4733
-4.35126 14.4734
-4.35244 14.4734
-4.35362 14.4734
-4.3548 14.4734
-4.35598 14.4735
-4.35716 14.4735
-4.35834 14.4735
-4.35952 14.4735
-4.3607 14.4736
-4.36188 14.4736
-4.36306 14.4736
-4.36424 14.4736
-4.36541 14.4737
-4.36659 14.4737
-4.36777 14.4737
-4.36895 14.4737
-4.37013 14.4738
-4.37131 14.4738
-4.37249 14.4738
-4.37367 14.4738
-4.37484 14.4738
-4.37602 14.4739
-4.3772 14.4739
-4.37838 14.4739
-4.37956 14.4739
-4.38074 14.474
-4.38192 14.474
-4.3831 14.474
-4.38427 14.474
-4.38545 14.474
-4.38663 14.4741
-4.38781 14.4741
-4.38899 14.4741
-4.39017 14.4741
-4.39135 14.4741
-4.39252 14.4742
-4.3937 14.4742
-4.39488 14.4742
-4.39606 14.4742
-4.39724 14.4742
-4.39842 14.4743
-4.39959 14.4743
-4.40077 14.4743
-4.40195 14.4743
-4.40313 14.4743
-4.40431 14.4744
-4.40549 14.4744
-4.40666 14.4744
-4.40784 14.4744
-4.40902 14.4744
-4.4102 14.4745
-4.41138 14.4745
-4.41256 14.4745
-4.41373 14.4745
-4.41491 14.4745
-4.41609 14.4745
-4.41727 14.4746
-4.41845 14.4746
-4.41962 14.4746
-4.4208 14.4746
-4.42198 14.4746
-4.42316 14.4746
-4.42434 14.4747
-4.42551 14.4747
-4.42669 14.4747
-4.42787 14.4747
-4.42905 14.4747
-4.43022 14.4748
-4.4314 14.4748
-4.43258 14.4748
-4.43376 14.4748
-4.43494 14.4748
-4.43611 14.4748
-4.43729 14.4748
-4.43847 14.4749
-4.43965 14.4749
-4.44082 14.4749
-4.442 14.4749
-4.44318 14.4749
-4.44436 14.4749
-4.44554 14.475
-4.44671 14.475
-4.44789 14.475
-4.44907 14.475
-4.45025 14.475
-4.45142 14.475
-4.4526 14.475
-4.45378 14.4751
-4.45496 14.4751
-4.45613 14.4751
-4.45731 14.4751
-4.45849 14.4751
-4.45967 14.4751
-4.46084 14.4752
-4.46202 14.4752
-4.4632 14.4752
-4.46438 14.4752
-4.46555 14.4752
-4.46673 14.4752
-4.46791 14.4752
-4.46908 14.4752
-4.47026 14.4753
-4.47144 14.4753
-4.47262 14.4753
-4.47379 14.4753
-4.47497 14.4753
-4.47615 14.4753
-4.47733 14.4753
-4.4785 14.4754
-4.47968 14.4754
-4.48086 14.4754
-4.48204 14.4754
-4.48321 14.4754
-4.48439 14.4754
-4.48557 14.4754
-4.48674 14.4754
-4.48792 14.4755
-4.4891 14.4755
-4.49028 14.4755
-4.49145 14.4755
-4.49263 14.4755
-4.49381 14.4755
-4.49499 14.4755
-4.49616 14.4755
-4.49734 14.4755
-4.49852 14.4756
-4.49969 14.4756
-4.50087 14.4756
-4.50205 14.4756
-4.50322 14.4756
-4.5044 14.4756
-4.50558 14.4756
-4.50675 14.4756
-4.50793 14.4757
-4.50911 14.4757
-4.51028 14.4757
-4.51146 14.4757
-4.51264 14.4757
-4.51381 14.4757
-4.51499 14.4757
-4.51617 14.4757
-4.51734 14.4757
-4.51852 14.4757
-4.5197 14.4758
-4.52088 14.4758
-4.52205 14.4758
-4.52323 14.4758
-4.52441 14.4758
-4.52558 14.4758
-4.52676 14.4758
-4.52794 14.4758
-4.52911 14.4758
-4.53029 14.4758
-4.53147 14.4759
-4.53264 14.4759
-4.53382 14.4759
-4.535 14.4759
-4.53617 14.4759
-4.53735 14.4759
-4.53853 14.4759
-4.5397 14.4759
-4.54088 14.4759
-4.54206 14.4759
-4.54324 14.476
-4.54441 14.476
-4.54559 14.476
-4.54677 14.476
-4.54794 14.476
-4.54912 14.476
-4.55029 14.476
-4.55147 14.476
-4.55265 14.476
-4.55382 14.476
-4.555 14.476
-4.55618 14.476
-4.55735 14.4761
-4.55853 14.4761
-4.55971 14.4761
-4.56088 14.4761
-4.56206 14.4761
-4.56323 14.4761
-4.56441 14.4761
-4.56559 14.4761
-4.56676 14.4761
-4.56794 14.4761
-4.56912 14.4761
-4.57029 14.4761
-4.57147 14.4762
-4.57265 14.4762
-4.57382 14.4762
-4.575 14.4762
-4.57617 14.4762
-4.57735 14.4762
-4.57853 14.4762
-4.5797 14.4762
-4.58088 14.4762
-4.58206 14.4762
-4.58323 14.4762
-4.58441 14.4762
-4.58559 14.4762
-4.58676 14.4763
-4.58794 14.4763
-4.58911 14.4763
-4.59029 14.4763
-4.59147 14.4763
-4.59264 14.4763
-4.59382 14.4763
-4.595 14.4763
-4.59617 14.4763
-4.59735 14.4763
-4.59853 14.4763
-4.5997 14.4763
-4.60088 14.4763
-4.60205 14.4763
-4.60323 14.4763
-4.60441 14.4764
-4.60558 14.4764
-4.60676 14.4764
-4.60794 14.4764
-4.60911 14.4764
-4.61029 14.4764
-4.61147 14.4764
-4.61264 14.4764
-4.61382 14.4764
-4.61499 14.4764
-4.61617 14.4764
-4.61735 14.4764
-4.61852 14.4764
-4.6197 14.4764
-4.62088 14.4764
-4.62205 14.4764
-4.62323 14.4764
-4.6244 14.4765
-4.62558 14.4765
-4.62676 14.4765
-4.62793 14.4765
-4.62911 14.4765
-4.63028 14.4765
-4.63146 14.4765
-4.63264 14.4765
-4.63381 14.4765
-4.63499 14.4765
-4.63616 14.4765
-4.63734 14.4765
-4.63852 14.4765
-4.63969 14.4765
-4.64087 14.4765
-4.64204 14.4765
-4.64322 14.4765
-4.64439 14.4765
-4.64557 14.4766
-4.64675 14.4766
-4.64792 14.4766
-4.6491 14.4766
-4.65027 14.4766
-4.65145 14.4766
-4.65263 14.4766
-4.6538 14.4766
-4.65498 14.4766
-4.65615 14.4766
-4.65733 14.4766
-4.65851 14.4766
-4.65968 14.4766
-4.66086 14.4766
-4.66203 14.4766
-4.66321 14.4766
-4.66438 14.4766
-4.66556 14.4766
-4.66674 14.4766
-4.66791 14.4766
-4.66909 14.4766
-4.67026 14.4767
-4.67144 14.4767
-4.67262 14.4767
-4.67379 14.4767
-4.67497 14.4767
-4.67614 14.4767
-4.67732 14.4767
-4.6785 14.4767
-4.67967 14.4767
-4.68085 14.4767
-4.68202 14.4767
-4.6832 14.4767
-4.68437 14.4767
-4.68555 14.4767
-4.68673 14.4767
-4.6879 14.4767
-4.68908 14.4767
-4.69025 14.4767
-4.69143 14.4767
-4.69261 14.4767
-4.69378 14.4767
-4.69496 14.4767
-4.69613 14.4767
-4.69731 14.4767
-4.69849 14.4767
-4.69966 14.4768
-4.70084 14.4768
-4.70201 14.4768
-4.70319 14.4768
-4.70436 14.4768
-4.70554 14.4768
-4.70672 14.4768
-4.70789 14.4768
-4.70907 14.4768
-4.71024 14.4768
-4.71142 14.4768
-4.7126 14.4768
-4.71377 14.4768
-4.71495 14.4768
-4.71612 14.4768
-4.7173 14.4768
-4.71848 14.4768
-4.71965 14.4768
-4.72083 14.4768
-4.722 14.4768
-4.72318 14.4768
-4.72435 14.4768
-4.72553 14.4768
-4.72671 14.4768
-4.72788 14.4768
-4.72906 14.4768
-4.73023 14.4768
-4.73141 14.4768
-4.73259 14.4768
-4.73376 14.4768
-4.73494 14.4768
-4.73611 14.4769
-4.73729 14.4769
-4.73847 14.4769
-4.73964 14.4769
-4.74082 14.4769
-4.74199 14.4769
-4.74317 14.4769
-4.74434 14.4769
-4.74552 14.4769
-4.7467 14.4769
-4.74787 14.4769
-4.74905 14.4769
-4.75022 14.4769
-4.7514 14.4769
-4.75258 14.4769
-4.75375 14.4769
-4.75493 14.4769
-4.7561 14.4769
-4.75728 14.4769
-4.75846 14.4769
-4.75963 14.4769
-4.76081 14.4769
-4.76198 14.4769
-4.76316 14.4769
-4.76433 14.4769
-4.76551 14.4769
-4.76668 14.4769
-4.76786 14.4769
-4.76903 14.4769
-4.77021 14.4769
-4.77139 14.4769
-4.77256 14.4769
-4.77374 14.4769
-4.77491 14.4769
-4.77609 14.4769
-4.77726 14.4769
-4.77844 14.4769
-4.77961 14.477
-4.78079 14.477
-4.78196 14.477
-4.78314 14.477
-4.78432 14.477
-4.78549 14.477
-4.78667 14.477
-4.78784 14.477
-4.78902 14.477
-4.79019 14.477
-4.79137 14.477
-4.79254 14.477
-4.79372 14.477
-4.79489 14.477
-4.79607 14.477
-4.79724 14.477
-4.79842 14.477
-4.7996 14.477
-4.80077 14.477
-4.80195 14.477
-4.80312 14.477
-4.8043 14.477
-4.80547 14.477
-4.80665 14.477
-4.80782 14.477
-4.809 14.477
-4.81017 14.477
-4.81135 14.477
-4.81252 14.477
-4.8137 14.477
-4.81488 14.477
-4.81605 14.477
-4.81723 14.477
-4.8184 14.477
-4.81958 14.477
-4.82075 14.477
-4.82193 14.477
-4.8231 14.477
-4.82428 14.477
-4.82545 14.477
-4.82663 14.477
-4.82781 14.477
-4.82898 14.477
-4.83016 14.477
-4.83133 14.477
-4.83251 14.477
-4.83368 14.477
-4.83486 14.477
-4.83603 14.477
-4.83721 14.477
-4.83838 14.477
-4.83956 14.477
-4.84073 14.4771
-4.84191 14.4771
-4.84309 14.4771
-4.84426 14.4771
-4.84544 14.4771
-4.84661 14.4771
-4.84779 14.4771
-4.84896 14.4771
-4.85014 14.4771
-4.85131 14.4771
-4.85249 14.4771
-4.85366 14.4771
-4.85484 14.4771
-4.85601 14.4771
-4.85719 14.4771
-4.85837 14.4771
-4.85954 14.4771
-4.86072 14.4771
-4.86189 14.4771
-4.86307 14.4771
-4.86424 14.4771
-4.86542 14.4771
-4.86659 14.4771
-4.86777 14.4771
-4.86894 14.4771
-4.87012 14.4771
-4.87129 14.4771
-4.87247 14.4771
-4.87365 14.4771
-4.87482 14.4771
-4.876 14.4771
-4.87717 14.4771
-4.87835 14.4771
-4.87952 14.4771
-4.8807 14.4771
-4.88187 14.4771
-4.88305 14.4771
-4.88422 14.4771
-4.8854 14.4771
-4.88658 14.4771
-4.88775 14.4771
-4.88893 14.4771
-4.8901 14.4771
-4.89128 14.4771
-4.89245 14.4771
-4.89363 14.4771
-4.8948 14.4771
-4.89598 14.4771
-4.89715 14.4771
-4.89833 14.4771
-4.8995 14.4771
-4.90068 14.4771
-4.90186 14.4771
-4.90303 14.4771
-4.90421 14.4771
-4.90538 14.4771
-4.90656 14.4771
-4.90773 14.4771
-4.90891 14.4771
-4.91008 14.4771
-4.91126 14.4771
-4.91243 14.4771
-4.91361 14.4771
-4.91478 14.4771
-4.91596 14.4771
-4.91714 14.4771
-4.91831 14.4771
-4.91949 14.4771
-4.92066 14.4771
-4.92184 14.4771
-4.92301 14.4771
-4.92419 14.4771
-4.92536 14.4771
-4.92654 14.4771
-4.92771 14.4771
-4.92889 14.4771
-4.93007 14.4771
-4.93124 14.4771
-4.93242 14.4771
-4.93359 14.4771
-4.93477 14.4771
-4.93594 14.4771
-4.93712 14.4771
-4.93829 14.4771
-4.93947 14.4771
-4.94064 14.4771
-4.94182 14.4771
-4.94299 14.4771
-4.94417 14.4771
-4.94535 14.4771
-4.94652 14.4771
-4.9477 14.4771
-4.94887 14.4771
-4.95005 14.4771
-4.95122 14.4771
-4.9524 14.4771
-4.95357 14.4772
-4.95475 14.4772
-4.95592 14.4772
-4.9571 14.4772
-4.95827 14.4772
-4.95945 14.4772
-4.96063 14.4772
-4.9618 14.4772
-4.96298 14.4772
-4.96415 14.4772
-4.96533 14.4772
-4.9665 14.4772
-4.96768 14.4772
-4.96885 14.4772
-4.97003 14.4772
-4.9712 14.4772
-4.97238 14.4772
-4.97356 14.4772
-4.97473 14.4772
-4.97591 14.4772
-4.97708 14.4772
-4.97826 14.4772
-4.97943 14.4772
-4.98061 14.4772
-4.98178 14.4772
-4.98296 14.4772
-4.98413 14.4772
-4.98531 14.4772
-4.98648 14.4772
-4.98766 14.4772
-4.98884 14.4772
-4.99001 14.4772
-4.99119 14.4772
-4.99236 14.4772
-4.99354 14.4772
-4.99471 14.4772
-4.99589 14.4772
-4.99706 14.4772
-4.99824 14.4772
-4.99941 14.4772
-5.00059 14.4772
-5.00176 14.4772
-5.00294 14.4772
-5.00412 14.4772
-5.00529 14.4772
-5.00647 14.4772
-5.00764 14.4772
-5.00882 14.4772
-5.00999 14.4772
-5.01117 14.4772
-5.01234 14.4772
-5.01352 14.4772
-5.01469 14.4772
-5.01587 14.4772
-5.01705 14.4772
-5.01822 14.4772
-5.0194 14.4772
-5.02057 14.4772
-5.02175 14.4772
-5.02292 14.4772
-5.0241 14.4772
-5.02527 14.4772
-5.02645 14.4772
-5.02762 14.4772
-5.0288 14.4772
-5.02997 14.4772
-5.03115 14.4772
-5.03233 14.4772
-5.0335 14.4772
-5.03468 14.4772
-5.03585 14.4772
-5.03703 14.4772
-5.0382 14.4772
-5.03938 14.4772
-5.04055 14.4772
-5.04173 14.4772
-5.0429 14.4772
-5.04408 14.4772
-5.04525 14.4772
-5.04643 14.4772
-5.04761 14.4772
-5.04878 14.4772
-5.04996 14.4772
-5.05113 14.4772
-5.05231 14.4772
-5.05348 14.4772
-5.05466 14.4772
-5.05583 14.4772
-5.05701 14.4772
-5.05818 14.4772
-5.05936 14.4772
-5.06053 14.4772
-5.06171 14.4772
-5.06289 14.4772
-5.06406 14.4772
-5.06524 14.4772
-5.06641 14.4772
-5.06759 14.4772
-5.06876 14.4772
-5.06994 14.4772
-5.07111 14.4772
-5.07229 14.4772
-5.07346 14.4772
-5.07464 14.4772
-5.07582 14.4772
-5.07699 14.4772
-5.07817 14.4772
-5.07934 14.4772
-5.08052 14.4772
-5.08169 14.4772
-5.08287 14.4772
-5.08404 14.4772
-5.08522 14.4772
-5.08639 14.4772
-5.08757 14.4772
-5.08874 14.4772
-5.08992 14.4772
-5.0911 14.4772
-5.09227 14.4772
-5.09345 14.4772
-5.09462 14.4772
-5.0958 14.4772
-5.09697 14.4772
-5.09815 14.4772
-5.09932 14.4772
-5.1005 14.4772
-5.10167 14.4772
-5.10285 14.4772
-5.10402 14.4772
-5.1052 14.4772
-5.10638 14.4772
-5.10755 14.4772
-5.10873 14.4772
-5.1099 14.4772
-5.11108 14.4772
-5.11225 14.4772
-5.11343 14.4772
-5.1146 14.4772
-5.11578 14.4772
-5.11695 14.4772
-5.11813 14.4772
-5.11931 14.4772
-5.12048 14.4772
-5.12166 14.4772
-5.12283 14.4772
-5.12401 14.4772
-5.12518 14.4772
-5.12636 14.4772
-5.12753 14.4772
-5.12871 14.4772
-5.12988 14.4772
-5.13106 14.4772
-5.13223 14.4772
-5.13341 14.4772
-5.13459 14.4772
-5.13576 14.4772
-5.13694 14.4772
-5.13811 14.4772
-5.13929 14.4772
-5.14046 14.4772
-5.14164 14.4772
-5.14281 14.4772
-5.14399 14.4772
-5.14516 14.4772
-5.14634 14.4772
-5.14751 14.4772
-5.14869 14.4772
-5.14987 14.4772
-5.15104 14.4772
-5.15222 14.4772
-5.15339 14.4772
-5.15457 14.4772
-5.15574 14.4772
-5.15692 14.4772
-5.15809 14.4772
-5.15927 14.4772
-5.16044 14.4772
-5.16162 14.4772
-5.1628 14.4772
-5.16397 14.4772
-5.16515 14.4772
-5.16632 14.4772
-5.1675 14.4772
-5.16867 14.4772
-5.16985 14.4772
-5.17102 14.4772
-5.1722 14.4772
-5.17337 14.4772
-5.17455 14.4772
-5.17572 14.4772
-5.1769 14.4772
-5.17808 14.4772
-5.17925 14.4772
-5.18043 14.4772
-5.1816 14.4772
-5.18278 14.4772
-5.18395 14.4772
-5.18513 14.4772
-5.1863 14.4772
-5.18748 14.4772
-5.18865 14.4772
-5.18983 14.4772
-5.191 14.4772
-5.19218 14.4772
-5.19336 14.4772
-5.19453 14.4772
-5.19571 14.4772
-5.19688 14.4772
-5.19806 14.4772
-5.19923 14.4772
-5.20041 14.4772
-5.20158 14.4772
-5.20276 14.4772
-5.20393 14.4772
-5.20511 14.4772
-5.20628 14.4772
-5.20746 14.4772
-5.20864 14.4772
-5.20981 14.4772
-5.21099 14.4772
-5.21216 14.4772
-5.21334 14.4772
-5.21451 14.4772
-5.21569 14.4772
-5.21686 14.4772
-5.21804 14.4772
-5.21921 14.4772
-5.22039 14.4772
-5.22157 14.4772
-5.22274 14.4772
-5.22392 14.4772
-5.22509 14.4772
-5.22627 14.4772
-5.22744 14.4772
-5.22862 14.4772
-5.22979 14.4772
-5.23097 14.4772
-5.23214 14.4772
-5.23332 14.4772
-5.23449 14.4772
-5.23567 14.4772
-5.23685 14.4772
-5.23802 14.4772
-5.2392 14.4772
-5.24037 14.4772
-5.24155 14.4772
-5.24272 14.4772
-5.2439 14.4772
-5.24507 14.4772
-5.24625 14.4772
-5.24742 14.4772
-5.2486 14.4772
-5.24977 14.4772
-5.25095 14.4772
-5.25213 14.4772
-5.2533 14.4772
-5.25448 14.4772
-5.25565 14.4772
-5.25683 14.4772
-5.258 14.4772
-5.25918 14.4772
-5.26035 14.4772
-5.26153 14.4772
-5.2627 14.4772
-5.26388 14.4772
-5.26506 14.4772
-5.26623 14.4772
-5.26741 14.4772
-5.26858 14.4772
-5.26976 14.4772
-5.27093 14.4772
-5.27211 14.4772
-5.27328 14.4772
-5.27446 14.4772
-5.27563 14.4772
-5.27681 14.4772
-5.27798 14.4772
-5.27916 14.4772
-5.28034 14.4772
-5.28151 14.4772
-5.28269 14.4772
-5.28386 14.4772
-5.28504 14.4772
-5.28621 14.4772
-5.28739 14.4772
-5.28856 14.4772
-5.28974 14.4772
-5.29091 14.4772
-5.29209 14.4772
-5.29326 14.4772
-5.29444 14.4772
-5.29562 14.4772
-5.29679 14.4772
-5.29797 14.4772
-5.29914 14.4772
-5.30032 14.4772
-5.30149 14.4772
-5.30267 14.4772
-5.30384 14.4772
-5.30502 14.4772
-5.30619 14.4772
-5.30737 14.4772
-5.30855 14.4772
-5.30972 14.4772
-5.3109 14.4772
-5.31207 14.4772
-5.31325 14.4772
-5.31442 14.4772
-5.3156 14.4772
-5.31677 14.4772
-5.31795 14.4772
-5.31912 14.4772
-5.3203 14.4772
-5.32147 14.4772
-5.32265 14.4772
-5.32383 14.4772
-5.325 14.4772
-5.32618 14.4772
-5.32735 14.4772
-5.32853 14.4772
-5.3297 14.4772
-5.33088 14.4772
-5.33205 14.4772
-5.33323 14.4772
-5.3344 14.4772
-5.33558 14.4772
-5.33675 14.4772
-5.33793 14.4772
-5.33911 14.4772
-5.34028 14.4772
-5.34146 14.4772
-5.34263 14.4772
-5.34381 14.4772
-5.34498 14.4772
-5.34616 14.4772
-5.34733 14.4772
-5.34851 14.4772
-5.34968 14.4772
-5.35086 14.4772
-5.35204 14.4772
-5.35321 14.4772
-5.35439 14.4772
-5.35556 14.4772
-5.35674 14.4772
-5.35791 14.4772
-5.35909 14.4772
-5.36026 14.4772
-5.36144 14.4772
-5.36261 14.4772
-5.36379 14.4772
-5.36496 14.4772
-5.36614 14.4772
-5.36732 14.4772
-5.36849 14.4772
-5.36967 14.4772
-5.37084 14.4772
-5.37202 14.4772
-5.37319 14.4772
-5.37437 14.4772
-5.37554 14.4772
-5.37672 14.4772
-5.37789 14.4772
-5.37907 14.4772
-5.38024 14.4772
-5.38142 14.4772
-5.3826 14.4772
-5.38377 14.4772
-5.38495 14.4772
-5.38612 14.4772
-5.3873 14.4772
-5.38847 14.4772
-5.38965 14.4772
-5.39082 14.4772
-5.392 14.4772
-5.39317 14.4772
-5.39435 14.4772
-5.39552 14.4772
-5.3967 14.4772
-5.39788 14.4772
-5.39905 14.4772
-5.40023 14.4772
-5.4014 14.4772
-5.40258 14.4772
-5.40375 14.4772
-5.40493 14.4772
-5.4061 14.4772
-5.40728 14.4772
-5.40845 14.4772
-5.40963 14.4772
-5.41081 14.4772
-5.41198 14.4772
-5.41316 14.4772
-5.41433 14.4772
-5.41551 14.4772
-5.41668 14.4772
-5.41786 14.4772
-5.41903 14.4772
-5.42021 14.4772
-5.42138 14.4772
-5.42256 14.4772
-5.42373 14.4772
-5.42491 14.4772
-5.42609 14.4772
-5.42726 14.4772
-5.42844 14.4772
-5.42961 14.4772
-5.43079 14.4772
-5.43196 14.4772
-5.43314 14.4772
-5.43431 14.4772
-5.43549 14.4772
-5.43666 14.4772
-5.43784 14.4772
-5.43901 14.4772
-5.44019 14.4772
-5.44137 14.4772
-5.44254 14.4772
-5.44372 14.4772
-5.44489 14.4772
-5.44607 14.4772
-5.44724 14.4772
-5.44842 14.4772
-5.44959 14.4772
-5.45077 14.4772
-5.45194 14.4772
-5.45312 14.4772
-5.4543 14.4772
-5.45547 14.4772
-5.45665 14.4772
-5.45782 14.4772
-5.459 14.4772
-5.46017 14.4772
-5.46135 14.4772
-5.46252 14.4772
-5.4637 14.4772
-5.46487 14.4772
-5.46605 14.4772
-5.46722 14.4772
-5.4684 14.4772
-5.46958 14.4772
-5.47075 14.4772
-5.47193 14.4772
-5.4731 14.4772
-5.47428 14.4772
-5.47545 14.4772
-5.47663 14.4772
-5.4778 14.4772
-5.47898 14.4772
-5.48015 14.4772
-5.48133 14.4772
-5.4825 14.4772
-5.48368 14.4772
-5.48486 14.4772
-5.48603 14.4772
-5.48721 14.4772
-5.48838 14.4772
-5.48956 14.4772
-5.49073 14.4772
-5.49191 14.4772
-5.49308 14.4772
-5.49426 14.4772
-5.49543 14.4772
-5.49661 14.4772
-5.49779 14.4772
-5.49896 14.4772
-5.50014 14.4772
-5.50131 14.4772
-5.50249 14.4772
-5.50366 14.4772
-5.50484 14.4772
-5.50601 14.4772
-5.50719 14.4772
-5.50836 14.4772
-5.50954 14.4772
-5.51071 14.4772
-5.51189 14.4772
-5.51307 14.4772
-5.51424 14.4772
-5.51542 14.4772
-5.51659 14.4772
-5.51777 14.4772
-5.51894 14.4772
-5.52012 14.4772
-5.52129 14.4772
-5.52247 14.4772
-5.52364 14.4772
-5.52482 14.4772
-5.52599 14.4772
-5.52717 14.4772
-5.52835 14.4772
-5.52952 14.4772
-5.5307 14.4772
-5.53187 14.4772
-5.53305 14.4772
-5.53422 14.4772
-5.5354 14.4772
-5.53657 14.4772
-5.53775 14.4772
-5.53892 14.4772
-5.5401 14.4772
-5.54128 14.4772
-5.54245 14.4772
-5.54363 14.4772
-5.5448 14.4772
-5.54598 14.4772
-5.54715 14.4772
-5.54833 14.4772
-5.5495 14.4772
-5.55068 14.4772
-5.55185 14.4772
-5.55303 14.4772
-5.5542 14.4772
-5.55538 14.4772
-5.55656 14.4772
-5.55773 14.4772
-5.55891 14.4772
-5.56008 14.4772
-5.56126 14.4772
-5.56243 14.4772
-5.56361 14.4772
-5.56478 14.4772
-5.56596 14.4772
-5.56713 14.4772
-5.56831 14.4772
-5.56948 14.4772
-5.57066 14.4772
-5.57184 14.4772
-5.57301 14.4772
-5.57419 14.4772
-5.57536 14.4772
-5.57654 14.4772
-5.57771 14.4772
-5.57889 14.4772
-5.58006 14.4772
-5.58124 14.4772
-5.58241 14.4772
-5.58359 14.4772
-5.58476 14.4772
-5.58594 14.4772
-5.58712 14.4772
-5.58829 14.4772
-5.58947 14.4772
-5.59064 14.4772
-5.59182 14.4772
-5.59299 14.4772
-5.59417 14.4772
-5.59534 14.4772
-5.59652 14.4772
-5.59769 14.4772
-5.59887 14.4772
-5.60005 14.4772
-5.60122 14.4772
-5.6024 14.4772
-5.60357 14.4772
-5.60475 14.4772
-5.60592 14.4772
-5.6071 14.4772
-5.60827 14.4772
-5.60945 14.4772
-5.61062 14.4772
-5.6118 14.4772
-5.61297 14.4772
-5.61415 14.4772
-5.61533 14.4772
-5.6165 14.4772
-5.61768 14.4772
-5.61885 14.4772
-5.62003 14.4772
-5.6212 14.4772
-5.62238 14.4772
-5.62355 14.4772
-5.62473 14.4772
-5.6259 14.4772
-5.62708 14.4772
-5.62825 14.4772
-5.62943 14.4772
-5.63061 14.4772
-5.63178 14.4772
-5.63296 14.4772
-5.63413 14.4772
-5.63531 14.4772
-5.63648 14.4772
-5.63766 14.4772
-5.63883 14.4772
-5.64001 14.4772
-5.64118 14.4772
-5.64236 14.4772
-5.64354 14.4772
-5.64471 14.4772
-5.64589 14.4772
-5.64706 14.4772
-5.64824 14.4772
-5.64941 14.4772
-5.65059 14.4772
-5.65176 14.4772
-5.65294 14.4772
-5.65411 14.4772
-5.65529 14.4772
-5.65646 14.4772
-5.65764 14.4772
-5.65882 14.4772
-5.65999 14.4772
-5.66117 14.4772
-5.66234 14.4772
-5.66352 14.4772
-5.66469 14.4772
-5.66587 14.4772
-5.66704 14.4772
-5.66822 14.4772
-5.66939 14.4772
-5.67057 14.4772
-5.67174 14.4772
-5.67292 14.4772
-5.6741 14.4772
-5.67527 14.4772
-5.67645 14.4772
-5.67762 14.4772
-5.6788 14.4772
-5.67997 14.4772
-5.68115 14.4772
-5.68232 14.4772
-5.6835 14.4772
-5.68467 14.4772
-5.68585 14.4772
-5.68703 14.4772
-5.6882 14.4772
-5.68938 14.4772
-5.69055 14.4772
-5.69173 14.4772
-5.6929 14.4772
-5.69408 14.4772
-5.69525 14.4772
-5.69643 14.4772
-5.6976 14.4772
-5.69878 14.4772
-5.69995 14.4772
-5.70113 14.4772
-5.70231 14.4772
-5.70348 14.4772
-5.70466 14.4772
-5.70583 14.4772
-5.70701 14.4772
-5.70818 14.4772
-5.70936 14.4772
-5.71053 14.4772
-5.71171 14.4772
-5.71288 14.4772
-5.71406 14.4772
-5.71523 14.4772
-5.71641 14.4772
-5.71759 14.4772
-5.71876 14.4772
-5.71994 14.4772
-5.72111 14.4772
-5.72229 14.4772
-5.72346 14.4772
-5.72464 14.4772
-5.72581 14.4772
-5.72699 14.4772
-5.72816 14.4772
-5.72934 14.4772
-5.73052 14.4772
-5.73169 14.4772
-5.73287 14.4772
-5.73404 14.4772
-5.73522 14.4772
-5.73639 14.4772
-5.73757 14.4772
-5.73874 14.4772
-5.73992 14.4772
-5.74109 14.4772
-5.74227 14.4772
-5.74344 14.4772
-5.74462 14.4772
-5.7458 14.4772
-5.74697 14.4772
-5.74815 14.4772
-5.74932 14.4772
-5.7505 14.4772
-5.75167 14.4772
-5.75285 14.4772
-5.75402 14.4772
-5.7552 14.4772
-5.75637 14.4772
-5.75755 14.4772
-5.75872 14.4772
-5.7599 14.4772
-5.76108 14.4772
-5.76225 14.4772
-5.76343 14.4772
-5.7646 14.4772
-5.76578 14.4772
-5.76695 14.4772
-5.76813 14.4772
-5.7693 14.4772
-5.77048 14.4772
-5.77165 14.4772
-5.77283 14.4772
-5.774 14.4772
-5.77518 14.4772
-5.77636 14.4772
-5.77753 14.4772
-5.77871 14.4772
-5.77988 14.4772
-5.78106 14.4772
-5.78223 14.4772
-5.78341 14.4772
-5.78458 14.4772
-5.78576 14.4772
-5.78693 14.4772
-5.78811 14.4772
-5.78929 14.4772
-5.79046 14.4772
-5.79164 14.4772
-5.79281 14.4772
-5.79399 14.4772
-5.79516 14.4772
-5.79634 14.4772
-5.79751 14.4772
-5.79869 14.4772
-5.79986 14.4772
-5.80104 14.4772
-5.80221 14.4772
-5.80339 14.4772
-5.80457 14.4772
-5.80574 14.4772
-5.80692 14.4772
-5.80809 14.4772
-5.80927 14.4772
-5.81044 14.4772
-5.81162 14.4772
-5.81279 14.4772
-5.81397 14.4772
-5.81514 14.4772
-5.81632 14.4772
-5.81749 14.4772
-5.81867 14.4772
-5.81985 14.4772
-5.82102 14.4772
-5.8222 14.4772
-5.82337 14.4772
-5.82455 14.4772
-5.82572 14.4772
-5.8269 14.4772
-5.82807 14.4772
-5.82925 14.4772
-5.83042 14.4772
-5.8316 14.4772
-5.83278 14.4772
-5.83395 14.4772
-5.83513 14.4772
-5.8363 14.4772
-5.83748 14.4772
-5.83865 14.4772
-5.83983 14.4772
-5.841 14.4772
-5.84218 14.4772
-5.84335 14.4772
-5.84453 14.4772
-5.8457 14.4772
-5.84688 14.4772
-5.84806 14.4772
-5.84923 14.4772
-5.85041 14.4772
-5.85158 14.4772
-5.85276 14.4772
-5.85393 14.4772
-5.85511 14.4772
-5.85628 14.4772
-5.85746 14.4772
-5.85863 14.4772
-5.85981 14.4772
-5.86098 14.4772
-5.86216 14.4772
-5.86334 14.4772
-5.86451 14.4772
-5.86569 14.4772
-5.86686 14.4772
-5.86804 14.4772
-5.86921 14.4772
-5.87039 14.4772
-5.87156 14.4772
-5.87274 14.4772
-5.87391 14.4772
-5.87509 14.4772
-5.87627 14.4772
-5.87744 14.4772
-5.87862 14.4772
-5.87979 14.4772
-5.88097 14.4772
-5.88214 14.4772
-5.88332 14.4772
-5.88449 14.4772
-5.88567 14.4772
-5.88684 14.4772
-5.88802 14.4772
-5.88919 14.4772
-5.89037 14.4772
-5.89155 14.4772
-5.89272 14.4772
-5.8939 14.4772
-5.89507 14.4772
-5.89625 14.4772
-5.89742 14.4772
-5.8986 14.4772
-5.89977 14.4772
-5.90095 14.4772
-5.90212 14.4772
-5.9033 14.4772
-5.90447 14.4772
-5.90565 14.4772
-5.90683 14.4772
-5.908 14.4772
-5.90918 14.4772
-5.91035 14.4772
-5.91153 14.4772
-5.9127 14.4772
-5.91388 14.4772
-5.91505 14.4772
-5.91623 14.4772
-5.9174 14.4772
-5.91858 14.4772
-5.91975 14.4772
-5.92093 14.4772
-5.92211 14.4772
-5.92328 14.4772
-5.92446 14.4772
-5.92563 14.4772
-5.92681 14.4772
-5.92798 14.4772
-5.92916 14.4772
-5.93033 14.4772
-5.93151 14.4772
-5.93268 14.4772
-5.93386 14.4772
-5.93504 14.4772
-5.93621 14.4772
-5.93739 14.4772
-5.93856 14.4772
-5.93974 14.4772
-5.94091 14.4772
-5.94209 14.4772
-5.94326 14.4772
-5.94444 14.4772
-5.94561 14.4772
-5.94679 14.4772
-5.94796 14.4772
-5.94914 14.4772
-5.95032 14.4772
-5.95149 14.4772
-5.95267 14.4772
-5.95384 14.4772
-5.95502 14.4772
-5.95619 14.4772
-5.95737 14.4772
-5.95854 14.4772
-5.95972 14.4772
-5.96089 14.4772
-5.96207 14.4772
-5.96324 14.4772
-5.96442 14.4772
-5.9656 14.4772
-5.96677 14.4772
-5.96795 14.4772
-5.96912 14.4772
-5.9703 14.4772
-5.97147 14.4772
-5.97265 14.4772
-5.97382 14.4772
-5.975 14.4772
-5.97617 14.4772
-5.97735 14.4772
-5.97853 14.4772
-5.9797 14.4772
-5.98088 14.4772
-5.98205 14.4772
-5.98323 14.4772
-5.9844 14.4772
-5.98558 14.4772
-5.98675 14.4772
-5.98793 14.4772
-5.9891 14.4772
-5.99028 14.4772
-5.99145 14.4772
-5.99263 14.4772
-5.99381 14.4772
-5.99498 14.4772
-5.99616 14.4772
-5.99733 14.4772
-5.99851 14.4772
-5.99968 14.4772
-6.00086 14.4772
-6.00203 14.4772
-6.00321 14.4772
-6.00438 14.4772
-6.00556 14.4772
-6.00673 14.4772
-6.00791 14.4772
-6.00909 14.4772
-6.01026 14.4772
-6.01144 14.4772
-6.01261 14.4772
-6.01379 14.4772
-6.01496 14.4772
-6.01614 14.4772
-6.01731 14.4772
-6.01849 14.4772
-6.01966 14.4772
-6.02084 14.4772
-6.02202 14.4772
-6.02319 14.4772
-6.02437 14.4772
-6.02554 14.4772
-6.02672 14.4772
-6.02789 14.4772
-6.02907 14.4772
-6.03024 14.4772
-6.03142 14.4772
-6.03259 14.4772
-6.03377 14.4772
-6.03494 14.4772
-6.03612 14.4772
-6.0373 14.4772
-6.03847 14.4772
-6.03965 14.4772
-6.04082 14.4772
-6.042 14.4772
-6.04317 14.4772
-6.04435 14.4772
-6.04552 14.4772
-6.0467 14.4772
-6.04787 14.4772
-6.04905 14.4772
-6.05022 14.4772
-6.0514 14.4772
-6.05258 14.4772
-6.05375 14.4772
-6.05493 14.4772
-6.0561 14.4772
-6.05728 14.4772
-6.05845 14.4772
-6.05963 14.4772
-6.0608 14.4772
-6.06198 14.4772
-6.06315 14.4772
-6.06433 14.4772
-6.06551 14.4772
-6.06668 14.4772
-6.06786 14.4772
-6.06903 14.4772
-6.07021 14.4772
-6.07138 14.4772
-6.07256 14.4772
-6.07373 14.4772
-6.07491 14.4772
-6.07608 14.4772
-6.07726 14.4772
-6.07843 14.4772
-6.07961 14.4772
-6.08079 14.4772
-6.08196 14.4772
-6.08314 14.4772
-6.08431 14.4772
-6.08549 14.4772
-6.08666 14.4772
-6.08784 14.4772
-6.08901 14.4772
-6.09019 14.4772
-6.09136 14.4772
-6.09254 14.4772
-6.09371 14.4772
-6.09489 14.4772
-6.09607 14.4772
-6.09724 14.4772
-6.09842 14.4772
-6.09959 14.4772
-6.10077 14.4772
-6.10194 14.4772
-6.10312 14.4772
-6.10429 14.4772
-6.10547 14.4772
-6.10664 14.4772
-6.10782 14.4772
-6.10899 14.4772
-6.11017 14.4772
-6.11135 14.4772
-6.11252 14.4772
-6.1137 14.4772
-6.11487 14.4772
-6.11605 14.4772
-6.11722 14.4772
-6.1184 14.4772
-6.11957 14.4772
-6.12075 14.4772
-6.12192 14.4772
-6.1231 14.4772
-6.12428 14.4772
-6.12545 14.4772
-6.12663 14.4772
-6.1278 14.4772
-6.12898 14.4772
-6.13015 14.4772
-6.13133 14.4772
-6.1325 14.4772
-6.13368 14.4772
-6.13485 14.4772
-6.13603 14.4772
-6.1372 14.4772
-6.13838 14.4772
-6.13956 14.4772
-6.14073 14.4772
-6.14191 14.4772
-6.14308 14.4772
-6.14426 14.4772
-6.14543 14.4772
-6.14661 14.4772
-6.14778 14.4772
-6.14896 14.4772
-6.15013 14.4772
-6.15131 14.4772
-6.15248 14.4772
-6.15366 14.4772
-6.15484 14.4772
-6.15601 14.4772
-6.15719 14.4772
-6.15836 14.4772
-6.15954 14.4772
-6.16071 14.4772
-6.16189 14.4772
-6.16306 14.4772
-6.16424 14.4772
-6.16541 14.4772
-6.16659 14.4772
-6.16777 14.4772
-6.16894 14.4772
-6.17012 14.4772
-6.17129 14.4772
-6.17247 14.4772
-6.17364 14.4772
-6.17482 14.4772
-6.17599 14.4772
-6.17717 14.4772
-6.17834 14.4772
-6.17952 14.4772
-6.18069 14.4772
-6.18187 14.4772
-6.18305 14.4772
-6.18422 14.4772
-6.1854 14.4772
-6.18657 14.4772
-6.18775 14.4772
-6.18892 14.4772
-6.1901 14.4772
-6.19127 14.4772
-6.19245 14.4772
-6.19362 14.4772
-6.1948 14.4772
-6.19597 14.4772
-6.19715 14.4772
-6.19833 14.4772
-6.1995 14.4772
-6.20068 14.4772
-6.20185 14.4772
-6.20303 14.4772
-6.2042 14.4772
-6.20538 14.4772
-6.20655 14.4772
-6.20773 14.4772
-6.2089 14.4772
-6.21008 14.4772
-6.21126 14.4772
-6.21243 14.4772
-6.21361 14.4772
-6.21478 14.4772
-6.21596 14.4772
-6.21713 14.4772
-6.21831 14.4772
-6.21948 14.4772
-6.22066 14.4772
-6.22183 14.4772
-6.22301 14.4772
-6.22418 14.4772
-6.22536 14.4772
-6.22654 14.4772
-6.22771 14.4772
-6.22889 14.4772
-6.23006 14.4772
-6.23124 14.4772
-6.23241 14.4772
-6.23359 14.4772
-6.23476 14.4772
-6.23594 14.4772
-6.23711 14.4772
-6.23829 14.4772
-6.23946 14.4772
-6.24064 14.4772
-6.24182 14.4772
-6.24299 14.4772
-6.24417 14.4772
-6.24534 14.4772
-6.24652 14.4772
-6.24769 14.4772
-6.24887 14.4772
-6.25004 14.4772
-6.25122 14.4772
-6.25239 14.4772
-6.25357 14.4772
-6.25475 14.4772
-6.25592 14.4772
-6.2571 14.4772
-6.25827 14.4772
-6.25945 14.4772
-6.26062 14.4772
-6.2618 14.4772
-6.26297 14.4772
-6.26415 14.4772
-6.26532 14.4772
-6.2665 14.4772
-6.26767 14.4772
-6.26885 14.4772
-6.27003 14.4772
-6.2712 14.4772
-6.27238 14.4772
-6.27355 14.4772
-6.27473 14.4772
-6.2759 14.4772
-6.27708 14.4772
-6.27825 14.4772
-6.27943 14.4772
-6.2806 14.4772
-6.28178 14.4772
-6.28295 14.4772
-6.28413 14.4772
-6.28531 14.4772
-6.28648 14.4772
-6.28766 14.4772
-6.28883 14.4772
-6.29001 14.4772
-6.29118 14.4772
-6.29236 14.4772
-6.29353 14.4772
-6.29471 14.4772
-6.29588 14.4772
-6.29706 14.4772
-6.29823 14.4772
-6.29941 14.4772
-6.30059 14.4772
-6.30176 14.4772
-6.30294 14.4772
-6.30411 14.4772
-6.30529 14.4772
-6.30646 14.4772
-6.30764 14.4772
-6.30881 14.4772
-6.30999 14.4772
-6.31116 14.4772
-6.31234 14.4772
-6.31352 14.4772
-6.31469 14.4772
-6.31587 14.4772
-6.31704 14.4772
-6.31822 14.4772
-6.31939 14.4772
-6.32057 14.4772
-6.32174 14.4772
-6.32292 14.4772
-6.32409 14.4772
-6.32527 14.4772
-6.32644 14.4772
-6.32762 14.4772
-6.3288 14.4772
-6.32997 14.4772
-6.33115 14.4772
-6.33232 14.4772
-6.3335 14.4772
-6.33467 14.4772
-6.33585 14.4772
-6.33702 14.4772
-6.3382 14.4772
-6.33937 14.4772
-6.34055 14.4772
-6.34172 14.4772
-6.3429 14.4772
-6.34408 14.4772
-6.34525 14.4772
-6.34643 14.4772
-6.3476 14.4772
-6.34878 14.4772
-6.34995 14.4772
-6.35113 14.4772
-6.3523 14.4772
-6.35348 14.4772
-6.35465 14.4772
-6.35583 14.4772
-6.35701 14.4772
-6.35818 14.4772
-6.35936 14.4772
-6.36053 14.4772
-6.36171 14.4772
-6.36288 14.4772
-6.36406 14.4772
-6.36523 14.4772
-6.36641 14.4772
-6.36758 14.4772
-6.36876 14.4772
-6.36993 14.4772
-6.37111 14.4772
-6.37229 14.4772
-6.37346 14.4772
-6.37464 14.4772
-6.37581 14.4772
-6.37699 14.4772
-6.37816 14.4772
-6.37934 14.4772
-6.38051 14.4772
-6.38169 14.4772
-6.38286 14.4772
-6.38404 14.4772
-6.38521 14.4772
-6.38639 14.4772
-6.38757 14.4772
-6.38874 14.4772
-6.38992 14.4772
-6.39109 14.4772
-6.39227 14.4772
-6.39344 14.4772
-6.39462 14.4772
-6.39579 14.4772
-6.39697 14.4772
-6.39814 14.4772
-6.39932 14.4772
-6.4005 14.4772
-6.40167 14.4772
-6.40285 14.4772
-6.40402 14.4772
-6.4052 14.4772
-6.40637 14.4772
-6.40755 14.4772
-6.40872 14.4772
-6.4099 14.4772
-6.41107 14.4772
-6.41225 14.4772
-6.41342 14.4772
-6.4146 14.4772
-6.41578 14.4772
-6.41695 14.4772
-6.41813 14.4772
-6.4193 14.4772
-6.42048 14.4772
-6.42165 14.4772
-6.42283 14.4772
-6.424 14.4772
-6.42518 14.4772
-6.42635 14.4772
-6.42753 14.4772
-6.4287 14.4772
-6.42988 14.4772
-6.43106 14.4772
-6.43223 14.4772
-6.43341 14.4772
-6.43458 14.4772
-6.43576 14.4772
-6.43693 14.4772
-6.43811 14.4772
-6.43928 14.4772
-6.44046 14.4772
-6.44163 14.4772
-6.44281 14.4772
-6.44398 14.4772
-6.44516 14.4772
-6.44634 14.4772
-6.44751 14.4772
-6.44869 14.4772
-6.44986 14.4772
-6.45104 14.4772
-6.45221 14.4772
-6.45339 14.4772
-6.45456 14.4772
-6.45574 14.4772
-6.45691 14.4772
-6.45809 14.4772
-6.45927 14.4772
-6.46044 14.4772
-6.46162 14.4772
-6.46279 14.4772
-6.46397 14.4772
-6.46514 14.4772
-6.46632 14.4772
-6.46749 14.4772
-6.46867 14.4772
-6.46984 14.4772
-6.47102 14.4772
-6.47219 14.4772
-6.47337 14.4772
-6.47455 14.4772
-6.47572 14.4772
-6.4769 14.4772
-6.47807 14.4772
-6.47925 14.4772
-6.48042 14.4772
-6.4816 14.4772
-6.48277 14.4772
-6.48395 14.4772
-6.48512 14.4772
-6.4863 14.4772
-6.48747 14.4772
-6.48865 14.4772
-6.48983 14.4772
-6.491 14.4772
-6.49218 14.4772
-6.49335 14.4772
-6.49453 14.4772
-6.4957 14.4772
-6.49688 14.4772
-6.49805 14.4772
-6.49923 14.4772
-6.5004 14.4772
-6.50158 14.4772
-6.50276 14.4772
-6.50393 14.4772
-6.50511 14.4772
-6.50628 14.4772
-6.50746 14.4772
-6.50863 14.4772
-6.50981 14.4772
-6.51098 14.4772
-6.51216 14.4772
-6.51333 14.4772
-6.51451 14.4772
-6.51568 14.4772
-6.51686 14.4772
-6.51804 14.4772
-6.51921 14.4772
-6.52039 14.4772
-6.52156 14.4772
-6.52274 14.4772
-6.52391 14.4772
-6.52509 14.4772
-6.52626 14.4772
-6.52744 14.4772
-6.52861 14.4772
-6.52979 14.4772
-6.53096 14.4772
-6.53214 14.4772
-6.53332 14.4772
-6.53449 14.4772
-6.53567 14.4772
-6.53684 14.4772
-6.53802 14.4772
-6.53919 14.4772
-6.54037 14.4772
-6.54154 14.4772
-6.54272 14.4772
-6.54389 14.4772
-6.54507 14.4772
-6.54625 14.4772
-6.54742 14.4772
-6.5486 14.4772
-6.54977 14.4772
-6.55095 14.4772
-6.55212 14.4772
-6.5533 14.4772
-6.55447 14.4772
-6.55565 14.4772
-6.55682 14.4772
-6.558 14.4772
-6.55917 14.4772
-6.56035 14.4772
-6.56153 14.4772
-6.5627 14.4772
-6.56388 14.4772
-6.56505 14.4772
-6.56623 14.4772
-6.5674 14.4772
-6.56858 14.4772
-6.56975 14.4772
-6.57093 14.4772
-6.5721 14.4772
-6.57328 14.4772
-6.57445 14.4772
-6.57563 14.4772
-6.57681 14.4772
-6.57798 14.4772
-6.57916 14.4772
-6.58033 14.4772
-6.58151 14.4772
-6.58268 14.4772
-6.58386 14.4772
-6.58503 14.4772
-6.58621 14.4772
-6.58738 14.4772
-6.58856 14.4772
-6.58974 14.4772
-6.59091 14.4772
-6.59209 14.4772
-6.59326 14.4772
-6.59444 14.4772
-6.59561 14.4772
-6.59679 14.4772
-6.59796 14.4772
-6.59914 14.4772
-6.60031 14.4772
-6.60149 14.4772
-6.60266 14.4772
-6.60384 14.4772
-6.60502 14.4772
-6.60619 14.4772
-6.60737 14.4772
-6.60854 14.4772
-6.60972 14.4772
-6.61089 14.4772
-6.61207 14.4772
-6.61324 14.4772
-6.61442 14.4772
-6.61559 14.4772
-6.61677 14.4772
-6.61794 14.4772
-6.61912 14.4772
-6.6203 14.4772
-6.62147 14.4772
-6.62265 14.4772
-6.62382 14.4772
-6.625 14.4772
-6.62617 14.4772
-6.62735 14.4772
-6.62852 14.4772
-6.6297 14.4772
-6.63087 14.4772
-6.63205 14.4772
-6.63322 14.4772
-6.6344 14.4772
-6.63558 14.4772
-6.63675 14.4772
-6.63793 14.4772
-6.6391 14.4772
-6.64028 14.4772
-6.64145 14.4772
-6.64263 14.4772
-6.6438 14.4772
-6.64498 14.4772
-6.64615 14.4772
-6.64733 14.4772
-6.64851 14.4772
-6.64968 14.4772
-6.65086 14.4772
-6.65203 14.4772
-6.65321 14.4772
-6.65438 14.4772
-6.65556 14.4772
-6.65673 14.4772
-6.65791 14.4772
-6.65908 14.4772
-6.66026 14.4772
-6.66143 14.4772
-6.66261 14.4772
-6.66379 14.4772
-6.66496 14.4772
-6.66614 14.4772
-6.66731 14.4772
-6.66849 14.4772
-6.66966 14.4772
-6.67084 14.4772
-6.67201 14.4772
-6.67319 14.4772
-6.67436 14.4772
-6.67554 14.4772
-6.67671 14.4772
-6.67789 14.4772
-6.67907 14.4772
-6.68024 14.4772
-6.68142 14.4772
-6.68259 14.4772
-6.68377 14.4772
-6.68494 14.4772
-6.68612 14.4772
-6.68729 14.4772
-6.68847 14.4772
-6.68964 14.4772
-6.69082 14.4772
-6.692 14.4772
-6.69317 14.4772
-6.69435 14.4772
-6.69552 14.4772
-6.6967 14.4772
-6.69787 14.4772
-6.69905 14.4772
-6.70022 14.4772
-6.7014 14.4772
-6.70257 14.4772
-6.70375 14.4772
-6.70492 14.4772
-6.7061 14.4772
-6.70728 14.4772
-6.70845 14.4772
-6.70963 14.4772
-6.7108 14.4772
-6.71198 14.4772
-6.71315 14.4772
-6.71433 14.4772
-6.7155 14.4772
-6.71668 14.4772
-6.71785 14.4772
-6.71903 14.4772
-6.7202 14.4772
-6.72138 14.4772
-6.72256 14.4772
-6.72373 14.4772
-6.72491 14.4772
-6.72608 14.4772
-6.72726 14.4772
-6.72843 14.4772
-6.72961 14.4772
-6.73078 14.4772
-6.73196 14.4772
-6.73313 14.4772
-6.73431 14.4772
-6.73549 14.4772
-6.73666 14.4772
-6.73784 14.4772
-6.73901 14.4772
-6.74019 14.4772
-6.74136 14.4772
-6.74254 14.4772
-6.74371 14.4772
-6.74489 14.4772
-6.74606 14.4772
-6.74724 14.4772
-6.74841 14.4772
-6.74959 14.4772
-6.75077 14.4772
-6.75194 14.4772
-6.75312 14.4772
-6.75429 14.4772
-6.75547 14.4772
-6.75664 14.4772
-6.75782 14.4772
-6.75899 14.4772
-6.76017 14.4772
-6.76134 14.4772
-6.76252 14.4772
-6.76369 14.4772
-6.76487 14.4772
-6.76605 14.4772
-6.76722 14.4772
-6.7684 14.4772
-6.76957 14.4772
-6.77075 14.4772
-6.77192 14.4772
-6.7731 14.4772
-6.77427 14.4772
-6.77545 14.4772
-6.77662 14.4772
-6.7778 14.4772
-6.77898 14.4772
-6.78015 14.4772
-6.78133 14.4772
-6.7825 14.4772
-6.78368 14.4772
-6.78485 14.4772
-6.78603 14.4772
-6.7872 14.4772
-6.78838 14.4772
-6.78955 14.4772
-6.79073 14.4772
-6.7919 14.4772
-6.79308 14.4772
-6.79426 14.4772
-6.79543 14.4772
-6.79661 14.4772
-6.79778 14.4772
-6.79896 14.4772
-6.80013 14.4772
-6.80131 14.4772
-6.80248 14.4772
-6.80366 14.4772
-6.80483 14.4772
-6.80601 14.4772
-6.80718 14.4772
-6.80836 14.4772
-6.80954 14.4772
-6.81071 14.4772
-6.81189 14.4772
-6.81306 14.4772
-6.81424 14.4772
-6.81541 14.4772
-6.81659 14.4772
-6.81776 14.4772
-6.81894 14.4772
-6.82011 14.4772
-6.82129 14.4772
-6.82246 14.4772
-6.82364 14.4772
-6.82482 14.4772
-6.82599 14.4772
-6.82717 14.4772
-6.82834 14.4772
-6.79752 14.4772
-6.79869 14.4772
-6.79987 14.4772
-6.80104 14.4772
-6.80222 14.4772
-6.80339 14.4772
-6.80457 14.4772
-6.80575 14.4772
-6.80692 14.4772
-6.8081 14.4772
-6.80927 14.4772
-6.81045 14.4772
-6.81162 14.4772
-6.8128 14.4772
-6.81397 14.4772
-6.81515 14.4772
-6.81632 14.4772
-6.8175 14.4772
-6.81867 14.4772
-6.81985 14.4772
-6.82103 14.4772
-6.8222 14.4772
-6.82338 14.4772
-6.82455 14.4772
-6.82573 14.4772
-6.8269 14.4772
-6.82808 14.4772
-6.79725 14.4772
-6.79843 14.4772
-6.7996 14.4772
-6.80078 14.4772
-6.80195 14.4772
-6.80313 14.4772
-6.80431 14.4772
-6.80548 14.4772
-6.80666 14.4772
-6.80783 14.4772
-6.80901 14.4772
-6.81018 14.4772
-6.81136 14.4772
-6.81253 14.4772
-6.81371 14.4772
-6.81488 14.4772
-6.81606 14.4772
-6.81723 14.4772
-6.81841 14.4772
-6.81959 14.4772
-6.82076 14.4772
-6.82194 14.4772
-6.82311 14.4772
-6.82429 14.4772
-6.82546 14.4772
-6.82664 14.4772
-6.82781 14.4772
-6.79699 14.4772
-6.79816 14.4772
-6.79934 14.4772
-6.80052 14.4772
-6.80169 14.4772
-6.80287 14.4772
-6.80404 14.4772
-6.80522 14.4772
-6.80639 14.4772
-6.80757 14.4772
-6.80874 14.4772
-6.80992 14.4772
-6.81109 14.4772
-6.81227 14.4772
-6.81344 14.4772
-6.81462 14.4772
-6.8158 14.4772
-6.81697 14.4772
-6.81815 14.4772
-6.81932 14.4772
-6.8205 14.4772
-6.82167 14.4772
-6.82285 14.4772
-6.82402 14.4772
-6.8252 14.4772
-6.82637 14.4772
-6.82755 14.4772
-6.79672 14.4772
-6.7979 14.4772
-6.79908 14.4772
-6.80025 14.4772
-6.80143 14.4772
-6.8026 14.4772
-6.80378 14.4772
-6.80495 14.4772
-6.80613 14.4772
-6.8073 14.4772
-6.80848 14.4772
-6.80965 14.4772
-6.81083 14.4772
-6.81201 14.4772
-6.81318 14.4772
-6.81436 14.4772
-6.81553 14.4772
-6.81671 14.4772
-6.81788 14.4772
-6.81906 14.4772
-6.82023 14.4772
-6.82141 14.4772
-6.82258 14.4772
-6.82376 14.4772
-6.82493 14.4772
-6.82611 14.4772
-6.82729 14.4772
-6.79646 14.4772
-6.79764 14.4772
-6.79881 14.4772
-6.79999 14.4772
-6.80116 14.4772
-6.80234 14.4772
-6.80351 14.4772
-6.80469 14.4772
-6.80586 14.4772
-6.80704 14.4772
-6.80821 14.4772
-6.80939 14.4772
-6.81057 14.4772
-6.81174 14.4772
-6.81292 14.4772
-6.81409 14.4772
-6.81527 14.4772
-6.81644 14.4772
-6.81762 14.4772
-6.81879 14.4772
-6.81997 14.4772
-6.82114 14.4772
-6.82232 14.4772
-6.82349 14.4772
-6.82467 14.4772
-6.82585 14.4772
-6.82702 14.4772
-6.8282 14.4772
-6.79737 14.4772
-6.79855 14.4772
-6.79972 14.4772
-6.8009 14.4772
-6.80207 14.4772
-6.80325 14.4772
-6.80442 14.4772
-6.8056 14.4772
-6.80678 14.4772
-6.80795 14.4772
-6.80913 14.4772
-6.8103 14.4772
-6.81148 14.4772
-6.81265 14.4772
-6.81383 14.4772
-6.815 14.4772
-6.81618 14.4772
-6.81735 14.4772
-6.81853 14.4772
-6.8197 14.4772
-6.82088 14.4772
-6.82206 14.4772
-6.82323 14.4772
-6.82441 14.4772
-6.82558 14.4772
-6.82676 14.4772
-6.82793 14.4772
-6.79711 14.4772
-6.79828 14.4772
-6.79946 14.4772
-6.80063 14.4772
-6.80181 14.4772
-6.80298 14.4772
-6.80416 14.4772
-6.80534 14.4772
-6.80651 14.4772
-6.80769 14.4772
-6.80886 14.4772
-6.81004 14.4772
-6.81121 14.4772
-6.81239 14.4772
-6.81356 14.4772
-6.81474 14.4772
-6.81591 14.4772
-6.81709 14.4772
-6.81826 14.4772
-6.81944 14.4772
-6.82062 14.4772
-6.82179 14.4772
-6.82297 14.4772
-6.82414 14.4772
-6.82532 14.4772
-6.82649 14.4772
-6.82767 14.4772
-6.79684 14.4772
-6.79802 14.4772
-6.79919 14.4772
-6.80037 14.4772
-6.80155 14.4772
-6.80272 14.4772
-6.8039 14.4772
-6.80507 14.4772
-6.80625 14.4772
-6.80742 14.4772
-6.8086 14.4772
-6.80977 14.4772
-6.81095 14.4772
-6.81212 14.4772
-6.8133 14.4772
-6.81447 14.4772
-6.81565 14.4772
-6.81683 14.4772
-6.818 14.4772
-6.81918 14.4772
-6.82035 14.4772
-6.82153 14.4772
-6.8227 14.4772
-6.82388 14.4772
-6.82505 14.4772
-6.82623 14.4772
-6.8274 14.4772
-6.79658 14.4772
-6.79775 14.4772
-6.79893 14.4772
-6.80011 14.4772
-6.80128 14.4772
-6.80246 14.4772
-6.80363 14.4772
-6.80481 14.4772
-6.80598 14.4772
-6.80716 14.4772
-6.80833 14.4772
-6.80951 14.4772
-6.81068 14.4772
-6.81186 14.4772
-6.81304 14.4772
-6.81421 14.4772
-6.81539 14.4772
-6.81656 14.4772
-6.81774 14.4772
-6.81891 14.4772
-6.82009 14.4772
-6.82126 14.4772
-6.82244 14.4772
-6.82361 14.4772
-6.82479 14.4772
-6.82596 14.4772
-6.82714 14.4772
-6.82832 14.4772
-6.79749 14.4772
-6.79867 14.4772
-6.79984 14.4772
-6.80102 14.4772
-6.80219 14.4772
-6.80337 14.4772
-6.80454 14.4772
-6.80572 14.4772
-6.80689 14.4772
-6.80807 14.4772
-6.80924 14.4772
-6.81042 14.4772
-6.8116 14.4772
-6.81277 14.4772
-6.81395 14.4772
-6.81512 14.4772
-6.8163 14.4772
-6.81747 14.4772
-6.81865 14.4772
-6.81982 14.4772
-6.821 14.4772
-6.82217 14.4772
-6.82335 14.4772
-6.82452 14.4772
-6.8257 14.4772
-6.82688 14.4772
-6.82805 14.4772
-6.79723 14.4772
-6.7984 14.4772
-6.79958 14.4772
-6.80075 14.4772
-6.80193 14.4772
-6.8031 14.4772
-6.80428 14.4772
-6.80545 14.4772
-6.80663 14.4772
-6.80781 14.4772
-6.80898 14.4772
-6.81016 14.4772
-6.81133 14.4772
-6.81251 14.4772
-6.81368 14.4772
-6.81486 14.4772
-6.81603 14.4772
-6.81721 14.4772
-6.81838 14.4772
-6.81956 14.4772
-6.82073 14.4772
-6.82191 14.4772
-6.82309 14.4772
-6.82426 14.4772
-6.82544 14.4772
-6.82661 14.4772
-6.82779 14.4772
-6.79696 14.4772
-6.79814 14.4772
-6.79931 14.4772
-6.80049 14.4772
-6.80166 14.4772
-6.80284 14.4772
-6.80401 14.4772
-6.80519 14.4772
-6.80637 14.4772
-6.80754 14.4772
-6.80872 14.4772
-6.80989 14.4772
-6.81107 14.4772
-6.81224 14.4772
-6.81342 14.4772
-6.81459 14.4772
-6.81577 14.4772
-6.81694 14.4772
-6.81812 14.4772
-6.81929 14.4772
-6.82047 14.4772
-6.82165 14.4772
-6.82282 14.4772
-6.824 14.4772
-6.82517 14.4772
-6.82635 14.4772
-6.82752 14.4772
-6.7967 14.4772
-6.79787 14.4772
-6.79905 14.4772
-6.80022 14.4772
-6.8014 14.4772
-6.80258 14.4772
-6.80375 14.4772
-6.80493 14.4772
-6.8061 14.4772
-6.80728 14.4772
-6.80845 14.4772
-6.80963 14.4772
-6.8108 14.4772
-6.81198 14.4772
-6.81315 14.4772
-6.81433 14.4772
-6.8155 14.4772
-6.81668 14.4772
-6.81786 14.4772
-6.81903 14.4772
-6.82021 14.4772
-6.82138 14.4772
-6.82256 14.4772
-6.82373 14.4772
-6.82491 14.4772
-6.82608 14.4772
-6.82726 14.4772
-6.82843 14.4772
-6.79761 14.4772
-6.79878 14.4772
-6.79996 14.4772
-6.80114 14.4772
-6.80231 14.4772
-6.80349 14.4772
-6.80466 14.4772
-6.80584 14.4772
-6.80701 14.4772
-6.80819 14.4772
-6.80936 14.4772
-6.81054 14.4772
-6.81171 14.4772
-6.81289 14.4772
-6.81406 14.4772
-6.81524 14.4772
-6.81642 14.4772
-6.81759 14.4772
-6.81877 14.4772
-6.81994 14.4772
-6.82112 14.4772
-6.82229 14.4772
-6.82347 14.4772
-6.82464 14.4772
-6.82582 14.4772
-6.82699 14.4772
-6.82817 14.4772
-6.79735 14.4772
-6.79852 14.4772
-6.7997 14.4772
-6.80087 14.4772
-6.80205 14.4772
-6.80322 14.4772
-6.8044 14.4772
-6.80557 14.4772
-6.80675 14.4772
-6.80792 14.4772
-6.8091 14.4772
-6.81027 14.4772
-6.81145 14.4772
-6.81263 14.4772
-6.8138 14.4772
-6.81498 14.4772
-6.81615 14.4772
-6.81733 14.4772
-6.8185 14.4772
-6.81968 14.4772
-6.82085 14.4772
-6.82203 14.4772
-6.8232 14.4772
-6.82438 14.4772
-6.82555 14.4772
-6.82673 14.4772
-6.82791 14.4772
-6.79708 14.4772
-6.79826 14.4772
-6.79943 14.4772
-6.80061 14.4772
-6.80178 14.4772
-6.80296 14.4772
-6.80413 14.4772
-6.80531 14.4772
-6.80648 14.4772
-6.80766 14.4772
-6.80884 14.4772
-6.81001 14.4772
-6.81119 14.4772
-6.81236 14.4772
-6.81354 14.4772
-6.81471 14.4772
-6.81589 14.4772
-6.81706 14.4772
-6.81824 14.4772
-6.81941 14.4772
-6.82059 14.4772
-6.82176 14.4772
-6.82294 14.4772
-6.82412 14.4772
-6.82529 14.4772
-6.82647 14.4772
-6.82764 14.4772
-6.79682 14.4772
-6.79799 14.4772
-6.79917 14.4772
-6.80034 14.4772
-6.80152 14.4772
-6.80269 14.4772
-6.80387 14.4772
-6.80504 14.4772
-6.80622 14.4772
-6.8074 14.4772
-6.80857 14.4772
-6.80975 14.4772
-6.81092 14.4772
-6.8121 14.4772
-6.81327 14.4772
-6.81445 14.4772
-6.81562 14.4772
-6.8168 14.4772
-6.81797 14.4772
-6.81915 14.4772
-6.82032 14.4772
-6.8215 14.4772
-6.82268 14.4772
-6.82385 14.4772
-6.82503 14.4772
-6.8262 14.4772
-6.82738 14.4772
-6.79655 14.4772
-6.79773 14.4772
-6.7989 14.4772
-6.80008 14.4772
-6.80125 14.4772
-6.80243 14.4772
-6.80361 14.4772
-6.80478 14.4772
-6.80596 14.4772
-6.80713 14.4772
-6.80831 14.4772
-6.80948 14.4772
-6.81066 14.4772
-6.81183 14.4772
-6.81301 14.4772
-6.81418 14.4772
-6.81536 14.4772
-6.81653 14.4772
-6.81771 14.4772
-6.81889 14.4772
-6.82006 14.4772
-6.82124 14.4772
-6.82241 14.4772
-6.82359 14.4772
-6.82476 14.4772
-6.82594 14.4772
-6.82711 14.4772
-6.82829 14.4772
-6.79746 14.4772
-6.79864 14.4772
-6.79981 14.4772
-6.80099 14.4772
-6.80217 14.4772
-6.80334 14.4772
-6.80452 14.4772
-6.80569 14.4772
-6.80687 14.4772
-6.80804 14.4772
-6.80922 14.4772
-6.81039 14.4772
-6.81157 14.4772
-6.81274 14.4772
-6.81392 14.4772
-6.81509 14.4772
-6.81627 14.4772
-6.81745 14.4772
-6.81862 14.4772
-6.8198 14.4772
-6.82097 14.4772
-6.82215 14.4772
-6.82332 14.4772
-6.8245 14.4772
-6.82567 14.4772
-6.82685 14.4772
-6.82802 14.4772
-6.7972 14.4772
-6.79838 14.4772
-6.79955 14.4772
-6.80073 14.4772
-6.8019 14.4772
-6.80308 14.4772
-6.80425 14.4772
-6.80543 14.4772
-6.8066 14.4772
-6.80778 14.4772
-6.80895 14.4772
-6.81013 14.4772
-6.8113 14.4772
-6.81248 14.4772
-6.81366 14.4772
-6.81483 14.4772
-6.81601 14.4772
-6.81718 14.4772
-6.81836 14.4772
-6.81953 14.4772
-6.82071 14.4772
-6.82188 14.4772
-6.82306 14.4772
-6.82423 14.4772
-6.82541 14.4772
-6.82658 14.4772
-6.82776 14.4772
-6.79694 14.4772
-6.79811 14.4772
-6.79929 14.4772
-6.80046 14.4772
-6.80164 14.4772
-6.80281 14.4772
-6.80399 14.4772
-6.80516 14.4772
-6.80634 14.4772
-6.80751 14.4772
-6.80869 14.4772
-6.80986 14.4772
-6.81104 14.4772
-6.81222 14.4772
-6.81339 14.4772
-6.81457 14.4772
-6.81574 14.4772
-6.81692 14.4772
-6.81809 14.4772
-6.81927 14.4772
-6.82044 14.4772
-6.82162 14.4772
-6.82279 14.4772
-6.82397 14.4772
-6.82515 14.4772
-6.82632 14.4772
-6.8275 14.4772
-6.79667 14.4772
-6.79785 14.4772
-6.79902 14.4772
-6.8002 14.4772
-6.80137 14.4772
-6.80255 14.4772
-6.80372 14.4772
-6.8049 14.4772
-6.80607 14.4772
-6.80725 14.4772
-6.80843 14.4772
-6.8096 14.4772
-6.81078 14.4772
-6.81195 14.4772
-6.81313 14.4772
-6.8143 14.4772
-6.81548 14.4772
-6.81665 14.4772
-6.81783 14.4772
-6.819 14.4772
-6.82018 14.4772
-6.82135 14.4772
-6.82253 14.4772
-6.82371 14.4772
-6.82488 14.4772
-6.82606 14.4772
-6.82723 14.4772
-6.82841 14.4772
-6.79758 14.4772
-6.79876 14.4772
-6.79993 14.4772
-6.80111 14.4772
-6.80228 14.4772
-6.80346 14.4772
-6.80464 14.4772
-6.80581 14.4772
-6.80699 14.4772
-6.80816 14.4772
-6.80934 14.4772
-6.81051 14.4772
-6.81169 14.4772
-6.81286 14.4772
-6.81404 14.4772
-6.81521 14.4772
-6.81639 14.4772
-6.81756 14.4772
-6.81874 14.4772
-6.81992 14.4772
-6.82109 14.4772
-6.82227 14.4772
-6.82344 14.4772
-6.82462 14.4772
