0 0
0.0309018 0.0951056
0.0712272 0.190239
0.12089 0.28543
0.179805 0.380706
0.247886 0.476097
0.325048 0.571631
0.411204 0.667335
0.506266 0.763239
0.610147 0.859367
0.722755 0.955744
0.843996 1.05239
0.973774 1.14934
1.11199 1.24659
1.25853 1.34417
1.4133 1.44207
1.57617 1.54032
1.74702 1.63889
1.92572 1.73779
2.11214 1.83699
2.30614 1.93645
2.50756 2.03615
2.71624 2.13602
2.93201 2.236
3.15471 2.336
3.38416 2.43591
3.62017 2.53562
3.86257 2.635
4.11117 2.73388
4.3658 2.8321
4.62628 2.92949
4.89245 3.02584
5.16416 3.12095
5.44127 3.21463
5.72366 3.30668
6.01122 3.39691
6.30385 3.48515
6.60148 3.57123
6.90402 3.65502
7.21143 3.73642
7.52364 3.81533
7.84061 3.89169
8.16229 3.96548
8.48862 4.03668
8.81955 4.1053
9.15502 4.17138
9.49497 4.23496
9.83933 4.2961
10.188 4.35487
10.541 4.41134
10.8981 4.46561
11.2594 4.51776
11.6246 4.56788
11.9938 4.61605
12.3668 4.66237
12.7435 4.70692
13.1238 4.74979
13.5077 4.79106
13.895 4.8308
14.2857 4.8691
14.6797 4.90602
15.0769 4.94164
15.4771 4.97601
15.8804 5.00921
16.2866 5.04129
16.6957 5.0723
17.1075 5.1023
17.5221 5.13134
17.9392 5.15946
18.3589 5.18671
18.7812 5.21312
19.2058 5.23874
19.6328 5.26361
20.0622 5.28776
20.4937 5.31121
20.9275 5.33401
21.3634 5.35618
21.8013 5.37775
22.2413 5.39874
22.6833 5.41918
23.1272 5.43909
23.5731 5.4585
24.0207 5.47742
24.4702 5.49587
24.9214 5.51388
25.3743 5.53146
25.829 5.54862
26.2852 5.56539
26.7431 5.58178
27.2026 5.5978
27.6636 5.61346
28.1261 5.62878
28.5902 5.64377
29.0556 5.65845
29.5225 5.67282
29.9908 5.68689
30.4604 5.70068
30.9314 5.71419
31.4037 5.72743
31.8773 5.74042
32.3521 5.75315
32.8282 5.76565
33.3056 5.77791
33.7841 5.78994
34.2638 5.80175
34.7446 5.81336
35.2266 5.82475
35.7097 5.83594
36.1939 5.84694
36.6792 5.85776
37.1655 5.86838
37.6529 5.87883
38.1413 5.88911
38.6308 5.89922
39.1212 5.90917
39.6126 5.91895
40.1049 5.92858
40.5982 5.93807
41.0925 5.9474
41.5876 5.95659
42.0837 5.96565
42.5807 5.97457
43.0785 5.98335
43.5772 5.99201
44.0768 6.00054
44.5772 6.00895
45.0784 6.01724
45.5805 6.02542
46.0834 6.03348
46.587 6.04143
47.0915 6.04927
47.5967 6.05701
48.1027 6.06464
48.6095 6.07218
49.117 6.07961
49.6252 6.08695
50.1341 6.09419
50.6438 6.10134
51.1542 6.1084
51.6653 6.11537
52.1771 6.12226
52.6895 6.12906
53.2027 6.13578
53.7164 6.14242
54.2309 6.14898
54.746 6.15546
55.2618 6.16186
55.7782 6.16819
56.2952 6.17445
56.8128 6.18064
57.3311 6.18676
57.8499 6.1928
58.3694 6.19878
58.8894 6.2047
59.4101 6.21055
59.9313 6.21633
60.4531 6.22206
60.9754 6.22772
61.4984 6.23332
62.0219 6.23886
62.5459 6.24435
63.0705 6.24978
63.5956 6.25515
64.1213 6.26047
64.6474 6.26573
65.1742 6.27094
65.7014 6.2761
66.2291 6.28121
66.7574 6.28627
67.2861 6.29128
67.8154 6.29624
68.3451 6.30115
68.8754 6.30601
69.4061 6.31083
69.9373 6.31561
70.4689 6.32034
71.0011 6.32502
71.5337 6.32966
72.0668 6.33426
72.6003 6.33882
73.1343 6.34334
73.6687 6.34782
74.2036 6.35225
74.7389 6.35665
75.2747 6.36101
75.8109 6.36533
76.3475 6.36961
76.8846 6.37386
77.422 6.37807
77.9599 6.38225
78.4982 6.38639
79.0369 6.39049
79.5761 6.39456
80.1156 6.3986
80.6556 6.4026
81.1959 6.40657
81.7366 6.41051
82.2778 6.41442
82.8193 6.41829
83.3612 6.42214
83.9035 6.42595
84.4461 6.42974
84.9892 6.43349
85.5326 6.43722
86.0764 6.44091
86.6205 6.44458
87.1651 6.44822
87.71 6.45183
88.2552 6.45542
88.8008 6.45898
89.3468 6.46251
89.8931 6.46601
90.4397 6.46949
90.9868 6.47295
91.5341 6.47638
92.0818 6.47978
92.6298 6.48316
93.1782 6.48651
93.7269 6.48984
94.276 6.49315
94.8253 6.49644
95.375 6.4997
95.925 6.50293
96.4754 6.50615
97.0261 6.50934
97.577 6.51251
98.1283 6.51566
98.68 6.51879
99.2319 6.5219
99.7841 6.52499
100.337 6.52805
100.89 6.5311
101.443 6.53412
101.996 6.53713
102.55 6.54011
103.104 6.54308
103.658 6.54602
104.213 6.54895
104.768 6.55186
105.323 6.55475
105.879 6.55762
106.434 6.56047
106.991 6.56331
107.547 6.56613
108.104 6.56893
108.66 6.57171
109.218 6.57448
109.775 6.57722
110.333 6.57996
110.891 6.58267
111.449 6.58537
112.008 6.58805
112.567 6.59072
113.126 6.59337
113.685 6.596
114.245 6.59862
114.805 6.60123
115.365 6.60381
115.925 6.60639
116.486 6.60894
117.047 6.61149
117.608 6.61402
118.169 6.61653
118.731 6.61903
119.293 6.62152
119.855 6.62399
120.418 6.62644
120.98 6.62889
121.543 6.63132
122.106 6.63373
122.67 6.63614
123.233 6.63853
123.797 6.6409
124.361 6.64327
124.926 6.64562
125.49 6.64796
126.055 6.65028
126.62 6.6526
127.186 6.6549
127.751 6.65718
128.317 6.65946
128.883 6.66172
129.449 6.66398
130.015 6.66622
130.582 6.66845
131.149 6.67066
131.716 6.67287
132.283 6.67506
132.851 6.67725
133.419 6.67942
133.987 6.68158
134.555 6.68373
135.123 6.68587
135.692 6.688
136.261 6.69011
136.83 6.69222
137.399 6.69432
137.968 6.6964
138.538 6.69848
139.108 6.70054
139.678 6.7026
140.248 6.70464
140.819 6.70668
141.389 6.7087
141.96 6.71072
142.531 6.71273
143.103 6.71472
143.674 6.71671
144.246 6.71869
144.818 6.72066
145.39 6.72261
145.962 6.72456
146.535 6.7265
147.107 6.72844
147.68 6.73036
148.253 6.73227
148.826 6.73418
149.4 6.73607
149.973 6.73796
150.547 6.73984
151.121 6.74171
151.695 6.74357
152.27 6.74542
152.844 6.74727
153.419 6.74911
153.994 6.75093
154.569 6.75275
155.144 6.75457
155.72 6.75637
156.296 6.75817
156.871 6.75996
157.447 6.76174
158.024 6.76351
158.6 6.76527
159.176 6.76703
159.753 6.76878
160.33 6.77052
160.907 6.77226
161.484 6.77399
162.062 6.77571
162.639 6.77742
163.217 6.77912
163.795 6.78082
164.373 6.78251
164.951 6.7842
165.53 6.78588
166.108 6.78755
166.687 6.78921
167.266 6.79087
167.845 6.79252
168.425 6.79416
169.004 6.79579
169.584 6.79742
170.163 6.79905
170.743 6.80066
171.323 6.80227
171.904 6.80387
172.484 6.80547
173.065 6.80706
173.645 6.80865
174.226 6.81022
174.807 6.8118
175.388 6.81336
175.97 6.81492
176.551 6.81647
177.133 6.81802
177.715 6.81956
178.297 6.8211
178.879 6.82262
179.461 6.82415
180.043 6.82566
180.626 6.82718
181.209 6.82868
181.792 6.83018
182.375 6.83168
182.958 6.83316
183.541 6.83465
184.125 6.83612
184.708 6.83759
185.292 6.83906
185.876 6.84052
186.46 6.84198
187.044 6.84343
187.629 6.84487
188.213 6.84631
188.798 6.84774
189.383 6.84917
189.967 6.8506
190.553 6.85201
191.138 6.85343
191.723 6.85483
192.309 6.85624
192.894 6.85764
193.48 6.85903
194.066 6.86041
194.652 6.8618
195.238 6.86317
195.824 6.86455
196.411 6.86592
196.998 6.86728
197.584 6.86864
198.171 6.86999
198.758 6.87134
199.345 6.87268
199.933 6.87402
200.52 6.87536
201.107 6.87669
201.695 6.87801
202.283 6.87933
202.871 6.88065
203.459 6.88196
204.047 6.88327
204.636 6.88457
205.224 6.88587
205.813 6.88716
206.401 6.88845
206.99 6.88974
207.579 6.89102
208.168 6.8923
208.758 6.89357
209.347 6.89484
209.936 6.8961
210.526 6.89736
211.116 6.89862
211.706 6.89987
212.296 6.90111
212.886 6.90236
213.476 6.9036
214.066 6.90483
214.657 6.90606
215.247 6.90729
215.838 6.90851
216.429 6.90973
217.02 6.91095
217.611 6.91216
218.202 6.91336
218.794 6.91457
219.385 6.91577
219.977 6.91696
220.568 6.91816
221.16 6.91934
221.752 6.92053
222.344 6.92171
222.936 6.92289
223.529 6.92406
224.121 6.92523
224.714 6.92639
225.306 6.92756
225.899 6.92872
226.492 6.92987
227.085 6.93102
227.678 6.93217
228.271 6.93331
228.865 6.93446
229.458 6.93559
230.052 6.93673
230.645 6.93786
231.239 6.93898
231.833 6.94011
232.427 6.94123
233.021 6.94235
233.615 6.94346
234.21 6.94457
234.804 6.94568
235.399 6.94678
235.993 6.94788
236.588 6.94898
237.183 6.95007
237.778 6.95116
238.373 6.95225
238.968 6.95333
239.564 6.95441
240.159 6.95549
240.755 6.95656
241.35 6.95764
241.946 6.9587
242.542 6.95977
243.138 6.96083
243.734 6.96189
244.33 6.96295
244.927 6.964
245.523 6.96505
246.12 6.9661
246.716 6.96714
247.313 6.96818
247.91 6.96922
248.507 6.97025
249.104 6.97129
249.701 6.97232
250.298 6.97334
250.895 6.97437
251.493 6.97539
252.09 6.9764
252.688 6.97742
253.286 6.97843
253.884 6.97944
254.482 6.98045
255.08 6.98145
255.678 6.98245
256.276 6.98345
256.874 6.98444
257.473 6.98544
258.071 6.98643
258.67 6.98741
259.269 6.9884
259.868 6.98938
260.467 6.99036
261.066 6.99133
261.665 6.99231
262.264 6.99328
262.863 6.99425
263.463 6.99521
264.062 6.99618
264.662 6.99714
265.262 6.9981
265.861 6.99905
266.461 7.00001
267.061 7.00096
267.661 7.0019
268.262 7.00285
268.862 7.00379
269.462 7.00473
270.063 7.00567
270.663 7.00661
271.264 7.00754
271.865 7.00847
272.466 7.0094
273.067 7.01033
273.668 7.01125
274.269 7.01217
274.87 7.01309
275.471 7.01401
276.073 7.01492
276.674 7.01583
277.276 7.01674
277.878 7.01765
278.479 7.01855
279.081 7.01946
279.683 7.02036
280.285 7.02125
280.887 7.02215
281.49 7.02304
282.092 7.02393
282.694 7.02482
283.297 7.02571
283.899 7.0266
284.502 7.02748
285.105 7.02836
285.708 7.02924
286.31 7.03011
286.913 7.03098
287.517 7.03186
288.12 7.03273
288.723 7.03359
289.326 7.03446
289.93 7.03532
290.533 7.03618
291.137 7.03704
291.741 7.0379
292.344 7.03875
292.948 7.0396
293.552 7.04045
294.156 7.0413
294.76 7.04215
295.365 7.04299
295.969 7.04384
296.573 7.04468
297.178 7.04551
297.782 7.04635
298.387 7.04718
298.992 7.04802
299.597 7.04885
300.202 7.04967
300.806 7.0505
301.412 7.05133
302.017 7.05215
302.622 7.05297
303.227 7.05379
303.833 7.0546
304.438 7.05542
305.044 7.05623
305.649 7.05704
306.255 7.05785
306.861 7.05866
307.467 7.05946
308.073 7.06027
308.679 7.06107
309.285 7.06187
309.891 7.06267
310.497 7.06346
311.103 7.06426
311.71 7.06505
312.316 7.06584
312.923 7.06663
313.53 7.06742
314.136 7.0682
314.743 7.06898
315.35 7.06977
315.957 7.07055
316.564 7.07132
317.171 7.0721
317.779 7.07288
318.386 7.07365
318.993 7.07442
319.601 7.07519
320.208 7.07596
320.816 7.07672
321.423 7.07749
322.031 7.07825
322.639 7.07901
323.247 7.07977
323.855 7.08053
324.463 7.08128
325.071 7.08204
325.679 7.08279
326.288 7.08354
326.896 7.08429
327.504 7.08504
328.113 7.08578
328.721 7.08653
329.33 7.08727
329.939 7.08801
330.548 7.08875
331.156 7.08949
331.765 7.09023
332.374 7.09096
332.984 7.09169
333.593 7.09243
334.202 7.09316
334.811 7.09388
335.421 7.09461
336.03 7.09534
336.64 7.09606
337.249 7.09678
337.859 7.0975
338.469 7.09822
339.079 7.09894
339.688 7.09966
340.298 7.10037
340.908 7.10108
341.519 7.1018
342.129 7.10251
342.739 7.10322
343.349 7.10392
343.96 7.10463
344.57 7.10533
345.181 7.10604
345.791 7.10674
346.402 7.10744
347.013 7.10814
347.624 7.10883
348.234 7.10953
348.845 7.11022
349.456 7.11092
350.068 7.11161
350.679 7.1123
351.29 7.11299
351.901 7.11367
352.513 7.11436
353.124 7.11504
353.736 7.11573
354.347 7.11641
354.959 7.11709
355.57 7.11777
356.182 7.11844
356.794 7.11912
357.406 7.11979
358.018 7.12047
358.63 7.12114
359.242 7.12181
359.854 7.12248
360.467 7.12315
361.079 7.12381
361.691 7.12448
362.304 7.12514
362.916 7.12581
363.529 7.12647
364.142 7.12713
364.754 7.12779
365.367 7.12844
365.98 7.1291
366.593 7.12976
367.206 7.13041
367.819 7.13106
368.432 7.13171
369.045 7.13236
369.658 7.13301
370.272 7.13366
370.885 7.1343
371.498 7.13495
372.112 7.13559
372.725 7.13624
373.339 7.13688
373.953 7.13752
374.566 7.13815
375.18 7.13879
375.794 7.13943
376.408 7.14006
377.022 7.1407
377.636 7.14133
378.25 7.14196
378.865 7.14259
379.479 7.14322
380.093 7.14385
380.708 7.14447
381.322 7.1451
381.936 7.14572
382.551 7.14635
383.166 7.14697
383.78 7.14759
384.395 7.14821
385.01 7.14883
385.625 7.14945
386.24 7.15006
386.855 7.15068
387.47 7.15129
388.085 7.1519
388.7 7.15251
389.316 7.15312
389.931 7.15373
390.546 7.15434
391.162 7.15495
391.777 7.15556
392.393 7.15616
393.008 7.15676
393.624 7.15737
394.24 7.15797
394.856 7.15857
395.471 7.15917
396.087 7.15977
396.703 7.16036
397.319 7.16096
397.935 7.16155
398.552 7.16215
399.168 7.16274
399.784 7.16333
400.4 7.16392
401.017 7.16451
401.633 7.1651
402.25 7.16569
402.866 7.16627
403.483 7.16686
404.1 7.16744
404.716 7.16803
405.333 7.16861
405.95 7.16919
406.567 7.16977
407.184 7.17035
407.801 7.17093
408.418 7.1715
409.035 7.17208
409.652 7.17266
410.27 7.17323
410.887 7.1738
411.504 7.17438
412.122 7.17495
412.739 7.17552
413.357 7.17608
413.975 7.17665
414.592 7.17722
415.21 7.17779
415.828 7.17835
416.446 7.17891
417.063 7.17948
417.681 7.18004
418.299 7.1806
418.917 7.18116
419.536 7.18172
420.154 7.18228
420.772 7.18284
421.39 7.18339
422.009 7.18395
422.627 7.1845
423.245 7.18506
423.864 7.18561
424.483 7.18616
425.101 7.18671
425.72 7.18726
426.339 7.18781
426.957 7.18836
427.576 7.18891
428.195 7.18945
428.814 7.19
429.433 7.19054
430.052 7.19108
430.671 7.19163
431.29 7.19217
431.91 7.19271
432.529 7.19325
433.148 7.19379
433.768 7.19432
434.387 7.19486
435.006 7.1954
435.626 7.19593
436.246 7.19647
436.865 7.197
437.485 7.19753
438.105 7.19806
438.724 7.19859
439.344 7.19912
439.964 7.19965
440.584 7.20018
441.204 7.20071
441.824 7.20123
442.444 7.20176
443.065 7.20228
443.685 7.20281
444.305 7.20333
444.925 7.20385
445.546 7.20437
446.166 7.2049
446.787 7.20541
447.407 7.20593
448.028 7.20645
448.649 7.20697
449.269 7.20748
449.89 7.208
450.511 7.20851
451.132 7.20903
451.753 7.20954
452.374 7.21005
452.995 7.21056
453.616 7.21107
454.237 7.21158
454.858 7.21209
455.479 7.2126
456.1 7.21311
456.722 7.21361
457.343 7.21412
457.964 7.21462
458.586 7.21513
459.207 7.21563
459.829 7.21613
460.451 7.21664
461.072 7.21714
461.694 7.21764
462.316 7.21814
462.938 7.21863
463.559 7.21913
464.181 7.21963
464.803 7.22012
465.425 7.22062
466.047 7.22111
466.669 7.22161
467.292 7.2221
467.914 7.22259
468.536 7.22308
469.158 7.22358
469.781 7.22407
470.403 7.22455
471.026 7.22504
471.648 7.22553
472.271 7.22602
472.893 7.2265
473.516 7.22699
474.139 7.22747
474.761 7.22796
475.384 7.22844
476.007 7.22892
476.63 7.2294
477.253 7.22989
477.876 7.23037
478.499 7.23085
479.122 7.23132
479.745 7.2318
480.368 7.23228
480.991 7.23276
481.615 7.23323
482.238 7.23371
482.861 7.23418
483.485 7.23466
484.108 7.23513
484.732 7.2356
485.355 7.23607
485.979 7.23655
486.603 7.23702
487.226 7.23748
487.85 7.23795
488.474 7.23842
489.098 7.23889
489.722 7.23936
490.346 7.23982
490.97 7.24029
491.594 7.24075
492.218 7.24122
492.842 7.24168
493.466 7.24214
494.09 7.2426
494.714 7.24306
495.339 7.24353
495.963 7.24399
496.588 7.24444
497.212 7.2449
497.836 7.24536
498.461 7.24582
499.086 7.24627
499.71 7.24673
500.335 7.24719
500.96 7.24764
501.584 7.24809
502.209 7.24855
502.834 7.249
503.459 7.24945
504.084 7.2499
504.709 7.25035
505.334 7.2508
505.959 7.25125
506.584 7.2517
507.209 7.25215
507.835 7.2526
508.46 7.25304
509.085 7.25349
509.71 7.25393
510.336 7.25438
510.961 7.25482
511.587 7.25527
512.212 7.25571
512.838 7.25615
513.463 7.25659
514.089 7.25703
514.715 7.25747
515.341 7.25791
515.966 7.25835
516.592 7.25879
517.218 7.25923
517.844 7.25967
518.47 7.2601
519.096 7.26054
519.722 7.26098
520.348 7.26141
520.974 7.26184
521.6 7.26228
522.227 7.26271
522.853 7.26314
523.479 7.26358
524.106 7.26401
524.732 7.26444
525.359 7.26487
525.985 7.2653
526.612 7.26573
527.238 7.26615
527.865 7.26658
528.491 7.26701
529.118 7.26743
529.745 7.26786
530.372 7.26829
530.998 7.26871
531.625 7.26913
532.252 7.26956
532.879 7.26998
533.506 7.2704
534.133 7.27082
534.76 7.27125
535.387 7.27167
536.015 7.27209
536.642 7.27251
537.269 7.27292
537.896 7.27334
538.524 7.27376
539.151 7.27418
539.779 7.27459
540.406 7.27501
541.033 7.27543
541.661 7.27584
542.289 7.27626
542.916 7.27667
543.544 7.27708
544.172 7.2775
544.799 7.27791
545.427 7.27832
546.055 7.27873
546.683 7.27914
547.311 7.27955
547.939 7.27996
548.567 7.28037
549.195 7.28078
549.823 7.28118
550.451 7.28159
551.079 7.282
551.707 7.2824
552.335 7.28281
552.964 7.28322
553.592 7.28362
554.22 7.28402
554.849 7.28443
555.477 7.28483
556.106 7.28523
556.734 7.28563
557.363 7.28604
557.991 7.28644
558.62 7.28684
559.249 7.28724
559.877 7.28764
560.506 7.28803
561.135 7.28843
561.764 7.28883
562.393 7.28923
563.022 7.28962
563.651 7.29002
564.28 7.29042
564.909 7.29081
565.538 7.29121
566.167 7.2916
566.796 7.29199
567.425 7.29239
568.055 7.29278
568.684 7.29317
569.313 7.29356
569.942 7.29395
570.572 7.29434
571.201 7.29473
571.831 7.29512
572.46 7.29551
573.09 7.2959
573.719 7.29629
574.349 7.29668
574.979 7.29706
575.608 7.29745
576.238 7.29784
576.868 7.29822
577.498 7.29861
578.128 7.29899
578.758 7.29938
579.387 7.29976
580.017 7.30014
580.647 7.30053
581.278 7.30091
581.908 7.30129
582.538 7.30167
583.168 7.30205
583.798 7.30243
584.428 7.30281
585.059 7.30319
585.689 7.30357
586.319 7.30395
586.95 7.30432
587.58 7.3047
588.211 7.30508
588.841 7.30545
589.472 7.30583
590.102 7.30621
590.733 7.30658
591.364 7.30696
591.994 7.30733
592.625 7.3077
593.256 7.30808
593.887 7.30845
594.517 7.30882
595.148 7.3092
595.779 7.30957
596.41 7.30994
597.041 7.31031
597.672 7.31068
598.303 7.31105
598.934 7.31142
599.565 7.31179
600.197 7.31215
600.828 7.31252
601.459 7.31289
602.09 7.31326
602.722 7.31362
603.353 7.31399
603.984 7.31435
604.616 7.31472
605.247 7.31508
605.879 7.31545
606.51 7.31581
607.142 7.31617
607.774 7.31654
608.405 7.3169
609.037 7.31726
609.669 7.31762
610.3 7.31798
610.932 7.31834
611.564 7.3187
612.196 7.31906
612.828 7.31942
613.46 7.31978
614.092 7.32014
614.724 7.3205
615.356 7.32086
615.988 7.32121
616.62 7.32157
617.252 7.32193
617.884 7.32228
618.517 7.32264
619.149 7.32299
619.781 7.32335
620.414 7.3237
621.046 7.32406
621.678 7.32441
622.311 7.32476
622.943 7.32512
623.576 7.32547
624.208 7.32582
624.841 7.32617
625.474 7.32652
626.106 7.32687
626.739 7.32722
627.372 7.32757
628.004 7.32792
628.637 7.32827
629.27 7.32862
629.903 7.32897
630.536 7.32931
631.169 7.32966
631.802 7.33001
632.435 7.33035
633.068 7.3307
633.701 7.33105
634.334 7.33139
634.967 7.33174
635.6 7.33208
636.233 7.33242
636.867 7.33277
637.5 7.33311
638.133 7.33345
638.767 7.3338
639.4 7.33414
640.033 7.33448
640.667 7.33482
641.3 7.33516
641.934 7.3355
642.567 7.33584
643.201 7.33618
643.835 7.33652
644.468 7.33686
645.102 7.3372
645.736 7.33754
646.369 7.33788
647.003 7.33821
647.637 7.33855
648.271 7.33889
648.905 7.33922
649.539 7.33956
650.173 7.33989
650.807 7.34023
651.441 7.34056
652.075 7.3409
652.709 7.34123
653.343 7.34157
653.977 7.3419
654.611 7.34223
655.245 7.34256
655.88 7.3429
656.514 7.34323
657.148 7.34356
657.783 7.34389
658.417 7.34422
659.052 7.34455
659.686 7.34488
660.32 7.34521
660.955 7.34554
661.59 7.34587
662.224 7.3462
662.859 7.34652
663.493 7.34685
664.128 7.34718
664.763 7.34751
665.398 7.34783
666.032 7.34816
666.667 7.34848
667.302 7.34881
667.937 7.34914
668.572 7.34946
669.207 7.34978
669.842 7.35011
670.477 7.35043
671.112 7.35076
671.747 7.35108
672.382 7.3514
673.017 7.35172
673.652 7.35205
674.287 7.35237
674.923 7.35269
675.558 7.35301
676.193 7.35333
676.829 7.35365
677.464 7.35397
678.099 7.35429
678.735 7.35461
679.37 7.35493
680.006 7.35525
680.641 7.35556
681.277 7.35588
681.912 7.3562
682.548 7.35652
683.184 7.35683
683.819 7.35715
684.455 7.35746
685.091 7.35778
685.727 7.3581
686.362 7.35841
686.998 7.35873
687.634 7.35904
688.27 7.35935
688.906 7.35967
689.542 7.35998
690.178 7.36029
690.814 7.36061
691.45 7.36092
692.086 7.36123
692.722 7.36154
693.358 7.36185
693.995 7.36216
694.631 7.36247
695.267 7.36278
695.903 7.36309
696.54 7.3634
697.176 7.36371
697.812 7.36402
698.449 7.36433
699.085 7.36464
699.722 7.36495
700.358 7.36526
700.995 7.36556
701.631 7.36587
702.268 7.36618
702.904 7.36648
703.541 7.36679
704.178 7.36709
704.814 7.3674
705.451 7.36771
706.088 7.36801
706.725 7.36831
707.362 7.36862
707.998 7.36892
708.635 7.36923
709.272 7.36953
709.909 7.36983
710.546 7.37013
711.183 7.37044
711.82 7.37074
712.457 7.37104
713.094 7.37134
713.732 7.37164
714.369 7.37194
715.006 7.37224
715.643 7.37254
716.28 7.37284
716.918 7.37314
717.555 7.37344
718.192 7.37374
718.83 7.37404
719.467 7.37434
720.104 7.37464
720.742 7.37493
721.379 7.37523
722.017 7.37553
722.655 7.37582
723.292 7.37612
723.93 7.37642
724.567 7.37671
725.205 7.37701
725.843 7.3773
726.481 7.3776
727.118 7.37789
727.756 7.37819
728.394 7.37848
729.032 7.37877
729.67 7.37907
730.308 7.37936
730.945 7.37965
731.583 7.37995
732.221 7.38024
732.859 7.38053
733.497 7.38082
734.136 7.38111
734.774 7.3814
735.412 7.38169
736.05 7.38198
736.688 7.38227
737.326 7.38256
737.965 7.38285
738.603 7.38314
739.241 7.38343
739.88 7.38372
740.518 7.38401
741.156 7.3843
741.795 7.38458
742.433 7.38487
743.072 7.38516
743.71 7.38545
744.349 7.38573
744.987 7.38602
745.626 7.38631
746.265 7.38659
746.903 7.38688
747.542 7.38716
748.181 7.38745
748.819 7.38773
749.458 7.38802
750.097 7.3883
750.736 7.38858
751.375 7.38887
752.014 7.38915
752.653 7.38943
753.292 7.38972
753.93 7.39
754.569 7.39028
755.208 7.39056
755.848 7.39084
756.487 7.39113
757.126 7.39141
757.765 7.39169
758.404 7.39197
759.043 7.39225
759.682 7.39253
760.322 7.39281
760.961 7.39309
761.6 7.39337
762.24 7.39365
762.879 7.39392
763.518 7.3942
764.158 7.39448
764.797 7.39476
765.437 7.39504
766.076 7.39531
766.716 7.39559
767.355 7.39587
767.995 7.39614
768.635 7.39642
769.274 7.3967
769.914 7.39697
770.554 7.39725
771.193 7.39752
771.833 7.3978
772.473 7.39807
773.113 7.39834
773.753 7.39862
774.392 7.39889
775.032 7.39917
775.672 7.39944
776.312 7.39971
776.952 7.39999
777.592 7.40026
778.232 7.40053
778.872 7.4008
779.512 7.40107
780.152 7.40135
780.793 7.40162
781.433 7.40189
782.073 7.40216
782.713 7.40243
783.353 7.4027
783.994 7.40297
784.634 7.40324
785.274 7.40351
785.915 7.40378
786.555 7.40405
787.195 7.40431
787.836 7.40458
788.476 7.40485
789.117 7.40512
789.757 7.40539
790.398 7.40565
791.038 7.40592
791.679 7.40619
792.32 7.40645
792.96 7.40672
793.601 7.40699
794.242 7.40725
794.882 7.40752
795.523 7.40778
796.164 7.40805
796.805 7.40831
797.445 7.40858
798.086 7.40884
798.727 7.40911
799.368 7.40937
800.009 7.40963
800.65 7.4099
801.291 7.41016
801.932 7.41042
802.573 7.41069
803.214 7.41095
803.855 7.41121
804.496 7.41147
805.138 7.41173
805.779 7.41199
806.42 7.41226
807.061 7.41252
807.702 7.41278
808.344 7.41304
808.985 7.4133
809.626 7.41356
810.268 7.41382
810.909 7.41408
811.55 7.41434
812.192 7.4146
812.833 7.41486
813.475 7.41511
814.116 7.41537
814.758 7.41563
815.399 7.41589
816.041 7.41615
816.683 7.4164
817.324 7.41666
817.966 7.41692
818.608 7.41717
819.249 7.41743
819.891 7.41769
820.533 7.41794
821.175 7.4182
821.817 7.41845
822.458 7.41871
823.1 7.41896
823.742 7.41922
824.384 7.41947
825.026 7.41973
825.668 7.41998
826.31 7.42024
826.952 7.42049
827.594 7.42074
828.236 7.421
828.878 7.42125
829.52 7.4215
830.163 7.42175
830.805 7.42201
831.447 7.42226
832.089 7.42251
832.731 7.42276
833.374 7.42301
834.016 7.42326
834.658 7.42352
835.301 7.42377
835.943 7.42402
836.585 7.42427
837.228 7.42452
837.87 7.42477
838.513 7.42502
839.155 7.42527
839.798 7.42552
840.44 7.42576
841.083 7.42601
841.726 7.42626
842.368 7.42651
843.011 7.42676
843.654 7.42701
844.296 7.42725
844.939 7.4275
845.582 7.42775
846.224 7.428
846.867 7.42824
847.51 7.42849
848.153 7.42874
848.796 7.42898
849.439 7.42923
850.082 7.42947
850.725 7.42972
851.367 7.42996
852.01 7.43021
852.654 7.43045
853.297 7.4307
853.94 7.43094
854.583 7.43119
855.226 7.43143
855.869 7.43167
856.512 7.43192
857.155 7.43216
857.799 7.4324
858.442 7.43265
859.085 7.43289
859.728 7.43313
860.372 7.43337
861.015 7.43362
861.658 7.43386
862.302 7.4341
862.945 7.43434
863.589 7.43458
864.232 7.43482
864.875 7.43507
865.519 7.43531
866.163 7.43555
866.806 7.43579
867.45 7.43603
868.093 7.43627
868.737 7.43651
869.381 7.43675
870.024 7.43698
870.668 7.43722
871.312 7.43746
871.955 7.4377
872.599 7.43794
873.243 7.43818
873.887 7.43842
874.531 7.43865
875.174 7.43889
875.818 7.43913
876.462 7.43936
877.106 7.4396
877.75 7.43984
878.394 7.44007
879.038 7.44031
879.682 7.44055
880.326 7.44078
880.97 7.44102
881.614 7.44125
882.259 7.44149
882.903 7.44173
883.547 7.44196
884.191 7.44219
884.835 7.44243
885.48 7.44266
886.124 7.4429
886.768 7.44313
887.412 7.44337
888.057 7.4436
888.701 7.44383
889.346 7.44407
889.99 7.4443
890.634 7.44453
891.279 7.44476
891.923 7.445
892.568 7.44523
893.212 7.44546
893.857 7.44569
894.501 7.44592
895.146 7.44616
895.791 7.44639
896.435 7.44662
897.08 7.44685
897.725 7.44708
898.369 7.44731
899.014 7.44754
899.659 7.44777
900.304 7.448
900.948 7.44823
901.593 7.44846
902.238 7.44869
902.883 7.44892
903.528 7.44915
904.173 7.44938
904.818 7.4496
905.463 7.44983
906.108 7.45006
906.753 7.45029
907.398 7.45052
908.043 7.45074
908.688 7.45097
909.333 7.4512
909.978 7.45143
910.623 7.45165
911.268 7.45188
911.914 7.45211
912.559 7.45233
913.204 7.45256
913.849 7.45279
914.495 7.45301
915.14 7.45324
915.785 7.45346
916.43 7.45369
917.076 7.45391
917.721 7.45414
918.367 7.45436
919.012 7.45459
919.658 7.45481
920.303 7.45503
920.949 7.45526
921.594 7.45548
922.24 7.45571
922.885 7.45593
923.531 7.45615
924.176 7.45638
924.822 7.4566
925.468 7.45682
926.113 7.45704
926.759 7.45727
927.405 7.45749
928.051 7.45771
928.696 7.45793
929.342 7.45815
929.988 7.45837
930.634 7.4586
931.28 7.45882
931.925 7.45904
932.571 7.45926
933.217 7.45948
933.863 7.4597
934.509 7.45992
935.155 7.46014
935.801 7.46036
936.447 7.46058
937.093 7.4608
937.739 7.46102
938.385 7.46124
939.032 7.46146
939.678 7.46167
940.324 7.46189
940.97 7.46211
941.616 7.46233
942.263 7.46255
942.909 7.46277
943.555 7.46298
944.201 7.4632
944.848 7.46342
945.494 7.46364
946.14 7.46385
946.787 7.46407
947.433 7.46429
948.08 7.4645
948.726 7.46472
949.373 7.46493
950.019 7.46515
950.666 7.46537
951.312 7.46558
951.959 7.4658
952.605 7.46601
953.252 7.46623
953.898 7.46644
954.545 7.46666
955.192 7.46687
955.839 7.46709
956.485 7.4673
957.132 7.46752
957.779 7.46773
958.425 7.46794
959.072 7.46816
959.719 7.46837
960.366 7.46858
961.013 7.4688
961.66 7.46901
962.307 7.46922
962.953 7.46944
963.6 7.46965
964.247 7.46986
964.894 7.47007
965.541 7.47028
966.188 7.4705
966.835 7.47071
967.483 7.47092
968.13 7.47113
968.777 7.47134
969.424 7.47155
970.071 7.47176
970.718 7.47198
971.365 7.47219
972.013 7.4724
972.66 7.47261
973.307 7.47282
973.954 7.47303
974.602 7.47324
975.249 7.47344
975.896 7.47365
976.544 7.47386
977.191 7.47407
977.839 7.47428
978.486 7.47449
979.133 7.4747
979.781 7.47491
980.428 7.47512
981.076 7.47532
981.723 7.47553
982.371 7.47574
983.018 7.47595
983.666 7.47615
984.314 7.47636
984.961 7.47657
985.609 7.47678
986.257 7.47698
986.904 7.47719
987.552 7.4774
988.2 7.4776
988.848 7.47781
989.495 7.47801
990.143 7.47822
990.791 7.47843
991.439 7.47863
992.087 7.47884
992.735 7.47904
993.383 7.47925
994.031 7.47945
994.678 7.47966
995.326 7.47986
995.974 7.48007
996.622 7.48027
997.27 7.48047
997.919 7.48068
998.567 7.48088
999.215 7.48109
999.863 7.48129
1000.51 7.48149
1001.16 7.4817
1001.81 7.4819
1002.46 7.4821
1003.1 7.48231
1003.75 7.48251
1004.4 7.48271
1005.05 7.48291
1005.7 7.48311
1006.35 7.48332
1006.99 7.48352
1007.64 7.48372
1008.29 7.48392
1008.94 7.48412
1009.59 7.48432
1010.24 7.48453
1010.88 7.48473
1011.53 7.48493
1012.18 7.48513
1012.83 7.48533
1013.48 7.48553
1014.13 7.48573
1014.77 7.48593
1015.42 7.48613
1016.07 7.48633
1016.72 7.48653
1017.37 7.48673
1018.02 7.48693
1018.67 7.48713
1019.32 7.48733
1019.96 7.48753
1020.61 7.48772
1021.26 7.48792
1021.91 7.48812
1022.56 7.48832
1023.21 7.48852
1023.86 7.48872
1024.51 7.48891
1025.15 7.48911
1025.8 7.48931
1026.45 7.48951
1027.1 7.4897
1027.75 7.4899
1028.4 7.4901
1029.05 7.4903
1029.7 7.49049
1030.35 7.49069
1031 7.49089
1031.64 7.49108
1032.29 7.49128
1032.94 7.49147
1033.59 7.49167
1034.24 7.49187
1034.89 7.49206
1035.54 7.49226
1036.19 7.49245
1036.84 7.49265
1037.49 7.49284
1038.14 7.49304
1038.79 7.49323
1039.44 7.49343
1040.08 7.49362
1040.73 7.49382
1041.38 7.49401
1042.03 7.4942
1042.68 7.4944
1043.33 7.49459
1043.98 7.49479
1044.63 7.49498
1045.28 7.49517
1045.93 7.49537
1046.58 7.49556
1047.23 7.49575
1047.88 7.49594
1048.53 7.49614
1049.18 7.49633
1049.83 7.49652
1050.48 7.49671
1051.13 7.49691
1051.78 7.4971
1052.43 7.49729
1053.08 7.49748
1053.73 7.49767
1054.38 7.49787
1055.03 7.49806
1055.67 7.49825
1056.32 7.49844
1056.97 7.49863
1057.62 7.49882
1058.27 7.49901
1058.92 7.4992
1059.57 7.49939
1060.22 7.49958
1060.87 7.49977
1061.52 7.49996
1062.17 7.50015
1062.82 7.50034
1063.47 7.50053
1064.12 7.50072
1064.77 7.50091
1065.42 7.5011
1066.07 7.50129
1066.72 7.50148
1067.37 7.50167
1068.02 7.50186
1068.67 7.50204
1069.33 7.50223
1069.98 7.50242
1070.63 7.50261
1071.28 7.5028
1071.93 7.50298
1072.58 7.50317
1073.23 7.50336
1073.88 7.50355
1074.53 7.50373
1075.18 7.50392
1075.83 7.50411
1076.48 7.5043
1077.13 7.50448
1077.78 7.50467
1078.43 7.50486
1079.08 7.50504
1079.73 7.50523
1080.38 7.50541
1081.03 7.5056
1081.68 7.50579
1082.33 7.50597
1082.98 7.50616
1083.63 7.50634
1084.29 7.50653
1084.94 7.50671
1085.59 7.5069
1086.24 7.50708
1086.89 7.50727
1087.54 7.50745
1088.19 7.50764
1088.84 7.50782
1089.49 7.50801
1090.14 7.50819
1090.79 7.50837
1091.44 7.50856
1092.09 7.50874
1092.74 7.50893
1093.4 7.50911
1094.05 7.50929
1094.7 7.50948
1095.35 7.50966
1096 7.50984
1096.65 7.51003
1097.3 7.51021
1097.95 7.51039
1098.6 7.51057
1099.25 7.51076
1099.91 7.51094
1100.56 7.51112
1101.21 7.5113
1101.86 7.51149
1102.51 7.51167
1103.16 7.51185
1103.81 7.51203
1104.46 7.51221
1105.12 7.51239
1105.77 7.51257
1106.42 7.51276
1107.07 7.51294
1107.72 7.51312
1108.37 7.5133
1109.02 7.51348
1109.67 7.51366
1110.33 7.51384
1110.98 7.51402
1111.63 7.5142
1112.28 7.51438
1112.93 7.51456
1113.58 7.51474
1114.23 7.51492
1114.89 7.5151
1115.54 7.51528
1116.19 7.51546
1116.84 7.51564
1117.49 7.51581
1118.14 7.51599
1118.79 7.51617
1119.45 7.51635
1120.1 7.51653
1120.75 7.51671
1121.4 7.51689
1122.05 7.51706
1122.7 7.51724
1123.36 7.51742
1124.01 7.5176
1124.66 7.51778
1125.31 7.51795
1125.96 7.51813
1126.62 7.51831
1127.27 7.51849
1127.92 7.51866
1128.57 7.51884
1129.22 7.51902
1129.87 7.51919
1130.53 7.51937
1131.18 7.51955
1131.83 7.51972
1132.48 7.5199
1133.13 7.52007
1133.79 7.52025
1134.44 7.52043
1135.09 7.5206
1135.74 7.52078
1136.39 7.52095
1137.05 7.52113
1137.7 7.5213
1138.35 7.52148
1139 7.52165
1139.66 7.52183
1140.31 7.522
1140.96 7.52218
1141.61 7.52235
1142.26 7.52253
1142.92 7.5227
1143.57 7.52288
1144.22 7.52305
1144.87 7.52322
1145.53 7.5234
1146.18 7.52357
1146.83 7.52375
1147.48 7.52392
1148.14 7.52409
1148.79 7.52427
1149.44 7.52444
1150.09 7.52461
1150.75 7.52479
1151.4 7.52496
1152.05 7.52513
1152.7 7.5253
1153.36 7.52548
1154.01 7.52565
1154.66 7.52582
1155.31 7.52599
1155.97 7.52617
1156.62 7.52634
1157.27 7.52651
1157.92 7.52668
1158.58 7.52685
1159.23 7.52703
1159.88 7.5272
1160.53 7.52737
1161.19 7.52754
1161.84 7.52771
1162.49 7.52788
1163.15 7.52805
1163.8 7.52822
1164.45 7.52839
1165.1 7.52856
1165.76 7.52874
1166.41 7.52891
1167.06 7.52908
1167.72 7.52925
1168.37 7.52942
1169.02 7.52959
1169.67 7.52976
1170.33 7.52993
1170.98 7.5301
1171.63 7.53026
1172.29 7.53043
1172.94 7.5306
1173.59 7.53077
1174.25 7.53094
1174.9 7.53111
1175.55 7.53128
1176.2 7.53145
1176.86 7.53162
1177.51 7.53178
1178.16 7.53195
1178.82 7.53212
1179.47 7.53229
1180.12 7.53246
1180.78 7.53263
1181.43 7.53279
1182.08 7.53296
1182.74 7.53313
1183.39 7.5333
1184.04 7.53346
1184.7 7.53363
1185.35 7.5338
1186 7.53397
1186.66 7.53413
1187.31 7.5343
1187.96 7.53447
1188.62 7.53463
1189.27 7.5348
1189.92 7.53497
1190.58 7.53513
1191.23 7.5353
1191.88 7.53546
1192.54 7.53563
1193.19 7.5358
1193.85 7.53596
1194.5 7.53613
1195.15 7.53629
1195.81 7.53646
1196.46 7.53662
1197.11 7.53679
1197.77 7.53695
1198.42 7.53712
1199.07 7.53728
1199.73 7.53745
1200.38 7.53761
1201.04 7.53778
1201.69 7.53794
1202.34 7.53811
1203 7.53827
1203.65 7.53844
1204.3 7.5386
1204.96 7.53876
1205.61 7.53893
1206.27 7.53909
1206.92 7.53926
1207.57 7.53942
1208.23 7.53958
1208.88 7.53975
1209.54 7.53991
1210.19 7.54007
1210.84 7.54024
1211.5 7.5404
1212.15 7.54056
1212.81 7.54073
1213.46 7.54089
1214.11 7.54105
1214.77 7.54121
1215.42 7.54138
1216.08 7.54154
1216.73 7.5417
1217.39 7.54186
1218.04 7.54202
1218.69 7.54219
1219.35 7.54235
1220 7.54251
1220.66 7.54267
1221.31 7.54283
1221.96 7.54299
1222.62 7.54316
1223.27 7.54332
1223.93 7.54348
1224.58 7.54364
1225.24 7.5438
1225.89 7.54396
1226.55 7.54412
1227.2 7.54428
1227.85 7.54444
1228.51 7.5446
1229.16 7.54476
1229.82 7.54492
1230.47 7.54508
1231.13 7.54524
1231.78 7.5454
1232.44 7.54556
1233.09 7.54572
1233.74 7.54588
1234.4 7.54604
1235.05 7.5462
1235.71 7.54636
1236.36 7.54652
1237.02 7.54668
1237.67 7.54684
1238.33 7.547
1238.98 7.54716
1239.64 7.54732
1240.29 7.54747
1240.95 7.54763
1241.6 7.54779
1242.26 7.54795
1242.91 7.54811
1243.57 7.54827
1244.22 7.54842
1244.87 7.54858
1245.53 7.54874
1246.18 7.5489
1246.84 7.54906
1247.49 7.54921
1248.15 7.54937
1248.8 7.54953
1249.46 7.54969
1250.11 7.54984
1250.77 7.55
1251.42 7.55016
1252.08 7.55031
1252.73 7.55047
1253.39 7.55063
1254.04 7.55079
1254.7 7.55094
1255.35 7.5511
1256.01 7.55125
1256.66 7.55141
1257.32 7.55157
1257.97 7.55172
1258.63 7.55188
1259.29 7.55203
1259.94 7.55219
1260.6 7.55235
1261.25 7.5525
1261.91 7.55266
1262.56 7.55281
1263.22 7.55297
1263.87 7.55312
1264.53 7.55328
1265.18 7.55343
1265.84 7.55359
1266.49 7.55374
1267.15 7.5539
1267.8 7.55405
1268.46 7.55421
1269.11 7.55436
1269.77 7.55452
1270.43 7.55467
1271.08 7.55483
1271.74 7.55498
1272.39 7.55513
1273.05 7.55529
1273.7 7.55544
1274.36 7.5556
1275.01 7.55575
1275.67 7.5559
1276.33 7.55606
1276.98 7.55621
1277.64 7.55636
1278.29 7.55652
1278.95 7.55667
1279.6 7.55682
1280.26 7.55698
1280.92 7.55713
1281.57 7.55728
1282.23 7.55743
1282.88 7.55759
1283.54 7.55774
1284.19 7.55789
1284.85 7.55804
1285.51 7.5582
1286.16 7.55835
1286.82 7.5585
1287.47 7.55865
1288.13 7.5588
1288.78 7.55896
1289.44 7.55911
1290.1 7.55926
1290.75 7.55941
1291.41 7.55956
1292.06 7.55971
1292.72 7.55986
1293.38 7.56002
1294.03 7.56017
1294.69 7.56032
1295.34 7.56047
1296 7.56062
1296.66 7.56077
1297.31 7.56092
1297.97 7.56107
1298.62 7.56122
1299.28 7.56137
1299.94 7.56152
1300.59 7.56167
1301.25 7.56182
1301.91 7.56197
1302.56 7.56212
1303.22 7.56227
1303.87 7.56242
1304.53 7.56257
1305.19 7.56272
1305.84 7.56287
1306.5 7.56302
1307.16 7.56317
1307.81 7.56332
1308.47 7.56347
1309.12 7.56362
1309.78 7.56377
1310.44 7.56392
1311.09 7.56406
1311.75 7.56421
1312.41 7.56436
1313.06 7.56451
1313.72 7.56466
1314.38 7.56481
1315.03 7.56496
1315.69 7.5651
1316.35 7.56525
1317 7.5654
1317.66 7.56555
1318.31 7.5657
1318.97 7.56584
1319.63 7.56599
1320.28 7.56614
1320.94 7.56629
1321.6 7.56643
1322.25 7.56658
1322.91 7.56673
1323.57 7.56688
1324.22 7.56702
1324.88 7.56717
1325.54 7.56732
1326.19 7.56746
1326.85 7.56761
1327.51 7.56776
1328.16 7.5679
1328.82 7.56805
1329.48 7.5682
1330.14 7.56834
1330.79 7.56849
1331.45 7.56864
1332.11 7.56878
1332.76 7.56893
1333.42 7.56907
1334.08 7.56922
1334.73 7.56937
1335.39 7.56951
1336.05 7.56966
1336.7 7.5698
1337.36 7.56995
1338.02 7.57009
1338.68 7.57024
1339.33 7.57038
1339.99 7.57053
1340.65 7.57067
1341.3 7.57082
1341.96 7.57096
1342.62 7.57111
1343.27 7.57125
1343.93 7.5714
1344.59 7.57154
1345.25 7.57169
1345.9 7.57183
1346.56 7.57197
1347.22 7.57212
1347.88 7.57226
1348.53 7.57241
1349.19 7.57255
1349.85 7.57269
1350.5 7.57284
1351.16 7.57298
1351.82 7.57313
1352.48 7.57327
1353.13 7.57341
1353.79 7.57356
1354.45 7.5737
1355.11 7.57384
1355.76 7.57399
1356.42 7.57413
1357.08 7.57427
1357.73 7.57442
1358.39 7.57456
1359.05 7.5747
1359.71 7.57484
1360.36 7.57499
1361.02 7.57513
1361.68 7.57527
1362.34 7.57541
1362.99 7.57556
1363.65 7.5757
1364.31 7.57584
1364.97 7.57598
1365.63 7.57612
1366.28 7.57627
1366.94 7.57641
1367.6 7.57655
1368.26 7.57669
1368.91 7.57683
1369.57 7.57697
1370.23 7.57712
1370.89 7.57726
1371.54 7.5774
1372.2 7.57754
1372.86 7.57768
1373.52 7.57782
1374.18 7.57796
1374.83 7.5781
1375.49 7.57824
1376.15 7.57838
1376.81 7.57853
1377.46 7.57867
1378.12 7.57881
1378.78 7.57895
1379.44 7.57909
1380.1 7.57923
1380.75 7.57937
1381.41 7.57951
1382.07 7.57965
1382.73 7.57979
1383.39 7.57993
1384.04 7.58007
1384.7 7.58021
1385.36 7.58035
1386.02 7.58049
1386.68 7.58063
1387.33 7.58077
1387.99 7.5809
1388.65 7.58104
1389.31 7.58118
1389.97 7.58132
1390.62 7.58146
1391.28 7.5816
1391.94 7.58174
1392.6 7.58188
1393.26 7.58202
1393.92 7.58216
1394.57 7.58229
1395.23 7.58243
1395.89 7.58257
1396.55 7.58271
1397.21 7.58285
1397.86 7.58299
1398.52 7.58312
1399.18 7.58326
1399.84 7.5834
1400.5 7.58354
1401.16 7.58368
1401.81 7.58381
1402.47 7.58395
1403.13 7.58409
1403.79 7.58423
1404.45 7.58436
1405.11 7.5845
1405.77 7.58464
1406.42 7.58478
1407.08 7.58491
1407.74 7.58505
1408.4 7.58519
1409.06 7.58532
1409.72 7.58546
1410.37 7.5856
1411.03 7.58573
1411.69 7.58587
1412.35 7.58601
1413.01 7.58614
1413.67 7.58628
1414.33 7.58642
1414.98 7.58655
1415.64 7.58669
1416.3 7.58682
1416.96 7.58696
1417.62 7.5871
1418.28 7.58723
1418.94 7.58737
1419.6 7.5875
1420.25 7.58764
1420.91 7.58778
1421.57 7.58791
1422.23 7.58805
1422.89 7.58818
1423.55 7.58832
1424.21 7.58845
1424.87 7.58859
1425.52 7.58872
1426.18 7.58886
1426.84 7.58899
1427.5 7.58913
1428.16 7.58926
1428.82 7.5894
1429.48 7.58953
1430.14 7.58967
1430.8 7.5898
1431.46 7.58994
1432.11 7.59007
1432.77 7.5902
1433.43 7.59034
1434.09 7.59047
1434.75 7.59061
1435.41 7.59074
1436.07 7.59087
1436.73 7.59101
1437.39 7.59114
1438.05 7.59128
1438.7 7.59141
1439.36 7.59154
1440.02 7.59168
1440.68 7.59181
1441.34 7.59194
1442 7.59208
1442.66 7.59221
1443.32 7.59234
1443.98 7.59248
1444.64 7.59261
1445.3 7.59274
1445.96 7.59288
1446.62 7.59301
1447.27 7.59314
1447.93 7.59327
1448.59 7.59341
1449.25 7.59354
1449.91 7.59367
1450.57 7.5938
1451.23 7.59394
1451.89 7.59407
1452.55 7.5942
1453.21 7.59433
1453.87 7.59446
1454.53 7.5946
1455.19 7.59473
1455.85 7.59486
1456.51 7.59499
1457.17 7.59512
1457.83 7.59526
1458.48 7.59539
1459.14 7.59552
1459.8 7.59565
1460.46 7.59578
1461.12 7.59591
1461.78 7.59604
1462.44 7.59618
1463.1 7.59631
1463.76 7.59644
1464.42 7.59657
1465.08 7.5967
1465.74 7.59683
1466.4 7.59696
1467.06 7.59709
1467.72 7.59722
1468.38 7.59735
1469.04 7.59748
1469.7 7.59761
1470.36 7.59774
1471.02 7.59788
1471.68 7.59801
1472.34 7.59814
1473 7.59827
1473.66 7.5984
1474.32 7.59853
1474.98 7.59866
1475.64 7.59879
1476.3 7.59892
1476.96 7.59904
1477.62 7.59917
1478.28 7.5993
1478.94 7.59943
1479.6 7.59956
1480.26 7.59969
1480.92 7.59982
1481.58 7.59995
1482.24 7.60008
1482.9 7.60021
1483.56 7.60034
1484.22 7.60047
1484.88 7.6006
1485.54 7.60072
1486.2 7.60085
1486.86 7.60098
1487.52 7.60111
1488.18 7.60124
1488.84 7.60137
1489.5 7.6015
1490.16 7.60162
1490.82 7.60175
1491.48 7.60188
1492.14 7.60201
1492.8 7.60214
1493.46 7.60227
1494.12 7.60239
1494.78 7.60252
1495.44 7.60265
1496.1 7.60278
1496.76 7.6029
1497.42 7.60303
1498.08 7.60316
1498.74 7.60329
1499.4 7.60342
1500.06 7.60354
1500.72 7.60367
1501.38 7.6038
1502.04 7.60392
1502.7 7.60405
1503.36 7.60418
1504.02 7.60431
1504.68 7.60443
1505.34 7.60456
1506 7.60469
1506.67 7.60481
1507.33 7.60494
1507.99 7.60507
1508.65 7.60519
1509.31 7.60532
1509.97 7.60545
1510.63 7.60557
1511.29 7.6057
1511.95 7.60582
1512.61 7.60595
1513.27 7.60608
1513.93 7.6062
1514.59 7.60633
1515.25 7.60645
1515.91 7.60658
1516.57 7.60671
1517.23 7.60683
1517.9 7.60696
1518.56 7.60708
1519.22 7.60721
1519.88 7.60733
1520.54 7.60746
1521.2 7.60758
1521.86 7.60771
1522.52 7.60784
1523.18 7.60796
1523.84 7.60809
1524.5 7.60821
1525.16 7.60834
1525.82 7.60846
1526.49 7.60859
1527.15 7.60871
1527.81 7.60884
1528.47 7.60896
1529.13 7.60908
1529.79 7.60921
1530.45 7.60933
1531.11 7.60946
1531.77 7.60958
1532.43 7.60971
1533.09 7.60983
1533.76 7.60995
1534.42 7.61008
1535.08 7.6102
1535.74 7.61033
1536.4 7.61045
1537.06 7.61057
1537.72 7.6107
1538.38 7.61082
1539.04 7.61095
1539.7 7.61107
1540.37 7.61119
1541.03 7.61132
1541.69 7.61144
1542.35 7.61156
1543.01 7.61169
1543.67 7.61181
1544.33 7.61193
1544.99 7.61206
1545.66 7.61218
1546.32 7.6123
1546.98 7.61242
1547.64 7.61255
1548.3 7.61267
1548.96 7.61279
1549.62 7.61292
1550.28 7.61304
1550.95 7.61316
1551.61 7.61328
1552.27 7.61341
1552.93 7.61353
1553.59 7.61365
1554.25 7.61377
1554.91 7.6139
1555.57 7.61402
1556.24 7.61414
1556.9 7.61426
1557.56 7.61438
1558.22 7.61451
1558.88 7.61463
1559.54 7.61475
1560.2 7.61487
1560.87 7.61499
1561.53 7.61511
1562.19 7.61524
1562.85 7.61536
1563.51 7.61548
1564.17 7.6156
1564.84 7.61572
1565.5 7.61584
1566.16 7.61596
1566.82 7.61609
1567.48 7.61621
1568.14 7.61633
1568.81 7.61645
1569.47 7.61657
1570.13 7.61669
1570.79 7.61681
1571.45 7.61693
1572.11 7.61705
1572.78 7.61717
1573.44 7.61729
1574.1 7.61741
1574.76 7.61753
1575.42 7.61765
1576.08 7.61777
1576.75 7.6179
1577.41 7.61802
1578.07 7.61814
1578.73 7.61826
1579.39 7.61838
1580.05 7.6185
1580.72 7.61862
1581.38 7.61874
1582.04 7.61885
1582.7 7.61897
1583.36 7.61909
1584.03 7.61921
1584.69 7.61933
1585.35 7.61945
1586.01 7.61957
1586.67 7.61969
1587.34 7.61981
1588 7.61993
1588.66 7.62005
1589.32 7.62017
1589.98 7.62029
1590.65 7.62041
1591.31 7.62053
1591.97 7.62065
1592.63 7.62076
1593.29 7.62088
1593.96 7.621
1594.62 7.62112
1595.28 7.62124
1595.94 7.62136
1596.6 7.62148
1597.27 7.62159
1597.93 7.62171
1598.59 7.62183
1599.25 7.62195
1599.92 7.62207
1600.58 7.62219
1601.24 7.6223
1601.9 7.62242
1602.56 7.62254
1603.23 7.62266
1603.89 7.62278
1604.55 7.62289
1605.21 7.62301
1605.88 7.62313
1606.54 7.62325
1607.2 7.62337
1607.86 7.62348
1608.53 7.6236
1609.19 7.62372
1609.85 7.62384
1610.51 7.62395
1611.17 7.62407
1611.84 7.62419
1612.5 7.6243
1613.16 7.62442
1613.82 7.62454
1614.49 7.62466
1615.15 7.62477
1615.81 7.62489
1616.47 7.62501
1617.14 7.62512
1617.8 7.62524
1618.46 7.62536
1619.12 7.62547
1619.79 7.62559
1620.45 7.62571
1621.11 7.62582
1621.77 7.62594
1622.44 7.62606
1623.1 7.62617
1623.76 7.62629
1624.42 7.6264
1625.09 7.62652
1625.75 7.62664
1626.41 7.62675
1627.08 7.62687
1627.74 7.62698
1628.4 7.6271
1629.06 7.62722
1629.73 7.62733
1630.39 7.62745
1631.05 7.62756
1631.71 7.62768
1632.38 7.62779
1633.04 7.62791
1633.7 7.62803
1634.37 7.62814
1635.03 7.62826
1635.69 7.62837
1636.35 7.62849
1637.02 7.6286
1637.68 7.62872
1638.34 7.62883
1639.01 7.62895
1639.67 7.62906
1640.33 7.62918
1640.99 7.62929
1641.66 7.62941
1642.32 7.62952
1642.98 7.62964
1643.65 7.62975
1644.31 7.62987
1644.97 7.62998
1645.64 7.63009
1646.3 7.63021
1646.96 7.63032
1647.62 7.63044
1648.29 7.63055
1648.95 7.63067
1649.61 7.63078
1650.28 7.63089
1650.94 7.63101
1651.6 7.63112
1652.27 7.63124
1652.93 7.63135
1653.59 7.63146
1654.26 7.63158
1654.92 7.63169
1655.58 7.63181
1656.24 7.63192
1656.91 7.63203
1657.57 7.63215
1658.23 7.63226
1658.9 7.63237
1659.56 7.63249
1660.22 7.6326
1660.89 7.63271
1661.55 7.63283
1662.21 7.63294
1662.88 7.63305
1663.54 7.63317
1664.2 7.63328
1664.87 7.63339
1665.53 7.6335
1666.19 7.63362
1666.86 7.63373
1667.52 7.63384
1668.18 7.63396
1668.85 7.63407
1669.51 7.63418
1670.17 7.63429
1670.84 7.63441
1671.5 7.63452
1672.16 7.63463
1672.83 7.63474
1673.49 7.63486
1674.15 7.63497
1674.82 7.63508
1675.48 7.63519
1676.15 7.6353
1676.81 7.63542
1677.47 7.63553
1678.14 7.63564
1678.8 7.63575
1679.46 7.63586
1680.13 7.63598
1680.79 7.63609
1681.45 7.6362
1682.12 7.63631
1682.78 7.63642
1683.44 7.63653
1684.11 7.63665
1684.77 7.63676
1685.44 7.63687
1686.1 7.63698
1686.76 7.63709
1687.43 7.6372
1688.09 7.63731
1688.75 7.63742
1689.42 7.63754
1690.08 7.63765
1690.75 7.63776
1691.41 7.63787
1692.07 7.63798
1692.74 7.63809
1693.4 7.6382
1694.06 7.63831
1694.73 7.63842
1695.39 7.63853
1696.06 7.63864
1696.72 7.63875
1697.38 7.63886
1698.05 7.63898
1698.71 7.63909
1699.38 7.6392
1700.04 7.63931
1700.7 7.63942
1701.37 7.63953
1702.03 7.63964
1702.7 7.63975
1703.36 7.63986
1704.02 7.63997
1704.69 7.64008
1705.35 7.64019
1706.02 7.6403
1706.68 7.64041
1707.34 7.64052
1708.01 7.64063
1708.67 7.64073
1709.34 7.64084
1710 7.64095
1710.66 7.64106
1711.33 7.64117
1711.99 7.64128
1712.66 7.64139
1713.32 7.6415
1713.98 7.64161
1714.65 7.64172
1715.31 7.64183
1715.98 7.64194
1716.64 7.64205
1717.31 7.64216
1717.97 7.64226
1718.63 7.64237
1719.3 7.64248
1719.96 7.64259
1720.63 7.6427
1721.29 7.64281
1721.95 7.64292
1722.62 7.64303
1723.28 7.64313
1723.95 7.64324
1724.61 7.64335
1725.28 7.64346
1725.94 7.64357
1726.61 7.64368
1727.27 7.64378
1727.93 7.64389
1728.6 7.644
1729.26 7.64411
1729.93 7.64422
1730.59 7.64433
1731.26 7.64443
1731.92 7.64454
1732.58 7.64465
1733.25 7.64476
1733.91 7.64486
1734.58 7.64497
1735.24 7.64508
1735.91 7.64519
1736.57 7.6453
1737.24 7.6454
1737.9 7.64551
1738.57 7.64562
1739.23 7.64572
1739.89 7.64583
1740.56 7.64594
1741.22 7.64605
1741.89 7.64615
1742.55 7.64626
1743.22 7.64637
1743.88 7.64648
1744.55 7.64658
1745.21 7.64669
1745.88 7.6468
1746.54 7.6469
1747.21 7.64701
1747.87 7.64712
1748.54 7.64722
1749.2 7.64733
1749.86 7.64744
1750.53 7.64754
1751.19 7.64765
1751.86 7.64776
1752.52 7.64786
1753.19 7.64797
1753.85 7.64808
1754.52 7.64818
1755.18 7.64829
1755.85 7.64839
1756.51 7.6485
1757.18 7.64861
1757.84 7.64871
1758.51 7.64882
1759.17 7.64893
1759.84 7.64903
1760.5 7.64914
1761.17 7.64924
1761.83 7.64935
1762.5 7.64945
1763.16 7.64956
1763.83 7.64967
1764.49 7.64977
1765.16 7.64988
1765.82 7.64998
1766.49 7.65009
1767.15 7.65019
1767.82 7.6503
1768.48 7.6504
1769.15 7.65051
1769.81 7.65062
1770.48 7.65072
1771.14 7.65083
1771.81 7.65093
1772.47 7.65104
1773.14 7.65114
1773.8 7.65125
1774.47 7.65135
1775.13 7.65146
1775.8 7.65156
1776.46 7.65167
1777.13 7.65177
1777.79 7.65188
1778.46 7.65198
1779.12 7.65208
1779.79 7.65219
1780.45 7.65229
1781.12 7.6524
1781.78 7.6525
1782.45 7.65261
1783.11 7.65271
1783.78 7.65282
1784.45 7.65292
1785.11 7.65302
1785.78 7.65313
1786.44 7.65323
1787.11 7.65334
1787.77 7.65344
1788.44 7.65354
1789.1 7.65365
1789.77 7.65375
1790.43 7.65386
1791.1 7.65396
1791.76 7.65406
1792.43 7.65417
1793.09 7.65427
1793.76 7.65438
1794.43 7.65448
1795.09 7.65458
1795.76 7.65469
1796.42 7.65479
1797.09 7.65489
1797.75 7.655
1798.42 7.6551
1799.08 7.6552
1799.75 7.65531
1800.42 7.65541
1801.08 7.65551
1801.75 7.65562
1802.41 7.65572
1803.08 7.65582
1803.74 7.65592
1804.41 7.65603
1805.07 7.65613
1805.74 7.65623
1806.41 7.65634
1807.07 7.65644
1807.74 7.65654
1808.4 7.65664
1809.07 7.65675
1809.73 7.65685
1810.4 7.65695
1811.06 7.65705
1811.73 7.65716
1812.4 7.65726
1813.06 7.65736
1813.73 7.65746
1814.39 7.65757
1815.06 7.65767
1815.73 7.65777
1816.39 7.65787
1817.06 7.65798
1817.72 7.65808
1818.39 7.65818
1819.05 7.65828
1819.72 7.65838
1820.39 7.65849
1821.05 7.65859
1821.72 7.65869
1822.38 7.65879
1823.05 7.65889
1823.72 7.65899
1824.38 7.6591
1825.05 7.6592
1825.71 7.6593
1826.38 7.6594
1827.04 7.6595
1827.71 7.6596
1828.38 7.65971
1829.04 7.65981
1829.71 7.65991
1830.37 7.66001
1831.04 7.66011
1831.71 7.66021
1832.37 7.66031
1833.04 7.66041
1833.7 7.66051
1834.37 7.66062
1835.04 7.66072
1835.7 7.66082
1836.37 7.66092
1837.03 7.66102
1837.7 7.66112
1838.37 7.66122
1839.03 7.66132
1839.7 7.66142
1840.37 7.66152
1841.03 7.66162
1841.7 7.66172
1842.36 7.66182
1843.03 7.66192
1843.7 7.66203
1844.36 7.66213
1845.03 7.66223
1845.7 7.66233
1846.36 7.66243
1847.03 7.66253
1847.69 7.66263
1848.36 7.66273
1849.03 7.66283
1849.69 7.66293
1850.36 7.66303
1851.03 7.66313
1851.69 7.66323
1852.36 7.66333
1853.02 7.66343
1853.69 7.66353
1854.36 7.66363
1855.02 7.66373
1855.69 7.66383
1856.36 7.66393
1857.02 7.66402
1857.69 7.66412
1858.36 7.66422
1859.02 7.66432
1859.69 7.66442
1860.35 7.66452
1861.02 7.66462
1861.69 7.66472
1862.35 7.66482
1863.02 7.66492
1863.69 7.66502
1864.35 7.66512
1865.02 7.66522
1865.69 7.66532
1866.35 7.66542
1867.02 7.66551
1867.69 7.66561
1868.35 7.66571
1869.02 7.66581
1869.69 7.66591
1870.35 7.66601
1871.02 7.66611
1871.69 7.66621
1872.35 7.6663
1873.02 7.6664
1873.69 7.6665
1874.35 7.6666
1875.02 7.6667
1875.69 7.6668
1876.35 7.6669
1877.02 7.66699
1877.69 7.66709
1878.35 7.66719
1879.02 7.66729
1879.69 7.66739
1880.35 7.66749
1881.02 7.66758
1881.69 7.66768
1882.35 7.66778
1883.02 7.66788
1883.69 7.66798
1884.35 7.66807
1885.02 7.66817
1885.69 7.66827
1886.35 7.66837
1887.02 7.66846
1887.69 7.66856
1888.35 7.66866
1889.02 7.66876
1889.69 7.66886
1890.35 7.66895
1891.02 7.66905
1891.69 7.66915
1892.36 7.66925
1893.02 7.66934
1893.69 7.66944
1894.36 7.66954
1895.02 7.66963
1895.69 7.66973
1896.36 7.66983
1897.02 7.66993
1897.69 7.67002
1898.36 7.67012
1899.03 7.67022
1899.69 7.67032
1900.36 7.67041
1901.03 7.67051
1901.69 7.67061
1902.36 7.6707
1903.03 7.6708
1903.69 7.6709
1904.36 7.67099
1905.03 7.67109
1905.7 7.67119
1906.36 7.67128
1907.03 7.67138
1907.7 7.67148
1908.36 7.67157
1909.03 7.67167
1909.7 7.67177
1910.37 7.67186
1911.03 7.67196
1911.7 7.67205
1912.37 7.67215
1913.03 7.67225
1913.7 7.67234
1914.37 7.67244
1915.04 7.67254
1915.7 7.67263
1916.37 7.67273
1917.04 7.67282
1917.71 7.67292
1918.37 7.67302
1919.04 7.67311
1919.71 7.67321
1920.37 7.6733
1921.04 7.6734
1921.71 7.6735
1922.38 7.67359
1923.04 7.67369
1923.71 7.67378
1924.38 7.67388
1925.05 7.67397
1925.71 7.67407
1926.38 7.67416
1927.05 7.67426
1927.72 7.67436
1928.38 7.67445
1929.05 7.67455
1929.72 7.67464
1930.39 7.67474
1931.05 7.67483
1931.72 7.67493
1932.39 7.67502
1933.06 7.67512
1933.72 7.67521
1934.39 7.67531
1935.06 7.6754
1935.73 7.6755
1936.39 7.67559
1937.06 7.67569
1937.73 7.67578
1938.4 7.67588
1939.06 7.67597
1939.73 7.67607
1940.4 7.67616
1941.07 7.67626
1941.73 7.67635
1942.4 7.67644
1943.07 7.67654
1943.74 7.67663
1944.4 7.67673
1945.07 7.67682
1945.74 7.67692
1946.41 7.67701
1947.08 7.67711
1947.74 7.6772
1948.41 7.67729
1949.08 7.67739
1949.75 7.67748
1950.41 7.67758
1951.08 7.67767
1951.75 7.67776
1952.42 7.67786
1953.08 7.67795
1953.75 7.67805
1954.42 7.67814
1955.09 7.67823
1955.76 7.67833
1956.42 7.67842
1957.09 7.67852
1957.76 7.67861
1958.43 7.6787
1959.1 7.6788
1959.76 7.67889
1960.43 7.67898
1961.1 7.67908
1961.77 7.67917
1962.43 7.67926
1963.1 7.67936
1963.77 7.67945
1964.44 7.67954
1965.11 7.67964
1965.77 7.67973
1966.44 7.67982
1967.11 7.67992
1967.78 7.68001
1968.45 7.6801
1969.11 7.6802
1969.78 7.68029
1970.45 7.68038
1971.12 7.68048
1971.79 7.68057
1972.45 7.68066
1973.12 7.68075
1973.79 7.68085
1974.46 7.68094
1975.13 7.68103
1975.8 7.68113
1976.46 7.68122
1977.13 7.68131
1977.8 7.6814
1978.47 7.6815
1979.14 7.68159
1979.8 7.68168
1980.47 7.68177
1981.14 7.68187
1981.81 7.68196
1982.48 7.68205
1983.14 7.68214
1983.81 7.68224
1984.48 7.68233
1985.15 7.68242
1985.82 7.68251
1986.49 7.6826
1987.15 7.6827
1987.82 7.68279
1988.49 7.68288
1989.16 7.68297
1989.83 7.68306
1990.5 7.68316
1991.16 7.68325
1991.83 7.68334
1992.5 7.68343
1993.17 7.68353
1993.84 7.68362
1994.51 7.68371
1995.17 7.6838
1995.84 7.68389
1996.51 7.68398
1997.18 7.68407
1997.85 7.68417
1998.52 7.68426
1999.18 7.68435
1999.85 7.68444
2000.52 7.68453
2001.19 7.68462
2001.86 7.68472
2002.53 7.68481
2003.2 7.6849
2003.86 7.68499
2004.53 7.68508
2005.2 7.68517
2005.87 7.68526
2006.54 7.68535
2007.21 7.68544
2007.87 7.68553
2008.54 7.68563
2009.21 7.68572
2009.88 7.68581
2010.55 7.6859
2011.22 7.68599
2011.89 7.68608
2012.55 7.68617
2013.22 7.68626
2013.89 7.68635
2014.56 7.68644
2015.23 7.68653
2015.9 7.68662
2016.57 7.68672
2017.24 7.68681
2017.9 7.6869
2018.57 7.68699
2019.24 7.68708
2019.91 7.68717
2020.58 7.68726
2021.25 7.68735
2021.92 7.68744
2022.59 7.68753
2023.25 7.68762
2023.92 7.68771
2024.59 7.6878
2025.26 7.68789
2025.93 7.68798
2026.6 7.68807
2027.27 7.68816
2027.94 7.68825
2028.6 7.68834
2029.27 7.68843
2029.94 7.68852
2030.61 7.68861
2031.28 7.6887
2031.95 7.68879
2032.62 7.68888
2033.29 7.68897
2033.96 7.68906
2034.62 7.68915
2035.29 7.68924
2035.96 7.68933
2036.63 7.68942
2037.3 7.68951
2037.97 7.6896
2038.64 7.68969
2039.31 7.68978
2039.98 7.68986
2040.64 7.68995
2041.31 7.69004
2041.98 7.69013
2042.65 7.69022
2043.32 7.69031
2043.99 7.6904
2044.66 7.69049
2045.33 7.69058
2046 7.69067
2046.67 7.69076
2047.33 7.69085
2048 7.69093
2048.67 7.69102
2049.34 7.69111
2050.01 7.6912
2050.68 7.69129
2051.35 7.69138
2052.02 7.69147
2052.69 7.69156
2053.36 7.69164
2054.03 7.69173
2054.7 7.69182
2055.37 7.69191
2056.03 7.692
2056.7 7.69209
2057.37 7.69218
2058.04 7.69227
2058.71 7.69235
2059.38 7.69244
2060.05 7.69253
2060.72 7.69262
2061.39 7.69271
2062.06 7.69279
2062.73 7.69288
2063.4 7.69297
2064.06 7.69306
2064.73 7.69315
2065.4 7.69324
2066.07 7.69332
2066.74 7.69341
2067.41 7.6935
2068.08 7.69359
2068.75 7.69368
2069.42 7.69376
2070.09 7.69385
2070.76 7.69394
2071.43 7.69403
2072.1 7.69412
2072.77 7.6942
2073.44 7.69429
2074.11 7.69438
2074.78 7.69447
2075.44 7.69455
2076.11 7.69464
2076.78 7.69473
2077.45 7.69482
2078.12 7.6949
2078.79 7.69499
2079.46 7.69508
2080.13 7.69517
2080.8 7.69525
2081.47 7.69534
2082.14 7.69543
2082.81 7.69552
2083.48 7.6956
2084.15 7.69569
2084.82 7.69578
2085.49 7.69586
2086.16 7.69595
2086.83 7.69604
2087.5 7.69613
2088.17 7.69621
2088.84 7.6963
2089.51 7.69639
2090.17 7.69647
2090.84 7.69656
2091.51 7.69665
2092.18 7.69673
2092.85 7.69682
2093.52 7.69691
2094.19 7.69699
2094.86 7.69708
2095.53 7.69717
2096.2 7.69725
2096.87 7.69734
2097.54 7.69743
2098.21 7.69751
2098.88 7.6976
2099.55 7.69769
2100.22 7.69777
2100.89 7.69786
2101.56 7.69795
2102.23 7.69803
2102.9 7.69812
2103.57 7.6982
2104.24 7.69829
2104.91 7.69838
2105.58 7.69846
2106.25 7.69855
2106.92 7.69864
2107.59 7.69872
2108.26 7.69881
2108.93 7.69889
2109.6 7.69898
2110.27 7.69907
2110.94 7.69915
2111.61 7.69924
2112.28 7.69932
2112.95 7.69941
2113.62 7.6995
2114.29 7.69958
2114.96 7.69967
2115.63 7.69975
2116.3 7.69984
2116.97 7.69992
2117.64 7.70001
2118.31 7.7001
2118.98 7.70018
2119.65 7.70027
2120.32 7.70035
2120.99 7.70044
2121.66 7.70052
2122.33 7.70061
2123 7.70069
2123.67 7.70078
2124.34 7.70086
2125.01 7.70095
2125.68 7.70104
2126.35 7.70112
2127.02 7.70121
2127.69 7.70129
2128.36 7.70138
2129.03 7.70146
2129.7 7.70155
2130.37 7.70163
2131.04 7.70172
2131.71 7.7018
2132.38 7.70189
2133.05 7.70197
2133.72 7.70206
2134.39 7.70214
2135.06 7.70223
2135.73 7.70231
2136.4 7.70239
2137.07 7.70248
2137.74 7.70256
2138.41 7.70265
2139.08 7.70273
2139.75 7.70282
2140.42 7.7029
2141.09 7.70299
2141.76 7.70307
2142.43 7.70316
2143.1 7.70324
2143.77 7.70332
2144.44 7.70341
2145.11 7.70349
2145.78 7.70358
2146.46 7.70366
2147.13 7.70375
2147.8 7.70383
2148.47 7.70392
2149.14 7.704
2149.81 7.70408
2150.48 7.70417
2151.15 7.70425
2151.82 7.70434
2152.49 7.70442
2153.16 7.7045
2153.83 7.70459
2154.5 7.70467
2155.17 7.70476
2155.84 7.70484
2156.51 7.70492
2157.18 7.70501
2157.85 7.70509
2158.52 7.70517
2159.19 7.70526
2159.86 7.70534
2160.53 7.70543
2161.2 7.70551
2161.88 7.70559
2162.55 7.70568
2163.22 7.70576
2163.89 7.70584
2164.56 7.70593
2165.23 7.70601
2165.9 7.70609
2166.57 7.70618
2167.24 7.70626
2167.91 7.70634
2168.58 7.70643
2169.25 7.70651
2169.92 7.70659
2170.59 7.70668
2171.26 7.70676
2171.94 7.70684
2172.61 7.70693
2173.28 7.70701
2173.95 7.70709
2174.62 7.70718
2175.29 7.70726
2175.96 7.70734
2176.63 7.70742
2177.3 7.70751
2177.97 7.70759
2178.64 7.70767
2179.31 7.70776
2179.98 7.70784
2180.65 7.70792
2181.32 7.70801
2182 7.70809
2182.67 7.70817
2183.34 7.70825
2184.01 7.70834
2184.68 7.70842
2185.35 7.7085
2186.02 7.70858
2186.69 7.70867
2187.36 7.70875
2188.03 7.70883
2188.7 7.70891
2189.38 7.709
2190.05 7.70908
2190.72 7.70916
2191.39 7.70924
2192.06 7.70933
2192.73 7.70941
2193.4 7.70949
2194.07 7.70957
2194.74 7.70965
2195.41 7.70974
2196.08 7.70982
2196.76 7.7099
2197.43 7.70998
2198.1 7.71006
2198.77 7.71015
2199.44 7.71023
2200.11 7.71031
2200.78 7.71039
2201.45 7.71047
2202.12 7.71056
2202.79 7.71064
2203.47 7.71072
2204.14 7.7108
2204.81 7.71088
2205.48 7.71096
2206.15 7.71105
2206.82 7.71113
2207.49 7.71121
2208.16 7.71129
2208.83 7.71137
2209.51 7.71145
2210.18 7.71154
2210.85 7.71162
2211.52 7.7117
2212.19 7.71178
2212.86 7.71186
2213.53 7.71194
2214.2 7.71202
2214.88 7.71211
2215.55 7.71219
2216.22 7.71227
2216.89 7.71235
2217.56 7.71243
2218.23 7.71251
2218.9 7.71259
2219.57 7.71267
2220.24 7.71275
2220.92 7.71284
2221.59 7.71292
2222.26 7.713
2222.93 7.71308
2223.6 7.71316
2224.27 7.71324
2224.94 7.71332
2225.62 7.7134
2226.29 7.71348
2226.96 7.71356
2227.63 7.71365
2228.3 7.71373
2228.97 7.71381
2229.64 7.71389
2230.32 7.71397
2230.99 7.71405
2231.66 7.71413
2232.33 7.71421
2233 7.71429
2233.67 7.71437
2234.34 7.71445
2235.02 7.71453
2235.69 7.71461
2236.36 7.71469
2237.03 7.71477
2237.7 7.71485
2238.37 7.71493
2239.04 7.71501
2239.71 7.71509
2240.39 7.71517
2241.06 7.71525
2241.73 7.71533
2242.4 7.71542
2243.07 7.7155
2243.74 7.71558
2244.42 7.71566
2245.09 7.71574
2245.76 7.71582
2246.43 7.7159
2247.1 7.71598
2247.77 7.71606
2248.45 7.71614
2249.12 7.71622
2249.79 7.7163
2250.46 7.71638
2251.13 7.71645
2251.8 7.71653
2252.48 7.71661
2253.15 7.71669
2253.82 7.71677
2254.49 7.71685
2255.16 7.71693
2255.83 7.71701
2256.51 7.71709
2257.18 7.71717
2257.85 7.71725
2258.52 7.71733
2259.19 7.71741
2259.86 7.71749
2260.54 7.71757
2261.21 7.71765
2261.88 7.71773
2262.55 7.71781
2263.22 7.71789
2263.89 7.71797
2264.57 7.71805
2265.24 7.71812
2265.91 7.7182
2266.58 7.71828
2267.25 7.71836
2267.93 7.71844
2268.6 7.71852
2269.27 7.7186
2269.94 7.71868
2270.61 7.71876
2271.29 7.71884
2271.96 7.71892
2272.63 7.719
2273.3 7.71907
2273.97 7.71915
2274.64 7.71923
2275.32 7.71931
2275.99 7.71939
2276.66 7.71947
2277.33 7.71955
2278 7.71962
2278.68 7.7197
2279.35 7.71978
2280.02 7.71986
2280.69 7.71994
2281.36 7.72002
2282.04 7.7201
2282.71 7.72018
2283.38 7.72025
2284.05 7.72033
2284.72 7.72041
2285.4 7.72049
2286.07 7.72057
2286.74 7.72065
2287.41 7.72072
2288.08 7.7208
2288.76 7.72088
2289.43 7.72096
2290.1 7.72104
2290.77 7.72112
2291.45 7.72119
2292.12 7.72127
2292.79 7.72135
2293.46 7.72143
2294.13 7.72151
2294.81 7.72158
2295.48 7.72166
2296.15 7.72174
2296.82 7.72182
2297.49 7.7219
2298.17 7.72197
2298.84 7.72205
2299.51 7.72213
2300.18 7.72221
2300.85 7.72229
2301.53 7.72236
2302.2 7.72244
2302.87 7.72252
2303.54 7.7226
2304.22 7.72267
2304.89 7.72275
2305.56 7.72283
2306.23 7.72291
2306.91 7.72298
2307.58 7.72306
2308.25 7.72314
2308.92 7.72322
2309.6 7.7233
2310.27 7.72337
2310.94 7.72345
2311.61 7.72353
2312.28 7.7236
2312.96 7.72368
2313.63 7.72376
2314.3 7.72384
2314.97 7.72391
2315.65 7.72399
2316.32 7.72407
2316.99 7.72415
2317.66 7.72422
2318.34 7.7243
2319.01 7.72438
2319.68 7.72445
2320.35 7.72453
2321.03 7.72461
2321.7 7.72469
2322.37 7.72476
2323.04 7.72484
2323.71 7.72492
2324.39 7.72499
2325.06 7.72507
2325.73 7.72515
2326.41 7.72522
2327.08 7.7253
2327.75 7.72538
2328.42 7.72545
2329.1 7.72553
2329.77 7.72561
2330.44 7.72568
2331.11 7.72576
2331.79 7.72584
2332.46 7.72591
2333.13 7.72599
2333.8 7.72607
2334.48 7.72614
2335.15 7.72622
2335.82 7.7263
2336.49 7.72637
2337.17 7.72645
2337.84 7.72653
2338.51 7.7266
2339.18 7.72668
2339.86 7.72676
2340.53 7.72683
2341.2 7.72691
2341.88 7.72698
2342.55 7.72706
2343.22 7.72714
2343.89 7.72721
2344.57 7.72729
2345.24 7.72737
2345.91 7.72744
2346.58 7.72752
2347.26 7.72759
2347.93 7.72767
2348.6 7.72775
2349.28 7.72782
2349.95 7.7279
2350.62 7.72797
2351.29 7.72805
2351.97 7.72813
2352.64 7.7282
2353.31 7.72828
2353.99 7.72835
2354.66 7.72843
2355.33 7.7285
2356 7.72858
2356.68 7.72866
2357.35 7.72873
2358.02 7.72881
2358.7 7.72888
2359.37 7.72896
2360.04 7.72903
2360.71 7.72911
2361.39 7.72919
2362.06 7.72926
2362.73 7.72934
2363.41 7.72941
2364.08 7.72949
2364.75 7.72956
2365.42 7.72964
2366.1 7.72971
2366.77 7.72979
2367.44 7.72986
2368.12 7.72994
2368.79 7.73001
2369.46 7.73009
2370.14 7.73017
2370.81 7.73024
2371.48 7.73032
2372.15 7.73039
2372.83 7.73047
2373.5 7.73054
2374.17 7.73062
2374.85 7.73069
2375.52 7.73077
2376.19 7.73084
2376.87 7.73092
2377.54 7.73099
2378.21 7.73107
2378.89 7.73114
2379.56 7.73122
2380.23 7.73129
2380.9 7.73136
2381.58 7.73144
2382.25 7.73151
2382.92 7.73159
2383.6 7.73166
2384.27 7.73174
2384.94 7.73181
2385.62 7.73189
2386.29 7.73196
2386.96 7.73204
2387.64 7.73211
2388.31 7.73219
2388.98 7.73226
2389.66 7.73234
2390.33 7.73241
2391 7.73248
2391.68 7.73256
2392.35 7.73263
2393.02 7.73271
2393.7 7.73278
2394.37 7.73286
2395.04 7.73293
2395.72 7.73301
2396.39 7.73308
2397.06 7.73315
2397.74 7.73323
2398.41 7.7333
2399.08 7.73338
2399.76 7.73345
2400.43 7.73353
2401.1 7.7336
2401.78 7.73367
2402.45 7.73375
2403.12 7.73382
2403.8 7.73389
2404.47 7.73397
2405.14 7.73404
2405.82 7.73412
2406.49 7.73419
2407.16 7.73426
2407.84 7.73434
2408.51 7.73441
2409.18 7.73449
2409.86 7.73456
2410.53 7.73463
2411.2 7.73471
2411.88 7.73478
2412.55 7.73486
2413.22 7.73493
2413.9 7.735
2414.57 7.73508
2415.24 7.73515
2415.92 7.73522
2416.59 7.7353
2417.26 7.73537
2417.94 7.73544
2418.61 7.73552
2419.29 7.73559
2419.96 7.73566
2420.63 7.73574
2421.31 7.73581
2421.98 7.73588
2422.65 7.73596
2423.33 7.73603
2424 7.7361
2424.67 7.73618
2425.35 7.73625
2426.02 7.73632
2426.69 7.7364
2427.37 7.73647
2428.04 7.73654
2428.72 7.73662
2429.39 7.73669
2430.06 7.73676
2430.74 7.73684
2431.41 7.73691
2432.08 7.73698
2432.76 7.73705
2433.43 7.73713
2434.1 7.7372
2434.78 7.73727
2435.45 7.73735
2436.13 7.73742
2436.8 7.73749
2437.47 7.73757
2438.15 7.73764
2438.82 7.73771
2439.5 7.73778
2440.17 7.73786
2440.84 7.73793
2441.52 7.738
2442.19 7.73807
2442.86 7.73815
2443.54 7.73822
2444.21 7.73829
2444.89 7.73836
2445.56 7.73844
2446.23 7.73851
2446.91 7.73858
2447.58 7.73865
2448.25 7.73873
2448.93 7.7388
2449.6 7.73887
2450.28 7.73894
2450.95 7.73902
2451.62 7.73909
2452.3 7.73916
2452.97 7.73923
2453.65 7.73931
2454.32 7.73938
2454.99 7.73945
2455.67 7.73952
2456.34 7.7396
2457.02 7.73967
2457.69 7.73974
2458.36 7.73981
2459.04 7.73988
2459.71 7.73996
2460.39 7.74003
2461.06 7.7401
2461.73 7.74017
2462.41 7.74024
2463.08 7.74032
2463.76 7.74039
2464.43 7.74046
2465.1 7.74053
2465.78 7.7406
2466.45 7.74068
2467.13 7.74075
2467.8 7.74082
2468.47 7.74089
2469.15 7.74096
2469.82 7.74103
2470.5 7.74111
2471.17 7.74118
2471.84 7.74125
2472.52 7.74132
2473.19 7.74139
2473.87 7.74146
2474.54 7.74154
2475.22 7.74161
2475.89 7.74168
2476.56 7.74175
2477.24 7.74182
2477.91 7.74189
2478.59 7.74196
2479.26 7.74204
2479.93 7.74211
2480.61 7.74218
2481.28 7.74225
2481.96 7.74232
2482.63 7.74239
2483.31 7.74247
2483.98 7.74254
2484.65 7.74261
2485.33 7.74268
2486 7.74275
2486.68 7.74282
2487.35 7.74289
2488.03 7.74296
2488.7 7.74303
2489.37 7.7431
2490.05 7.74318
2490.72 7.74325
2491.4 7.74332
2492.07 7.74339
2492.75 7.74346
2493.42 7.74353
2494.09 7.7436
2494.77 7.74367
2495.44 7.74374
2496.12 7.74381
2496.79 7.74389
2497.47 7.74396
2498.14 7.74403
2498.81 7.7441
2499.49 7.74417
2500.16 7.74424
2500.84 7.74431
2501.51 7.74438
2502.19 7.74445
2502.86 7.74452
2503.54 7.74459
2504.21 7.74466
2504.88 7.74473
2505.56 7.7448
2506.23 7.74487
2506.91 7.74495
2507.58 7.74502
2508.26 7.74509
2508.93 7.74516
2509.61 7.74523
2510.28 7.7453
2510.96 7.74537
2511.63 7.74544
2512.3 7.74551
2512.98 7.74558
2513.65 7.74565
2514.33 7.74572
2515 7.74579
2515.68 7.74586
2516.35 7.74593
2517.03 7.746
2517.7 7.74607
2518.38 7.74614
2519.05 7.74621
2519.73 7.74628
2520.4 7.74635
2521.07 7.74642
2521.75 7.74649
2522.42 7.74656
2523.1 7.74663
2523.77 7.7467
2524.45 7.74677
2525.12 7.74684
2525.8 7.74691
2526.47 7.74698
2527.15 7.74705
2527.82 7.74712
2528.5 7.74719
2529.17 7.74726
2529.85 7.74733
2530.52 7.7474
2531.19 7.74747
2531.87 7.74754
2532.54 7.74761
2533.22 7.74768
2533.89 7.74775
2534.57 7.74782
2535.24 7.74789
2535.92 7.74796
2536.59 7.74803
2537.27 7.7481
2537.94 7.74817
2538.62 7.74824
2539.29 7.7483
2539.97 7.74837
2540.64 7.74844
2541.32 7.74851
2541.99 7.74858
2542.67 7.74865
2543.34 7.74872
2544.02 7.74879
2544.69 7.74886
2545.37 7.74893
2546.04 7.749
2546.72 7.74907
2547.39 7.74914
2548.06 7.74921
2548.74 7.74927
2549.41 7.74934
2550.09 7.74941
2550.76 7.74948
2551.44 7.74955
2552.11 7.74962
2552.79 7.74969
2553.47 7.74976
2554.14 7.74983
2554.82 7.7499
2555.49 7.74997
2556.17 7.75004
2556.84 7.7501
2557.52 7.75017
2558.19 7.75024
2558.87 7.75031
2559.54 7.75038
2560.22 7.75045
2560.89 7.75052
2561.57 7.75059
2562.24 7.75065
2562.92 7.75072
2563.59 7.75079
2564.27 7.75086
2564.94 7.75093
2565.62 7.751
2566.29 7.75107
2566.97 7.75113
2567.64 7.7512
2568.32 7.75127
2568.99 7.75134
2569.67 7.75141
2570.34 7.75148
2571.02 7.75155
2571.69 7.75162
2572.37 7.75168
2573.04 7.75175
2573.72 7.75182
2574.39 7.75189
2575.07 7.75196
2575.74 7.75203
2576.42 7.75209
2577.09 7.75216
2577.77 7.75223
2578.44 7.7523
2579.12 7.75237
2579.79 7.75243
2580.47 7.7525
2581.15 7.75257
2581.82 7.75264
2582.5 7.75271
2583.17 7.75278
2583.85 7.75284
2584.52 7.75291
2585.2 7.75298
2585.87 7.75305
2586.55 7.75312
2587.22 7.75318
2587.9 7.75325
2588.57 7.75332
2589.25 7.75339
2589.92 7.75346
2590.6 7.75352
2591.27 7.75359
2591.95 7.75366
2592.63 7.75373
2593.3 7.7538
2593.98 7.75386
2594.65 7.75393
2595.33 7.754
2596 7.75407
2596.68 7.75413
2597.35 7.7542
2598.03 7.75427
2598.7 7.75434
2599.38 7.7544
2600.05 7.75447
2600.73 7.75454
2601.41 7.75461
2602.08 7.75468
2602.76 7.75474
2603.43 7.75481
2604.11 7.75488
2604.78 7.75495
2605.46 7.75501
2606.13 7.75508
2606.81 7.75515
2607.49 7.75522
2608.16 7.75528
2608.84 7.75535
2609.51 7.75542
2610.19 7.75548
2610.86 7.75555
2611.54 7.75562
2612.21 7.75569
2612.89 7.75575
2613.56 7.75582
2614.24 7.75589
2614.92 7.75595
2615.59 7.75602
2616.27 7.75609
2616.94 7.75616
2617.62 7.75622
2618.29 7.75629
2618.97 7.75636
2619.64 7.75643
2620.32 7.75649
2621 7.75656
2621.67 7.75663
2622.35 7.75669
2623.02 7.75676
2623.7 7.75683
2624.37 7.75689
2625.05 7.75696
2625.73 7.75703
2626.4 7.75709
2627.08 7.75716
2627.75 7.75723
2628.43 7.75729
2629.1 7.75736
2629.78 7.75743
2630.46 7.75749
2631.13 7.75756
2631.81 7.75763
2632.48 7.75769
2633.16 7.75776
2633.84 7.75783
2634.51 7.75789
2635.19 7.75796
2635.86 7.75803
2636.54 7.7581
2637.21 7.75816
2637.89 7.75823
2638.57 7.75829
2639.24 7.75836
2639.92 7.75843
2640.59 7.75849
2641.27 7.75856
2641.94 7.75863
2642.62 7.75869
2643.3 7.75876
2643.97 7.75882
2644.65 7.75889
2645.32 7.75896
2646 7.75902
2646.68 7.75909
2647.35 7.75916
2648.03 7.75922
2648.7 7.75929
2649.38 7.75936
2650.06 7.75942
2650.73 7.75949
2651.41 7.75955
2652.08 7.75962
2652.76 7.75969
2653.44 7.75975
2654.11 7.75982
2654.79 7.75988
2655.46 7.75995
2656.14 7.76002
2656.82 7.76008
2657.49 7.76015
2658.17 7.76021
2658.84 7.76028
2659.52 7.76034
2660.2 7.76041
2660.87 7.76048
2661.55 7.76054
2662.22 7.76061
2662.9 7.76067
2663.58 7.76074
2664.25 7.76081
2664.93 7.76087
2665.6 7.76094
2666.28 7.761
2666.96 7.76107
2667.63 7.76113
2668.31 7.7612
2668.98 7.76127
2669.66 7.76133
2670.34 7.7614
2671.01 7.76146
2671.69 7.76153
2672.36 7.76159
2673.04 7.76166
2673.72 7.76172
2674.39 7.76179
2675.07 7.76186
2675.75 7.76192
2676.42 7.76199
2677.1 7.76205
2677.77 7.76212
2678.45 7.76218
2679.13 7.76225
2679.8 7.76231
2680.48 7.76238
2681.16 7.76244
2681.83 7.76251
2682.51 7.76257
2683.18 7.76264
2683.86 7.7627
2684.54 7.76277
2685.21 7.76284
2685.89 7.7629
2686.57 7.76297
2687.24 7.76303
2687.92 7.7631
2688.59 7.76316
2689.27 7.76323
2689.95 7.76329
2690.62 7.76336
2691.3 7.76342
2691.98 7.76348
2692.65 7.76355
2693.33 7.76361
2694.01 7.76368
2694.68 7.76374
2695.36 7.76381
2696.03 7.76387
2696.71 7.76394
2697.39 7.764
2698.06 7.76407
2698.74 7.76413
2699.42 7.7642
2700.09 7.76426
2700.77 7.76433
2701.45 7.76439
2702.12 7.76446
2702.8 7.76452
2703.48 7.76459
2704.15 7.76465
2704.83 7.76472
2705.5 7.76478
2706.18 7.76485
2706.86 7.76491
2707.53 7.76497
2708.21 7.76504
2708.89 7.7651
2709.56 7.76517
2710.24 7.76523
2710.92 7.7653
2711.59 7.76536
2712.27 7.76543
2712.95 7.76549
2713.62 7.76555
2714.3 7.76562
2714.98 7.76568
2715.65 7.76575
2716.33 7.76581
2717.01 7.76588
2717.68 7.76594
2718.36 7.766
2719.04 7.76607
2719.71 7.76613
2720.39 7.7662
2721.06 7.76626
2721.74 7.76633
2722.42 7.76639
2723.09 7.76645
2723.77 7.76652
2724.45 7.76658
2725.12 7.76665
2725.8 7.76671
2726.48 7.76677
2727.16 7.76684
2727.83 7.7669
2728.51 7.76697
2729.19 7.76703
2729.86 7.76709
2730.54 7.76716
2731.22 7.76722
2731.89 7.76729
2732.57 7.76735
2733.25 7.76741
2733.92 7.76748
2734.6 7.76754
2735.28 7.7676
2735.95 7.76767
2736.63 7.76773
2737.31 7.7678
2737.98 7.76786
2738.66 7.76792
2739.34 7.76799
2740.01 7.76805
2740.69 7.76812
2741.37 7.76818
2742.04 7.76824
2742.72 7.76831
2743.4 7.76837
2744.07 7.76843
2744.75 7.7685
2745.43 7.76856
2746.1 7.76862
2746.78 7.76869
2747.46 7.76875
2748.13 7.76881
2748.81 7.76888
2749.49 7.76894
2750.17 7.769
2750.84 7.76907
2751.52 7.76913
2752.2 7.76919
2752.87 7.76926
2753.55 7.76932
2754.23 7.76938
2754.9 7.76945
2755.58 7.76951
2756.26 7.76957
2756.94 7.76964
2757.61 7.7697
2758.29 7.76976
2758.97 7.76983
2759.64 7.76989
2760.32 7.76995
2761 7.77002
2761.67 7.77008
2762.35 7.77014
2763.03 7.77021
2763.71 7.77027
2764.38 7.77033
2765.06 7.77039
2765.74 7.77046
2766.41 7.77052
2767.09 7.77058
2767.77 7.77065
2768.44 7.77071
2769.12 7.77077
2769.8 7.77083
2770.48 7.7709
2771.15 7.77096
2771.83 7.77102
2772.51 7.77109
2773.18 7.77115
2773.86 7.77121
2774.54 7.77128
2775.21 7.77134
2775.89 7.7714
2776.57 7.77146
2777.25 7.77153
2777.92 7.77159
2778.6 7.77165
2779.28 7.77171
2779.96 7.77178
2780.63 7.77184
2781.31 7.7719
2781.99 7.77196
2782.66 7.77203
2783.34 7.77209
2784.02 7.77215
2784.7 7.77221
2785.37 7.77228
2786.05 7.77234
2786.73 7.7724
2787.41 7.77246
2788.08 7.77253
2788.76 7.77259
2789.44 7.77265
2790.11 7.77271
2790.79 7.77278
2791.47 7.77284
2792.15 7.7729
2792.82 7.77296
2793.5 7.77303
2794.18 7.77309
2794.85 7.77315
2795.53 7.77321
2796.21 7.77327
2796.89 7.77334
2797.56 7.7734
2798.24 7.77346
2798.92 7.77352
2799.6 7.77358
2800.27 7.77365
2800.95 7.77371
2801.63 7.77377
2802.31 7.77383
2802.98 7.77389
2803.66 7.77396
2804.34 7.77402
2805.02 7.77408
2805.69 7.77414
2806.37 7.7742
2807.05 7.77427
2807.73 7.77433
2808.4 7.77439
2809.08 7.77445
2809.76 7.77451
2810.44 7.77458
2811.11 7.77464
2811.79 7.7747
2812.47 7.77476
2813.15 7.77482
2813.82 7.77489
2814.5 7.77495
2815.18 7.77501
2815.85 7.77507
2816.53 7.77513
2817.21 7.77519
2817.89 7.77526
2818.56 7.77532
2819.24 7.77538
2819.92 7.77544
2820.6 7.7755
2821.27 7.77556
2821.95 7.77562
2822.63 7.77569
2823.31 7.77575
2823.98 7.77581
2824.66 7.77587
2825.34 7.77593
2826.02 7.77599
2826.69 7.77605
2827.37 7.77612
2828.05 7.77618
2828.73 7.77624
2829.41 7.7763
2830.08 7.77636
2830.76 7.77642
2831.44 7.77649
2832.12 7.77655
2832.79 7.77661
2833.47 7.77667
2834.15 7.77673
2834.83 7.77679
2835.5 7.77685
2836.18 7.77691
2836.86 7.77697
2837.54 7.77704
2838.22 7.7771
2838.89 7.77716
2839.57 7.77722
2840.25 7.77728
2840.93 7.77734
2841.6 7.7774
2842.28 7.77746
2842.96 7.77752
2843.64 7.77759
2844.32 7.77765
2844.99 7.77771
2845.67 7.77777
2846.35 7.77783
2847.03 7.77789
2847.7 7.77795
2848.38 7.77801
2849.06 7.77807
2849.74 7.77813
2850.42 7.7782
2851.09 7.77826
2851.77 7.77832
2852.45 7.77838
2853.13 7.77844
2853.8 7.7785
2854.48 7.77856
2855.16 7.77862
2855.84 7.77868
2856.52 7.77874
2857.19 7.7788
2857.87 7.77886
2858.55 7.77892
2859.23 7.77898
2859.91 7.77904
2860.58 7.7791
2861.26 7.77917
2861.94 7.77923
2862.62 7.77929
2863.29 7.77935
2863.97 7.77941
2864.65 7.77947
2865.33 7.77953
2866.01 7.77959
2866.68 7.77965
2867.36 7.77971
2868.04 7.77977
2868.72 7.77983
2869.4 7.77989
2870.07 7.77995
2870.75 7.78001
2871.43 7.78007
2872.11 7.78013
2872.79 7.78019
2873.46 7.78025
2874.14 7.78031
2874.82 7.78037
2875.5 7.78043
2876.18 7.78049
2876.85 7.78055
2877.53 7.78061
2878.21 7.78067
2878.89 7.78073
2879.57 7.78079
2880.24 7.78085
2880.92 7.78091
2881.6 7.78097
2882.28 7.78103
2882.96 7.7811
2883.63 7.78116
2884.31 7.78122
2884.99 7.78128
2885.67 7.78134
2886.35 7.7814
2887.03 7.78146
2887.7 7.78152
2888.38 7.78158
2889.06 7.78164
2889.74 7.7817
2890.42 7.78176
2891.1 7.78182
2891.77 7.78188
2892.45 7.78194
2893.13 7.782
2893.81 7.78205
2894.49 7.78211
2895.16 7.78217
2895.84 7.78223
2896.52 7.78229
2897.2 7.78235
2897.88 7.78241
2898.56 7.78247
2899.23 7.78253
2899.91 7.78259
2900.59 7.78265
2901.27 7.78271
2901.95 7.78277
2902.63 7.78283
2903.3 7.78289
2903.98 7.78295
2904.66 7.78301
2905.34 7.78307
2906.02 7.78313
2906.69 7.78319
2907.37 7.78325
2908.05 7.78331
2908.73 7.78337
2909.41 7.78343
2910.09 7.78349
2910.76 7.78355
2911.44 7.7836
2912.12 7.78366
2912.8 7.78372
2913.48 7.78378
2914.16 7.78384
2914.83 7.7839
2915.51 7.78396
2916.19 7.78402
2916.87 7.78408
2917.55 7.78414
2918.23 7.7842
2918.91 7.78426
2919.58 7.78431
2920.26 7.78437
2920.94 7.78443
2921.62 7.78449
2922.3 7.78455
2922.98 7.78461
2923.65 7.78467
2924.33 7.78473
2925.01 7.78479
2925.69 7.78485
2926.37 7.78491
2927.05 7.78496
2927.73 7.78502
2928.4 7.78508
2929.08 7.78514
2929.76 7.7852
2930.44 7.78526
2931.12 7.78532
2931.8 7.78538
2932.47 7.78544
2933.15 7.7855
2933.83 7.78555
2934.51 7.78561
2935.19 7.78567
2935.87 7.78573
2936.55 7.78579
2937.22 7.78585
2937.9 7.78591
2938.58 7.78597
2939.26 7.78602
2939.94 7.78608
2940.62 7.78614
2941.3 7.7862
2941.97 7.78626
2942.65 7.78632
2943.33 7.78638
2944.01 7.78643
2944.69 7.78649
2945.37 7.78655
2946.05 7.78661
2946.73 7.78667
2947.4 7.78673
2948.08 7.78679
2948.76 7.78685
2949.44 7.7869
2950.12 7.78696
2950.8 7.78702
2951.48 7.78708
2952.16 7.78714
2952.83 7.7872
2953.51 7.78726
2954.19 7.78731
2954.87 7.78737
2955.55 7.78743
2956.23 7.78749
2956.91 7.78755
2957.59 7.7876
2958.26 7.78766
2958.94 7.78772
2959.62 7.78778
2960.3 7.78784
2960.98 7.7879
2961.66 7.78795
2962.34 7.78801
2963.01 7.78807
2963.69 7.78813
2964.37 7.78819
2965.05 7.78824
2965.73 7.7883
2966.41 7.78836
2967.09 7.78842
2967.77 7.78848
2968.45 7.78854
2969.12 7.78859
2969.8 7.78865
2970.48 7.78871
2971.16 7.78877
2971.84 7.78883
2972.52 7.78888
2973.2 7.78894
2973.88 7.789
2974.56 7.78906
2975.23 7.78912
2975.91 7.78917
2976.59 7.78923
2977.27 7.78929
2977.95 7.78935
2978.63 7.7894
2979.31 7.78946
2979.99 7.78952
2980.67 7.78958
2981.35 7.78964
2982.02 7.78969
2982.7 7.78975
2983.38 7.78981
2984.06 7.78987
2984.74 7.78992
2985.42 7.78998
2986.1 7.79004
2986.78 7.7901
2987.46 7.79015
2988.14 7.79021
2988.81 7.79027
2989.49 7.79033
2990.17 7.79039
2990.85 7.79044
2991.53 7.7905
2992.21 7.79056
2992.89 7.79062
2993.57 7.79067
2994.25 7.79073
2994.92 7.79079
2995.6 7.79085
2996.28 7.7909
2996.96 7.79096
2997.64 7.79102
2998.32 7.79108
2999 7.79113
2999.68 7.79119
3000.36 7.79125
3001.04 7.7913
3001.72 7.79136
3002.4 7.79142
3003.07 7.79148
3003.75 7.79153
3004.43 7.79159
3005.11 7.79165
3005.79 7.79171
3006.47 7.79176
3007.15 7.79182
3007.83 7.79188
3008.51 7.79193
3009.19 7.79199
3009.87 7.79205
3010.55 7.79211
3011.23 7.79216
3011.9 7.79222
3012.58 7.79228
3013.26 7.79233
3013.94 7.79239
3014.62 7.79245
3015.3 7.79251
3015.98 7.79256
3016.66 7.79262
3017.34 7.79268
3018.02 7.79273
3018.7 7.79279
3019.38 7.79285
3020.05 7.7929
3020.73 7.79296
3021.41 7.79302
3022.09 7.79308
3022.77 7.79313
3023.45 7.79319
3024.13 7.79325
3024.81 7.7933
3025.49 7.79336
3026.17 7.79342
3026.85 7.79347
3027.53 7.79353
3028.21 7.79359
3028.89 7.79364
3029.57 7.7937
3030.25 7.79376
3030.92 7.79381
3031.6 7.79387
3032.28 7.79393
3032.96 7.79398
3033.64 7.79404
3034.32 7.7941
3035 7.79415
3035.68 7.79421
3036.36 7.79427
3037.04 7.79432
3037.72 7.79438
3038.4 7.79444
3039.08 7.79449
3039.76 7.79455
3040.44 7.79461
3041.12 7.79466
3041.8 7.79472
3042.48 7.79478
3043.15 7.79483
3043.83 7.79489
3044.51 7.79494
3045.19 7.795
3045.87 7.79506
3046.55 7.79511
3047.23 7.79517
3047.91 7.79523
3048.59 7.79528
3049.27 7.79534
3049.95 7.79539
3050.63 7.79545
3051.31 7.79551
3051.99 7.79556
3052.67 7.79562
3053.35 7.79568
3054.03 7.79573
3054.71 7.79579
3055.39 7.79584
3056.06 7.7959
3056.74 7.79596
3057.42 7.79601
3058.1 7.79607
3058.78 7.79613
3059.46 7.79618
3060.14 7.79624
3060.82 7.79629
3061.5 7.79635
3062.18 7.79641
3062.86 7.79646
3063.54 7.79652
3064.22 7.79657
3064.9 7.79663
3065.58 7.79669
3066.26 7.79674
3066.94 7.7968
3067.62 7.79685
3068.3 7.79691
3068.98 7.79697
3069.66 7.79702
3070.34 7.79708
3071.02 7.79713
3071.7 7.79719
3072.38 7.79724
3073.06 7.7973
3073.74 7.79736
3074.42 7.79741
3075.1 7.79747
3075.78 7.79752
3076.46 7.79758
3077.14 7.79763
3077.81 7.79769
3078.49 7.79775
3079.17 7.7978
3079.85 7.79786
3080.53 7.79791
3081.21 7.79797
3081.89 7.79803
3082.57 7.79808
3083.25 7.79814
3083.93 7.79819
3084.61 7.79825
3085.29 7.7983
3085.97 7.79836
3086.65 7.79841
3087.33 7.79847
3088.01 7.79853
3088.69 7.79858
3089.37 7.79864
3090.05 7.79869
3090.73 7.79875
3091.41 7.7988
3092.09 7.79886
3092.77 7.79891
3093.45 7.79897
3094.13 7.79902
3094.81 7.79908
3095.49 7.79913
3096.17 7.79919
3096.85 7.79924
3097.53 7.7993
3098.21 7.79936
3098.89 7.79941
3099.57 7.79947
3100.25 7.79952
3100.93 7.79958
3101.61 7.79963
3102.29 7.79969
3102.97 7.79974
3103.65 7.7998
3104.33 7.79985
3105.01 7.79991
3105.69 7.79996
3106.37 7.80002
3107.05 7.80007
3107.73 7.80013
3108.41 7.80018
3109.09 7.80024
3109.77 7.80029
3110.45 7.80035
3111.13 7.8004
3111.81 7.80046
3112.49 7.80051
3113.17 7.80057
3113.85 7.80062
3114.53 7.80068
3115.21 7.80073
3115.89 7.80079
3116.57 7.80084
3117.25 7.8009
3117.93 7.80095
3118.61 7.80101
3119.29 7.80106
3119.97 7.80112
3120.65 7.80117
3121.33 7.80123
3122.01 7.80128
3122.69 7.80134
3123.37 7.80139
3124.05 7.80145
3124.73 7.8015
3125.41 7.80156
3126.09 7.80161
3126.77 7.80167
3127.45 7.80172
3128.13 7.80177
3128.81 7.80183
3129.49 7.80188
3130.17 7.80194
3130.85 7.80199
3131.53 7.80205
3132.21 7.8021
3132.89 7.80216
3133.57 7.80221
3134.25 7.80227
3134.94 7.80232
3135.62 7.80238
3136.3 7.80243
3136.98 7.80248
3137.66 7.80254
3138.34 7.80259
3139.02 7.80265
3139.7 7.8027
3140.38 7.80276
3141.06 7.80281
3141.74 7.80287
3142.42 7.80292
3143.1 7.80297
3143.78 7.80303
3144.46 7.80308
3145.14 7.80314
3145.82 7.80319
3146.5 7.80325
3147.18 7.8033
3147.86 7.80335
3148.54 7.80341
3149.22 7.80346
3149.9 7.80352
3150.58 7.80357
3151.26 7.80363
3151.94 7.80368
3152.62 7.80373
3153.3 7.80379
3153.98 7.80384
3154.66 7.8039
3155.34 7.80395
3156.02 7.80401
3156.71 7.80406
3157.39 7.80411
3158.07 7.80417
3158.75 7.80422
3159.43 7.80428
3160.11 7.80433
3160.79 7.80438
3161.47 7.80444
3162.15 7.80449
3162.83 7.80455
3163.51 7.8046
3164.19 7.80465
3164.87 7.80471
3165.55 7.80476
3166.23 7.80481
3166.91 7.80487
3167.59 7.80492
3168.27 7.80498
3168.95 7.80503
3169.63 7.80508
3170.31 7.80514
3170.99 7.80519
3171.67 7.80525
3172.35 7.8053
3173.04 7.80535
3173.72 7.80541
3174.4 7.80546
3175.08 7.80552
3175.76 7.80557
3176.44 7.80562
3177.12 7.80568
3177.8 7.80573
3178.48 7.80578
3179.16 7.80584
3179.84 7.80589
3180.52 7.80595
3181.2 7.806
3181.88 7.80605
3182.56 7.80611
3183.24 7.80616
3183.93 7.80621
3184.61 7.80627
3185.29 7.80632
3185.97 7.80637
3186.65 7.80643
3187.33 7.80648
3188.01 7.80653
3188.69 7.80659
3189.37 7.80664
3190.05 7.80669
3190.73 7.80675
3191.41 7.8068
3192.09 7.80685
3192.77 7.80691
3193.45 7.80696
3194.14 7.80701
3194.82 7.80707
3195.5 7.80712
3196.18 7.80717
3196.86 7.80723
3197.54 7.80728
3198.22 7.80733
3198.9 7.80739
3199.58 7.80744
3200.26 7.8075
3200.94 7.80755
3201.62 7.8076
3202.3 7.80766
3202.98 7.80771
3203.66 7.80776
3204.35 7.80782
3205.03 7.80787
3205.71 7.80792
3206.39 7.80797
3207.07 7.80803
3207.75 7.80808
3208.43 7.80813
3209.11 7.80819
3209.79 7.80824
3210.47 7.80829
3211.15 7.80835
3211.84 7.8084
3212.52 7.80845
3213.2 7.8085
3213.88 7.80856
3214.56 7.80861
3215.24 7.80866
3215.92 7.80872
3216.6 7.80877
3217.28 7.80882
