0 0
-0.00681245 0.0144772
-0.0133934 0.0289544
-0.0197432 0.0434314
-0.0258619 0.0579081
-0.0317497 0.0723844
-0.0374068 0.0868603
-0.0428335 0.101336
-0.0480299 0.11581
-0.0529963 0.130284
-0.0577328 0.144758
-0.0622396 0.15923
-0.066517 0.173701
-0.0705651 0.188171
-0.0743842 0.202641
-0.0779745 0.217108
-0.0813361 0.231575
-0.0844694 0.24604
-0.0873746 0.260503
-0.0900517 0.274965
-0.0925012 0.289425
-0.0947231 0.303883
-0.0967178 0.318339
-0.0984854 0.332794
-0.100026 0.347246
-0.10134 0.361696
-0.102428 0.376144
-0.10329 0.390589
-0.103926 0.405032
-0.104336 0.419472
-0.10452 0.433909
-0.10448 0.448344
-0.104214 0.462776
-0.103724 0.477205
-0.103009 0.491631
-0.102071 0.506053
-0.100908 0.520473
-0.0995212 0.534889
-0.0979112 0.549301
-0.0960779 0.56371
-0.0940217 0.578116
-0.0917427 0.592517
-0.0892413 0.606915
-0.0865177 0.621309
-0.0835721 0.635699
-0.0804048 0.650084
-0.0770161 0.664466
-0.0734063 0.678843
-0.0695756 0.693215
-0.0655242 0.707583
-0.0612524 0.721946
-0.0567606 0.736305
-0.0520489 0.750659
-0.0471177 0.765007
-0.0419672 0.779351
-0.0365977 0.793689
-0.0310094 0.808022
-0.0252027 0.82235
-0.0191779 0.836672
-0.0129351 0.850989
-0.00647467 0.865299
0.000203062 0.879604
0.00709785 0.893903
0.0142094 0.908196
0.0215374 0.922483
0.0290817 0.936764
0.0368418 0.951038
0.0448176 0.965306
0.0530086 0.979567
0.0614148 0.993822
0.0700356 1.00807
0.0788709 1.02231
0.0879203 1.03654
0.0971836 1.05077
0.10666 1.06499
0.116351 1.0792
0.126254 1.09341
0.136369 1.1076
0.146697 1.12179
0.157237 1.13597
0.167989 1.15015
0.178953 1.16431
0.190127 1.17847
0.201512 1.19262
0.213108 1.20676
0.224914 1.22089
0.236929 1.23502
0.249155 1.24913
0.261589 1.26324
0.274233 1.27733
0.287085 1.29142
0.300146 1.3055
0.313414 1.31957
0.32689 1.33363
0.340574 1.34768
0.354464 1.36172
0.368561 1.37575
0.382865 1.38977
0.397375 1.40378
0.41209 1.41778
0.427011 1.43177
0.442137 1.44575
0.457467 1.45972
0.473002 1.47368
0.488741 1.48763
0.504684 1.50156
0.520831 1.51549
0.53718 1.5294
0.553732 1.54331
0.570487 1.5572
0.587444 1.57108
0.604602 1.58495
0.621962 1.5988
0.639523 1.61265
0.657285 1.62648
0.675247 1.6403
0.69341 1.65411
0.711772 1.66791
0.730333 1.68169
0.749093 1.69546
0.768053 1.70922
0.78721 1.72296
0.806566 1.7367
0.826119 1.75042
0.84587 1.76412
0.865817 1.77781
0.885961 1.79149
0.906302 1.80516
0.926838 1.81881
0.947571 1.83244
0.968498 1.84607
0.98962 1.85967
1.01094 1.87327
1.03245 1.88685
1.05415 1.90041
1.07605 1.91396
1.09814 1.9275
1.12043 1.94102
1.1429 1.95452
1.16557 1.96801
1.18843 1.98149
1.21149 1.99495
1.23473 2.00839
1.25816 2.02182
1.28179 2.03523
1.3056 2.04863
1.3296 2.06201
1.3538 2.07537
1.37818 2.08872
1.40275 2.10205
1.42751 2.11536
1.45245 2.12866
1.47759 2.14194
1.50291 2.1552
1.52842 2.16844
1.55411 2.18167
1.57999 2.19488
1.60606 2.20808
1.63231 2.22125
1.65874 2.23441
1.68536 2.24755
1.71217 2.26067
1.73916 2.27377
1.76633 2.28686
1.79368 2.29992
1.82122 2.31297
1.84894 2.326
1.87685 2.33901
1.90493 2.352
1.9332 2.36497
1.96164 2.37792
1.99027 2.39086
2.01908 2.40377
2.04806 2.41667
2.07723 2.42954
2.10658 2.4424
2.1361 2.45523
2.16581 2.46804
2.19569 2.48084
2.22575 2.49361
2.25598 2.50637
2.2864 2.5191
2.31699 2.53181
2.34775 2.5445
2.37869 2.55718
2.40981 2.56983
2.44111 2.58245
2.47257 2.59506
2.50421 2.60765
2.53603 2.62021
2.56802 2.63275
2.60018 2.64528
2.63252 2.65778
2.66503 2.67025
2.69771 2.68271
2.73056 2.69514
2.76359 2.70755
2.79678 2.71994
2.83015 2.73231
2.86369 2.74465
2.89739 2.75697
2.93127 2.76927
2.96532 2.78155
2.99953 2.7938
3.03391 2.80603
3.06847 2.81823
3.10319 2.83042
3.13807 2.84258
3.17313 2.85471
3.20835 2.86682
3.24374 2.87891
3.27929 2.89098
3.31501 2.90302
3.35089 2.91504
3.38694 2.92703
3.42316 2.939
3.45954 2.95094
3.49608 2.96286
3.53279 2.97476
3.56966 2.98663
3.60669 2.99848
3.64388 3.0103
3.68124 3.0221
3.71876 3.03387
3.75644 3.04562
3.79428 3.05735
3.83228 3.06904
3.87045 3.08072
3.90877 3.09237
3.94725 3.10399
3.98589 3.11559
4.02469 3.12716
4.06365 3.1387
4.10277 3.15023
4.14204 3.16172
4.18147 3.17319
4.22106 3.18464
4.26081 3.19605
4.30071 3.20745
4.34077 3.21881
4.38099 3.23015
4.42136 3.24147
4.46188 3.25276
4.50256 3.26402
4.54339 3.27526
4.58438 3.28647
4.62552 3.29765
4.66682 3.30881
4.70826 3.31994
4.74986 3.33104
4.79162 3.34212
4.83352 3.35317
4.87558 3.3642
4.91778 3.37519
4.96014 3.38617
5.00265 3.39711
5.0453 3.40803
5.08811 3.41892
5.13107 3.42979
5.17418 3.44062
5.21743 3.45143
5.26083 3.46222
5.30438 3.47297
5.34808 3.4837
5.39193 3.49441
5.43592 3.50508
5.48006 3.51573
5.52435 3.52635
5.56878 3.53695
5.61336 3.54752
5.65808 3.55806
5.70295 3.56857
5.74796 3.57905
5.79311 3.58951
5.83841 3.59994
5.88386 3.61035
5.92944 3.62072
5.97517 3.63107
6.02105 3.6414
6.06706 3.65169
6.11322 3.66196
6.15951 3.6722
6.20595 3.68241
6.25253 3.6926
6.29925 3.70276
6.34611 3.71289
6.39311 3.72299
6.44025 3.73307
6.48753 3.74311
6.53495 3.75314
6.5825 3.76313
6.6302 3.7731
6.67803 3.78304
6.726 3.79295
6.7741 3.80283
6.82234 3.81269
6.87072 3.82252
6.91924 3.83232
6.96789 3.8421
7.01667 3.85185
7.0656 3.86157
7.11465 3.87126
7.16384 3.88093
7.21317 3.89057
7.26263 3.90018
7.31222 3.90976
7.36194 3.91932
7.4118 3.92885
7.46179 3.93836
7.51191 3.94783
7.56216 3.95728
7.61255 3.9667
7.66307 3.9761
7.71371 3.98547
7.76449 3.99481
7.8154 4.00412
7.86643 4.01341
7.9176 4.02267
7.9689 4.0319
8.02032 4.04111
8.07188 4.05029
8.12356 4.05944
8.17537 4.06857
8.2273 4.07767
8.27937 4.08674
8.33156 4.09579
8.38388 4.10481
8.43632 4.1138
8.48889 4.12277
8.54158 4.13171
8.59441 4.14063
8.64735 4.14951
8.70042 4.15838
8.75362 4.16721
8.80694 4.17602
8.86038 4.1848
8.91394 4.19356
8.96763 4.20229
9.02144 4.21099
9.07538 4.21967
9.12943 4.22833
9.18361 4.23695
9.23791 4.24555
9.29233 4.25413
9.34687 4.26268
9.40154 4.2712
9.45632 4.2797
9.51122 4.28817
9.56624 4.29662
9.62138 4.30504
9.67664 4.31343
9.73202 4.3218
9.78752 4.33015
9.84314 4.33847
9.89887 4.34676
9.95472 4.35503
10.0107 4.36328
10.0668 4.37149
10.123 4.37969
10.1793 4.38786
10.2357 4.396
10.2923 4.40412
10.3489 4.41221
10.4057 4.42028
10.4626 4.42833
10.5196 4.43635
10.5767 4.44435
10.634 4.45232
10.6913 4.46026
10.7488 4.46819
10.8064 4.47608
10.8641 4.48396
10.9219 4.49181
10.9798 4.49963
11.0378 4.50744
11.0959 4.51521
11.1542 4.52297
11.2125 4.5307
11.271 4.53841
11.3296 4.54609
11.3883 4.55375
11.4471 4.56138
11.506 4.569
11.565 4.57658
11.6241 4.58415
11.6834 4.59169
11.7427 4.59921
11.8022 4.60671
11.8617 4.61418
11.9214 4.62163
11.9812 4.62905
12.041 4.63646
12.101 4.64384
12.1611 4.6512
12.2213 4.65853
12.2816 4.66584
12.342 4.67313
12.4026 4.6804
12.4632 4.68765
12.5239 4.69487
12.5847 4.70207
12.6457 4.70925
12.7067 4.7164
12.7679 4.72354
12.8291 4.73065
12.8904 4.73774
12.9519 4.74481
13.0134 4.75186
13.0751 4.75888
13.1369 4.76588
13.1987 4.77287
13.2607 4.77983
13.3227 4.78676
13.3849 4.79368
13.4472 4.80058
13.5095 4.80745
13.572 4.8143
13.6345 4.82114
13.6972 4.82795
13.76 4.83474
13.8228 4.84151
13.8858 4.84826
13.9488 4.85499
14.012 4.86169
14.0752 4.86838
14.1386 4.87505
14.202 4.88169
14.2656 4.88832
14.3292 4.89492
14.3929 4.90151
14.4568 4.90807
14.5207 4.91462
14.5847 4.92114
14.6489 4.92765
14.7131 4.93413
14.7774 4.9406
14.8418 4.94704
14.9063 4.95347
14.9709 4.95987
15.0356 4.96626
15.1003 4.97262
15.1652 4.97897
15.2302 4.9853
15.2953 4.99161
15.3604 4.9979
15.4257 5.00417
15.491 5.01042
15.5564 5.01665
15.6219 5.02287
15.6876 5.02906
15.7533 5.03524
15.8191 5.04139
15.8849 5.04753
15.9509 5.05365
16.017 5.05975
16.0831 5.06584
16.1494 5.0719
16.2157 5.07795
16.2822 5.08398
16.3487 5.08999
16.4153 5.09598
16.482 5.10195
16.5488 5.10791
16.6156 5.11385
16.6826 5.11977
16.7496 5.12567
16.8168 5.13155
16.884 5.13742
16.9513 5.14327
17.0187 5.1491
17.0862 5.15492
17.1537 5.16071
17.2214 5.16649
17.2891 5.17226
17.3569 5.178
17.4248 5.18373
17.4928 5.18944
17.5609 5.19514
17.6291 5.20081
17.6973 5.20647
17.7657 5.21212
17.8341 5.21774
17.9026 5.22335
17.9712 5.22895
18.0398 5.23453
18.1086 5.24009
18.1774 5.24563
18.2463 5.25116
18.3153 5.25667
18.3844 5.26217
18.4536 5.26765
18.5228 5.27311
18.5921 5.27856
18.6615 5.28399
18.731 5.2894
18.8006 5.2948
18.8702 5.30019
18.94 5.30555
19.0098 5.31091
19.0797 5.31624
19.1497 5.32157
19.2197 5.32687
19.2898 5.33216
19.36 5.33744
19.4303 5.3427
19.5007 5.34794
19.5711 5.35317
19.6417 5.35838
19.7123 5.36358
19.783 5.36877
19.8537 5.37394
19.9245 5.37909
19.9955 5.38423
20.0665 5.38935
20.1375 5.39446
20.2087 5.39956
20.2799 5.40464
20.3512 5.40971
20.4226 5.41476
20.494 5.4198
20.5655 5.42482
20.6371 5.42983
20.7088 5.43482
20.7806 5.4398
20.8524 5.44477
20.9243 5.44972
20.9963 5.45466
21.0683 5.45958
21.1404 5.46449
21.2126 5.46939
21.2849 5.47427
21.3573 5.47914
21.4297 5.48399
21.5022 5.48883
21.5747 5.49366
21.6474 5.49848
21.7201 5.50328
21.7929 5.50806
21.8657 5.51284
21.9387 5.5176
22.0117 5.52234
22.0847 5.52708
22.1579 5.5318
22.2311 5.53651
22.3044 5.5412
22.3777 5.54588
22.4512 5.55055
22.5247 5.5552
22.5982 5.55985
22.6719 5.56448
22.7456 5.56909
22.8194 5.5737
22.8932 5.57829
22.9672 5.58287
23.0412 5.58743
23.1152 5.59199
23.1893 5.59653
23.2635 5.60106
23.3378 5.60558
23.4121 5.61008
23.4866 5.61457
23.561 5.61905
23.6356 5.62352
23.7102 5.62797
23.7849 5.63242
23.8596 5.63685
23.9344 5.64127
24.0093 5.64568
24.0842 5.65007
24.1592 5.65445
24.2343 5.65883
24.3095 5.66319
24.3847 5.66753
24.46 5.67187
24.5353 5.6762
24.6107 5.68051
24.6862 5.68481
24.7617 5.6891
24.8374 5.69338
24.913 5.69765
24.9888 5.7019
25.0646 5.70615
25.1404 5.71038
25.2164 5.7146
25.2924 5.71881
25.3684 5.72301
25.4446 5.7272
25.5207 5.73138
25.597 5.73555
25.6733 5.7397
25.7497 5.74385
25.8261 5.74798
25.9027 5.7521
25.9792 5.75622
26.0559 5.76032
26.1326 5.76441
26.2093 5.76849
26.2861 5.77256
26.363 5.77662
26.44 5.78067
26.517 5.7847
26.594 5.78873
26.6712 5.79275
26.7484 5.79675
26.8256 5.80075
26.9029 5.80474
26.9803 5.80871
27.0578 5.81268
27.1353 5.81663
27.2128 5.82058
27.2904 5.82451
27.3681 5.82844
27.4459 5.83235
27.5237 5.83626
27.6015 5.84015
27.6794 5.84404
27.7574 5.84791
27.8355 5.85178
27.9136 5.85563
27.9917 5.85948
28.0699 5.86331
28.1482 5.86714
28.2266 5.87096
28.305 5.87476
28.3834 5.87856
28.4619 5.88235
28.5405 5.88613
28.6191 5.88989
28.6978 5.89365
28.7765 5.8974
28.8554 5.90114
28.9342 5.90488
29.0131 5.9086
29.0921 5.91231
29.1711 5.91601
29.2502 5.91971
29.3294 5.92339
29.4086 5.92707
29.4878 5.93074
29.5671 5.93439
29.6465 5.93804
29.7259 5.94168
29.8054 5.94531
29.885 5.94893
29.9646 5.95255
30.0442 5.95615
30.1239 5.95975
30.2037 5.96333
30.2835 5.96691
30.3634 5.97048
30.4433 5.97404
30.5233 5.97759
30.6033 5.98113
30.6834 5.98467
30.7636 5.98819
30.8438 5.99171
30.924 5.99522
31.0043 5.99872
31.0847 6.00221
31.1651 6.00569
31.2456 6.00917
31.3261 6.01264
31.4067 6.0161
31.4873 6.01955
31.568 6.02299
31.6488 6.02642
31.7296 6.02985
31.8104 6.03326
31.8913 6.03667
31.9723 6.04007
32.0533 6.04347
32.1343 6.04685
32.2154 6.05023
32.2966 6.0536
32.3778 6.05696
32.4591 6.06031
32.5404 6.06366
32.6218 6.067
32.7032 6.07032
32.7847 6.07365
32.8662 6.07696
32.9478 6.08027
33.0294 6.08356
33.1111 6.08685
33.1928 6.09014
33.2746 6.09341
33.3564 6.09668
33.4383 6.09994
33.5202 6.10319
33.6022 6.10644
33.6842 6.10968
33.7663 6.11291
33.8485 6.11613
33.9307 6.11934
34.0129 6.12255
34.0952 6.12575
34.1775 6.12895
34.2599 6.13213
34.3423 6.13531
34.4248 6.13848
34.5073 6.14164
34.5899 6.1448
34.6725 6.14795
34.7552 6.15109
34.8379 6.15423
34.9207 6.15736
35.0035 6.16048
35.0864 6.16359
35.1693 6.1667
35.2523 6.1698
35.3353 6.17289
35.4184 6.17598
35.5015 6.17906
35.5847 6.18213
35.6679 6.18519
35.7511 6.18825
35.8345 6.1913
35.9178 6.19435
36.0012 6.19739
36.0847 6.20042
36.1682 6.20344
36.2517 6.20646
36.3353 6.20947
36.4189 6.21248
36.5026 6.21547
36.5863 6.21847
36.6701 6.22145
36.7539 6.22443
36.8378 6.2274
36.9217 6.23036
37.0057 6.23332
37.0897 6.23627
37.1737 6.23922
37.2578 6.24216
37.342 6.24509
37.4262 6.24802
37.5104 6.25094
37.5947 6.25385
37.679 6.25676
37.7634 6.25966
37.8478 6.26255
37.9323 6.26544
38.0168 6.26832
38.1013 6.2712
38.1859 6.27407
38.2706 6.27693
38.3553 6.27979
38.44 6.28264
38.5248 6.28548
38.6096 6.28832
38.6945 6.29116
38.7794 6.29398
38.8643 6.2968
38.9493 6.29962
39.0344 6.30243
39.1194 6.30523
39.2046 6.30803
39.2898 6.31082
39.375 6.3136
39.4602 6.31638
39.5455 6.31915
39.6309 6.32192
39.7163 6.32468
39.8017 6.32744
39.8872 6.33019
39.9727 6.33293
40.0583 6.33567
40.1439 6.3384
40.2295 6.34113
40.3152 6.34385
40.4009 6.34657
40.4867 6.34928
40.5725 6.35198
40.6584 6.35468
40.7443 6.35737
40.8303 6.36006
40.9162 6.36274
41.0023 6.36542
41.0883 6.36809
41.1745 6.37075
41.2606 6.37341
41.3468 6.37607
41.433 6.37872
41.5193 6.38136
41.6056 6.384
41.692 6.38663
41.7784 6.38926
41.8649 6.39188
41.9513 6.39449
42.0379 6.3971
42.1244 6.39971
42.211 6.40231
42.2977 6.40491
42.3844 6.4075
42.4711 6.41008
42.5579 6.41266
42.6447 6.41523
42.7315 6.4178
42.8184 6.42037
42.9054 6.42292
42.9923 6.42548
43.0793 6.42803
43.1664 6.43057
43.2535 6.43311
43.3406 6.43564
43.4278 6.43817
43.515 6.44069
43.6023 6.44321
43.6895 6.44572
43.7769 6.44823
43.8642 6.45073
43.9517 6.45323
44.0391 6.45573
44.1266 6.45821
44.2141 6.4607
44.3017 6.46318
44.3893 6.46565
44.4769 6.46812
44.5646 6.47058
44.6523 6.47304
44.7401 6.47549
44.8279 6.47794
44.9157 6.48039
45.0036 6.48283
45.0915 6.48526
45.1794 6.48769
45.2674 6.49012
45.3555 6.49254
45.4435 6.49495
45.5316 6.49737
45.6198 6.49977
45.7079 6.50217
45.7962 6.50457
45.8844 6.50696
45.9727 6.50935
46.061 6.51174
46.1494 6.51412
46.2378 6.51649
46.3262 6.51886
46.4147 6.52122
46.5032 6.52359
46.5918 6.52594
46.6804 6.52829
46.769 6.53064
46.8577 6.53298
46.9464 6.53532
47.0351 6.53766
47.1239 6.53999
47.2127 6.54231
47.3015 6.54463
47.3904 6.54695
47.4793 6.54926
47.5683 6.55157
47.6573 6.55387
47.7463 6.55617
47.8354 6.55846
47.9245 6.56075
48.0136 6.56304
48.1028 6.56532
48.192 6.5676
48.2812 6.56987
48.3705 6.57214
48.4598 6.5744
48.5492 6.57666
48.6386 6.57892
48.728 6.58117
48.8174 6.58342
48.9069 6.58566
48.9965 6.5879
49.086 6.59014
49.1756 6.59237
49.2653 6.5946
49.3549 6.59682
49.4446 6.59904
49.5344 6.60126
49.6241 6.60347
49.7139 6.60567
49.8038 6.60788
49.8937 6.61007
49.9836 6.61227
50.0735 6.61446
50.1635 6.61665
50.2535 6.61883
50.3436 6.62101
50.4337 6.62318
50.5238 6.62535
50.6139 6.62752
50.7041 6.62968
50.7943 6.63184
50.8846 6.634
50.9749 6.63615
51.0652 6.6383
51.1556 6.64044
51.246 6.64258
51.3364 6.64471
51.4268 6.64685
51.5173 6.64897
51.6079 6.6511
51.6984 6.65322
51.789 6.65534
51.8796 6.65745
51.9703 6.65956
52.061 6.66166
52.1517 6.66377
52.2425 6.66586
52.3333 6.66796
52.4241 6.67005
52.5149 6.67214
52.6058 6.67422
52.6968 6.6763
52.7877 6.67838
52.8787 6.68045
52.9697 6.68252
53.0608 6.68458
53.1519 6.68664
53.243 6.6887
53.3341 6.69075
53.4253 6.69281
53.5165 6.69485
53.6078 6.6969
53.6991 6.69894
53.7904 6.70097
53.8817 6.703
53.9731 6.70503
54.0645 6.70706
54.1559 6.70908
54.2474 6.7111
54.3389 6.71312
54.4305 6.71513
54.522 6.71714
54.6136 6.71914
54.7053 6.72114
54.7969 6.72314
54.8886 6.72514
54.9803 6.72713
55.0721 6.72911
55.1639 6.7311
55.2557 6.73308
55.3476 6.73506
55.4394 6.73703
55.5314 6.739
55.6233 6.74097
55.7153 6.74293
55.8073 6.74489
55.8993 6.74685
55.9914 6.74881
56.0835 6.75076
56.1756 6.7527
56.2678 6.75465
56.36 6.75659
56.4522 6.75853
56.5445 6.76046
56.6367 6.76239
56.7291 6.76432
56.8214 6.76625
56.9138 6.76817
57.0062 6.77009
57.0986 6.772
57.1911 6.77391
57.2836 6.77582
57.3761 6.77773
57.4687 6.77963
57.5613 6.78153
57.6539 6.78342
57.7465 6.78532
57.8392 6.78721
57.9319 6.78909
58.0247 6.79098
58.1174 6.79286
58.2102 6.79474
58.303 6.79661
58.3959 6.79848
58.4888 6.80035
58.5817 6.80221
58.6746 6.80408
58.7676 6.80593
58.8606 6.80779
58.9536 6.80964
59.0467 6.81149
59.1398 6.81334
59.2329 6.81518
59.3261 6.81702
59.4193 6.81886
59.5125 6.8207
59.6057 6.82253
59.699 6.82436
59.7923 6.82618
59.8856 6.82801
59.9789 6.82983
60.0723 6.83164
60.1657 6.83346
60.2592 6.83527
60.3526 6.83708
60.4461 6.83888
60.5396 6.84069
60.6332 6.84249
60.7268 6.84428
60.8204 6.84608
60.914 6.84787
61.0077 6.84966
61.1014 6.85144
61.1951 6.85322
61.2889 6.855
61.3826 6.85678
61.4764 6.85855
61.5703 6.86032
61.6641 6.86209
61.758 6.86386
61.852 6.86562
61.9459 6.86738
62.0399 6.86914
62.1339 6.87089
62.2279 6.87265
62.322 6.87439
62.4161 6.87614
62.5102 6.87788
62.6043 6.87962
62.6985 6.88136
62.7927 6.8831
62.8869 6.88483
62.9812 6.88656
63.0754 6.88829
63.1697 6.89001
63.2641 6.89173
63.3584 6.89345
63.4528 6.89517
63.5472 6.89688
63.6417 6.8986
63.7361 6.9003
63.8306 6.90201
63.9252 6.90371
64.0197 6.90541
64.1143 6.90711
64.2089 6.90881
64.3035 6.9105
64.3982 6.91219
64.4929 6.91388
64.5876 6.91556
64.6823 6.91725
64.7771 6.91893
64.8719 6.9206
64.9667 6.92228
65.0615 6.92395
65.1564 6.92562
65.2513 6.92729
65.3462 6.92895
65.4412 6.93061
65.5361 6.93227
65.6311 6.93393
65.7262 6.93559
65.8212 6.93724
65.9163 6.93889
66.0114 6.94053
66.1065 6.94218
66.2017 6.94382
66.2969 6.94546
66.3921 6.9471
66.4873 6.94873
66.5826 6.95036
66.6779 6.95199
66.7732 6.95362
66.8685 6.95525
66.9639 6.95687
67.0593 6.95849
67.1547 6.96011
67.2502 6.96172
67.3456 6.96334
67.4411 6.96495
67.5366 6.96655
67.6322 6.96816
67.7278 6.96976
67.8234 6.97136
67.919 6.97296
68.0146 6.97456
68.1103 6.97615
68.206 6.97775
68.3017 6.97933
68.3975 6.98092
68.4932 6.98251
68.589 6.98409
68.6849 6.98567
68.7807 6.98725
68.8766 6.98882
68.9725 6.99039
69.0684 6.99196
69.1644 6.99353
69.2603 6.9951
69.3563 6.99666
69.4524 6.99822
69.5484 6.99978
69.6445 7.00134
69.7406 7.0029
69.8367 7.00445
69.9328 7.006
70.029 7.00755
70.1252 7.00909
70.2214 7.01064
70.3177 7.01218
70.4139 7.01372
70.5102 7.01525
70.6066 7.01679
70.7029 7.01832
70.7993 7.01985
70.8957 7.02138
70.9921 7.0229
71.0885 7.02443
71.185 7.02595
71.2815 7.02747
71.378 7.02899
71.4745 7.0305
71.5711 7.03201
71.6676 7.03352
71.7643 7.03503
71.8609 7.03654
71.9575 7.03804
72.0542 7.03955
72.1509 7.04105
72.2477 7.04254
72.3444 7.04404
72.4412 7.04553
72.538 7.04703
72.6348 7.04852
72.7316 7.05
72.8285 7.05149
72.9254 7.05297
73.0223 7.05445
73.1193 7.05593
73.2162 7.05741
73.3132 7.05888
73.4102 7.06036
73.5072 7.06183
73.6043 7.0633
73.7014 7.06476
73.7985 7.06623
73.8956 7.06769
73.9928 7.06915
74.0899 7.07061
74.1871 7.07207
74.2844 7.07352
74.3816 7.07497
74.4789 7.07643
74.5762 7.07787
74.6735 7.07932
74.7708 7.08077
74.8682 7.08221
74.9656 7.08365
75.063 7.08509
75.1604 7.08652
75.2578 7.08796
75.3553 7.08939
75.4528 7.09082
75.5503 7.09225
75.6479 7.09368
75.7454 7.0951
75.843 7.09653
75.9406 7.09795
76.0383 7.09937
76.1359 7.10078
76.2336 7.1022
76.3313 7.10361
76.429 7.10502
76.5267 7.10643
76.6245 7.10784
76.7223 7.10925
76.8201 7.11065
76.9179 7.11205
77.0158 7.11345
77.1137 7.11485
77.2116 7.11625
77.3095 7.11764
77.4074 7.11903
77.5054 7.12042
77.6034 7.12181
77.7014 7.1232
77.7994 7.12459
77.8975 7.12597
77.9955 7.12735
78.0936 7.12873
78.1918 7.13011
78.2899 7.13148
78.3881 7.13286
78.4863 7.13423
78.5845 7.1356
78.6827 7.13697
78.7809 7.13834
78.8792 7.1397
78.9775 7.14106
79.0758 7.14243
79.1742 7.14378
79.2725 7.14514
79.3709 7.1465
79.4693 7.14785
79.5677 7.14921
79.6662 7.15056
79.7646 7.15191
79.8631 7.15325
79.9616 7.1546
80.0602 7.15594
80.1587 7.15728
80.2573 7.15862
80.3559 7.15996
80.4545 7.1613
80.5531 7.16263
80.6518 7.16397
80.7505 7.1653
80.8492 7.16663
80.9479 7.16796
81.0466 7.16928
81.1454 7.17061
81.2442 7.17193
81.343 7.17325
81.4418 7.17457
81.5406 7.17589
81.6395 7.1772
81.7384 7.17852
81.8373 7.17983
81.9362 7.18114
82.0352 7.18245
82.1342 7.18376
82.2332 7.18506
82.3322 7.18637
82.4312 7.18767
82.5303 7.18897
82.6293 7.19027
82.7284 7.19157
82.8276 7.19287
82.9267 7.19416
83.0259 7.19545
83.125 7.19674
83.2242 7.19803
83.3235 7.19932
83.4227 7.20061
83.522 7.20189
83.6212 7.20317
83.7206 7.20445
83.8199 7.20573
83.9192 7.20701
84.0186 7.20829
84.118 7.20956
84.2174 7.21084
84.3168 7.21211
84.4162 7.21338
84.5157 7.21465
84.6152 7.21591
84.7147 7.21718
84.8142 7.21844
84.9138 7.2197
85.0133 7.22096
85.1129 7.22222
85.2125 7.22348
85.3121 7.22474
85.4118 7.22599
85.5114 7.22724
85.6111 7.22849
85.7108 7.22974
85.8106 7.23099
85.9103 7.23224
86.0101 7.23348
86.1099 7.23473
86.2097 7.23597
86.3095 7.23721
86.4093 7.23845
86.5092 7.23968
86.6091 7.24092
86.709 7.24215
86.8089 7.24339
86.9088 7.24462
87.0088 7.24585
87.1088 7.24708
87.2088 7.2483
87.3088 7.24953
87.4088 7.25075
87.5089 7.25197
87.609 7.25319
87.7091 7.25441
87.8092 7.25563
87.9093 7.25685
88.0095 7.25806
88.1097 7.25927
88.2099 7.26048
88.3101 7.26169
88.4103 7.2629
88.5106 7.26411
88.6108 7.26532
88.7111 7.26652
88.8114 7.26772
88.9118 7.26893
89.0121 7.27013
89.1125 7.27133
89.2129 7.27252
89.3133 7.27372
89.4137 7.27491
89.5141 7.2761
89.6146 7.2773
89.7151 7.27849
89.8156 7.27967
89.9161 7.28086
90.0166 7.28205
90.1172 7.28323
90.2178 7.28441
90.3184 7.2856
90.419 7.28678
90.5196 7.28795
90.6202 7.28913
90.7209 7.29031
90.8216 7.29148
90.9223 7.29265
91.023 7.29383
91.1238 7.295
91.2245 7.29617
91.3253 7.29733
91.4261 7.2985
91.5269 7.29966
91.6278 7.30083
91.7286 7.30199
91.8295 7.30315
91.9304 7.30431
92.0313 7.30547
92.1322 7.30662
92.2332 7.30778
92.3342 7.30893
92.4351 7.31008
92.5361 7.31124
92.6372 7.31239
92.7382 7.31353
92.8393 7.31468
92.9403 7.31583
93.0414 7.31697
93.1425 7.31811
93.2437 7.31926
93.3448 7.3204
93.446 7.32154
93.5472 7.32267
93.6484 7.32381
93.7496 7.32494
93.8508 7.32608
93.9521 7.32721
94.0534 7.32834
94.1547 7.32947
94.256 7.3306
94.3573 7.33173
94.4586 7.33285
94.56 7.33398
94.6614 7.3351
94.7628 7.33622
94.8642 7.33734
94.9657 7.33846
95.0671 7.33958
95.1686 7.3407
95.2701 7.34181
95.3716 7.34293
95.4731 7.34404
95.5746 7.34515
95.6762 7.34626
95.7778 7.34737
95.8794 7.34848
95.981 7.34959
96.0826 7.35069
96.1843 7.3518
96.2859 7.3529
96.3876 7.354
96.4893 7.3551
96.591 7.3562
96.6928 7.3573
96.7945 7.3584
96.8963 7.35949
96.9981 7.36059
97.0999 7.36168
97.2017 7.36277
97.3036 7.36386
97.4054 7.36495
97.5073 7.36604
97.6092 7.36713
97.7111 7.36821
97.813 7.3693
97.915 7.37038
98.0169 7.37146
98.1189 7.37254
98.2209 7.37362
98.3229 7.3747
98.425 7.37578
98.527 7.37686
98.6291 7.37793
98.7312 7.379
98.8333 7.38008
98.9354 7.38115
99.0375 7.38222
99.1397 7.38329
99.2418 7.38435
99.344 7.38542
99.4462 7.38649
99.5484 7.38755
99.6507 7.38861
99.7529 7.38968
99.8552 7.39074
99.9575 7.3918
100.06 7.39285
100.162 7.39391
100.264 7.39497
100.367 7.39602
100.469 7.39708
100.572 7.39813
100.674 7.39918
100.776 7.40023
100.879 7.40128
100.981 7.40233
101.084 7.40337
101.186 7.40442
101.289 7.40546
101.391 7.40651
101.494 7.40755
101.596 7.40859
101.699 7.40963
101.802 7.41067
101.904 7.41171
102.007 7.41274
102.109 7.41378
102.212 7.41481
102.315 7.41585
102.417 7.41688
102.52 7.41791
102.623 7.41894
102.726 7.41997
102.828 7.42099
102.931 7.42202
103.034 7.42305
103.137 7.42407
103.239 7.42509
103.342 7.42612
103.445 7.42714
103.548 7.42816
103.651 7.42918
103.754 7.43019
103.857 7.43121
103.96 7.43223
104.063 7.43324
104.166 7.43425
104.269 7.43527
104.372 7.43628
104.475 7.43729
104.578 7.4383
104.681 7.4393
104.784 7.44031
104.887 7.44132
104.99 7.44232
105.093 7.44332
105.196 7.44433
105.299 7.44533
105.402 7.44633
105.506 7.44733
105.609 7.44833
105.712 7.44932
105.815 7.45032
105.918 7.45132
106.022 7.45231
106.125 7.4533
106.228 7.4543
106.332 7.45529
106.435 7.45628
106.538 7.45727
106.642 7.45825
106.745 7.45924
106.848 7.46023
106.952 7.46121
107.055 7.46219
107.158 7.46318
107.262 7.46416
107.365 7.46514
107.469 7.46612
107.572 7.4671
107.676 7.46808
107.779 7.46905
107.883 7.47003
107.986 7.471
108.09 7.47198
108.194 7.47295
108.297 7.47392
108.401 7.47489
108.504 7.47586
108.608 7.47683
108.712 7.4778
108.815 7.47876
108.919 7.47973
109.023 7.48069
109.127 7.48166
109.23 7.48262
109.334 7.48358
109.438 7.48454
109.542 7.4855
109.645 7.48646
109.749 7.48742
109.853 7.48838
109.957 7.48933
110.061 7.49029
110.165 7.49124
110.268 7.49219
110.372 7.49315
110.476 7.4941
110.58 7.49505
110.684 7.496
110.788 7.49694
110.892 7.49789
110.996 7.49884
111.1 7.49978
111.204 7.50073
111.308 7.50167
111.412 7.50261
111.516 7.50355
111.62 7.50449
111.725 7.50543
111.829 7.50637
111.933 7.50731
112.037 7.50824
112.141 7.50918
112.245 7.51011
112.349 7.51105
112.454 7.51198
112.558 7.51291
112.662 7.51384
112.766 7.51477
112.871 7.5157
112.975 7.51663
113.079 7.51756
113.183 7.51848
113.288 7.51941
113.392 7.52033
113.496 7.52126
113.601 7.52218
113.705 7.5231
113.81 7.52402
113.914 7.52494
114.018 7.52586
114.123 7.52678
114.227 7.5277
114.332 7.52861
114.436 7.52953
114.541 7.53044
114.645 7.53136
114.75 7.53227
114.854 7.53318
114.959 7.53409
115.064 7.535
115.168 7.53591
115.273 7.53682
115.377 7.53773
115.482 7.53863
115.587 7.53954
115.691 7.54044
115.796 7.54135
115.901 7.54225
116.005 7.54315
116.11 7.54405
116.215 7.54495
116.32 7.54585
116.424 7.54675
116.529 7.54765
116.634 7.54854
116.739 7.54944
116.843 7.55033
116.948 7.55123
117.053 7.55212
117.158 7.55301
117.263 7.5539
117.368 7.5548
117.473 7.55569
117.578 7.55657
117.682 7.55746
117.787 7.55835
117.892 7.55924
117.997 7.56012
118.102 7.56101
118.207 7.56189
118.312 7.56277
118.417 7.56365
118.522 7.56453
118.627 7.56541
118.733 7.56629
118.838 7.56717
118.943 7.56805
119.048 7.56893
119.153 7.5698
119.258 7.57068
119.363 7.57155
119.468 7.57243
119.574 7.5733
119.679 7.57417
119.784 7.57504
119.889 7.57591
119.995 7.57678
120.1 7.57765
120.205 7.57852
120.31 7.57938
120.416 7.58025
120.521 7.58112
120.626 7.58198
120.732 7.58284
120.837 7.58371
120.942 7.58457
121.048 7.58543
121.153 7.58629
121.258 7.58715
121.364 7.58801
121.469 7.58887
121.575 7.58972
121.68 7.59058
121.786 7.59144
121.891 7.59229
121.997 7.59314
122.102 7.594
122.208 7.59485
122.313 7.5957
122.419 7.59655
122.524 7.5974
122.63 7.59825
122.736 7.5991
122.841 7.59995
122.947 7.60079
123.052 7.60164
123.158 7.60248
123.264 7.60333
123.369 7.60417
123.475 7.60501
123.581 7.60586
123.686 7.6067
123.792 7.60754
123.898 7.60838
124.004 7.60922
124.109 7.61005
124.215 7.61089
124.321 7.61173
124.427 7.61256
124.533 7.6134
124.639 7.61423
124.744 7.61507
124.85 7.6159
124.956 7.61673
125.062 7.61756
125.168 7.61839
125.274 7.61922
125.38 7.62005
125.486 7.62088
125.592 7.62171
125.698 7.62253
125.804 7.62336
125.91 7.62418
126.016 7.62501
126.122 7.62583
126.228 7.62666
126.334 7.62748
126.44 7.6283
126.546 7.62912
126.652 7.62994
126.758 7.63076
126.864 7.63158
126.97 7.63239
127.076 7.63321
127.183 7.63403
127.289 7.63484
127.395 7.63566
127.501 7.63647
127.607 7.63728
127.714 7.6381
127.82 7.63891
127.926 7.63972
128.032 7.64053
128.139 7.64134
128.245 7.64215
128.351 7.64295
128.457 7.64376
128.564 7.64457
128.67 7.64537
128.776 7.64618
128.883 7.64698
128.989 7.64779
129.096 7.64859
129.202 7.64939
129.308 7.65019
129.415 7.65099
129.521 7.65179
129.628 7.65259
129.734 7.65339
129.841 7.65419
129.947 7.65499
130.054 7.65578
130.16 7.65658
130.267 7.65737
130.373 7.65817
130.48 7.65896
130.586 7.65976
130.693 7.66055
130.799 7.66134
130.906 7.66213
131.013 7.66292
131.119 7.66371
131.226 7.6645
131.333 7.66529
131.439 7.66607
131.546 7.66686
131.653 7.66765
131.759 7.66843
131.866 7.66922
131.973 7.67
132.079 7.67078
132.186 7.67156
132.293 7.67235
132.4 7.67313
132.507 7.67391
132.613 7.67469
132.72 7.67547
132.827 7.67624
132.934 7.67702
133.041 7.6778
133.148 7.67858
133.254 7.67935
133.361 7.68013
133.468 7.6809
133.575 7.68167
133.682 7.68245
133.789 7.68322
133.896 7.68399
134.003 7.68476
134.11 7.68553
134.217 7.6863
134.324 7.68707
134.431 7.68784
134.538 7.68861
134.645 7.68937
134.752 7.69014
134.859 7.6909
134.966 7.69167
135.073 7.69243
135.18 7.6932
135.287 7.69396
135.395 7.69472
135.502 7.69548
135.609 7.69624
135.716 7.697
135.823 7.69776
135.93 7.69852
136.038 7.69928
136.145 7.70004
136.252 7.7008
136.359 7.70155
136.466 7.70231
136.574 7.70306
136.681 7.70382
136.788 7.70457
136.896 7.70532
137.003 7.70608
137.11 7.70683
137.217 7.70758
137.325 7.70833
137.432 7.70908
137.54 7.70983
137.647 7.71058
137.754 7.71133
137.862 7.71207
137.969 7.71282
138.076 7.71357
138.184 7.71431
138.291 7.71506
138.399 7.7158
138.506 7.71654
138.614 7.71729
138.721 7.71803
138.829 7.71877
138.936 7.71951
139.044 7.72025
139.151 7.72099
139.259 7.72173
139.366 7.72247
139.474 7.72321
139.582 7.72395
139.689 7.72468
139.797 7.72542
139.904 7.72615
140.012 7.72689
140.12 7.72762
140.227 7.72836
140.335 7.72909
140.443 7.72982
140.55 7.73055
140.658 7.73128
140.766 7.73202
140.874 7.73275
140.981 7.73347
141.089 7.7342
141.197 7.73493
141.305 7.73566
141.412 7.73639
141.52 7.73711
141.628 7.73784
141.736 7.73856
141.844 7.73929
141.952 7.74001
142.059 7.74073
142.167 7.74146
142.275 7.74218
142.383 7.7429
142.491 7.74362
142.599 7.74434
142.707 7.74506
142.815 7.74578
142.923 7.7465
143.031 7.74722
143.139 7.74793
143.247 7.74865
143.355 7.74937
143.463 7.75008
143.571 7.7508
143.679 7.75151
143.787 7.75223
143.895 7.75294
144.003 7.75365
144.111 7.75436
144.219 7.75507
144.327 7.75579
144.435 7.7565
144.543 7.75721
144.651 7.75792
144.76 7.75862
144.868 7.75933
144.976 7.76004
145.084 7.76075
145.192 7.76145
145.3 7.76216
145.409 7.76286
145.517 7.76357
145.625 7.76427
145.733 7.76497
145.842 7.76568
145.95 7.76638
146.058 7.76708
146.166 7.76778
146.275 7.76848
146.383 7.76918
146.491 7.76988
146.6 7.77058
146.708 7.77128
146.816 7.77198
146.925 7.77267
147.033 7.77337
147.142 7.77407
147.25 7.77476
147.358 7.77546
147.467 7.77615
147.575 7.77684
147.684 7.77754
147.792 7.77823
147.901 7.77892
148.009 7.77961
148.118 7.7803
148.226 7.78099
148.335 7.78168
148.443 7.78237
148.552 7.78306
148.66 7.78375
148.769 7.78444
148.877 7.78513
148.986 7.78581
149.094 7.7865
149.203 7.78718
149.312 7.78787
149.42 7.78855
149.529 7.78924
149.638 7.78992
149.746 7.7906
149.855 7.79129
149.964 7.79197
150.072 7.79265
150.181 7.79333
150.29 7.79401
150.398 7.79469
150.507 7.79537
150.616 7.79605
150.725 7.79672
150.833 7.7974
150.942 7.79808
151.051 7.79875
151.16 7.79943
151.268 7.80011
151.377 7.80078
151.486 7.80145
151.595 7.80213
151.704 7.8028
151.813 7.80347
151.922 7.80415
152.03 7.80482
152.139 7.80549
152.248 7.80616
152.357 7.80683
152.466 7.8075
152.575 7.80817
152.684 7.80884
152.793 7.8095
152.902 7.81017
153.011 7.81084
153.12 7.8115
153.229 7.81217
153.338 7.81283
153.447 7.8135
153.556 7.81416
153.665 7.81483
153.774 7.81549
153.883 7.81615
153.992 7.81681
154.101 7.81748
154.21 7.81814
154.319 7.8188
154.428 7.81946
154.538 7.82012
154.647 7.82078
154.756 7.82143
154.865 7.82209
154.974 7.82275
155.083 7.82341
155.193 7.82406
155.302 7.82472
155.411 7.82538
155.52 7.82603
155.629 7.82669
155.739 7.82734
155.848 7.82799
155.957 7.82865
156.066 7.8293
156.176 7.82995
156.285 7.8306
156.394 7.83125
156.504 7.8319
156.613 7.83255
156.722 7.8332
156.832 7.83385
156.941 7.8345
157.05 7.83515
157.16 7.8358
157.269 7.83644
157.379 7.83709
157.488 7.83774
157.597 7.83838
157.707 7.83903
157.816 7.83967
157.926 7.84031
158.035 7.84096
158.145 7.8416
158.254 7.84224
158.364 7.84289
158.473 7.84353
158.583 7.84417
158.692 7.84481
158.802 7.84545
158.911 7.84609
159.021 7.84673
159.13 7.84737
159.24 7.84801
159.349 7.84865
159.459 7.84928
159.569 7.84992
159.678 7.85056
159.788 7.85119
159.897 7.85183
160.007 7.85246
160.117 7.8531
160.226 7.85373
160.336 7.85436
160.446 7.855
160.555 7.85563
160.665 7.85626
160.775 7.85689
160.885 7.85752
160.994 7.85815
161.104 7.85878
161.214 7.85941
161.324 7.86004
161.433 7.86067
161.543 7.8613
161.653 7.86193
161.763 7.86256
161.872 7.86318
161.982 7.86381
162.092 7.86444
162.202 7.86506
162.312 7.86569
162.422 7.86631
162.532 7.86693
162.641 7.86756
162.751 7.86818
162.861 7.8688
162.971 7.86943
163.081 7.87005
163.191 7.87067
163.301 7.87129
163.411 7.87191
163.521 7.87253
163.631 7.87315
163.741 7.87377
163.851 7.87439
163.961 7.87501
164.071 7.87562
164.181 7.87624
164.291 7.87686
164.401 7.87747
164.511 7.87809
164.621 7.8787
164.731 7.87932
164.841 7.87993
164.951 7.88055
165.061 7.88116
165.172 7.88178
165.282 7.88239
165.392 7.883
165.502 7.88361
165.612 7.88422
165.722 7.88483
165.832 7.88544
165.943 7.88605
166.053 7.88666
166.163 7.88727
166.273 7.88788
166.383 7.88849
166.494 7.8891
166.604 7.88971
166.714 7.89031
166.824 7.89092
166.935 7.89152
167.045 7.89213
167.155 7.89274
167.265 7.89334
167.376 7.89394
167.486 7.89455
167.596 7.89515
167.707 7.89575
167.817 7.89636
167.927 7.89696
168.038 7.89756
168.148 7.89816
168.259 7.89876
168.369 7.89936
168.479 7.89996
168.59 7.90056
168.7 7.90116
168.811 7.90176
168.921 7.90236
169.031 7.90296
169.142 7.90355
169.252 7.90415
169.363 7.90475
169.473 7.90534
169.584 7.90594
169.694 7.90653
169.805 7.90713
169.915 7.90772
170.026 7.90832
170.137 7.90891
170.247 7.9095
170.358 7.9101
170.468 7.91069
170.579 7.91128
170.689 7.91187
170.8 7.91246
170.911 7.91305
171.021 7.91364
171.132 7.91423
171.242 7.91482
171.353 7.91541
171.464 7.916
171.574 7.91659
171.685 7.91718
171.796 7.91776
171.906 7.91835
172.017 7.91894
172.128 7.91952
172.239 7.92011
172.349 7.92069
172.46 7.92128
172.571 7.92186
172.682 7.92245
172.792 7.92303
172.903 7.92361
173.014 7.92419
173.125 7.92478
173.236 7.92536
173.346 7.92594
173.457 7.92652
173.568 7.9271
173.679 7.92768
173.79 7.92826
173.901 7.92884
174.011 7.92942
174.122 7.93
174.233 7.93058
174.344 7.93116
174.455 7.93173
174.566 7.93231
174.677 7.93289
174.788 7.93346
174.899 7.93404
175.01 7.93461
175.121 7.93519
175.232 7.93576
175.343 7.93634
175.454 7.93691
175.565 7.93748
175.676 7.93806
175.787 7.93863
175.898 7.9392
176.009 7.93977
176.12 7.94034
176.231 7.94092
176.342 7.94149
176.453 7.94206
176.564 7.94263
176.675 7.9432
176.786 7.94376
176.897 7.94433
177.008 7.9449
177.12 7.94547
177.231 7.94604
177.342 7.9466
177.453 7.94717
177.564 7.94774
177.675 7.9483
177.787 7.94887
177.898 7.94943
178.009 7.95
178.12 7.95056
178.231 7.95113
178.343 7.95169
178.454 7.95225
178.565 7.95282
178.676 7.95338
178.788 7.95394
178.899 7.9545
179.01 7.95506
179.121 7.95562
179.233 7.95618
179.344 7.95674
179.455 7.9573
179.567 7.95786
179.678 7.95842
179.789 7.95898
179.901 7.95954
180.012 7.9601
180.124 7.96065
180.235 7.96121
180.346 7.96177
180.458 7.96232
180.569 7.96288
180.68 7.96344
180.792 7.96399
180.903 7.96455
181.015 7.9651
181.126 7.96565
181.238 7.96621
181.349 7.96676
181.461 7.96731
181.572 7.96787
181.684 7.96842
181.795 7.96897
181.907 7.96952
182.018 7.97007
182.13 7.97062
182.241 7.97117
182.353 7.97172
182.464 7.97227
182.576 7.97282
182.687 7.97337
182.799 7.97392
182.911 7.97447
183.022 7.97502
183.134 7.97556
183.245 7.97611
183.357 7.97666
183.469 7.9772
183.58 7.97775
183.692 7.97829
183.804 7.97884
183.915 7.97938
184.027 7.97993
184.139 7.98047
184.25 7.98102
184.362 7.98156
184.474 7.9821
184.586 7.98265
184.697 7.98319
184.809 7.98373
184.921 7.98427
185.033 7.98481
185.144 7.98535
185.256 7.98589
185.368 7.98643
185.48 7.98697
185.591 7.98751
185.703 7.98805
185.815 7.98859
185.927 7.98913
186.039 7.98967
186.151 7.9902
186.262 7.99074
186.374 7.99128
186.486 7.99181
186.598 7.99235
186.71 7.99289
186.822 7.99342
186.934 7.99396
187.046 7.99449
187.158 7.99503
187.27 7.99556
187.381 7.99609
187.493 7.99663
187.605 7.99716
187.717 7.99769
187.829 7.99822
187.941 7.99876
188.053 7.99929
188.165 7.99982
188.277 8.00035
188.389 8.00088
188.501 8.00141
188.613 8.00194
188.725 8.00247
188.837 8.003
188.949 8.00353
189.062 8.00406
189.174 8.00459
189.286 8.00511
189.398 8.00564
189.51 8.00617
189.622 8.00669
189.734 8.00722
189.846 8.00775
189.958 8.00827
190.071 8.0088
190.183 8.00932
190.295 8.00985
190.407 8.01037
190.519 8.0109
190.631 8.01142
190.744 8.01194
190.856 8.01247
190.968 8.01299
191.08 8.01351
191.192 8.01403
191.305 8.01455
191.417 8.01508
191.529 8.0156
191.641 8.01612
191.754 8.01664
191.866 8.01716
191.978 8.01768
192.09 8.0182
192.203 8.01872
192.315 8.01924
192.427 8.01975
192.54 8.02027
192.652 8.02079
192.764 8.02131
192.877 8.02182
192.989 8.02234
193.101 8.02286
193.214 8.02337
193.326 8.02389
193.439 8.0244
193.551 8.02492
193.663 8.02543
193.776 8.02595
193.888 8.02646
194.001 8.02697
194.113 8.02749
194.226 8.028
194.338 8.02851
194.451 8.02903
194.563 8.02954
194.675 8.03005
194.788 8.03056
194.9 8.03107
195.013 8.03158
195.125 8.03209
195.238 8.0326
195.351 8.03311
195.463 8.03362
195.576 8.03413
195.688 8.03464
195.801 8.03515
195.913 8.03566
196.026 8.03617
196.138 8.03667
196.251 8.03718
196.364 8.03769
196.476 8.03819
196.589 8.0387
196.702 8.03921
196.814 8.03971
196.927 8.04022
197.039 8.04072
197.152 8.04123
197.265 8.04173
197.377 8.04223
197.49 8.04274
197.603 8.04324
197.716 8.04374
197.828 8.04425
197.941 8.04475
198.054 8.04525
198.166 8.04575
198.279 8.04625
198.392 8.04675
198.505 8.04725
198.617 8.04776
198.73 8.04826
198.843 8.04876
198.956 8.04926
199.069 8.04976
199.181 8.05025
199.294 8.05075
199.407 8.05125
199.52 8.05175
199.633 8.05225
199.745 8.05274
199.858 8.05324
199.971 8.05374
200.084 8.05424
200.197 8.05473
200.31 8.05523
200.423 8.05572
200.536 8.05622
200.648 8.05671
200.761 8.05721
200.874 8.0577
200.987 8.0582
201.1 8.05869
201.213 8.05918
201.326 8.05968
201.439 8.06017
201.552 8.06066
201.665 8.06115
201.778 8.06165
201.891 8.06214
202.004 8.06263
202.117 8.06312
202.23 8.06361
202.343 8.0641
202.456 8.06459
202.569 8.06508
202.682 8.06557
202.795 8.06606
202.908 8.06655
203.021 8.06704
203.134 8.06752
203.248 8.06801
203.361 8.0685
203.474 8.06899
203.587 8.06947
203.7 8.06996
203.813 8.07045
203.926 8.07093
204.039 8.07142
204.153 8.0719
204.266 8.07239
204.379 8.07288
204.492 8.07336
204.605 8.07384
204.718 8.07433
204.832 8.07481
204.945 8.0753
205.058 8.07578
205.171 8.07626
205.284 8.07674
205.398 8.07723
205.511 8.07771
205.624 8.07819
205.737 8.07867
205.851 8.07915
205.964 8.07963
206.077 8.08011
206.191 8.0806
206.304 8.08107
206.417 8.08155
206.53 8.08203
206.644 8.08251
206.757 8.08299
206.87 8.08347
206.984 8.08395
207.097 8.08443
207.21 8.0849
207.324 8.08538
207.437 8.08586
207.551 8.08634
207.664 8.08681
207.777 8.08729
207.891 8.08776
208.004 8.08824
208.118 8.08871
208.231 8.08919
208.345 8.08966
208.458 8.09014
208.571 8.09061
208.685 8.09109
208.798 8.09156
208.912 8.09203
209.025 8.09251
209.139 8.09298
209.252 8.09345
209.366 8.09392
209.479 8.0944
209.593 8.09487
209.706 8.09534
209.82 8.09581
209.933 8.09628
210.047 8.09675
210.16 8.09722
210.274 8.09769
210.388 8.09816
210.501 8.09863
210.615 8.0991
210.728 8.09957
210.842 8.10004
210.956 8.10051
211.069 8.10098
211.183 8.10144
211.296 8.10191
211.41 8.10238
211.524 8.10284
211.637 8.10331
211.751 8.10378
211.865 8.10424
211.978 8.10471
212.092 8.10517
212.206 8.10564
212.319 8.1061
212.433 8.10657
212.547 8.10703
212.661 8.1075
212.774 8.10796
212.888 8.10843
213.002 8.10889
213.116 8.10935
213.229 8.10981
213.343 8.11028
213.457 8.11074
213.571 8.1112
213.684 8.11166
213.798 8.11212
213.912 8.11259
214.026 8.11305
214.14 8.11351
214.253 8.11397
214.367 8.11443
214.481 8.11489
214.595 8.11535
214.709 8.11581
214.823 8.11627
214.937 8.11672
215.05 8.11718
215.164 8.11764
215.278 8.1181
215.392 8.11856
215.506 8.11901
215.62 8.11947
215.734 8.11993
215.848 8.12038
215.962 8.12084
216.076 8.1213
216.19 8.12175
216.303 8.12221
216.417 8.12266
216.531 8.12312
216.645 8.12357
216.759 8.12403
216.873 8.12448
216.987 8.12494
217.101 8.12539
217.215 8.12584
217.329 8.1263
217.443 8.12675
217.557 8.1272
217.672 8.12765
217.786 8.12811
217.9 8.12856
218.014 8.12901
218.128 8.12946
218.242 8.12991
218.356 8.13036
218.47 8.13081
218.584 8.13126
218.698 8.13171
218.812 8.13216
218.926 8.13261
219.041 8.13306
219.155 8.13351
219.269 8.13396
219.383 8.13441
219.497 8.13486
219.611 8.13531
219.725 8.13575
219.84 8.1362
219.954 8.13665
220.068 8.13709
220.182 8.13754
220.296 8.13799
220.411 8.13843
220.525 8.13888
220.639 8.13933
220.753 8.13977
220.868 8.14022
220.982 8.14066
221.096 8.14111
221.21 8.14155
221.325 8.14199
221.439 8.14244
221.553 8.14288
221.667 8.14332
221.782 8.14377
221.896 8.14421
222.01 8.14465
222.125 8.1451
222.239 8.14554
222.353 8.14598
222.468 8.14642
222.582 8.14686
222.696 8.1473
222.811 8.14775
222.925 8.14819
223.04 8.14863
223.154 8.14907
223.268 8.14951
223.383 8.14995
223.497 8.15038
223.612 8.15082
223.726 8.15126
223.84 8.1517
223.955 8.15214
224.069 8.15258
224.184 8.15302
224.298 8.15345
224.413 8.15389
224.527 8.15433
224.642 8.15476
224.756 8.1552
224.871 8.15564
224.985 8.15607
225.1 8.15651
225.214 8.15695
225.329 8.15738
225.443 8.15782
225.558 8.15825
225.672 8.15869
225.787 8.15912
225.901 8.15955
226.016 8.15999
226.13 8.16042
226.245 8.16086
226.36 8.16129
226.474 8.16172
226.589 8.16216
226.703 8.16259
226.818 8.16302
226.933 8.16345
227.047 8.16388
227.162 8.16432
227.276 8.16475
227.391 8.16518
227.506 8.16561
227.62 8.16604
227.735 8.16647
227.85 8.1669
227.964 8.16733
228.079 8.16776
228.194 8.16819
228.308 8.16862
228.423 8.16905
228.538 8.16947
228.653 8.1699
228.767 8.17033
228.882 8.17076
228.997 8.17119
229.112 8.17161
229.226 8.17204
229.341 8.17247
229.456 8.1729
229.571 8.17332
229.685 8.17375
229.8 8.17417
229.915 8.1746
230.03 8.17503
230.145 8.17545
230.259 8.17588
230.374 8.1763
230.489 8.17673
230.604 8.17715
230.719 8.17758
230.834 8.178
230.948 8.17842
231.063 8.17885
231.178 8.17927
231.293 8.17969
231.408 8.18012
231.523 8.18054
231.638 8.18096
231.753 8.18138
231.867 8.1818
231.982 8.18223
232.097 8.18265
232.212 8.18307
232.327 8.18349
232.442 8.18391
232.557 8.18433
232.672 8.18475
232.787 8.18517
232.902 8.18559
233.017 8.18601
233.132 8.18643
233.247 8.18685
233.362 8.18727
233.477 8.18769
233.592 8.1881
233.707 8.18852
233.822 8.18894
233.937 8.18936
234.052 8.18978
234.167 8.19019
234.282 8.19061
234.397 8.19103
234.512 8.19144
234.627 8.19186
234.742 8.19228
234.857 8.19269
234.972 8.19311
235.088 8.19352
235.203 8.19394
235.318 8.19435
235.433 8.19477
235.548 8.19518
235.663 8.1956
235.778 8.19601
235.893 8.19643
236.009 8.19684
236.124 8.19725
236.239 8.19767
236.354 8.19808
236.469 8.19849
236.584 8.1989
236.7 8.19932
236.815 8.19973
236.93 8.20014
237.045 8.20055
237.16 8.20096
237.276 8.20138
237.391 8.20179
237.506 8.2022
237.621 8.20261
237.737 8.20302
237.852 8.20343
237.967 8.20384
238.082 8.20425
238.198 8.20466
238.313 8.20507
238.428 8.20548
238.544 8.20588
238.659 8.20629
238.774 8.2067
238.889 8.20711
239.005 8.20752
239.12 8.20793
239.235 8.20833
239.351 8.20874
239.466 8.20915
239.581 8.20955
239.697 8.20996
239.812 8.21037
239.928 8.21077
240.043 8.21118
240.158 8.21159
240.274 8.21199
240.389 8.2124
240.504 8.2128
240.62 8.21321
240.735 8.21361
240.851 8.21402
240.966 8.21442
241.082 8.21482
241.197 8.21523
241.313 8.21563
241.428 8.21603
241.543 8.21644
241.659 8.21684
241.774 8.21724
241.89 8.21765
242.005 8.21805
242.121 8.21845
242.236 8.21885
242.352 8.21925
242.467 8.21966
242.583 8.22006
242.698 8.22046
242.814 8.22086
242.929 8.22126
243.045 8.22166
243.161 8.22206
243.276 8.22246
243.392 8.22286
243.507 8.22326
243.623 8.22366
243.738 8.22406
243.854 8.22446
243.97 8.22486
244.085 8.22526
244.201 8.22565
244.316 8.22605
244.432 8.22645
244.548 8.22685
244.663 8.22724
244.779 8.22764
244.895 8.22804
245.01 8.22844
245.126 8.22883
245.242 8.22923
245.357 8.22963
245.473 8.23002
245.589 8.23042
245.704 8.23081
245.82 8.23121
245.936 8.2316
246.051 8.232
246.167 8.23239
246.283 8.23279
246.399 8.23318
246.514 8.23358
246.63 8.23397
246.746 8.23436
246.862 8.23476
246.977 8.23515
247.093 8.23555
247.209 8.23594
247.325 8.23633
247.44 8.23672
247.556 8.23712
247.672 8.23751
247.788 8.2379
247.904 8.23829
248.019 8.23868
248.135 8.23907
248.251 8.23947
248.367 8.23986
248.483 8.24025
248.599 8.24064
248.714 8.24103
248.83 8.24142
248.946 8.24181
249.062 8.2422
249.178 8.24259
249.294 8.24298
249.41 8.24337
249.526 8.24376
249.642 8.24414
249.757 8.24453
249.873 8.24492
249.989 8.24531
250.105 8.2457
250.221 8.24609
250.337 8.24647
250.453 8.24686
250.569 8.24725
250.685 8.24763
250.801 8.24802
250.917 8.24841
251.033 8.24879
251.149 8.24918
251.265 8.24957
251.381 8.24995
251.497 8.25034
251.613 8.25072
251.729 8.25111
251.845 8.25149
251.961 8.25188
252.077 8.25226
252.193 8.25265
252.309 8.25303
252.425 8.25342
252.541 8.2538
252.657 8.25418
252.773 8.25457
252.889 8.25495
253.005 8.25533
253.122 8.25571
253.238 8.2561
253.354 8.25648
253.47 8.25686
253.586 8.25724
253.702 8.25763
253.818 8.25801
253.934 8.25839
254.05 8.25877
254.167 8.25915
254.283 8.25953
254.399 8.25991
254.515 8.26029
254.631 8.26067
254.747 8.26105
254.864 8.26143
254.98 8.26181
255.096 8.26219
255.212 8.26257
255.328 8.26295
255.445 8.26333
255.561 8.26371
255.677 8.26409
255.793 8.26447
255.91 8.26484
256.026 8.26522
256.142 8.2656
256.258 8.26598
256.375 8.26636
256.491 8.26673
256.607 8.26711
256.723 8.26749
256.84 8.26786
256.956 8.26824
257.072 8.26862
257.189 8.26899
257.305 8.26937
257.421 8.26974
257.537 8.27012
257.654 8.2705
257.77 8.27087
257.886 8.27125
258.003 8.27162
258.119 8.27199
258.236 8.27237
258.352 8.27274
258.468 8.27312
258.585 8.27349
258.701 8.27386
258.817 8.27424
258.934 8.27461
259.05 8.27498
259.167 8.27536
259.283 8.27573
259.399 8.2761
259.516 8.27648
259.632 8.27685
259.749 8.27722
259.865 8.27759
259.982 8.27796
260.098 8.27834
260.215 8.27871
260.331 8.27908
260.447 8.27945
260.564 8.27982
260.68 8.28019
260.797 8.28056
260.913 8.28093
261.03 8.2813
261.146 8.28167
261.263 8.28204
261.379 8.28241
261.496 8.28278
261.612 8.28315
261.729 8.28352
261.846 8.28389
261.962 8.28425
262.079 8.28462
262.195 8.28499
262.312 8.28536
262.428 8.28573
262.545 8.28609
262.661 8.28646
262.778 8.28683
262.895 8.2872
263.011 8.28756
263.128 8.28793
263.245 8.2883
263.361 8.28866
263.478 8.28903
263.594 8.2894
263.711 8.28976
263.828 8.29013
263.944 8.29049
264.061 8.29086
264.178 8.29122
264.294 8.29159
264.411 8.29195
264.528 8.29232
264.644 8.29268
264.761 8.29305
264.878 8.29341
264.994 8.29377
265.111 8.29414
265.228 8.2945
265.344 8.29486
265.461 8.29523
265.578 8.29559
265.695 8.29595
265.811 8.29632
265.928 8.29668
266.045 8.29704
266.162 8.2974
266.278 8.29777
266.395 8.29813
266.512 8.29849
266.629 8.29885
266.746 8.29921
266.862 8.29957
266.979 8.29993
267.096 8.30029
267.213 8.30065
267.33 8.30101
267.446 8.30138
267.563 8.30174
267.68 8.3021
267.797 8.30245
267.914 8.30281
268.031 8.30317
268.147 8.30353
268.264 8.30389
268.381 8.30425
268.498 8.30461
268.615 8.30497
268.732 8.30533
268.849 8.30569
268.966 8.30604
269.082 8.3064
269.199 8.30676
269.316 8.30712
269.433 8.30747
269.55 8.30783
269.667 8.30819
269.784 8.30854
269.901 8.3089
270.018 8.30926
270.135 8.30961
270.252 8.30997
270.369 8.31032
270.486 8.31068
270.603 8.31104
270.72 8.31139
270.837 8.31175
270.954 8.3121
271.071 8.31246
271.188 8.31281
271.305 8.31317
271.422 8.31352
271.539 8.31387
271.656 8.31423
271.773 8.31458
271.89 8.31494
272.007 8.31529
272.124 8.31564
272.241 8.316
272.358 8.31635
272.475 8.3167
272.592 8.31705
272.709 8.31741
272.826 8.31776
272.943 8.31811
273.06 8.31846
273.178 8.31882
273.295 8.31917
273.412 8.31952
273.529 8.31987
273.646 8.32022
273.763 8.32057
273.88 8.32092
273.997 8.32127
274.115 8.32162
274.232 8.32197
274.349 8.32232
274.466 8.32267
274.583 8.32302
274.7 8.32337
274.818 8.32372
274.935 8.32407
275.052 8.32442
275.169 8.32477
275.286 8.32512
275.404 8.32547
275.521 8.32582
275.638 8.32617
275.755 8.32651
275.872 8.32686
275.99 8.32721
276.107 8.32756
276.224 8.3279
276.341 8.32825
276.459 8.3286
276.576 8.32895
276.693 8.32929
276.81 8.32964
276.928 8.32999
277.045 8.33033
277.162 8.33068
277.28 8.33103
277.397 8.33137
277.514 8.33172
277.632 8.33206
277.749 8.33241
277.866 8.33275
277.983 8.3331
278.101 8.33344
278.218 8.33379
278.335 8.33413
278.453 8.33448
278.57 8.33482
278.688 8.33517
278.805 8.33551
278.922 8.33585
279.04 8.3362
279.157 8.33654
279.274 8.33688
279.392 8.33723
279.509 8.33757
279.627 8.33791
279.744 8.33826
279.861 8.3386
279.979 8.33894
280.096 8.33928
280.214 8.33963
280.331 8.33997
280.449 8.34031
280.566 8.34065
280.684 8.34099
280.801 8.34133
280.918 8.34168
281.036 8.34202
281.153 8.34236
281.271 8.3427
281.388 8.34304
281.506 8.34338
281.623 8.34372
281.741 8.34406
281.858 8.3444
281.976 8.34474
282.093 8.34508
282.211 8.34542
282.328 8.34576
282.446 8.3461
282.564 8.34644
282.681 8.34677
282.799 8.34711
282.916 8.34745
283.034 8.34779
283.151 8.34813
283.269 8.34847
283.386 8.3488
283.504 8.34914
283.622 8.34948
283.739 8.34982
283.857 8.35015
283.974 8.35049
284.092 8.35083
284.21 8.35116
284.327 8.3515
284.445 8.35184
284.563 8.35217
284.68 8.35251
284.798 8.35285
284.915 8.35318
285.033 8.35352
285.151 8.35385
285.268 8.35419
285.386 8.35452
285.504 8.35486
285.621 8.35519
285.739 8.35553
285.857 8.35586
285.975 8.3562
286.092 8.35653
286.21 8.35686
286.328 8.3572
286.445 8.35753
286.563 8.35787
286.681 8.3582
286.799 8.35853
286.916 8.35887
287.034 8.3592
287.152 8.35953
287.27 8.35987
287.387 8.3602
287.505 8.36053
287.623 8.36086
287.741 8.36119
287.858 8.36153
287.976 8.36186
288.094 8.36219
288.212 8.36252
288.33 8.36285
288.447 8.36318
288.565 8.36351
288.683 8.36385
288.801 8.36418
288.919 8.36451
289.037 8.36484
289.154 8.36517
289.272 8.3655
289.39 8.36583
289.508 8.36616
289.626 8.36649
289.744 8.36682
289.862 8.36715
289.979 8.36748
290.097 8.36781
290.215 8.36813
290.333 8.36846
290.451 8.36879
290.569 8.36912
290.687 8.36945
290.805 8.36978
290.923 8.37011
291.041 8.37043
291.158 8.37076
291.276 8.37109
291.394 8.37142
291.512 8.37174
291.63 8.37207
291.748 8.3724
291.866 8.37273
291.984 8.37305
292.102 8.37338
292.22 8.37371
292.338 8.37403
292.456 8.37436
292.574 8.37468
292.692 8.37501
292.81 8.37534
292.928 8.37566
293.046 8.37599
293.164 8.37631
293.282 8.37664
293.4 8.37696
293.518 8.37729
293.636 8.37761
293.754 8.37794
293.872 8.37826
293.99 8.37859
294.108 8.37891
294.227 8.37923
294.345 8.37956
294.463 8.37988
294.581 8.38021
294.699 8.38053
294.817 8.38085
294.935 8.38118
295.053 8.3815
295.171 8.38182
295.289 8.38214
295.407 8.38247
295.526 8.38279
295.644 8.38311
295.762 8.38343
295.88 8.38376
295.998 8.38408
296.116 8.3844
296.234 8.38472
296.353 8.38504
296.471 8.38536
296.589 8.38568
296.707 8.38601
296.825 8.38633
296.943 8.38665
297.062 8.38697
297.18 8.38729
297.298 8.38761
297.416 8.38793
297.534 8.38825
297.653 8.38857
297.771 8.38889
297.889 8.38921
298.007 8.38953
298.126 8.38985
298.244 8.39017
298.362 8.39049
298.48 8.3908
298.599 8.39112
298.717 8.39144
298.835 8.39176
298.953 8.39208
299.072 8.3924
299.19 8.39272
299.308 8.39303
299.427 8.39335
299.545 8.39367
299.663 8.39399
299.781 8.3943
299.9 8.39462
300.018 8.39494
300.136 8.39526
300.255 8.39557
300.373 8.39589
300.491 8.3962
300.61 8.39652
300.728 8.39684
300.846 8.39715
300.965 8.39747
301.083 8.39779
301.202 8.3981
301.32 8.39842
301.438 8.39873
301.557 8.39905
301.675 8.39936
301.793 8.39968
301.912 8.39999
302.03 8.40031
302.149 8.40062
302.267 8.40094
302.385 8.40125
302.504 8.40156
302.622 8.40188
302.741 8.40219
302.859 8.40251
302.978 8.40282
303.096 8.40313
303.215 8.40345
303.333 8.40376
303.451 8.40407
303.57 8.40439
303.688 8.4047
303.807 8.40501
303.925 8.40532
304.044 8.40564
304.162 8.40595
304.281 8.40626
304.399 8.40657
304.518 8.40688
304.636 8.4072
304.755 8.40751
304.873 8.40782
304.992 8.40813
305.11 8.40844
305.229 8.40875
305.348 8.40906
305.466 8.40937
305.585 8.40969
305.703 8.41
305.822 8.41031
305.94 8.41062
306.059 8.41093
306.177 8.41124
306.296 8.41155
306.415 8.41186
306.533 8.41217
306.652 8.41248
306.77 8.41279
306.889 8.41309
307.008 8.4134
307.126 8.41371
307.245 8.41402
307.364 8.41433
307.482 8.41464
307.601 8.41495
307.719 8.41526
307.838 8.41556
307.957 8.41587
308.075 8.41618
308.194 8.41649
308.313 8.4168
308.431 8.4171
308.55 8.41741
308.669 8.41772
308.787 8.41802
308.906 8.41833
309.025 8.41864
309.144 8.41895
309.262 8.41925
309.381 8.41956
309.5 8.41986
309.618 8.42017
309.737 8.42048
309.856 8.42078
309.975 8.42109
310.093 8.42139
310.212 8.4217
310.331 8.422
310.45 8.42231
310.568 8.42262
310.687 8.42292
310.806 8.42323
310.925 8.42353
311.043 8.42383
311.162 8.42414
311.281 8.42444
311.4 8.42475
311.519 8.42505
311.637 8.42536
311.756 8.42566
311.875 8.42596
311.994 8.42627
312.113 8.42657
312.232 8.42687
312.35 8.42718
312.469 8.42748
312.588 8.42778
312.707 8.42809
312.826 8.42839
312.945 8.42869
313.063 8.42899
313.182 8.4293
313.301 8.4296
313.42 8.4299
313.539 8.4302
313.658 8.43051
313.777 8.43081
313.896 8.43111
314.015 8.43141
314.133 8.43171
314.252 8.43201
314.371 8.43231
314.49 8.43262
314.609 8.43292
314.728 8.43322
314.847 8.43352
314.966 8.43382
315.085 8.43412
315.204 8.43442
315.323 8.43472
315.442 8.43502
315.561 8.43532
315.68 8.43562
315.799 8.43592
315.918 8.43622
316.037 8.43652
316.156 8.43682
316.275 8.43711
316.394 8.43741
316.513 8.43771
316.632 8.43801
316.751 8.43831
316.87 8.43861
316.989 8.43891
317.108 8.4392
317.227 8.4395
317.346 8.4398
317.465 8.4401
317.584 8.4404
317.703 8.44069
317.822 8.44099
317.941 8.44129
318.06 8.44159
318.179 8.44188
318.298 8.44218
318.417 8.44248
318.536 8.44277
318.655 8.44307
318.774 8.44337
318.894 8.44366
319.013 8.44396
319.132 8.44425
319.251 8.44455
319.37 8.44485
319.489 8.44514
319.608 8.44544
319.727 8.44573
319.846 8.44603
319.966 8.44632
320.085 8.44662
320.204 8.44691
320.323 8.44721
320.442 8.4475
320.561 8.4478
320.681 8.44809
320.8 8.44839
320.919 8.44868
321.038 8.44898
321.157 8.44927
321.276 8.44956
321.396 8.44986
321.515 8.45015
321.634 8.45044
321.753 8.45074
321.872 8.45103
321.992 8.45132
322.111 8.45162
322.23 8.45191
322.349 8.4522
322.469 8.4525
322.588 8.45279
322.707 8.45308
322.826 8.45337
322.946 8.45367
323.065 8.45396
323.184 8.45425
323.303 8.45454
323.423 8.45483
323.542 8.45512
323.661 8.45542
323.781 8.45571
323.9 8.456
324.019 8.45629
324.138 8.45658
324.258 8.45687
324.377 8.45716
324.496 8.45745
324.616 8.45774
324.735 8.45804
324.854 8.45833
324.974 8.45862
325.093 8.45891
325.212 8.4592
325.332 8.45949
325.451 8.45977
325.57 8.46006
325.69 8.46035
325.809 8.46064
325.929 8.46093
326.048 8.46122
326.167 8.46151
326.287 8.4618
326.406 8.46209
326.525 8.46238
326.645 8.46267
326.764 8.46295
326.884 8.46324
327.003 8.46353
327.123 8.46382
327.242 8.46411
327.361 8.46439
327.481 8.46468
327.6 8.46497
327.72 8.46526
327.839 8.46554
327.959 8.46583
328.078 8.46612
328.197 8.46641
328.317 8.46669
328.436 8.46698
328.556 8.46727
328.675 8.46755
328.795 8.46784
328.914 8.46813
329.034 8.46841
329.153 8.4687
329.273 8.46898
329.392 8.46927
329.512 8.46956
329.631 8.46984
329.751 8.47013
329.87 8.47041
329.99 8.4707
330.109 8.47098
330.229 8.47127
330.349 8.47155
330.468 8.47184
330.588 8.47212
330.707 8.47241
330.827 8.47269
330.946 8.47298
331.066 8.47326
331.185 8.47354
331.305 8.47383
331.425 8.47411
331.544 8.4744
331.664 8.47468
331.783 8.47496
331.903 8.47525
332.023 8.47553
332.142 8.47581
332.262 8.4761
332.382 8.47638
332.501 8.47666
332.621 8.47695
332.74 8.47723
332.86 8.47751
332.98 8.47779
333.099 8.47808
333.219 8.47836
333.339 8.47864
333.458 8.47892
333.578 8.4792
333.698 8.47949
333.817 8.47977
333.937 8.48005
334.057 8.48033
334.176 8.48061
334.296 8.48089
334.416 8.48117
334.535 8.48145
334.655 8.48174
334.775 8.48202
334.895 8.4823
335.014 8.48258
335.134 8.48286
335.254 8.48314
335.373 8.48342
335.493 8.4837
335.613 8.48398
335.733 8.48426
335.852 8.48454
335.972 8.48482
336.092 8.4851
336.212 8.48538
336.331 8.48566
336.451 8.48594
336.571 8.48621
336.691 8.48649
336.811 8.48677
336.93 8.48705
337.05 8.48733
337.17 8.48761
337.29 8.48789
337.41 8.48816
337.529 8.48844
337.649 8.48872
337.769 8.489
337.889 8.48928
338.009 8.48956
338.129 8.48983
338.248 8.49011
338.368 8.49039
338.488 8.49067
338.608 8.49094
338.728 8.49122
338.848 8.4915
338.967 8.49177
339.087 8.49205
339.207 8.49233
339.327 8.4926
339.447 8.49288
339.567 8.49316
339.687 8.49343
339.807 8.49371
339.927 8.49399
340.047 8.49426
340.166 8.49454
340.286 8.49481
340.406 8.49509
340.526 8.49536
340.646 8.49564
340.766 8.49591
340.886 8.49619
341.006 8.49646
341.126 8.49674
341.246 8.49701
341.366 8.49729
341.486 8.49756
341.606 8.49784
341.726 8.49811
341.846 8.49839
341.966 8.49866
342.086 8.49894
342.206 8.49921
342.326 8.49948
342.446 8.49976
342.566 8.50003
342.686 8.5003
342.806 8.50058
342.926 8.50085
343.046 8.50113
343.166 8.5014
343.286 8.50167
343.406 8.50194
343.526 8.50222
343.646 8.50249
343.766 8.50276
343.886 8.50303
344.006 8.50331
344.126 8.50358
344.246 8.50385
344.366 8.50412
344.486 8.5044
344.606 8.50467
344.726 8.50494
344.846 8.50521
344.966 8.50548
345.087 8.50575
345.207 8.50603
345.327 8.5063
345.447 8.50657
345.567 8.50684
345.687 8.50711
345.807 8.50738
345.927 8.50765
346.047 8.50792
346.168 8.50819
346.288 8.50846
346.408 8.50873
346.528 8.509
346.648 8.50927
346.768 8.50954
346.888 8.50981
347.009 8.51008
347.129 8.51035
347.249 8.51062
347.369 8.51089
347.489 8.51116
347.609 8.51143
347.73 8.5117
347.85 8.51197
347.97 8.51224
348.09 8.51251
348.21 8.51278
348.331 8.51304
348.451 8.51331
348.571 8.51358
348.691 8.51385
348.812 8.51412
348.932 8.51439
349.052 8.51465
349.172 8.51492
349.292 8.51519
349.413 8.51546
349.533 8.51573
349.653 8.51599
349.773 8.51626
349.894 8.51653
350.014 8.51679
350.134 8.51706
350.255 8.51733
350.375 8.5176
350.495 8.51786
350.615 8.51813
350.736 8.5184
350.856 8.51866
350.976 8.51893
351.097 8.51919
351.217 8.51946
351.337 8.51973
351.458 8.51999
351.578 8.52026
351.698 8.52052
351.819 8.52079
351.939 8.52106
352.059 8.52132
352.18 8.52159
352.3 8.52185
352.42 8.52212
352.541 8.52238
352.661 8.52265
352.781 8.52291
352.902 8.52318
353.022 8.52344
353.142 8.52371
353.263 8.52397
353.383 8.52424
353.504 8.5245
353.624 8.52476
353.744 8.52503
353.865 8.52529
353.985 8.52556
354.106 8.52582
354.226 8.52608
354.346 8.52635
354.467 8.52661
354.587 8.52687
354.708 8.52714
354.828 8.5274
354.949 8.52766
355.069 8.52793
355.189 8.52819
355.31 8.52845
355.43 8.52872
355.551 8.52898
355.671 8.52924
355.792 8.5295
355.912 8.52977
356.033 8.53003
356.153 8.53029
356.274 8.53055
356.394 8.53081
356.515 8.53108
356.635 8.53134
356.756 8.5316
356.876 8.53186
356.997 8.53212
357.117 8.53238
357.238 8.53264
357.358 8.53291
357.479 8.53317
357.599 8.53343
357.72 8.53369
357.84 8.53395
357.961 8.53421
358.082 8.53447
358.202 8.53473
358.323 8.53499
358.443 8.53525
358.564 8.53551
358.684 8.53577
358.805 8.53603
358.925 8.53629
359.046 8.53655
359.167 8.53681
359.287 8.53707
359.408 8.53733
359.528 8.53759
359.649 8.53785
359.77 8.53811
359.89 8.53837
360.011 8.53863
360.131 8.53889
360.252 8.53914
360.373 8.5394
360.493 8.53966
360.614 8.53992
360.735 8.54018
360.855 8.54044
360.976 8.54069
361.097 8.54095
361.217 8.54121
361.338 8.54147
361.459 8.54173
361.579 8.54198
361.7 8.54224
361.821 8.5425
361.941 8.54276
362.062 8.54301
362.183 8.54327
362.303 8.54353
362.424 8.54379
362.545 8.54404
362.665 8.5443
362.786 8.54456
362.907 8.54481
363.028 8.54507
363.148 8.54533
363.269 8.54558
363.39 8.54584
363.511 8.54609
363.631 8.54635
363.752 8.54661
363.873 8.54686
363.994 8.54712
364.114 8.54737
364.235 8.54763
364.356 8.54788
364.477 8.54814
364.597 8.5484
364.718 8.54865
364.839 8.54891
364.96 8.54916
365.08 8.54942
365.201 8.54967
365.322 8.54993
365.443 8.55018
365.564 8.55044
365.684 8.55069
365.805 8.55094
365.926 8.5512
366.047 8.55145
366.168 8.55171
366.289 8.55196
366.409 8.55222
366.53 8.55247
366.651 8.55272
366.772 8.55298
366.893 8.55323
367.014 8.55348
367.134 8.55374
367.255 8.55399
367.376 8.55424
367.497 8.5545
367.618 8.55475
367.739 8.555
367.86 8.55526
367.981 8.55551
368.102 8.55576
368.222 8.55601
368.343 8.55627
368.464 8.55652
368.585 8.55677
368.706 8.55702
368.827 8.55728
368.948 8.55753
369.069 8.55778
369.19 8.55803
369.311 8.55828
369.432 8.55853
369.553 8.55879
369.673 8.55904
369.794 8.55929
369.915 8.55954
370.036 8.55979
370.157 8.56004
370.278 8.56029
370.399 8.56054
370.52 8.5608
370.641 8.56105
370.762 8.5613
370.883 8.56155
371.004 8.5618
371.125 8.56205
371.246 8.5623
371.367 8.56255
371.488 8.5628
371.609 8.56305
371.73 8.5633
371.851 8.56355
371.972 8.5638
372.093 8.56405
372.214 8.5643
372.335 8.56455
372.456 8.5648
372.577 8.56505
372.698 8.5653
372.819 8.56555
372.94 8.56579
373.061 8.56604
373.183 8.56629
373.304 8.56654
373.425 8.56679
373.546 8.56704
373.667 8.56729
373.788 8.56754
373.909 8.56778
374.03 8.56803
374.151 8.56828
374.272 8.56853
374.393 8.56878
374.514 8.56902
374.636 8.56927
374.757 8.56952
374.878 8.56977
374.999 8.57001
375.12 8.57026
375.241 8.57051
375.362 8.57076
375.483 8.571
375.605 8.57125
375.726 8.5715
375.847 8.57174
375.968 8.57199
376.089 8.57224
376.21 8.57248
376.331 8.57273
376.453 8.57298
376.574 8.57322
376.695 8.57347
376.816 8.57372
376.937 8.57396
377.059 8.57421
377.18 8.57445
377.301 8.5747
377.422 8.57495
377.543 8.57519
377.664 8.57544
377.786 8.57568
377.907 8.57593
378.028 8.57617
378.149 8.57642
378.271 8.57666
378.392 8.57691
378.513 8.57715
378.634 8.5774
378.756 8.57764
378.877 8.57789
378.998 8.57813
379.119 8.57838
379.241 8.57862
379.362 8.57887
379.483 8.57911
379.604 8.57935
379.726 8.5796
379.847 8.57984
379.968 8.58009
380.089 8.58033
380.211 8.58057
380.332 8.58082
380.453 8.58106
380.575 8.5813
380.696 8.58155
380.817 8.58179
380.939 8.58203
381.06 8.58228
381.181 8.58252
381.302 8.58276
381.424 8.58301
381.545 8.58325
381.666 8.58349
381.788 8.58374
381.909 8.58398
382.03 8.58422
382.152 8.58446
382.273 8.5847
382.395 8.58495
382.516 8.58519
382.637 8.58543
382.759 8.58567
382.88 8.58592
383.001 8.58616
383.123 8.5864
383.244 8.58664
383.366 8.58688
383.487 8.58712
383.608 8.58736
383.73 8.58761
383.851 8.58785
383.973 8.58809
384.094 8.58833
384.215 8.58857
384.337 8.58881
384.458 8.58905
384.58 8.58929
384.701 8.58953
384.823 8.58977
384.944 8.59001
385.065 8.59025
385.187 8.59049
385.308 8.59073
385.43 8.59097
385.551 8.59122
385.673 8.59146
385.794 8.59169
385.916 8.59193
386.037 8.59217
386.159 8.59241
386.28 8.59265
386.402 8.59289
386.523 8.59313
386.645 8.59337
386.766 8.59361
386.887 8.59385
387.009 8.59409
387.13 8.59433
387.252 8.59457
387.374 8.5948
387.495 8.59504
387.617 8.59528
387.738 8.59552
387.86 8.59576
387.981 8.596
388.103 8.59624
388.224 8.59647
388.346 8.59671
388.467 8.59695
388.589 8.59719
388.71 8.59743
388.832 8.59766
388.954 8.5979
389.075 8.59814
389.197 8.59838
389.318 8.59861
389.44 8.59885
389.561 8.59909
389.683 8.59933
389.805 8.59956
389.926 8.5998
390.048 8.60004
390.169 8.60027
390.291 8.60051
390.413 8.60075
390.534 8.60098
390.656 8.60122
390.777 8.60146
390.899 8.60169
391.021 8.60193
391.142 8.60217
391.264 8.6024
391.386 8.60264
391.507 8.60287
391.629 8.60311
391.751 8.60334
391.872 8.60358
391.994 8.60382
392.116 8.60405
392.237 8.60429
392.359 8.60452
392.481 8.60476
392.602 8.60499
392.724 8.60523
392.846 8.60546
392.967 8.6057
393.089 8.60593
393.211 8.60617
393.332 8.6064
393.454 8.60664
393.576 8.60687
393.698 8.60711
393.819 8.60734
393.941 8.60757
394.063 8.60781
394.184 8.60804
394.306 8.60828
394.428 8.60851
394.55 8.60874
394.671 8.60898
394.793 8.60921
394.915 8.60945
395.037 8.60968
395.158 8.60991
395.28 8.61015
395.402 8.61038
395.524 8.61061
395.645 8.61085
395.767 8.61108
395.889 8.61131
396.011 8.61155
396.133 8.61178
396.254 8.61201
396.376 8.61224
396.498 8.61248
396.62 8.61271
396.742 8.61294
396.863 8.61317
396.985 8.61341
397.107 8.61364
397.229 8.61387
397.351 8.6141
397.472 8.61434
397.594 8.61457
397.716 8.6148
397.838 8.61503
397.96 8.61526
398.082 8.61549
398.204 8.61573
398.325 8.61596
398.447 8.61619
398.569 8.61642
398.691 8.61665
398.813 8.61688
398.935 8.61711
399.057 8.61734
399.178 8.61757
399.3 8.61781
399.422 8.61804
399.544 8.61827
399.666 8.6185
399.788 8.61873
399.91 8.61896
400.032 8.61919
400.154 8.61942
400.276 8.61965
400.397 8.61988
400.519 8.62011
400.641 8.62034
400.763 8.62057
400.885 8.6208
401.007 8.62103
401.129 8.62126
401.251 8.62149
401.373 8.62172
401.495 8.62195
401.617 8.62218
401.739 8.62241
401.861 8.62263
401.983 8.62286
402.105 8.62309
402.227 8.62332
402.349 8.62355
402.471 8.62378
402.593 8.62401
402.715 8.62424
402.837 8.62447
402.958 8.62469
403.081 8.62492
403.203 8.62515
403.325 8.62538
403.447 8.62561
403.569 8.62584
403.691 8.62606
403.813 8.62629
403.935 8.62652
404.057 8.62675
404.179 8.62698
404.301 8.6272
404.423 8.62743
404.545 8.62766
404.667 8.62789
404.789 8.62811
404.911 8.62834
405.033 8.62857
405.155 8.62879
405.277 8.62902
405.399 8.62925
405.521 8.62947
405.643 8.6297
405.765 8.62993
405.887 8.63016
406.01 8.63038
406.132 8.63061
406.254 8.63084
406.376 8.63106
406.498 8.63129
406.62 8.63151
406.742 8.63174
406.864 8.63197
406.986 8.63219
407.108 8.63242
407.231 8.63264
407.353 8.63287
407.475 8.6331
407.597 8.63332
407.719 8.63355
407.841 8.63377
407.963 8.634
408.086 8.63422
408.208 8.63445
408.33 8.63467
408.452 8.6349
408.574 8.63512
408.696 8.63535
408.818 8.63557
408.941 8.6358
409.063 8.63602
409.185 8.63625
409.307 8.63647
409.429 8.6367
409.552 8.63692
409.674 8.63714
409.796 8.63737
409.918 8.63759
410.04 8.63782
410.163 8.63804
410.285 8.63826
410.407 8.63849
410.529 8.63871
410.651 8.63894
410.774 8.63916
410.896 8.63938
411.018 8.63961
411.14 8.63983
411.263 8.64005
411.385 8.64028
411.507 8.6405
411.629 8.64072
411.752 8.64095
411.874 8.64117
411.996 8.64139
412.118 8.64162
412.241 8.64184
412.363 8.64206
412.485 8.64228
412.607 8.64251
412.73 8.64273
412.852 8.64295
412.974 8.64317
413.097 8.6434
413.219 8.64362
413.341 8.64384
413.464 8.64406
413.586 8.64428
413.708 8.64451
413.83 8.64473
413.953 8.64495
414.075 8.64517
414.197 8.64539
414.32 8.64561
414.442 8.64584
414.564 8.64606
414.687 8.64628
414.809 8.6465
414.931 8.64672
415.054 8.64694
415.176 8.64716
415.298 8.64738
415.421 8.64761
415.543 8.64783
415.666 8.64805
415.788 8.64827
415.91 8.64849
416.033 8.64871
416.155 8.64893
416.277 8.64915
416.4 8.64937
416.522 8.64959
416.645 8.64981
416.767 8.65003
416.889 8.65025
417.012 8.65047
417.134 8.65069
417.257 8.65091
417.379 8.65113
417.501 8.65135
417.624 8.65157
417.746 8.65179
417.869 8.65201
417.991 8.65223
418.114 8.65245
418.236 8.65267
418.359 8.65288
418.481 8.6531
418.603 8.65332
418.726 8.65354
418.848 8.65376
418.971 8.65398
419.093 8.6542
419.216 8.65442
419.338 8.65464
419.461 8.65485
419.583 8.65507
419.706 8.65529
419.828 8.65551
419.951 8.65573
420.073 8.65595
420.196 8.65616
420.318 8.65638
420.441 8.6566
420.563 8.65682
420.686 8.65704
420.808 8.65725
420.931 8.65747
421.053 8.65769
421.176 8.65791
421.298 8.65812
421.421 8.65834
421.543 8.65856
421.666 8.65878
421.788 8.65899
421.911 8.65921
422.033 8.65943
422.156 8.65965
422.279 8.65986
422.401 8.66008
422.524 8.66029
422.646 8.66051
422.769 8.66073
422.891 8.66094
423.014 8.66116
423.137 8.66138
423.259 8.66159
423.382 8.66181
423.504 8.66203
423.627 8.66224
423.75 8.66246
423.872 8.66267
423.995 8.66289
424.117 8.66311
424.24 8.66332
424.363 8.66354
424.485 8.66375
424.608 8.66397
424.73 8.66418
424.853 8.6644
424.976 8.66461
425.098 8.66483
425.221 8.66505
425.344 8.66526
425.466 8.66548
425.589 8.66569
425.712 8.66591
425.834 8.66612
425.957 8.66634
426.079 8.66655
426.202 8.66676
426.325 8.66698
426.448 8.66719
426.57 8.66741
426.693 8.66762
426.816 8.66784
426.938 8.66805
427.061 8.66827
427.184 8.66848
427.306 8.66869
427.429 8.66891
427.552 8.66912
427.674 8.66934
427.797 8.66955
427.92 8.66976
428.043 8.66998
428.165 8.67019
428.288 8.6704
428.411 8.67062
428.534 8.67083
428.656 8.67104
428.779 8.67126
428.902 8.67147
429.024 8.67168
429.147 8.6719
429.27 8.67211
429.393 8.67232
429.515 8.67253
429.638 8.67275
429.761 8.67296
429.884 8.67317
430.007 8.67339
430.129 8.6736
430.252 8.67381
430.375 8.67402
430.498 8.67424
430.62 8.67445
430.743 8.67466
430.866 8.67487
430.989 8.67508
431.112 8.6753
431.234 8.67551
431.357 8.67572
431.48 8.67593
431.603 8.67614
431.726 8.67635
431.849 8.67657
431.971 8.67678
432.094 8.67699
432.217 8.6772
432.34 8.67741
432.463 8.67762
432.586 8.67783
432.708 8.67805
432.831 8.67826
432.954 8.67847
433.077 8.67868
433.2 8.67889
433.323 8.6791
433.446 8.67931
433.568 8.67952
433.691 8.67973
433.814 8.67994
433.937 8.68015
434.06 8.68036
434.183 8.68057
434.306 8.68078
434.429 8.68099
434.552 8.6812
434.674 8.68141
434.797 8.68162
434.92 8.68183
435.043 8.68204
435.166 8.68225
435.289 8.68246
435.412 8.68267
435.535 8.68288
435.658 8.68309
435.781 8.6833
435.904 8.68351
436.027 8.68372
436.149 8.68393
436.272 8.68414
436.395 8.68435
436.518 8.68456
436.641 8.68476
436.764 8.68497
436.887 8.68518
437.01 8.68539
437.133 8.6856
437.256 8.68581
437.379 8.68602
437.502 8.68623
437.625 8.68644
437.748 8.68664
437.871 8.68685
437.994 8.68706
438.117 8.68727
438.24 8.68748
438.363 8.68768
438.486 8.68789
438.609 8.6881
438.732 8.68831
438.855 8.68852
438.978 8.68872
439.101 8.68893
439.224 8.68914
439.347 8.68935
439.47 8.68956
439.593 8.68976
439.716 8.68997
439.839 8.69018
439.962 8.69038
440.085 8.69059
440.208 8.6908
440.331 8.691
440.454 8.69121
440.578 8.69142
440.701 8.69162
440.824 8.69183
440.947 8.69204
441.07 8.69225
441.193 8.69245
441.316 8.69266
441.439 8.69287
441.562 8.69307
441.685 8.69328
441.808 8.69348
441.931 8.69369
442.055 8.6939
442.178 8.6941
442.301 8.69431
442.424 8.69451
442.547 8.69472
442.67 8.69493
442.793 8.69513
442.916 8.69534
443.039 8.69554
443.163 8.69575
443.286 8.69595
443.409 8.69616
443.532 8.69636
443.655 8.69657
443.778 8.69677
443.901 8.69698
444.025 8.69718
444.148 8.69739
444.271 8.69759
444.394 8.6978
444.517 8.698
444.64 8.69821
444.764 8.69841
444.887 8.69862
445.01 8.69882
445.133 8.69903
445.256 8.69923
445.38 8.69944
445.503 8.69964
445.626 8.69985
445.749 8.70005
445.872 8.70025
445.996 8.70046
446.119 8.70066
446.242 8.70087
446.365 8.70107
446.488 8.70127
446.612 8.70148
446.735 8.70168
446.858 8.70189
446.981 8.70209
447.105 8.70229
447.228 8.7025
447.351 8.7027
447.474 8.7029
447.597 8.7031
447.721 8.70331
447.844 8.70351
447.967 8.70371
448.091 8.70392
448.214 8.70412
448.337 8.70432
448.46 8.70453
448.584 8.70473
448.707 8.70493
448.83 8.70514
448.953 8.70534
449.077 8.70554
449.2 8.70574
449.323 8.70595
449.447 8.70615
449.57 8.70635
449.693 8.70655
449.816 8.70675
449.94 8.70696
450.063 8.70716
450.186 8.70736
450.31 8.70756
450.433 8.70776
450.556 8.70797
450.68 8.70817
450.803 8.70837
450.926 8.70857
451.05 8.70877
451.173 8.70897
451.296 8.70918
451.42 8.70938
451.543 8.70958
451.666 8.70978
451.79 8.70998
451.913 8.71018
452.037 8.71038
452.16 8.71058
452.283 8.71078
452.407 8.71099
452.53 8.71119
452.653 8.71139
452.777 8.71159
452.9 8.71179
453.024 8.71199
453.147 8.71219
453.27 8.71239
453.394 8.71259
453.517 8.71279
453.641 8.71299
453.764 8.71319
453.887 8.71339
454.011 8.71359
454.134 8.71379
454.258 8.71399
454.381 8.71419
454.504 8.71439
454.628 8.71459
454.751 8.71479
454.875 8.71499
454.998 8.71519
455.122 8.71539
455.245 8.71559
455.369 8.71579
455.492 8.71599
455.615 8.71619
455.739 8.71639
455.862 8.71659
455.986 8.71679
456.109 8.71698
456.233 8.71718
456.356 8.71738
456.48 8.71758
456.603 8.71778
456.727 8.71798
456.85 8.71818
456.974 8.71838
457.097 8.71857
457.221 8.71877
457.344 8.71897
457.468 8.71917
457.591 8.71937
457.715 8.71957
457.838 8.71976
457.962 8.71996
458.085 8.72016
458.209 8.72036
458.332 8.72056
458.456 8.72076
458.579 8.72095
458.703 8.72115
458.827 8.72135
458.95 8.72155
459.074 8.72174
459.197 8.72194
459.321 8.72214
459.444 8.72234
459.568 8.72253
459.691 8.72273
459.815 8.72293
459.939 8.72313
460.062 8.72332
460.186 8.72352
460.309 8.72372
460.433 8.72392
460.556 8.72411
460.68 8.72431
460.804 8.72451
460.927 8.7247
461.051 8.7249
461.174 8.72509
461.298 8.72529
461.422 8.72549
461.545 8.72568
461.669 8.72588
461.792 8.72608
461.916 8.72627
462.04 8.72647
462.163 8.72667
462.287 8.72686
462.411 8.72706
462.534 8.72726
462.658 8.72745
462.781 8.72765
462.905 8.72784
463.029 8.72804
463.152 8.72823
463.276 8.72843
463.4 8.72862
463.523 8.72882
463.647 8.72902
463.771 8.72921
463.894 8.72941
464.018 8.7296
464.142 8.7298
464.265 8.72999
464.389 8.73019
464.513 8.73038
464.636 8.73058
464.76 8.73077
464.884 8.73097
465.007 8.73116
465.131 8.73136
465.255 8.73155
465.379 8.73175
465.502 8.73194
465.626 8.73213
465.75 8.73233
465.873 8.73252
465.997 8.73272
466.121 8.73291
466.245 8.73311
466.368 8.7333
466.492 8.7335
466.616 8.73369
466.74 8.73388
466.863 8.73408
466.987 8.73427
467.111 8.73447
467.235 8.73466
467.358 8.73485
467.482 8.73505
467.606 8.73524
467.73 8.73543
467.853 8.73563
467.977 8.73582
468.101 8.73601
468.225 8.73621
468.348 8.7364
468.472 8.7366
468.596 8.73679
468.72 8.73698
468.844 8.73717
468.967 8.73737
469.091 8.73756
469.215 8.73775
469.339 8.73795
469.463 8.73814
469.586 8.73833
469.71 8.73852
469.834 8.73872
469.958 8.73891
470.082 8.7391
470.206 8.73929
470.329 8.73949
470.453 8.73968
470.577 8.73987
470.701 8.74006
470.825 8.74026
470.949 8.74045
471.072 8.74064
471.196 8.74083
471.32 8.74102
471.444 8.74121
471.568 8.74141
471.692 8.7416
471.816 8.74179
471.939 8.74198
472.063 8.74217
472.187 8.74236
472.311 8.74256
472.435 8.74275
472.559 8.74294
472.683 8.74313
472.807 8.74332
472.931 8.74352
473.054 8.74371
473.178 8.7439
473.302 8.74409
473.426 8.74428
473.55 8.74447
473.674 8.74466
473.798 8.74485
473.922 8.74504
474.046 8.74523
474.17 8.74542
474.294 8.74561
474.417 8.7458
474.541 8.74599
474.665 8.74619
474.789 8.74638
474.913 8.74657
475.037 8.74676
475.161 8.74695
475.285 8.74714
475.409 8.74733
475.533 8.74752
475.657 8.74771
475.781 8.7479
475.905 8.74809
476.029 8.74828
476.153 8.74847
476.277 8.74866
476.401 8.74885
476.525 8.74903
476.649 8.74922
476.773 8.74941
476.897 8.7496
477.021 8.74979
477.145 8.74998
477.269 8.75017
477.393 8.75036
477.517 8.75055
477.641 8.75074
477.765 8.75093
477.889 8.75112
478.013 8.75131
478.137 8.75149
478.261 8.75168
478.385 8.75187
478.509 8.75206
478.633 8.75225
478.757 8.75244
478.881 8.75263
479.005 8.75282
479.129 8.75301
479.253 8.75319
479.377 8.75338
479.501 8.75357
479.625 8.75376
479.749 8.75395
479.873 8.75413
479.997 8.75432
480.122 8.75451
480.246 8.7547
480.37 8.75489
480.494 8.75507
480.618 8.75526
480.742 8.75545
480.866 8.75564
480.99 8.75583
481.114 8.75601
481.238 8.7562
481.362 8.75639
481.487 8.75658
481.611 8.75676
481.735 8.75695
481.859 8.75714
481.983 8.75732
482.107 8.75751
482.231 8.7577
482.355 8.75788
482.479 8.75807
482.604 8.75826
482.728 8.75845
482.852 8.75863
482.976 8.75882
483.1 8.75901
483.224 8.75919
483.348 8.75938
483.473 8.75957
483.597 8.75975
483.721 8.75994
483.845 8.76013
483.969 8.76031
484.093 8.7605
484.218 8.76068
484.342 8.76087
484.466 8.76106
484.59 8.76124
484.714 8.76143
484.838 8.76161
484.963 8.7618
485.087 8.76199
485.211 8.76217
485.335 8.76236
485.459 8.76254
485.584 8.76273
485.708 8.76292
485.832 8.7631
485.956 8.76329
486.08 8.76347
486.205 8.76366
486.329 8.76384
486.453 8.76403
486.577 8.76421
486.702 8.7644
486.826 8.76458
486.95 8.76477
487.074 8.76495
487.199 8.76514
487.323 8.76532
487.447 8.76551
487.571 8.76569
487.695 8.76588
487.82 8.76606
487.944 8.76625
488.068 8.76643
488.193 8.76662
488.317 8.7668
488.441 8.76699
488.565 8.76717
488.69 8.76735
488.814 8.76754
488.938 8.76772
489.062 8.76791
489.187 8.76809
489.311 8.76828
489.435 8.76846
489.56 8.76864
489.684 8.76883
489.808 8.76901
489.933 8.7692
490.057 8.76938
490.181 8.76956
490.305 8.76975
490.43 8.76993
490.554 8.77012
490.678 8.7703
490.803 8.77048
490.927 8.77067
491.051 8.77085
491.176 8.77103
491.3 8.77121
491.424 8.7714
491.549 8.77158
491.673 8.77176
491.797 8.77195
491.922 8.77213
492.046 8.77231
492.171 8.7725
492.295 8.77268
492.419 8.77286
492.544 8.77305
492.668 8.77323
492.792 8.77341
492.917 8.77359
493.041 8.77378
493.165 8.77396
493.29 8.77414
493.414 8.77432
493.539 8.7745
493.663 8.77469
493.787 8.77487
493.912 8.77505
494.036 8.77523
494.161 8.77542
494.285 8.7756
494.409 8.77578
494.534 8.77596
494.658 8.77614
494.783 8.77633
494.907 8.77651
495.032 8.77669
495.156 8.77687
495.28 8.77705
495.405 8.77724
495.529 8.77742
495.654 8.7776
495.778 8.77778
495.903 8.77796
496.027 8.77814
496.152 8.77832
496.276 8.7785
496.4 8.77868
496.525 8.77887
496.649 8.77905
496.774 8.77923
496.898 8.77941
497.023 8.77959
497.147 8.77977
497.272 8.77995
497.396 8.78013
497.521 8.78032
497.645 8.7805
497.77 8.78068
497.894 8.78086
498.019 8.78104
498.143 8.78122
498.268 8.7814
498.392 8.78158
498.517 8.78176
498.641 8.78194
498.766 8.78212
498.89 8.7823
499.015 8.78248
499.139 8.78266
499.264 8.78284
499.388 8.78302
499.513 8.7832
499.637 8.78338
499.762 8.78356
499.886 8.78374
500.011 8.78392
500.135 8.7841
500.26 8.78428
500.385 8.78446
500.509 8.78464
500.634 8.78482
500.758 8.785
500.883 8.78517
501.007 8.78535
501.132 8.78553
501.257 8.78571
501.381 8.78589
501.506 8.78607
501.63 8.78625
501.755 8.78643
501.879 8.78661
502.004 8.78679
502.129 8.78697
502.253 8.78715
502.378 8.78732
502.502 8.7875
502.627 8.78768
502.752 8.78786
502.876 8.78804
503.001 8.78822
503.125 8.78839
503.25 8.78857
503.375 8.78875
503.499 8.78893
503.624 8.78911
503.748 8.78929
503.873 8.78946
503.998 8.78964
504.122 8.78982
504.247 8.79
504.372 8.79018
504.496 8.79036
504.621 8.79053
504.746 8.79071
504.87 8.79089
504.995 8.79107
505.12 8.79124
505.244 8.79142
505.369 8.7916
505.494 8.79178
505.618 8.79195
505.743 8.79213
505.868 8.79231
505.992 8.79249
506.117 8.79266
506.242 8.79284
506.366 8.79302
506.491 8.7932
506.616 8.79337
506.74 8.79355
506.865 8.79373
506.99 8.79391
507.114 8.79408
507.239 8.79426
507.364 8.79444
507.489 8.79461
507.613 8.79479
507.738 8.79496
507.863 8.79514
507.987 8.79532
508.112 8.79549
508.237 8.79567
508.362 8.79585
508.486 8.79602
508.611 8.7962
508.736 8.79638
508.861 8.79655
508.985 8.79673
509.11 8.79691
509.235 8.79708
509.36 8.79726
509.484 8.79743
509.609 8.79761
509.734 8.79779
509.859 8.79796
509.983 8.79814
510.108 8.79831
510.233 8.79849
510.358 8.79866
510.483 8.79884
510.607 8.79902
510.732 8.79919
510.857 8.79937
510.982 8.79954
511.106 8.79972
511.231 8.79989
511.356 8.80007
511.481 8.80024
511.606 8.80042
511.73 8.80059
511.855 8.80077
511.98 8.80095
512.105 8.80112
512.23 8.8013
512.355 8.80147
512.479 8.80164
512.604 8.80182
512.729 8.80199
512.854 8.80217
512.979 8.80234
513.103 8.80252
513.228 8.80269
513.353 8.80287
513.478 8.80304
513.603 8.80322
513.728 8.80339
513.853 8.80356
513.977 8.80374
514.102 8.80391
514.227 8.80409
514.352 8.80426
514.477 8.80444
514.602 8.80461
514.727 8.80478
514.852 8.80496
514.976 8.80513
515.101 8.80531
515.226 8.80548
515.351 8.80565
515.476 8.80583
515.601 8.806
515.726 8.80617
515.851 8.80635
515.975 8.80652
516.1 8.80669
516.225 8.80687
516.35 8.80704
516.475 8.80721
516.6 8.80739
516.725 8.80756
516.85 8.80774
516.975 8.80791
517.1 8.80808
517.225 8.80826
517.35 8.80843
517.475 8.8086
517.6 8.80877
517.724 8.80895
517.849 8.80912
517.974 8.80929
518.099 8.80946
518.224 8.80964
518.349 8.80981
518.474 8.80998
518.599 8.81015
518.724 8.81033
518.849 8.8105
518.974 8.81067
519.099 8.81084
519.224 8.81102
519.349 8.81119
519.474 8.81136
519.599 8.81153
519.724 8.81171
519.849 8.81188
519.974 8.81205
520.099 8.81222
520.224 8.81239
520.349 8.81257
520.474 8.81274
520.599 8.81291
520.724 8.81308
520.849 8.81325
520.974 8.81342
521.099 8.8136
521.224 8.81377
521.349 8.81394
521.474 8.81411
521.599 8.81428
