0 0
0.0862319 -0.0506366
0.167413 -0.101251
0.24356 -0.15182
0.314689 -0.202321
0.380822 -0.252731
0.44198 -0.303025
0.49819 -0.353181
0.549479 -0.403174
0.595876 -0.45298
0.637412 -0.502576
0.674123 -0.551937
0.706043 -0.60104
0.733211 -0.649862
0.755667 -0.698379
0.773452 -0.746569
0.78661 -0.794408
0.795184 -0.841877
0.799223 -0.888952
0.798773 -0.935615
0.793884 -0.981844
0.784607 -1.02762
0.770992 -1.07293
0.753092 -1.11775
0.730961 -1.16207
0.704654 -1.20586
0.674224 -1.24913
0.639728 -1.29184
0.601222 -1.334
0.558763 -1.37559
0.512408 -1.4166
0.462213 -1.45703
0.408238 -1.49685
0.350539 -1.53608
0.289174 -1.57469
0.224201 -1.6127
0.155678 -1.65009
0.0836629 -1.68686
0.00821247 -1.72301
-0.0706159 -1.75855
-0.152765 -1.79347
-0.238179 -1.82777
-0.326801 -1.86146
-0.418575 -1.89453
-0.513447 -1.927
-0.611361 -1.95887
-0.712264 -1.99014
-0.816101 -2.02083
-0.922821 -2.05092
-1.03237 -2.08044
-1.1447 -2.10939
-1.25975 -2.13778
-1.37748 -2.16561
-1.49783 -2.1929
-1.62077 -2.21965
-1.74623 -2.24587
-1.87418 -2.27158
-2.00456 -2.29677
-2.13734 -2.32147
-2.27246 -2.34567
-2.40988 -2.36939
-2.54956 -2.39264
-2.69146 -2.41543
-2.83553 -2.43777
-2.98173 -2.45967
-3.13003 -2.48113
-3.28038 -2.50216
-3.43274 -2.52279
-3.58709 -2.543
-3.74337 -2.56283
-3.90156 -2.58226
-4.06162 -2.60132
-4.22351 -2.62
-4.3872 -2.63833
-4.55267 -2.6563
-4.71986 -2.67393
-4.88876 -2.69122
-5.05933 -2.70819
-5.23155 -2.72484
-5.40537 -2.74117
-5.58078 -2.7572
-5.75775 -2.77293
-5.93624 -2.78837
-6.11623 -2.80352
-6.2977 -2.8184
-6.48061 -2.83301
-6.66495 -2.84736
-6.85068 -2.86145
-7.03779 -2.87529
-7.22625 -2.88888
-7.41603 -2.90224
-7.60712 -2.91536
-7.79949 -2.92826
-7.99312 -2.94093
-8.18799 -2.95338
-8.38408 -2.96563
-8.58137 -2.97766
-8.77984 -2.9895
-8.97947 -3.00113
-9.18024 -3.01258
-9.38214 -3.02384
-9.58513 -3.03491
-9.78922 -3.0458
-9.99438 -3.05652
-10.2006 -3.06707
-10.4078 -3.07745
-10.6161 -3.08767
-10.8254 -3.09772
-11.0356 -3.10763
-11.2469 -3.11737
-11.4591 -3.12697
-11.6722 -3.13643
-11.8863 -3.14574
-12.1013 -3.15491
-12.3172 -3.16394
-12.534 -3.17284
-12.7517 -3.18162
-12.9702 -3.19026
-13.1896 -3.19878
-13.4098 -3.20717
-13.6309 -3.21545
-13.8527 -3.22361
-14.0754 -3.23165
-14.2989 -3.23959
-14.5232 -3.24741
-14.7482 -3.25513
-14.974 -3.26273
-15.2006 -3.27024
-15.4279 -3.27765
-15.6559 -3.28495
-15.8847 -3.29216
-16.1141 -3.29928
-16.3443 -3.3063
-16.5752 -3.31323
-16.8067 -3.32007
-17.039 -3.32682
-17.2719 -3.33349
-17.5054 -3.34007
-17.7397 -3.34657
-17.9745 -3.35299
-18.21 -3.35933
-18.4462 -3.36559
-18.6829 -3.37177
-18.9203 -3.37788
-19.1582 -3.38392
-19.3968 -3.38988
-19.636 -3.39577
-19.8757 -3.40159
-20.116 -3.40735
-20.3569 -3.41303
-20.5984 -3.41865
-20.8404 -3.42421
-21.083 -3.4297
-21.3261 -3.43513
-21.5698 -3.4405
-21.814 -3.44581
-22.0587 -3.45106
-22.3039 -3.45625
-22.5497 -3.46138
-22.7959 -3.46646
-23.0427 -3.47148
-23.29 -3.47645
-23.5377 -3.48136
-23.786 -3.48622
-24.0347 -3.49103
-24.284 -3.49579
-24.5336 -3.5005
-24.7838 -3.50516
-25.0344 -3.50977
-25.2855 -3.51434
-25.537 -3.51885
-25.789 -3.52332
-26.0415 -3.52775
-26.2943 -3.53213
-26.5476 -3.53647
-26.8014 -3.54077
-27.0555 -3.54502
-27.3101 -3.54923
-27.5651 -3.5534
-27.8206 -3.55753
-28.0764 -3.56162
-28.3327 -3.56567
-28.5893 -3.56968
-28.8463 -3.57365
-29.1038 -3.57759
-29.3616 -3.58149
-29.6198 -3.58535
-29.8785 -3.58918
-30.1374 -3.59297
-30.3968 -3.59673
-30.6566 -3.60045
-30.9167 -3.60414
-31.1771 -3.60779
-31.438 -3.61142
-31.6992 -3.61501
-31.9608 -3.61856
-32.2227 -3.62209
-32.485 -3.62559
-32.7476 -3.62905
-33.0105 -3.63249
-33.2738 -3.63589
-33.5375 -3.63927
-33.8015 -3.64262
-34.0658 -3.64594
-34.3304 -3.64923
-34.5954 -3.65249
-34.8607 -3.65573
-35.1263 -3.65894
-35.3923 -3.66212
-35.6585 -3.66528
-35.9251 -3.66841
-36.192 -3.67151
-36.4592 -3.67459
-36.7267 -3.67765
-36.9945 -3.68068
-37.2626 -3.68368
-37.5311 -3.68666
-37.7998 -3.68962
-38.0688 -3.69256
-38.3381 -3.69547
-38.6077 -3.69836
-38.8775 -3.70123
-39.1477 -3.70407
-39.4181 -3.70689
-39.6889 -3.7097
-39.9599 -3.71248
-40.2312 -3.71524
-40.5027 -3.71797
-40.7746 -3.72069
-41.0467 -3.72339
-41.319 -3.72607
-41.5917 -3.72872
-41.8646 -3.73136
-42.1378 -3.73398
-42.4112 -3.73658
-42.6849 -3.73916
-42.9588 -3.74172
-43.233 -3.74427
-43.5075 -3.74679
-43.7822 -3.7493
-44.0572 -3.75179
-44.3324 -3.75426
-44.6078 -3.75671
-44.8835 -3.75915
-45.1595 -3.76157
-45.4357 -3.76398
-45.7121 -3.76636
-45.9888 -3.76873
-46.2657 -3.77109
-46.5428 -3.77342
-46.8202 -3.77575
-47.0978 -3.77805
-47.3756 -3.78034
-47.6537 -3.78262
-47.9319 -3.78488
-48.2105 -3.78713
-48.4892 -3.78936
-48.7682 -3.79157
-49.0473 -3.79377
-49.3267 -3.79596
-49.6064 -3.79813
-49.8862 -3.80029
-50.1663 -3.80244
-50.4465 -3.80457
-50.727 -3.80669
-51.0077 -3.80879
-51.2886 -3.81088
-51.5697 -3.81296
-51.851 -3.81502
-52.1325 -3.81707
-52.4143 -3.81911
-52.6962 -3.82114
-52.9783 -3.82315
-53.2607 -3.82515
-53.5432 -3.82714
-53.8259 -3.82912
-54.1089 -3.83108
-54.392 -3.83303
-54.6753 -3.83497
-54.9588 -3.8369
-55.2425 -3.83882
-55.5264 -3.84073
-55.8105 -3.84262
-56.0948 -3.84451
-56.3793 -3.84638
-56.6639 -3.84824
-56.9488 -3.85009
-57.2338 -3.85193
-57.519 -3.85376
-57.8044 -3.85558
-58.09 -3.85738
-58.3757 -3.85918
-58.6617 -3.86097
-58.9478 -3.86275
-59.2341 -3.86451
-59.5205 -3.86627
-59.8072 -3.86802
-60.094 -3.86975
-60.381 -3.87148
-60.6682 -3.8732
-60.9555 -3.87491
-61.243 -3.87661
-61.5307 -3.87829
-61.8185 -3.87998
-62.1065 -3.88165
-62.3947 -3.88331
-62.683 -3.88496
-62.9716 -3.8866
-63.2602 -3.88824
-63.5491 -3.88987
-63.8381 -3.89148
-64.1272 -3.89309
-64.4165 -3.89469
-64.706 -3.89628
-64.9957 -3.89787
-65.2855 -3.89944
-65.5754 -3.90101
-65.8655 -3.90257
-66.1558 -3.90412
-66.4462 -3.90566
-66.7368 -3.90719
-67.0275 -3.90872
-67.3184 -3.91024
-67.6095 -3.91175
-67.9007 -3.91325
-68.192 -3.91475
-68.4835 -3.91624
-68.7751 -3.91772
-69.0669 -3.91919
-69.3588 -3.92066
-69.6509 -3.92211
-69.9431 -3.92357
-70.2355 -3.92501
-70.528 -3.92645
-70.8207 -3.92788
-71.1135 -3.9293
-71.4064 -3.93071
-71.6995 -3.93212
-71.9927 -3.93352
-72.2861 -3.93492
-72.5796 -3.93631
-72.8732 -3.93769
-73.167 -3.93906
-73.4609 -3.94043
-73.755 -3.94179
-74.0491 -3.94315
-74.3435 -3.9445
-74.6379 -3.94584
-74.9325 -3.94718
-75.2272 -3.94851
-75.5221 -3.94983
-75.8171 -3.95115
-76.1122 -3.95246
-76.4075 -3.95376
-76.7029 -3.95506
-76.9984 -3.95636
-77.294 -3.95764
-77.5898 -3.95892
-77.8857 -3.9602
-78.1817 -3.96147
-78.4779 -3.96273
-78.7742 -3.96399
-79.0706 -3.96524
-79.3671 -3.96649
-79.6638 -3.96773
-79.9605 -3.96897
-80.2574 -3.9702
-80.5545 -3.97142
-80.8516 -3.97264
-81.1489 -3.97386
-81.4463 -3.97506
-81.7438 -3.97627
-82.0414 -3.97746
-82.3392 -3.97866
-82.6371 -3.97985
-82.9351 -3.98103
-83.2332 -3.9822
-83.5314 -3.98338
-83.8297 -3.98454
-84.1282 -3.98571
-84.4268 -3.98686
-84.7255 -3.98802
-85.0243 -3.98916
-85.3232 -3.99031
-85.6222 -3.99144
-85.9214 -3.99258
-86.2206 -3.9937
-86.52 -3.99483
-86.8195 -3.99595
-87.1191 -3.99706
-87.4188 -3.99817
-87.7186 -3.99927
-88.0186 -4.00037
-88.3186 -4.00147
-88.6188 -4.00256
-88.919 -4.00365
-89.2194 -4.00473
-89.5199 -4.00581
-89.8205 -4.00688
-90.1212 -4.00795
-90.422 -4.00901
-90.7229 -4.01008
-91.0239 -4.01113
-91.325 -4.01218
-91.6262 -4.01323
-91.9275 -4.01427
-92.229 -4.01531
-92.5305 -4.01635
-92.8322 -4.01738
-93.1339 -4.01841
-93.4357 -4.01943
-93.7377 -4.02045
-94.0397 -4.02147
-94.3419 -4.02248
-94.6441 -4.02348
-94.9465 -4.02449
-95.249 -4.02549
-95.5515 -4.02648
-95.8542 -4.02747
-96.1569 -4.02846
-96.4598 -4.02945
-96.7627 -4.03043
-97.0658 -4.0314
-97.3689 -4.03238
-97.6721 -4.03335
-97.9755 -4.03431
-98.2789 -4.03527
-98.5825 -4.03623
-98.8861 -4.03719
-99.1898 -4.03814
-99.4936 -4.03908
-99.7975 -4.04003
-100.102 -4.04097
-100.406 -4.04191
-100.71 -4.04284
-101.014 -4.04377
-101.319 -4.0447
-101.623 -4.04562
-101.928 -4.04654
-102.232 -4.04746
-102.537 -4.04837
-102.842 -4.04928
-103.147 -4.05019
-103.452 -4.05109
-103.757 -4.05199
-104.062 -4.05289
-104.367 -4.05378
-104.673 -4.05467
-104.978 -4.05556
-105.284 -4.05644
-105.589 -4.05732
-105.895 -4.0582
-106.201 -4.05908
-106.507 -4.05995
-106.813 -4.06082
-107.119 -4.06168
-107.425 -4.06255
-107.731 -4.06341
-108.038 -4.06426
-108.344 -4.06512
-108.651 -4.06597
-108.957 -4.06681
-109.264 -4.06766
-109.571 -4.0685
-109.878 -4.06934
-110.185 -4.07018
-110.492 -4.07101
-110.799 -4.07184
-111.106 -4.07267
-111.413 -4.07349
-111.72 -4.07432
-112.028 -4.07513
-112.335 -4.07595
-112.643 -4.07677
-112.951 -4.07758
-113.258 -4.07838
-113.566 -4.07919
-113.874 -4.07999
-114.182 -4.08079
-114.49 -4.08159
-114.798 -4.08239
-115.107 -4.08318
-115.415 -4.08397
-115.723 -4.08476
-116.032 -4.08554
-116.34 -4.08632
-116.649 -4.0871
-116.958 -4.08788
-117.267 -4.08865
-117.575 -4.08942
-117.884 -4.09019
-118.193 -4.09096
-118.503 -4.09173
-118.812 -4.09249
-119.121 -4.09325
-119.43 -4.094
-119.74 -4.09476
-120.049 -4.09551
-120.359 -4.09626
-120.668 -4.09701
-120.978 -4.09775
-121.288 -4.0985
-121.598 -4.09924
-121.908 -4.09998
-122.218 -4.10071
-122.528 -4.10145
-122.838 -4.10218
-123.148 -4.10291
-123.458 -4.10363
-123.769 -4.10436
-124.079 -4.10508
-124.39 -4.1058
-124.7 -4.10652
-125.011 -4.10723
-125.322 -4.10795
-125.632 -4.10866
-125.943 -4.10937
-126.254 -4.11007
-126.565 -4.11078
-126.876 -4.11148
-127.187 -4.11218
-127.499 -4.11288
-127.81 -4.11358
-128.121 -4.11427
-128.433 -4.11496
-128.744 -4.11565
-129.056 -4.11634
-129.367 -4.11703
-129.679 -4.11771
-129.991 -4.11839
-130.303 -4.11907
-130.615 -4.11975
-130.927 -4.12043
-131.239 -4.1211
-131.551 -4.12177
-131.863 -4.12244
-132.175 -4.12311
-132.488 -4.12378
-132.8 -4.12444
-133.112 -4.1251
-133.425 -4.12576
-133.737 -4.12642
-134.05 -4.12708
-134.363 -4.12773
-134.676 -4.12839
-134.988 -4.12904
-135.301 -4.12969
-135.614 -4.13033
-135.927 -4.13098
-136.24 -4.13162
-136.554 -4.13226
-136.867 -4.1329
-137.18 -4.13354
-137.494 -4.13418
-137.807 -4.13481
-138.12 -4.13545
-138.434 -4.13608
-138.748 -4.1367
-139.061 -4.13733
-139.375 -4.13796
-139.689 -4.13858
-140.003 -4.1392
-140.317 -4.13982
-140.631 -4.14044
-140.945 -4.14106
-141.259 -4.14167
-141.573 -4.14229
-141.887 -4.1429
-142.201 -4.14351
-142.516 -4.14412
-142.83 -4.14472
-143.145 -4.14533
-143.459 -4.14593
-143.774 -4.14653
-144.088 -4.14713
-144.403 -4.14773
-144.718 -4.14833
-145.033 -4.14892
-145.348 -4.14952
-145.663 -4.15011
-145.978 -4.1507
-146.293 -4.15129
-146.608 -4.15188
-146.923 -4.15246
-147.238 -4.15305
-147.553 -4.15363
-147.869 -4.15421
-148.184 -4.15479
-148.5 -4.15537
-148.815 -4.15595
-149.131 -4.15652
-149.447 -4.15709
-149.762 -4.15767
-150.078 -4.15824
-150.394 -4.15881
-150.71 -4.15937
-151.026 -4.15994
-151.342 -4.1605
-151.658 -4.16107
-151.974 -4.16163
-152.29 -4.16219
-152.606 -4.16275
-152.922 -4.1633
-153.239 -4.16386
-153.555 -4.16442
-153.872 -4.16497
-154.188 -4.16552
-154.505 -4.16607
-154.821 -4.16662
-155.138 -4.16717
-155.455 -4.16771
-155.771 -4.16826
-156.088 -4.1688
-156.405 -4.16934
-156.722 -4.16988
-157.039 -4.17042
-157.356 -4.17096
-157.673 -4.1715
-157.99 -4.17203
-158.308 -4.17256
-158.625 -4.1731
-158.942 -4.17363
-159.26 -4.17416
-159.577 -4.17469
-159.894 -4.17521
-160.212 -4.17574
-160.529 -4.17626
-160.847 -4.17679
-161.165 -4.17731
-161.483 -4.17783
-161.8 -4.17835
-162.118 -4.17887
-162.436 -4.17939
-162.754 -4.1799
-163.072 -4.18042
-163.39 -4.18093
-163.708 -4.18144
-164.026 -4.18195
-164.344 -4.18246
-164.663 -4.18297
-164.981 -4.18348
-165.299 -4.18398
-165.618 -4.18449
-165.936 -4.18499
-166.255 -4.18549
-166.573 -4.18599
-166.892 -4.18649
-167.211 -4.18699
-167.529 -4.18749
-167.848 -4.18798
-168.167 -4.18848
-168.486 -4.18897
-168.805 -4.18947
-169.123 -4.18996
-169.442 -4.19045
-169.762 -4.19094
-170.081 -4.19143
-170.4 -4.19191
-170.719 -4.1924
-171.038 -4.19288
-171.357 -4.19337
-171.677 -4.19385
-171.996 -4.19433
-172.316 -4.19481
-172.635 -4.19529
-172.955 -4.19577
-173.274 -4.19624
-173.594 -4.19672
-173.914 -4.19719
-174.233 -4.19767
-174.553 -4.19814
-174.873 -4.19861
-175.193 -4.19908
-175.513 -4.19955
-175.833 -4.20002
-176.153 -4.20049
-176.473 -4.20095
-176.793 -4.20142
-177.113 -4.20188
-177.433 -4.20234
-177.753 -4.20281
-178.074 -4.20327
-178.394 -4.20373
-178.714 -4.20419
-179.035 -4.20464
-179.355 -4.2051
-179.676 -4.20556
-179.996 -4.20601
-180.317 -4.20646
-180.637 -4.20692
-180.958 -4.20737
-181.279 -4.20782
-181.6 -4.20827
-181.921 -4.20872
-182.241 -4.20917
-182.562 -4.20961
-182.883 -4.21006
-183.204 -4.2105
-183.525 -4.21095
-183.846 -4.21139
-184.168 -4.21183
-184.489 -4.21227
-184.81 -4.21271
-185.131 -4.21315
-185.453 -4.21359
-185.774 -4.21403
-186.095 -4.21446
-186.417 -4.2149
-186.738 -4.21533
-187.06 -4.21577
-187.381 -4.2162
-187.703 -4.21663
-188.025 -4.21706
-188.346 -4.21749
-188.668 -4.21792
-188.99 -4.21835
-189.312 -4.21877
-189.634 -4.2192
-189.956 -4.21963
-190.278 -4.22005
-190.6 -4.22047
-190.922 -4.2209
-191.244 -4.22132
-191.566 -4.22174
-191.888 -4.22216
-192.21 -4.22258
-192.532 -4.22299
-192.855 -4.22341
-193.177 -4.22383
-193.499 -4.22424
-193.822 -4.22466
-194.144 -4.22507
-194.467 -4.22548
-194.789 -4.22589
-195.112 -4.22631
-195.435 -4.22672
-195.757 -4.22713
-196.08 -4.22753
-196.403 -4.22794
-196.726 -4.22835
-197.048 -4.22875
-197.371 -4.22916
-197.694 -4.22956
-198.017 -4.22997
-198.34 -4.23037
-198.663 -4.23077
-198.986 -4.23117
-199.309 -4.23157
-199.633 -4.23197
-199.956 -4.23237
-200.279 -4.23277
-200.602 -4.23317
-200.926 -4.23356
-201.249 -4.23396
-201.572 -4.23435
-201.896 -4.23475
-202.219 -4.23514
-202.543 -4.23553
-202.866 -4.23592
-203.19 -4.23631
-203.514 -4.2367
-203.837 -4.23709
-204.161 -4.23748
-204.485 -4.23787
-204.808 -4.23825
-205.132 -4.23864
-205.456 -4.23902
-205.78 -4.23941
-206.104 -4.23979
-206.428 -4.24018
-206.752 -4.24056
-207.076 -4.24094
-207.4 -4.24132
-207.724 -4.2417
-208.048 -4.24208
-208.373 -4.24246
-208.697 -4.24284
-209.021 -4.24321
-209.346 -4.24359
-209.67 -4.24396
-209.994 -4.24434
-210.319 -4.24471
-210.643 -4.24509
-210.968 -4.24546
-211.292 -4.24583
-211.617 -4.2462
-211.941 -4.24657
-212.266 -4.24694
-212.591 -4.24731
-212.916 -4.24768
-213.24 -4.24805
-213.565 -4.24841
-213.89 -4.24878
-214.215 -4.24914
-214.54 -4.24951
-214.865 -4.24987
-215.19 -4.25024
-215.515 -4.2506
-215.84 -4.25096
-216.165 -4.25132
-216.49 -4.25168
-216.815 -4.25204
-217.14 -4.2524
-217.466 -4.25276
-217.791 -4.25312
-218.116 -4.25348
-218.442 -4.25383
-218.767 -4.25419
-219.092 -4.25455
-219.418 -4.2549
-219.743 -4.25525
-220.069 -4.25561
-220.394 -4.25596
-220.72 -4.25631
-221.046 -4.25666
-221.371 -4.25701
-221.697 -4.25736
-222.023 -4.25771
-222.348 -4.25806
-222.674 -4.25841
-223 -4.25876
-223.326 -4.2591
-223.652 -4.25945
-223.978 -4.2598
-224.304 -4.26014
-224.63 -4.26049
-224.956 -4.26083
-225.282 -4.26117
-225.608 -4.26151
-225.934 -4.26186
-226.26 -4.2622
-226.587 -4.26254
-226.913 -4.26288
-227.239 -4.26322
-227.566 -4.26356
-227.892 -4.26389
-228.218 -4.26423
-228.545 -4.26457
-228.871 -4.26491
-229.198 -4.26524
-229.524 -4.26558
-229.851 -4.26591
-230.177 -4.26624
-230.504 -4.26658
-230.831 -4.26691
-231.157 -4.26724
-231.484 -4.26757
-231.811 -4.26791
-232.138 -4.26824
-232.464 -4.26857
-232.791 -4.2689
-233.118 -4.26922
-233.445 -4.26955
-233.772 -4.26988
-234.099 -4.27021
-234.426 -4.27053
-234.753 -4.27086
-235.08 -4.27118
-235.407 -4.27151
-235.734 -4.27183
-236.062 -4.27216
-236.389 -4.27248
-236.716 -4.2728
-237.043 -4.27312
-237.371 -4.27344
-237.698 -4.27377
-238.025 -4.27409
-238.353 -4.2744
-238.68 -4.27472
-239.008 -4.27504
-239.335 -4.27536
-239.663 -4.27568
-239.99 -4.27599
-240.318 -4.27631
-240.646 -4.27663
-240.973 -4.27694
-241.301 -4.27726
-241.629 -4.27757
-241.956 -4.27788
-242.284 -4.2782
-242.612 -4.27851
-242.94 -4.27882
-243.268 -4.27913
-243.596 -4.27944
-243.924 -4.27975
-244.252 -4.28006
-244.58 -4.28037
-244.908 -4.28068
-245.236 -4.28099
-245.564 -4.2813
-245.892 -4.28161
-246.22 -4.28191
-246.548 -4.28222
-246.876 -4.28252
-247.205 -4.28283
-247.533 -4.28313
-247.861 -4.28344
-248.19 -4.28374
-248.518 -4.28405
-248.846 -4.28435
-249.175 -4.28465
-249.503 -4.28495
-249.832 -4.28525
-250.16 -4.28555
-250.489 -4.28585
-250.817 -4.28615
-251.146 -4.28645
-251.475 -4.28675
-251.803 -4.28705
-252.132 -4.28735
-252.461 -4.28764
-252.79 -4.28794
-253.118 -4.28824
-253.447 -4.28853
-253.776 -4.28883
-254.105 -4.28912
-254.434 -4.28942
-254.763 -4.28971
-255.092 -4.29
-255.421 -4.2903
-255.75 -4.29059
-256.079 -4.29088
-256.408 -4.29117
-256.737 -4.29146
-257.066 -4.29175
-257.395 -4.29204
-257.725 -4.29233
-258.054 -4.29262
-258.383 -4.29291
-258.712 -4.2932
-259.042 -4.29349
-259.371 -4.29377
-259.7 -4.29406
-260.03 -4.29435
-260.359 -4.29463
-260.689 -4.29492
-261.018 -4.2952
-261.348 -4.29549
-261.677 -4.29577
-262.007 -4.29606
-262.337 -4.29634
-262.666 -4.29662
-262.996 -4.2969
-263.325 -4.29719
-263.655 -4.29747
-263.985 -4.29775
-264.315 -4.29803
-264.645 -4.29831
-264.974 -4.29859
-265.304 -4.29887
-265.634 -4.29915
-265.964 -4.29942
-266.294 -4.2997
-266.624 -4.29998
-266.954 -4.30026
-267.284 -4.30053
-267.614 -4.30081
-267.944 -4.30108
-268.274 -4.30136
-268.604 -4.30163
-268.934 -4.30191
-269.265 -4.30218
-269.595 -4.30246
-269.925 -4.30273
-270.255 -4.303
-270.586 -4.30328
-270.916 -4.30355
-271.246 -4.30382
-271.577 -4.30409
-271.907 -4.30436
-272.238 -4.30463
-272.568 -4.3049
-272.899 -4.30517
-273.229 -4.30544
-273.56 -4.30571
-273.89 -4.30598
-274.221 -4.30624
-274.551 -4.30651
-274.882 -4.30678
-275.213 -4.30704
-275.544 -4.30731
-275.874 -4.30758
-276.205 -4.30784
-276.536 -4.30811
-276.867 -4.30837
-277.197 -4.30864
-277.528 -4.3089
-277.859 -4.30916
-278.19 -4.30942
-278.521 -4.30969
-278.852 -4.30995
-279.183 -4.31021
-279.514 -4.31047
-279.845 -4.31073
-280.176 -4.31099
-280.507 -4.31125
-280.838 -4.31151
-281.169 -4.31177
-281.501 -4.31203
-281.832 -4.31229
-282.163 -4.31255
-282.494 -4.31281
-282.826 -4.31307
-283.157 -4.31332
-283.488 -4.31358
-283.82 -4.31384
-284.151 -4.31409
-284.482 -4.31435
-284.814 -4.3146
-285.145 -4.31486
-285.477 -4.31511
-285.808 -4.31537
-286.14 -4.31562
-286.471 -4.31587
-286.803 -4.31613
-287.135 -4.31638
-287.466 -4.31663
-287.798 -4.31688
-288.13 -4.31714
-288.461 -4.31739
-288.793 -4.31764
-289.125 -4.31789
-289.457 -4.31814
-289.788 -4.31839
-290.12 -4.31864
-290.452 -4.31889
-290.784 -4.31913
-291.116 -4.31938
-291.448 -4.31963
-291.78 -4.31988
-292.112 -4.32013
-292.444 -4.32037
-292.776 -4.32062
-293.108 -4.32087
-293.44 -4.32111
-293.772 -4.32136
-294.104 -4.3216
-294.436 -4.32185
-294.769 -4.32209
-295.101 -4.32234
-295.433 -4.32258
-295.765 -4.32282
-296.098 -4.32307
-296.43 -4.32331
-296.762 -4.32355
-297.095 -4.32379
-297.427 -4.32403
-297.759 -4.32428
-298.092 -4.32452
-298.424 -4.32476
-298.757 -4.325
-299.089 -4.32524
-299.422 -4.32548
-299.754 -4.32572
-300.087 -4.32596
-300.419 -4.32619
-300.752 -4.32643
-301.085 -4.32667
-301.417 -4.32691
-301.75 -4.32715
-302.083 -4.32738
-302.416 -4.32762
-302.748 -4.32786
-303.081 -4.32809
-303.414 -4.32833
-303.747 -4.32856
-304.08 -4.3288
-304.412 -4.32903
-304.745 -4.32927
-305.078 -4.3295
-305.411 -4.32973
-305.744 -4.32997
-306.077 -4.3302
-306.41 -4.33043
-306.743 -4.33067
-307.076 -4.3309
-307.409 -4.33113
-307.743 -4.33136
-308.076 -4.33159
-308.409 -4.33182
-308.742 -4.33205
-309.075 -4.33228
-309.408 -4.33251
-309.742 -4.33274
-310.075 -4.33297
-310.408 -4.3332
-310.742 -4.33343
-311.075 -4.33366
-311.408 -4.33389
-311.742 -4.33411
-312.075 -4.33434
-312.409 -4.33457
-312.742 -4.33479
-313.075 -4.33502
-313.409 -4.33525
-313.742 -4.33547
-314.076 -4.3357
-314.41 -4.33592
-314.743 -4.33615
-315.077 -4.33637
-315.41 -4.3366
-315.744 -4.33682
-316.078 -4.33705
-316.411 -4.33727
-316.745 -4.33749
-317.079 -4.33772
-317.413 -4.33794
-317.747 -4.33816
-318.08 -4.33838
-318.414 -4.3386
-318.748 -4.33883
-319.082 -4.33905
-319.416 -4.33927
-319.75 -4.33949
-320.084 -4.33971
-320.418 -4.33993
-320.752 -4.34015
-321.086 -4.34037
-321.42 -4.34059
-321.754 -4.34081
-322.088 -4.34102
-322.422 -4.34124
-322.756 -4.34146
-323.09 -4.34168
-323.424 -4.34189
-323.759 -4.34211
-324.093 -4.34233
-324.427 -4.34255
-324.761 -4.34276
-325.096 -4.34298
-325.43 -4.34319
-325.764 -4.34341
-326.099 -4.34362
-326.433 -4.34384
-326.767 -4.34405
-327.102 -4.34427
-327.436 -4.34448
-327.771 -4.34469
-328.105 -4.34491
-328.44 -4.34512
-328.774 -4.34533
-329.109 -4.34555
-329.443 -4.34576
-329.778 -4.34597
-330.112 -4.34618
-330.447 -4.34639
-330.782 -4.34661
-331.116 -4.34682
-331.451 -4.34703
-331.786 -4.34724
-332.12 -4.34745
-332.455 -4.34766
-332.79 -4.34787
-333.125 -4.34808
-333.459 -4.34829
-333.794 -4.3485
-334.129 -4.3487
-334.464 -4.34891
-334.799 -4.34912
-335.134 -4.34933
-335.469 -4.34953
-335.804 -4.34974
-336.139 -4.34995
-336.474 -4.35016
-336.809 -4.35036
-337.144 -4.35057
-337.479 -4.35078
-337.814 -4.35098
-338.149 -4.35119
-338.484 -4.35139
-338.819 -4.3516
-339.154 -4.3518
-339.489 -4.35201
-339.825 -4.35221
-340.16 -4.35241
-340.495 -4.35262
-340.83 -4.35282
-341.166 -4.35302
-341.501 -4.35323
-341.836 -4.35343
-342.172 -4.35363
-342.507 -4.35383
-342.842 -4.35404
-343.178 -4.35424
-343.513 -4.35444
-343.849 -4.35464
-344.184 -4.35484
-344.52 -4.35504
-344.855 -4.35524
-345.191 -4.35544
-345.526 -4.35564
-345.862 -4.35584
-346.197 -4.35604
-346.533 -4.35624
-346.869 -4.35644
-347.204 -4.35664
-347.54 -4.35684
-347.876 -4.35703
-348.211 -4.35723
-348.547 -4.35743
-348.883 -4.35763
-349.219 -4.35783
-349.554 -4.35802
-349.89 -4.35822
-350.226 -4.35842
-350.562 -4.35861
-350.898 -4.35881
-351.234 -4.359
-351.569 -4.3592
-351.905 -4.3594
-352.241 -4.35959
-352.577 -4.35979
-352.913 -4.35998
-353.249 -4.36017
-353.585 -4.36037
-353.921 -4.36056
-354.257 -4.36076
-354.593 -4.36095
-354.93 -4.36114
-355.266 -4.36134
-355.602 -4.36153
-355.938 -4.36172
-356.274 -4.36191
-356.61 -4.36211
-356.946 -4.3623
-357.283 -4.36249
-357.619 -4.36268
-357.955 -4.36287
-358.292 -4.36306
-358.628 -4.36325
-358.964 -4.36344
-359.3 -4.36363
-359.637 -4.36382
-359.973 -4.36401
-360.31 -4.3642
-360.646 -4.36439
-360.982 -4.36458
-361.319 -4.36477
-361.655 -4.36496
-361.992 -4.36515
-362.328 -4.36534
-362.665 -4.36552
-363.002 -4.36571
-363.338 -4.3659
-363.675 -4.36609
-364.011 -4.36627
-364.348 -4.36646
-364.685 -4.36665
-365.021 -4.36683
-365.358 -4.36702
-365.695 -4.36721
-366.031 -4.36739
-366.368 -4.36758
-366.705 -4.36776
-367.042 -4.36795
-367.378 -4.36813
-367.715 -4.36832
-368.052 -4.3685
-368.389 -4.36869
-368.726 -4.36887
-369.063 -4.36905
-369.4 -4.36924
-369.736 -4.36942
-370.073 -4.36961
-370.41 -4.36979
-370.747 -4.36997
-371.084 -4.37015
-371.421 -4.37034
-371.758 -4.37052
-372.095 -4.3707
-372.433 -4.37088
-372.77 -4.37106
-373.107 -4.37124
-373.444 -4.37143
-373.781 -4.37161
-374.118 -4.37179
-374.455 -4.37197
-374.793 -4.37215
-375.13 -4.37233
-375.467 -4.37251
-375.804 -4.37269
-376.142 -4.37287
-376.479 -4.37305
-376.816 -4.37323
-377.153 -4.37341
-377.491 -4.37358
-377.828 -4.37376
-378.165 -4.37394
-378.503 -4.37412
-378.84 -4.3743
-379.178 -4.37448
-379.515 -4.37465
-379.853 -4.37483
-380.19 -4.37501
-380.528 -4.37518
-380.865 -4.37536
-381.203 -4.37554
-381.54 -4.37571
-381.878 -4.37589
-382.215 -4.37607
-382.553 -4.37624
-382.891 -4.37642
-383.228 -4.37659
-383.566 -4.37677
-383.904 -4.37694
-384.241 -4.37712
-384.579 -4.37729
-384.917 -4.37747
-385.254 -4.37764
-385.592 -4.37781
-385.93 -4.37799
-386.268 -4.37816
-386.606 -4.37833
-386.943 -4.37851
-387.281 -4.37868
-387.619 -4.37885
-387.957 -4.37903
-388.295 -4.3792
-388.633 -4.37937
-388.971 -4.37954
-389.309 -4.37971
-389.647 -4.37989
-389.985 -4.38006
-390.323 -4.38023
-390.661 -4.3804
-390.999 -4.38057
-391.337 -4.38074
-391.675 -4.38091
-392.013 -4.38108
-392.351 -4.38125
-392.689 -4.38142
-393.027 -4.38159
-393.366 -4.38176
-393.704 -4.38193
-394.042 -4.3821
-394.38 -4.38227
-394.718 -4.38244
-395.057 -4.38261
-395.395 -4.38278
-395.733 -4.38295
-396.071 -4.38311
-396.41 -4.38328
-396.748 -4.38345
-397.086 -4.38362
-397.425 -4.38378
-397.763 -4.38395
-398.102 -4.38412
-398.44 -4.38429
-398.778 -4.38445
-399.117 -4.38462
-399.455 -4.38479
-399.794 -4.38495
-400.132 -4.38512
-400.471 -4.38528
-400.809 -4.38545
-401.148 -4.38561
-401.486 -4.38578
-401.825 -4.38594
-402.164 -4.38611
-402.502 -4.38627
-402.841 -4.38644
-403.18 -4.3866
-403.518 -4.38677
-403.857 -4.38693
-404.196 -4.3871
-404.534 -4.38726
-404.873 -4.38742
-405.212 -4.38759
-405.55 -4.38775
-405.889 -4.38791
-406.228 -4.38808
-406.567 -4.38824
-406.906 -4.3884
-407.245 -4.38856
-407.583 -4.38873
-407.922 -4.38889
-408.261 -4.38905
-408.6 -4.38921
-408.939 -4.38937
-409.278 -4.38953
-409.617 -4.38969
-409.956 -4.38986
-410.295 -4.39002
-410.634 -4.39018
-410.973 -4.39034
-411.312 -4.3905
-411.651 -4.39066
-411.99 -4.39082
-412.329 -4.39098
-412.668 -4.39114
-413.007 -4.3913
-413.346 -4.39146
-413.686 -4.39162
-414.025 -4.39177
-414.364 -4.39193
-414.703 -4.39209
-415.042 -4.39225
-415.382 -4.39241
-415.721 -4.39257
-416.06 -4.39272
-416.399 -4.39288
-416.739 -4.39304
-417.078 -4.3932
-417.417 -4.39335
-417.757 -4.39351
-418.096 -4.39367
-418.435 -4.39383
-418.775 -4.39398
-419.114 -4.39414
-419.453 -4.3943
-419.793 -4.39445
-420.132 -4.39461
-420.472 -4.39476
-420.811 -4.39492
-421.151 -4.39508
-421.49 -4.39523
-421.83 -4.39539
-422.169 -4.39554
-422.509 -4.3957
-422.848 -4.39585
-423.188 -4.39601
-423.528 -4.39616
-423.867 -4.39631
-424.207 -4.39647
-424.547 -4.39662
-424.886 -4.39678
-425.226 -4.39693
-425.566 -4.39708
-425.905 -4.39724
-426.245 -4.39739
-426.585 -4.39754
-426.925 -4.3977
-427.264 -4.39785
-427.604 -4.398
-427.944 -4.39815
-428.284 -4.39831
-428.624 -4.39846
-428.963 -4.39861
-429.303 -4.39876
-429.643 -4.39891
-429.983 -4.39907
-430.323 -4.39922
-430.663 -4.39937
-431.003 -4.39952
-431.343 -4.39967
-431.683 -4.39982
-432.023 -4.39997
-432.363 -4.40012
-432.703 -4.40027
-433.043 -4.40042
-433.383 -4.40057
-433.723 -4.40072
-434.063 -4.40087
-434.403 -4.40102
-434.743 -4.40117
-435.083 -4.40132
-435.423 -4.40147
-435.764 -4.40162
-436.104 -4.40177
-436.444 -4.40192
-436.784 -4.40206
-437.124 -4.40221
-437.464 -4.40236
-437.805 -4.40251
-438.145 -4.40266
-438.485 -4.4028
-438.826 -4.40295
-439.166 -4.4031
-439.506 -4.40325
-439.846 -4.40339
-440.187 -4.40354
-440.527 -4.40369
-440.867 -4.40384
-441.208 -4.40398
-441.548 -4.40413
-441.889 -4.40427
-442.229 -4.40442
-442.57 -4.40457
-442.91 -4.40471
-443.251 -4.40486
-443.591 -4.405
-443.932 -4.40515
-444.272 -4.4053
-444.613 -4.40544
-444.953 -4.40559
-445.294 -4.40573
-445.634 -4.40588
-445.975 -4.40602
-446.315 -4.40616
-446.656 -4.40631
-446.997 -4.40645
-447.337 -4.4066
-447.678 -4.40674
-448.019 -4.40689
-448.359 -4.40703
-448.7 -4.40717
-449.041 -4.40732
-449.381 -4.40746
-449.722 -4.4076
-450.063 -4.40775
-450.404 -4.40789
-450.745 -4.40803
-451.085 -4.40817
-451.426 -4.40832
-451.767 -4.40846
-452.108 -4.4086
-452.449 -4.40874
-452.79 -4.40888
-453.13 -4.40903
-453.471 -4.40917
-453.812 -4.40931
-454.153 -4.40945
-454.494 -4.40959
-454.835 -4.40973
-455.176 -4.40987
-455.517 -4.41001
-455.858 -4.41016
-456.199 -4.4103
-456.54 -4.41044
-456.881 -4.41058
-457.222 -4.41072
-457.563 -4.41086
-457.904 -4.411
-458.245 -4.41114
-458.587 -4.41128
-458.928 -4.41142
-459.269 -4.41155
-459.61 -4.41169
-459.951 -4.41183
-460.292 -4.41197
-460.634 -4.41211
-460.975 -4.41225
-461.316 -4.41239
-461.657 -4.41253
-461.999 -4.41266
-462.34 -4.4128
-462.681 -4.41294
-463.022 -4.41308
-463.364 -4.41322
-463.705 -4.41335
-464.046 -4.41349
-464.388 -4.41363
-464.729 -4.41377
-465.07 -4.4139
-465.412 -4.41404
-465.753 -4.41418
-466.095 -4.41431
-466.436 -4.41445
-466.777 -4.41459
-467.119 -4.41472
-467.46 -4.41486
-467.802 -4.415
-468.143 -4.41513
-468.485 -4.41527
-468.826 -4.4154
-469.168 -4.41554
-469.51 -4.41568
-469.851 -4.41581
-470.193 -4.41595
-470.534 -4.41608
-470.876 -4.41622
-471.217 -4.41635
-471.559 -4.41649
-471.901 -4.41662
-472.242 -4.41676
-472.584 -4.41689
-472.926 -4.41702
-473.268 -4.41716
-473.609 -4.41729
-473.951 -4.41743
-474.293 -4.41756
-474.634 -4.41769
-474.976 -4.41783
-475.318 -4.41796
-475.66 -4.41809
-476.002 -4.41823
-476.343 -4.41836
-476.685 -4.41849
-477.027 -4.41863
-477.369 -4.41876
-477.711 -4.41889
-478.053 -4.41902
-478.395 -4.41916
-478.737 -4.41929
-479.078 -4.41942
-479.42 -4.41955
-479.762 -4.41968
-480.104 -4.41982
-480.446 -4.41995
-480.788 -4.42008
-481.13 -4.42021
-481.472 -4.42034
-481.814 -4.42047
-482.156 -4.4206
-482.499 -4.42074
-482.841 -4.42087
-483.183 -4.421
-483.525 -4.42113
-483.867 -4.42126
-484.209 -4.42139
-484.551 -4.42152
-484.893 -4.42165
-485.235 -4.42178
-485.578 -4.42191
-485.92 -4.42204
-486.262 -4.42217
-486.604 -4.4223
-486.946 -4.42243
-487.289 -4.42256
-487.631 -4.42269
-487.973 -4.42281
-488.315 -4.42294
-488.658 -4.42307
-489 -4.4232
-489.342 -4.42333
-489.685 -4.42346
-490.027 -4.42359
-490.369 -4.42371
-490.712 -4.42384
-491.054 -4.42397
-491.397 -4.4241
-491.739 -4.42423
-492.081 -4.42435
-492.424 -4.42448
-492.766 -4.42461
-493.109 -4.42474
-493.451 -4.42486
-493.794 -4.42499
-494.136 -4.42512
-494.479 -4.42524
-494.821 -4.42537
-495.164 -4.4255
-495.506 -4.42562
-495.849 -4.42575
-496.192 -4.42588
-496.534 -4.426
-496.877 -4.42613
-497.219 -4.42626
-497.562 -4.42638
-497.905 -4.42651
-498.247 -4.42663
-498.59 -4.42676
-498.933 -4.42688
-499.275 -4.42701
-499.618 -4.42713
-499.961 -4.42726
-500.303 -4.42738
-500.646 -4.42751
-500.989 -4.42763
-501.332 -4.42776
-501.674 -4.42788
-502.017 -4.42801
-502.36 -4.42813
-502.703 -4.42826
-503.046 -4.42838
-503.388 -4.42851
-503.731 -4.42863
-504.074 -4.42875
-504.417 -4.42888
-504.76 -4.429
-505.103 -4.42912
-505.446 -4.42925
-505.789 -4.42937
-506.132 -4.42949
-506.475 -4.42962
-506.818 -4.42974
-507.161 -4.42986
-507.504 -4.42999
-507.847 -4.43011
-508.19 -4.43023
-508.533 -4.43035
-508.876 -4.43048
-509.219 -4.4306
-509.562 -4.43072
-509.905 -4.43084
-510.248 -4.43096
-510.591 -4.43109
-510.934 -4.43121
-511.277 -4.43133
-511.62 -4.43145
-511.963 -4.43157
-512.307 -4.43169
-512.65 -4.43181
-512.993 -4.43194
-513.336 -4.43206
-513.679 -4.43218
-514.023 -4.4323
-514.366 -4.43242
-514.709 -4.43254
-515.052 -4.43266
-515.396 -4.43278
-515.739 -4.4329
-516.082 -4.43302
-516.425 -4.43314
-516.769 -4.43326
-517.112 -4.43338
-517.455 -4.4335
-517.799 -4.43362
-518.142 -4.43374
-518.485 -4.43386
-518.829 -4.43398
-519.172 -4.4341
-519.516 -4.43422
-519.859 -4.43434
-520.203 -4.43446
-520.546 -4.43457
-520.889 -4.43469
-521.233 -4.43481
-521.576 -4.43493
-521.92 -4.43505
-522.263 -4.43517
-522.607 -4.43529
-522.95 -4.4354
-523.294 -4.43552
-523.638 -4.43564
-523.981 -4.43576
-524.325 -4.43588
-524.668 -4.43599
-525.012 -4.43611
-525.355 -4.43623
-525.699 -4.43635
-526.043 -4.43646
-526.386 -4.43658
-526.73 -4.4367
-527.074 -4.43681
-527.417 -4.43693
-527.761 -4.43705
-528.105 -4.43716
-528.448 -4.43728
-528.792 -4.4374
-529.136 -4.43751
-529.48 -4.43763
-529.823 -4.43775
-530.167 -4.43786
-530.511 -4.43798
-530.855 -4.4381
-531.199 -4.43821
-531.542 -4.43833
-531.886 -4.43844
-532.23 -4.43856
-532.574 -4.43867
-532.918 -4.43879
-533.262 -4.4389
-533.606 -4.43902
-533.949 -4.43913
-534.293 -4.43925
-534.637 -4.43936
-534.981 -4.43948
-535.325 -4.43959
-535.669 -4.43971
-536.013 -4.43982
-536.357 -4.43994
-536.701 -4.44005
-537.045 -4.44017
-537.389 -4.44028
-537.733 -4.44039
-538.077 -4.44051
-538.421 -4.44062
-538.765 -4.44074
-539.109 -4.44085
-539.453 -4.44096
-539.798 -4.44108
-540.142 -4.44119
-540.486 -4.4413
-540.83 -4.44142
-541.174 -4.44153
-541.518 -4.44164
-541.862 -4.44176
-542.207 -4.44187
-542.551 -4.44198
-542.895 -4.44209
-543.239 -4.44221
-543.583 -4.44232
-543.928 -4.44243
-544.272 -4.44254
-544.616 -4.44266
-544.96 -4.44277
-545.305 -4.44288
-545.649 -4.44299
-545.993 -4.4431
-546.338 -4.44322
-546.682 -4.44333
-547.026 -4.44344
-547.371 -4.44355
-547.715 -4.44366
-548.059 -4.44377
-548.404 -4.44389
-548.748 -4.444
-549.092 -4.44411
-549.437 -4.44422
-549.781 -4.44433
-550.126 -4.44444
-550.47 -4.44455
-550.815 -4.44466
-551.159 -4.44477
-551.504 -4.44488
-551.848 -4.44499
-552.193 -4.4451
-552.537 -4.44521
-552.882 -4.44532
-553.226 -4.44543
-553.571 -4.44554
-553.915 -4.44565
-554.26 -4.44576
-554.604 -4.44587
-554.949 -4.44598
-555.294 -4.44609
-555.638 -4.4462
-555.983 -4.44631
-556.327 -4.44642
-556.672 -4.44653
-557.017 -4.44664
-557.361 -4.44675
-557.706 -4.44686
-558.051 -4.44696
-558.395 -4.44707
-558.74 -4.44718
-559.085 -4.44729
-559.43 -4.4474
-559.774 -4.44751
-560.119 -4.44762
-560.464 -4.44772
-560.809 -4.44783
-561.153 -4.44794
-561.498 -4.44805
-561.843 -4.44816
-562.188 -4.44826
-562.533 -4.44837
-562.877 -4.44848
-563.222 -4.44859
-563.567 -4.44869
-563.912 -4.4488
-564.257 -4.44891
-564.602 -4.44902
-564.947 -4.44912
-565.292 -4.44923
-565.637 -4.44934
-565.981 -4.44944
-566.326 -4.44955
-566.671 -4.44966
-567.016 -4.44977
-567.361 -4.44987
-567.706 -4.44998
-568.051 -4.45008
-568.396 -4.45019
-568.741 -4.4503
-569.086 -4.4504
-569.431 -4.45051
-569.776 -4.45061
-570.121 -4.45072
-570.467 -4.45083
-570.812 -4.45093
-571.157 -4.45104
-571.502 -4.45114
-571.847 -4.45125
-572.192 -4.45135
-572.537 -4.45146
-572.882 -4.45157
-573.228 -4.45167
-573.573 -4.45178
-573.918 -4.45188
-574.263 -4.45199
-574.608 -4.45209
-574.953 -4.4522
-575.299 -4.4523
-575.644 -4.4524
-575.989 -4.45251
-576.334 -4.45261
-576.68 -4.45272
-577.025 -4.45282
-577.37 -4.45293
-577.716 -4.45303
-578.061 -4.45313
-578.406 -4.45324
-578.751 -4.45334
-579.097 -4.45345
-579.442 -4.45355
-579.787 -4.45365
-580.133 -4.45376
-580.478 -4.45386
-580.824 -4.45396
-581.169 -4.45407
-581.514 -4.45417
-581.86 -4.45427
-582.205 -4.45438
-582.551 -4.45448
-582.896 -4.45458
-583.242 -4.45469
-583.587 -4.45479
-583.932 -4.45489
-584.278 -4.45499
-584.623 -4.4551
-584.969 -4.4552
-585.315 -4.4553
-585.66 -4.4554
-586.006 -4.45551
-586.351 -4.45561
-586.697 -4.45571
-587.042 -4.45581
-587.388 -4.45591
-587.733 -4.45602
-588.079 -4.45612
-588.425 -4.45622
-588.77 -4.45632
-589.116 -4.45642
-589.462 -4.45652
-589.807 -4.45663
-590.153 -4.45673
-590.499 -4.45683
-590.844 -4.45693
-591.19 -4.45703
-591.536 -4.45713
-591.881 -4.45723
-592.227 -4.45733
-592.573 -4.45744
-592.919 -4.45754
-593.264 -4.45764
-593.61 -4.45774
-593.956 -4.45784
-594.302 -4.45794
-594.647 -4.45804
-594.993 -4.45814
-595.339 -4.45824
-595.685 -4.45834
-596.031 -4.45844
-596.377 -4.45854
-596.722 -4.45864
-597.068 -4.45874
-597.414 -4.45884
-597.76 -4.45894
-598.106 -4.45904
-598.452 -4.45914
-598.798 -4.45924
-599.144 -4.45934
-599.49 -4.45944
-599.836 -4.45954
-600.181 -4.45963
-600.527 -4.45973
-600.873 -4.45983
-601.219 -4.45993
-601.565 -4.46003
-601.911 -4.46013
-602.257 -4.46023
-602.603 -4.46033
-602.949 -4.46043
-603.295 -4.46052
-603.642 -4.46062
-603.988 -4.46072
-604.334 -4.46082
-604.68 -4.46092
-605.026 -4.46102
-605.372 -4.46111
-605.718 -4.46121
-606.064 -4.46131
-606.41 -4.46141
-606.756 -4.46151
-607.103 -4.4616
-607.449 -4.4617
-607.795 -4.4618
-608.141 -4.4619
-608.487 -4.46199
-608.833 -4.46209
-609.18 -4.46219
-609.526 -4.46229
-609.872 -4.46238
-610.218 -4.46248
-610.565 -4.46258
-610.911 -4.46268
-611.257 -4.46277
-611.603 -4.46287
-611.95 -4.46297
-612.296 -4.46306
-612.642 -4.46316
-612.989 -4.46326
-613.335 -4.46335
-613.681 -4.46345
-614.028 -4.46354
-614.374 -4.46364
-614.72 -4.46374
-615.067 -4.46383
-615.413 -4.46393
-615.76 -4.46403
-616.106 -4.46412
-616.452 -4.46422
-616.799 -4.46431
-617.145 -4.46441
-617.492 -4.46451
-617.838 -4.4646
-618.185 -4.4647
-618.531 -4.46479
-618.878 -4.46489
-619.224 -4.46498
-619.57 -4.46508
-619.917 -4.46517
-620.263 -4.46527
-620.61 -4.46536
-620.957 -4.46546
-621.303 -4.46555
-621.65 -4.46565
-621.996 -4.46574
