0 0
0.0206012 0.0634037
0.0413074 0.126808
0.062118 0.190212
0.0830324 0.253617
0.10405 0.317023
0.12517 0.38043
0.146391 0.443838
0.167713 0.507248
0.189136 0.570659
0.210659 0.634073
0.23228 0.697488
0.253999 0.760907
0.275816 0.824327
0.297729 0.887751
0.319738 0.951178
0.341843 1.01461
0.364041 1.07804
0.386333 1.14148
0.408718 1.20492
0.431194 1.26837
0.453762 1.33182
0.47642 1.39528
0.499167 1.45874
0.522002 1.52221
0.544925 1.58568
0.567934 1.64916
0.59103 1.71265
0.614209 1.77614
0.637473 1.83964
0.66082 1.90314
0.684248 1.96666
0.707757 2.03018
0.731346 2.09371
0.755014 2.15725
0.778759 2.2208
0.802581 2.28436
0.826478 2.34793
0.85045 2.4115
0.874495 2.47509
0.898612 2.53869
0.9228 2.6023
0.947057 2.66592
0.971383 2.72955
0.995776 2.7932
1.02024 2.85686
1.04476 2.92053
1.06935 2.98421
1.09399 3.04791
1.1187 3.11162
1.14347 3.17534
1.1683 3.23909
1.19318 3.30284
1.21811 3.36661
1.2431 3.4304
1.26814 3.49421
1.29323 3.55803
1.31837 3.62187
1.34356 3.68573
1.36879 3.7496
1.39406 3.8135
1.41937 3.87741
1.44472 3.94135
1.47011 4.0053
1.49554 4.06928
1.52099 4.13327
1.54648 4.19729
1.572 4.26134
1.59755 4.3254
1.62311 4.38949
1.64871 4.4536
1.67432 4.51774
1.69994 4.5819
1.72559 4.64609
1.75124 4.71031
1.77691 4.77455
1.80258 4.83882
1.82825 4.90312
1.85393 4.96744
1.8796 5.0318
1.90527 5.09619
1.93093 5.16061
1.95658 5.22506
1.98222 5.28954
2.00783 5.35405
2.03343 5.4186
2.05899 5.48319
2.08453 5.54781
2.11003 5.61246
2.1355 5.67715
2.16092 5.74188
2.1863 5.80664
2.21162 5.87145
2.23689 5.93629
2.26209 6.00118
2.28723 6.0661
2.31229 6.13107
2.33728 6.19608
2.36218 6.26114
2.38699 6.32623
2.4117 6.39138
2.43631 6.45657
2.46081 6.5218
2.48519 6.58709
2.50944 6.65242
2.53356 6.7178
2.55754 6.78323
2.58136 6.84871
2.60502 6.91424
2.62851 6.97983
2.65181 7.04546
2.67492 7.11116
2.69783 7.1769
2.72052 7.2427
2.74297 7.30855
2.76518 7.37446
2.78713 7.44042
2.8088 7.50644
2.83017 7.57252
2.85123 7.63865
2.87196 7.70483
2.89234 7.77107
2.91234 7.83736
2.93193 7.90371
2.9511 7.97011
2.96981 8.03655
2.98803 8.10304
3.00572 8.16958
3.02286 8.23615
3.03939 8.30276
3.05526 8.3694
3.07044 8.43605
3.08485 8.50272
3.09844 8.56938
3.11112 8.63603
3.12282 8.70264
3.13344 8.76919
3.14287 8.83566
3.15097 8.90199
3.15759 8.96815
3.16253 9.03406
3.16555 9.09964
3.16638 9.16474
3.1646 9.22919
3.15971 9.2927
3.15097 9.35481
3.1372 9.41466
3.11641 9.47046
3.08397 9.51649
3.04303 9.48159
3.10779 9.52684
3.06371 9.49769
3.12203 9.54907
3.08604 9.50723
3.03777 9.5255
3.11536 9.50027
3.06653 9.5165
3.13541 9.47609
3.09316 9.50888
3.04261 9.51482
3.12454 9.50595
3.074 9.51205
3.10436 9.44698
3.09172 9.5073
3.04204 9.5196
3.1221 9.50162
3.07241 9.51389
3.12152 9.4561
3.09367 9.50653
3.04425 9.52014
3.12364 9.4999
3.07431 9.514
3.09044 9.44733
3.08983 9.51196
3.03928 9.50597
3.12123 9.51463
3.07067 9.50887
3.14705 9.53679
3.10023 9.51419
3.05007 9.50495
3.13086 9.51997
3.08096 9.50903
3.03186 9.52404
3.11127 9.50387
3.06151 9.51576
3.13915 9.49069
3.09123 9.51024
3.04043 9.51151
3.12292 9.50965
3.07211 9.5109
3.15386 9.50077
3.10353 9.50892
3.05281 9.51266
3.13502 9.50618
3.08437 9.51098
3.03361 9.5082
3.11601 9.51206
3.06524 9.50966
3.14744 9.51622
3.09683 9.51108
3.04603 9.50955
3.1285 9.51193
3.07771 9.51025
3.02718 9.51643
3.1092 9.5082
3.05853 9.51271
3.14045 9.50373
3.08997 9.51058
3.03916 9.51049
3.12167 9.51062
3.07086 9.51054
3.15337 9.51101
3.10256 9.51063
3.05175 9.51047
3.13426 9.51075
3.08345 9.51054
3.03263 9.51069
3.11515 9.51048
3.06433 9.51061
3.14685 9.51028
3.09603 9.51054
3.04522 9.51061
3.12774 9.5105
3.07692 9.51058
3.02611 9.51018
3.10862 9.51071
3.05781 9.51043
3.14032 9.51098
3.08951 9.51056
3.03869 9.51058
3.12121 9.51055
3.07039 9.51057
3.15291 9.51049
3.1021 9.51055
3.05128 9.51058
3.1338 9.51053
3.08298 9.51057
3.03217 9.51054
3.11468 9.51058
3.06387 9.51055
3.14638 9.51061
3.09557 9.51057
3.04475 9.51055
3.12727 9.51057
3.07646 9.51056
3.02564 9.51065
3.10816 9.51053
3.05734 9.51059
3.13986 9.51047
3.08904 9.51056
3.03823 9.51056
3.12074 9.51057
3.06993 9.51056
3.15245 9.5106
3.10163 9.51057
3.05082 9.51055
3.13333 9.51058
3.08252 9.51056
3.0317 9.51058
3.11422 9.51055
3.0634 9.51057
3.14592 9.51054
3.0951 9.51056
3.04429 9.51057
3.12681 9.51056
3.07599 9.51056
3.02518 9.51052
3.10769 9.51058
3.05688 9.51055
3.13939 9.5106
3.08858 9.51056
3.03776 9.51057
3.12028 9.51056
3.06947 9.51056
3.15198 9.51055
3.10117 9.51056
3.05035 9.51056
3.13287 9.51056
3.08205 9.51056
3.03124 9.51055
3.11375 9.51057
3.06294 9.51056
3.14546 9.51058
3.09464 9.51056
3.04383 9.51056
3.12634 9.51056
3.07553 9.51056
3.02471 9.51061
3.10723 9.51054
3.05641 9.51058
3.13893 9.51051
3.08811 9.51056
3.0373 9.51055
3.11982 9.51057
3.069 9.51056
3.15152 9.5106
3.1007 9.51057
3.04989 9.51055
3.1324 9.51058
3.08159 9.51056
3.03077 9.51058
3.11329 9.51055
3.06247 9.51057
3.14499 9.51054
3.09418 9.51056
3.04336 9.51057
3.12588 9.51056
3.07506 9.51056
3.02425 9.51039
3.10676 9.51062
3.05595 9.5105
3.13847 9.51072
3.08765 9.51056
3.03683 9.51059
3.11935 9.51054
3.06854 9.51057
3.15105 9.51045
3.10024 9.51055
3.04942 9.51058
3.13194 9.51052
3.08112 9.51057
3.03031 9.51051
3.11283 9.51059
3.06201 9.51054
3.14453 9.51065
3.09371 9.51057
3.0429 9.51055
3.12541 9.51057
3.0746 9.51056
3.02379 9.51127
3.1063 9.51034
3.05548 9.51081
3.138 9.50994
3.08718 9.51059
3.03637 9.51044
3.11888 9.51066
3.06807 9.51052
3.15058 9.51101
3.09977 9.51062
3.04896 9.51047
3.13147 9.51071
3.08066 9.51054
3.02984 9.5108
3.11236 9.51044
3.06154 9.51065
3.14406 9.51019
3.09324 9.51055
3.04243 9.5106
3.12495 9.51052
3.07413 9.51058
3.15647 9.50579
3.10576 9.50966
3.05497 9.51158
3.1374 9.50809
3.08663 9.5107
3.03582 9.50995
3.11833 9.51101
3.06752 9.51033
3.15 9.5126
3.09921 9.51081
3.0484 9.51015
3.1309 9.5112
3.08009 9.51045
3.02929 9.51177
3.11179 9.50998
3.06098 9.51101
3.14346 9.50876
3.09266 9.5105
3.04185 9.51073
3.12436 9.51038
3.07355 9.51062
3.15588 9.50558
3.10518 9.50965
3.05439 9.51162
3.13681 9.50808
3.08605 9.51073
3.03524 9.50979
3.11774 9.5111
3.06693 9.51027
3.1494 9.51289
3.09862 9.51082
3.0478 9.51011
3.13031 9.51125
3.0795 9.51043
3.02871 9.51213
3.11119 9.50984
3.06038 9.51114
3.14284 9.50836
3.09206 9.5105
3.04124 9.51073
3.12376 9.51039
3.07295 9.51062
3.1554 9.50777
3.10462 9.51007
3.05381 9.51116
3.13631 9.50922
3.0855 9.51066
3.03469 9.51006
3.1172 9.5109
3.06639 9.51037
3.14889 9.51196
3.09808 9.51071
3.04727 9.51029
3.12978 9.51096
3.07897 9.51048
3.02817 9.51162
3.11067 9.51009
3.05986 9.51095
3.14235 9.50915
3.09155 9.51053
3.04073 9.51064
3.12325 9.51048
3.07243 9.51059
3.15494 9.50955
3.10413 9.51039
3.05331 9.51078
3.13583 9.51009
3.08501 9.5106
3.0342 9.51036
3.11672 9.5107
3.0659 9.51048
3.14842 9.5111
3.0976 9.51062
3.04679 9.51046
3.1293 9.5107
3.07849 9.51053
3.02767 9.51101
3.11019 9.51037
3.05937 9.51073
3.14189 9.50999
3.09107 9.51055
3.04026 9.51058
3.12278 9.51054
3.07196 9.51057
3.15448 9.51033
3.10366 9.51052
3.05285 9.51061
3.13536 9.51046
3.08455 9.51057
3.03373 9.51051
3.11625 9.5106
3.06543 9.51054
3.14795 9.51069
3.09714 9.51057
3.04632 9.51054
3.12884 9.5106
3.07802 9.51055
3.02721 9.51069
3.10972 9.51051
3.05891 9.51061
3.14143 9.51041
3.09061 9.51056
3.03979 9.51056
3.12231 9.51056
3.0715 9.51056
3.15401 9.51054
3.1032 9.51056
3.05238 9.51057
3.1349 9.51055
3.08408 9.51056
3.03327 9.51056
3.11579 9.51057
3.06497 9.51056
3.14749 9.51057
3.09667 9.51056
3.04586 9.51056
3.12837 9.51056
3.07756 9.51056
3.02674 9.51058
3.10926 9.51055
3.05844 9.51057
3.14096 9.51054
3.09015 9.51056
3.03933 9.51056
3.12185 9.51056
3.07103 9.51056
3.15355 9.51056
3.10273 9.51056
3.05192 9.51056
3.13443 9.51056
3.08362 9.51056
3.0328 9.51056
3.11532 9.51056
3.0645 9.51056
3.14702 9.51056
3.09621 9.51056
3.04539 9.51056
3.12791 9.51056
3.07709 9.51056
3.02628 9.51056
3.10879 9.51056
3.05798 9.51056
3.1405 9.51056
3.08968 9.51056
3.03886 9.51056
3.12138 9.51056
3.07057 9.51056
3.15308 9.51056
3.10227 9.51056
3.05145 9.51056
3.13397 9.51056
3.08315 9.51056
3.03234 9.51056
3.11486 9.51056
3.06404 9.51056
3.14656 9.51056
3.09574 9.51056
3.04493 9.51056
3.12744 9.51056
3.07663 9.51056
3.02581 9.51056
3.10833 9.51056
3.05751 9.51056
3.14003 9.51056
3.08922 9.51056
3.0384 9.51056
3.12092 9.51056
3.0701 9.51056
3.15262 9.51056
3.1018 9.51056
3.05099 9.51056
3.13351 9.51056
3.08269 9.51056
3.03187 9.51056
3.11439 9.51056
3.06358 9.51056
3.14609 9.51056
3.09528 9.51056
3.04446 9.51056
3.12698 9.51056
3.07616 9.51056
3.02535 9.51056
3.10787 9.51056
3.05705 9.51056
3.13957 9.51056
3.08875 9.51056
3.03794 9.51056
3.12045 9.51056
3.06964 9.51056
3.15215 9.51056
3.10134 9.51056
3.05052 9.51056
3.13304 9.51056
3.08223 9.51056
3.03141 9.51056
3.11393 9.51056
3.06311 9.51056
3.14563 9.51056
3.09481 9.51056
3.044 9.51056
3.12651 9.51056
3.0757 9.51056
3.02488 9.51056
3.1074 9.51056
3.05658 9.51056
3.1391 9.51056
3.08829 9.51056
3.03747 9.51056
3.11999 9.51056
3.06917 9.51056
3.15169 9.51056
3.10087 9.51056
3.05006 9.51056
3.13258 9.51056
3.08176 9.51056
3.03094 9.51056
3.11346 9.51056
3.06265 9.51056
3.14516 9.51056
3.09435 9.51056
3.04353 9.51056
3.12605 9.51056
3.07523 9.51056
3.02442 9.51056
3.10694 9.51056
3.05612 9.51056
3.13864 9.51056
3.08782 9.51056
3.03701 9.51056
3.11952 9.51056
3.06871 9.51056
3.15123 9.51056
3.10041 9.51056
3.04959 9.51056
3.13211 9.51056
3.0813 9.51056
3.03048 9.51056
3.113 9.51056
3.06218 9.51056
3.1447 9.51056
3.09388 9.51056
3.04307 9.51056
3.12559 9.51056
3.07477 9.51056
3.02395 9.51056
3.10647 9.51056
3.05566 9.51056
3.13817 9.51056
3.08736 9.51056
3.03654 9.51056
3.11906 9.51056
3.06824 9.51056
3.15076 9.51056
3.09994 9.51056
3.04913 9.51056
3.13165 9.51056
3.08083 9.51056
3.03001 9.51056
3.11253 9.51056
3.06172 9.51056
3.14423 9.51056
3.09342 9.51056
3.0426 9.51056
3.12512 9.51056
3.0743 9.51056
3.15681 9.51056
3.106 9.51056
3.05518 9.51056
3.1377 9.51056
3.08688 9.51056
3.03607 9.51056
3.11859 9.51056
3.06777 9.51056
3.15029 9.51056
3.09947 9.51056
3.04866 9.51056
3.13117 9.51056
3.08036 9.51056
3.02954 9.51056
3.11206 9.51056
3.06124 9.51056
3.14376 9.51056
3.09295 9.51056
3.04213 9.51056
3.12465 9.51056
3.07383 9.51056
3.15635 9.51056
3.10553 9.51056
3.05472 9.51056
3.13724 9.51056
3.08642 9.51056
3.0356 9.51056
3.11812 9.51056
3.06731 9.51056
3.14982 9.51056
3.09901 9.51056
3.04819 9.51056
3.13071 9.51056
3.07989 9.51056
3.02908 9.51056
3.1116 9.51056
3.06078 9.51056
3.1433 9.51056
3.09248 9.51056
3.04167 9.51056
3.12418 9.51056
3.07337 9.51056
3.15588 9.51056
3.10507 9.51056
3.05425 9.51056
3.13677 9.51056
3.08595 9.51056
3.03514 9.51056
3.11766 9.51056
3.06684 9.51056
3.14936 9.51056
3.09854 9.51056
3.04773 9.51056
3.13024 9.51056
3.07943 9.51056
3.02861 9.51056
3.11113 9.51056
3.06031 9.51056
3.14283 9.51056
3.09202 9.51056
3.0412 9.51056
3.12372 9.51056
3.0729 9.51056
3.15542 9.51056
3.1046 9.51056
3.05379 9.51056
3.13631 9.51056
3.08549 9.51056
3.03467 9.51056
3.11719 9.51056
3.06638 9.51056
3.14889 9.51056
3.09808 9.51056
3.04726 9.51056
3.12978 9.51056
3.07896 9.51056
3.02815 9.51056
3.11067 9.51056
3.05985 9.51056
3.14237 9.51056
3.09155 9.51056
3.04074 9.51056
3.12325 9.51056
3.07244 9.51056
3.15496 9.51056
3.10414 9.51056
3.05332 9.51056
3.13584 9.51056
3.08503 9.51056
3.03421 9.51056
3.11673 9.51056
3.06591 9.51056
3.14843 9.51056
3.09761 9.51056
3.0468 9.51056
3.12931 9.51056
3.0785 9.51056
3.02768 9.51056
3.1102 9.51056
3.05939 9.51056
3.1419 9.51056
3.09109 9.51056
3.04027 9.51056
3.12279 9.51056
3.07197 9.51056
3.15449 9.51056
3.10367 9.51056
3.05286 9.51056
3.13538 9.51056
3.08456 9.51056
3.03374 9.51056
3.11626 9.51056
3.06545 9.51056
3.14796 9.51056
3.09715 9.51056
3.04633 9.51056
3.12885 9.51056
3.07803 9.51056
3.02722 9.51056
3.10974 9.51056
3.05892 9.51056
3.14144 9.51056
3.09062 9.51056
3.03981 9.51056
3.12232 9.51056
3.07151 9.51056
3.15403 9.51056
3.10321 9.51056
3.05239 9.51056
3.13491 9.51056
3.0841 9.51056
3.03328 9.51056
3.1158 9.51056
3.06498 9.51056
3.1475 9.51056
3.09668 9.51056
3.04587 9.51056
3.12839 9.51056
3.07757 9.51056
3.02675 9.51056
3.10927 9.51056
3.05846 9.51056
3.14097 9.51056
3.09016 9.51056
3.03934 9.51056
3.12186 9.51056
3.07104 9.51056
3.15356 9.51056
3.10275 9.51056
3.05193 9.51056
3.13445 9.51056
3.08363 9.51056
3.03282 9.51056
3.11533 9.51056
3.06452 9.51056
3.14703 9.51056
3.09622 9.51056
3.0454 9.51056
3.12792 9.51056
3.07711 9.51056
3.02629 9.51056
3.10881 9.51056
3.05799 9.51056
3.14051 9.51056
3.08969 9.51056
3.03888 9.51056
3.12139 9.51056
3.07058 9.51056
3.1531 9.51056
3.10228 9.51056
3.05147 9.51056
3.13398 9.51056
3.08317 9.51056
3.03235 9.51056
3.11487 9.51056
3.06405 9.51056
3.14657 9.51056
3.09575 9.51056
3.04494 9.51056
3.12746 9.51056
3.07664 9.51056
3.02583 9.51056
3.10834 9.51056
3.05753 9.51056
3.14004 9.51056
3.08923 9.51056
3.03841 9.51056
3.12093 9.51056
3.07011 9.51056
3.15263 9.51056
3.10182 9.51056
3.051 9.51056
3.13352 9.51056
3.0827 9.51056
3.03189 9.51056
3.1144 9.51056
3.06359 9.51056
3.14611 9.51056
3.09529 9.51056
3.04447 9.51056
3.12699 9.51056
3.07618 9.51056
3.02536 9.51056
3.10788 9.51056
3.05706 9.51056
3.13958 9.51056
3.08876 9.51056
3.03795 9.51056
3.12047 9.51056
3.06965 9.51056
3.15217 9.51056
3.10135 9.51056
3.05054 9.51056
3.13305 9.51056
3.08224 9.51056
3.03142 9.51056
3.11394 9.51056
3.06312 9.51056
3.14564 9.51056
3.09483 9.51056
3.04401 9.51056
3.12653 9.51056
3.07571 9.51056
3.0249 9.51056
3.10741 9.51056
3.0566 9.51056
3.13912 9.51056
3.0883 9.51056
3.03748 9.51056
3.12 9.51056
3.06919 9.51056
3.1517 9.51056
3.10089 9.51056
3.05007 9.51056
3.13259 9.51056
3.08177 9.51056
3.03096 9.51056
3.11347 9.51056
3.06266 9.51056
3.14518 9.51056
3.09436 9.51056
3.04355 9.51056
3.12606 9.51056
3.07525 9.51056
3.02443 9.51056
3.10695 9.51056
3.05613 9.51056
3.13865 9.51056
3.08783 9.51056
3.03702 9.51056
3.11954 9.51056
3.06872 9.51056
3.15124 9.51056
3.10042 9.51056
3.04961 9.51056
3.13212 9.51056
3.08131 9.51056
3.03049 9.51056
3.11301 9.51056
3.06219 9.51056
3.14471 9.51056
3.0939 9.51056
3.04308 9.51056
3.1256 9.51056
3.07478 9.51056
3.02397 9.51056
3.10648 9.51056
3.05567 9.51056
3.13819 9.51056
3.08737 9.51056
3.03655 9.51056
3.11907 9.51056
3.06826 9.51056
3.15077 9.51056
3.09996 9.51056
3.04914 9.51056
3.13166 9.51056
3.08084 9.51056
3.03003 9.51056
3.11255 9.51056
3.06173 9.51056
3.14425 9.51056
3.09343 9.51056
3.04262 9.51056
3.12513 9.51056
3.07432 9.51056
3.15682 9.51056
3.10601 9.51056
3.05519 9.51056
3.13771 9.51056
3.08689 9.51056
3.03608 9.51056
3.11859 9.51056
3.06778 9.51056
3.1503 9.51056
3.09948 9.51056
3.04866 9.51056
3.13118 9.51056
3.08037 9.51056
3.02955 9.51056
3.11207 9.51056
3.06125 9.51056
3.14377 9.51056
3.09295 9.51056
3.04214 9.51056
3.12466 9.51056
3.07384 9.51056
3.15636 9.51056
3.10554 9.51056
3.05473 9.51056
3.13724 9.51056
3.08643 9.51056
3.03561 9.51056
3.11813 9.51056
3.06731 9.51056
3.14983 9.51056
3.09901 9.51056
3.0482 9.51056
3.13072 9.51056
3.0799 9.51056
3.02908 9.51056
3.1116 9.51056
3.06079 9.51056
3.1433 9.51056
3.09249 9.51056
3.04167 9.51056
3.12419 9.51056
3.07337 9.51056
3.15589 9.51056
3.10508 9.51056
3.05426 9.51056
3.13678 9.51056
3.08596 9.51056
3.03515 9.51056
3.11766 9.51056
3.06685 9.51056
3.14937 9.51056
3.09855 9.51056
3.04773 9.51056
3.13025 9.51056
3.07944 9.51056
3.02862 9.51056
3.11114 9.51056
3.06032 9.51056
3.14284 9.51056
3.09202 9.51056
3.04121 9.51056
3.12373 9.51056
3.07291 9.51056
3.15543 9.51056
3.10461 9.51056
3.0538 9.51056
3.13631 9.51056
3.0855 9.51056
3.03468 9.51056
3.1172 9.51056
3.06638 9.51056
3.1489 9.51056
3.09809 9.51056
3.04727 9.51056
3.12979 9.51056
3.07897 9.51056
3.02816 9.51056
3.11067 9.51056
3.05986 9.51056
3.14237 9.51056
3.09156 9.51056
3.04074 9.51056
3.12326 9.51056
3.07244 9.51056
3.15496 9.51056
3.10415 9.51056
3.05333 9.51056
3.13585 9.51056
3.08503 9.51056
3.03422 9.51056
3.11673 9.51056
3.06592 9.51056
3.14844 9.51056
3.09762 9.51056
3.0468 9.51056
3.12932 9.51056
3.07851 9.51056
3.02769 9.51056
3.11021 9.51056
3.05939 9.51056
3.14191 9.51056
3.09109 9.51056
3.04028 9.51056
3.1228 9.51056
3.07198 9.51056
3.1545 9.51056
3.10368 9.51056
3.05287 9.51056
3.13538 9.51056
3.08457 9.51056
3.03375 9.51056
3.11627 9.51056
3.06545 9.51056
3.14797 9.51056
3.09716 9.51056
3.04634 9.51056
3.12886 9.51056
3.07804 9.51056
3.02723 9.51056
3.10974 9.51056
3.05893 9.51056
3.14145 9.51056
3.09063 9.51056
3.03981 9.51056
3.12233 9.51056
3.07152 9.51056
3.15403 9.51056
3.10322 9.51056
3.0524 9.51056
3.13492 9.51056
3.0841 9.51056
3.03329 9.51056
3.1158 9.51056
3.06499 9.51056
3.14751 9.51056
3.09669 9.51056
3.04588 9.51056
3.12839 9.51056
3.07758 9.51056
3.02676 9.51056
3.10928 9.51056
3.05846 9.51056
3.14098 9.51056
3.09016 9.51056
3.03935 9.51056
3.12187 9.51056
3.07105 9.51056
3.15357 9.51056
3.10275 9.51056
3.05194 9.51056
3.13445 9.51056
3.08364 9.51056
3.03282 9.51056
3.11534 9.51056
3.06452 9.51056
3.14704 9.51056
3.09623 9.51056
3.04541 9.51056
3.12793 9.51056
3.07711 9.51056
3.0263 9.51056
3.10881 9.51056
3.058 9.51056
3.14052 9.51056
3.0897 9.51056
3.03888 9.51056
3.1214 9.51056
3.07059 9.51056
3.1531 9.51056
3.10229 9.51056
3.05147 9.51056
3.13399 9.51056
3.08317 9.51056
3.03236 9.51056
3.11488 9.51056
3.06406 9.51056
3.14658 9.51056
3.09576 9.51056
3.04495 9.51056
3.12746 9.51056
3.07665 9.51056
3.02583 9.51056
3.10835 9.51056
3.05753 9.51056
3.14005 9.51056
3.08924 9.51056
3.03842 9.51056
3.12094 9.51056
3.07012 9.51056
3.15264 9.51056
3.10182 9.51056
3.05101 9.51056
3.13353 9.51056
3.08271 9.51056
3.03189 9.51056
3.11441 9.51056
3.0636 9.51056
3.14611 9.51056
3.0953 9.51056
3.04448 9.51056
3.127 9.51056
3.07618 9.51056
3.02537 9.51056
3.10789 9.51056
3.05707 9.51056
3.13959 9.51056
3.08877 9.51056
3.03796 9.51056
3.12047 9.51056
3.06966 9.51056
3.15217 9.51056
3.10136 9.51056
3.05054 9.51056
3.13306 9.51056
3.08224 9.51056
3.03143 9.51056
3.11395 9.51056
3.06313 9.51056
3.14565 9.51056
3.09483 9.51056
3.04402 9.51056
3.12653 9.51056
3.07572 9.51056
3.0249 9.51056
3.10742 9.51056
3.0566 9.51056
3.13912 9.51056
3.08831 9.51056
3.03749 9.51056
3.12001 9.51056
3.06919 9.51056
3.15171 9.51056
3.10089 9.51056
3.05008 9.51056
3.1326 9.51056
3.08178 9.51056
3.03096 9.51056
3.11348 9.51056
3.06267 9.51056
3.14518 9.51056
3.09437 9.51056
3.04355 9.51056
3.12607 9.51056
3.07525 9.51056
3.02444 9.51056
3.10696 9.51056
3.05614 9.51056
3.13866 9.51056
3.08784 9.51056
3.03703 9.51056
3.11954 9.51056
3.06873 9.51056
3.15125 9.51056
3.10043 9.51056
3.04961 9.51056
3.13213 9.51056
3.08132 9.51056
3.0305 9.51056
3.11302 9.51056
3.0622 9.51056
3.14472 9.51056
3.0939 9.51056
3.04309 9.51056
3.12561 9.51056
3.07479 9.51056
3.02397 9.51056
3.10649 9.51056
3.05567 9.51056
3.13819 9.51056
3.08738 9.51056
3.03656 9.51056
3.11908 9.51056
3.06826 9.51056
3.15078 9.51056
3.09996 9.51056
3.04915 9.51056
3.13167 9.51056
3.08085 9.51056
3.03003 9.51056
3.11255 9.51056
3.06174 9.51056
3.14425 9.51056
3.09344 9.51056
3.04262 9.51056
3.12514 9.51056
3.07432 9.51056
3.15681 9.51056
3.10599 9.51056
3.05518 9.51056
3.1377 9.51056
3.08688 9.51056
3.03606 9.51056
3.11858 9.51056
3.06777 9.51056
3.15028 9.51056
3.09947 9.51056
3.04865 9.51056
3.13117 9.51056
3.08035 9.51056
3.02954 9.51056
3.11206 9.51056
3.06124 9.51056
3.14376 9.51056
3.09294 9.51056
3.04213 9.51056
3.12464 9.51056
3.07383 9.51056
3.15635 9.51056
3.10553 9.51056
3.05471 9.51056
3.13723 9.51056
3.08642 9.51056
3.0356 9.51056
3.11812 9.51056
3.0673 9.51056
3.14982 9.51056
3.099 9.51056
3.04819 9.51056
3.13071 9.51056
3.07989 9.51056
3.02907 9.51056
3.11159 9.51056
3.06078 9.51056
3.14329 9.51056
3.09248 9.51056
3.04166 9.51056
3.12418 9.51056
3.07336 9.51056
3.15588 9.51056
3.10507 9.51056
3.05425 9.51056
3.13677 9.51056
3.08595 9.51056
3.03514 9.51056
3.11765 9.51056
3.06684 9.51056
3.14935 9.51056
3.09854 9.51056
3.04772 9.51056
3.13024 9.51056
3.07942 9.51056
3.02861 9.51056
3.11113 9.51056
3.06031 9.51056
3.14283 9.51056
3.09201 9.51056
3.0412 9.51056
3.12371 9.51056
3.0729 9.51056
3.15542 9.51056
3.1046 9.51056
3.05378 9.51056
3.1363 9.51056
3.08549 9.51056
3.03467 9.51056
3.11719 9.51056
3.06637 9.51056
3.14889 9.51056
3.09807 9.51056
3.04726 9.51056
3.12978 9.51056
3.07896 9.51056
3.02814 9.51056
3.11066 9.51056
3.05985 9.51056
3.14236 9.51056
3.09155 9.51056
3.04073 9.51056
3.12325 9.51056
3.07243 9.51056
3.15495 9.51056
3.10414 9.51056
3.05332 9.51056
3.13584 9.51056
3.08502 9.51056
3.03421 9.51056
3.11672 9.51056
3.06591 9.51056
3.14843 9.51056
3.09761 9.51056
3.04679 9.51056
3.12931 9.51056
3.0785 9.51056
3.02768 9.51056
3.1102 9.51056
3.05938 9.51056
3.1419 9.51056
3.09108 9.51056
3.04027 9.51056
3.12279 9.51056
3.07197 9.51056
3.15449 9.51056
3.10367 9.51056
3.05286 9.51056
3.13537 9.51056
3.08456 9.51056
3.03374 9.51056
3.11626 9.51056
3.06544 9.51056
3.14796 9.51056
3.09714 9.51056
3.04633 9.51056
3.12885 9.51056
3.07803 9.51056
3.02722 9.51056
3.10973 9.51056
3.05892 9.51056
3.14143 9.51056
3.09062 9.51056
3.0398 9.51056
3.12232 9.51056
3.0715 9.51056
3.15402 9.51056
3.10321 9.51056
3.05239 9.51056
3.13491 9.51056
3.08409 9.51056
3.03328 9.51056
3.11579 9.51056
3.06498 9.51056
3.1475 9.51056
3.09668 9.51056
3.04586 9.51056
3.12838 9.51056
3.07757 9.51056
3.02675 9.51056
3.10927 9.51056
3.05845 9.51056
3.14097 9.51056
3.09015 9.51056
3.03934 9.51056
3.12186 9.51056
3.07104 9.51056
3.15356 9.51056
3.10274 9.51056
3.05193 9.51056
3.13444 9.51056
3.08363 9.51056
3.03281 9.51056
3.11533 9.51056
3.06451 9.51056
3.14703 9.51056
3.09622 9.51056
3.0454 9.51056
3.12792 9.51056
3.0771 9.51056
3.02629 9.51056
3.1088 9.51056
3.05799 9.51056
3.14051 9.51056
3.08969 9.51056
3.03887 9.51056
3.12139 9.51056
3.07058 9.51056
3.15309 9.51056
3.10228 9.51056
3.05146 9.51056
3.13398 9.51056
3.08316 9.51056
3.03235 9.51056
3.11487 9.51056
3.06405 9.51056
3.14657 9.51056
3.09575 9.51056
3.04494 9.51056
3.12745 9.51056
3.07664 9.51056
3.02582 9.51056
3.10834 9.51056
3.05752 9.51056
3.14004 9.51056
3.08923 9.51056
3.03841 9.51056
3.12093 9.51056
3.07011 9.51056
3.15263 9.51056
3.10181 9.51056
3.051 9.51056
3.13351 9.51056
3.0827 9.51056
3.03188 9.51056
3.1144 9.51056
3.06358 9.51056
3.1461 9.51056
3.09529 9.51056
3.04447 9.51056
3.12699 9.51056
3.07617 9.51056
3.02536 9.51056
3.10787 9.51056
3.05706 9.51056
3.13958 9.51056
3.08876 9.51056
3.03794 9.51056
3.12046 9.51056
3.06965 9.51056
3.15216 9.51056
3.10135 9.51056
3.05053 9.51056
3.13305 9.51056
3.08223 9.51056
3.03142 9.51056
3.11394 9.51056
3.06312 9.51056
3.14564 9.51056
3.09482 9.51056
3.04401 9.51056
3.12652 9.51056
3.07571 9.51056
3.02489 9.51056
3.10741 9.51056
3.05659 9.51056
3.13911 9.51056
3.0883 9.51056
3.03748 9.51056
3.12 9.51056
3.06918 9.51056
3.1517 9.51056
3.10088 9.51056
3.05007 9.51056
3.13259 9.51056
3.08177 9.51056
3.03095 9.51056
3.11347 9.51056
3.06266 9.51056
3.14517 9.51056
3.09436 9.51056
3.04354 9.51056
3.12606 9.51056
3.07524 9.51056
3.02443 9.51056
3.10695 9.51056
3.05613 9.51056
3.13865 9.51056
3.08783 9.51056
3.03702 9.51056
3.11953 9.51056
3.06872 9.51056
3.15123 9.51056
3.10042 9.51056
3.0496 9.51056
3.13212 9.51056
3.0813 9.51056
3.03049 9.51056
3.11301 9.51056
3.06219 9.51056
3.14471 9.51056
3.09389 9.51056
3.04308 9.51056
3.12559 9.51056
3.07478 9.51056
3.02396 9.51056
3.10648 9.51056
3.05566 9.51056
3.13818 9.51056
3.08737 9.51056
3.03655 9.51056
3.11907 9.51056
3.06825 9.51056
3.15077 9.51056
3.09995 9.51056
3.04914 9.51056
3.13166 9.51056
3.08084 9.51056
3.03002 9.51056
3.11254 9.51056
3.06173 9.51056
3.14424 9.51056
3.09343 9.51056
3.04261 9.51056
3.12513 9.51056
3.07431 9.51056
3.15682 9.51056
3.10601 9.51056
3.05519 9.51056
3.13771 9.51056
3.08689 9.51056
3.03608 9.51056
3.11859 9.51056
3.06778 9.51056
3.15029 9.51056
3.09948 9.51056
3.04866 9.51056
3.13118 9.51056
3.08036 9.51056
3.02955 9.51056
3.11207 9.51056
3.06125 9.51056
3.14377 9.51056
3.09295 9.51056
3.04214 9.51056
3.12465 9.51056
3.07384 9.51056
3.15636 9.51056
3.10554 9.51056
3.05472 9.51056
3.13724 9.51056
3.08643 9.51056
3.03561 9.51056
3.11813 9.51056
3.06731 9.51056
3.14983 9.51056
3.09901 9.51056
3.0482 9.51056
3.13072 9.51056
3.0799 9.51056
3.02908 9.51056
3.1116 9.51056
3.06079 9.51056
3.1433 9.51056
3.09249 9.51056
3.04167 9.51056
3.12419 9.51056
3.07337 9.51056
3.15589 9.51056
3.10508 9.51056
3.05426 9.51056
3.13678 9.51056
3.08596 9.51056
3.03515 9.51056
3.11766 9.51056
3.06685 9.51056
3.14937 9.51056
3.09855 9.51056
3.04773 9.51056
3.13025 9.51056
3.07944 9.51056
3.02862 9.51056
3.11114 9.51056
3.06032 9.51056
3.14284 9.51056
3.09202 9.51056
3.04121 9.51056
3.12373 9.51056
3.07291 9.51056
3.15543 9.51056
3.10461 9.51056
3.0538 9.51056
3.13631 9.51056
3.0855 9.51056
3.03468 9.51056
3.1172 9.51056
3.06638 9.51056
3.1489 9.51056
3.09809 9.51056
3.04727 9.51056
3.12979 9.51056
3.07897 9.51056
3.02816 9.51056
3.11067 9.51056
3.05986 9.51056
3.14237 9.51056
3.09156 9.51056
3.04074 9.51056
3.12326 9.51056
3.07244 9.51056
3.15496 9.51056
3.10415 9.51056
3.05333 9.51056
3.13585 9.51056
3.08503 9.51056
3.03422 9.51056
3.11673 9.51056
3.06592 9.51056
3.14844 9.51056
3.09762 9.51056
3.0468 9.51056
3.12932 9.51056
3.07851 9.51056
3.02769 9.51056
3.11021 9.51056
3.05939 9.51056
3.14191 9.51056
3.09109 9.51056
3.04028 9.51056
3.1228 9.51056
3.07198 9.51056
3.1545 9.51056
3.10368 9.51056
3.05287 9.51056
3.13538 9.51056
3.08457 9.51056
3.03375 9.51056
3.11627 9.51056
3.06545 9.51056
3.14797 9.51056
3.09716 9.51056
3.04634 9.51056
3.12886 9.51056
3.07804 9.51056
3.02723 9.51056
3.10974 9.51056
3.05893 9.51056
3.14145 9.51056
3.09063 9.51056
3.03981 9.51056
3.12233 9.51056
3.07152 9.51056
3.15403 9.51056
3.10322 9.51056
3.0524 9.51056
3.13492 9.51056
3.0841 9.51056
3.03329 9.51056
3.1158 9.51056
3.06499 9.51056
3.14751 9.51056
3.09669 9.51056
3.04588 9.51056
3.12839 9.51056
3.07758 9.51056
3.02676 9.51056
3.10928 9.51056
3.05846 9.51056
3.14098 9.51056
3.09016 9.51056
3.03935 9.51056
3.12187 9.51056
3.07105 9.51056
3.15357 9.51056
3.10275 9.51056
3.05194 9.51056
3.13445 9.51056
3.08364 9.51056
3.03282 9.51056
3.11534 9.51056
3.06452 9.51056
3.14704 9.51056
3.09623 9.51056
3.04541 9.51056
3.12793 9.51056
3.07711 9.51056
3.0263 9.51056
3.10881 9.51056
3.058 9.51056
3.14052 9.51056
3.0897 9.51056
3.03888 9.51056
3.1214 9.51056
3.07059 9.51056
3.1531 9.51056
3.10229 9.51056
3.05147 9.51056
3.13399 9.51056
3.08317 9.51056
3.03236 9.51056
3.11488 9.51056
3.06406 9.51056
3.14658 9.51056
3.09576 9.51056
3.04495 9.51056
3.12746 9.51056
3.07665 9.51056
3.02583 9.51056
3.10835 9.51056
3.05753 9.51056
3.14005 9.51056
3.08924 9.51056
3.03842 9.51056
3.12094 9.51056
3.07012 9.51056
3.15264 9.51056
3.10182 9.51056
3.05101 9.51056
3.13353 9.51056
3.08271 9.51056
3.03189 9.51056
3.11441 9.51056
3.0636 9.51056
3.14611 9.51056
3.0953 9.51056
3.04448 9.51056
3.127 9.51056
3.07618 9.51056
3.02537 9.51056
3.10789 9.51056
3.05707 9.51056
3.13959 9.51056
3.08877 9.51056
3.03796 9.51056
3.12047 9.51056
3.06966 9.51056
3.15217 9.51056
3.10136 9.51056
3.05054 9.51056
3.13306 9.51056
3.08224 9.51056
3.03143 9.51056
3.11395 9.51056
3.06313 9.51056
3.14565 9.51056
3.09483 9.51056
3.04402 9.51056
3.12653 9.51056
3.07572 9.51056
3.0249 9.51056
3.10742 9.51056
3.0566 9.51056
3.13912 9.51056
3.08831 9.51056
3.03749 9.51056
3.12001 9.51056
3.06919 9.51056
3.15171 9.51056
3.10089 9.51056
3.05008 9.51056
3.1326 9.51056
3.08178 9.51056
3.03096 9.51056
3.11348 9.51056
3.06267 9.51056
3.14518 9.51056
3.09437 9.51056
3.04355 9.51056
3.12607 9.51056
3.07525 9.51056
3.02444 9.51056
3.10696 9.51056
3.05614 9.51056
3.13866 9.51056
3.08784 9.51056
3.03703 9.51056
3.11954 9.51056
3.06873 9.51056
3.15125 9.51056
3.10043 9.51056
3.04961 9.51056
3.13213 9.51056
3.08132 9.51056
3.0305 9.51056
3.11302 9.51056
3.0622 9.51056
3.14472 9.51056
3.0939 9.51056
3.04309 9.51056
3.12561 9.51056
3.07479 9.51056
3.02397 9.51056
3.10649 9.51056
3.05567 9.51056
3.13819 9.51056
3.08738 9.51056
3.03656 9.51056
3.11908 9.51056
3.06826 9.51056
3.15078 9.51056
3.09996 9.51056
3.04915 9.51056
3.13167 9.51056
3.08085 9.51056
3.03003 9.51056
3.11255 9.51056
3.06174 9.51056
3.14425 9.51056
3.09344 9.51056
3.04262 9.51056
3.12514 9.51056
3.07432 9.51056
3.15681 9.51056
3.10599 9.51056
3.05518 9.51056
3.1377 9.51056
3.08688 9.51056
3.03606 9.51056
3.11858 9.51056
3.06777 9.51056
3.15028 9.51056
3.09947 9.51056
3.04865 9.51056
3.13117 9.51056
3.08035 9.51056
3.02954 9.51056
3.11206 9.51056
3.06124 9.51056
3.14376 9.51056
3.09294 9.51056
3.04213 9.51056
3.12464 9.51056
3.07383 9.51056
3.15635 9.51056
3.10553 9.51056
3.05471 9.51056
3.13723 9.51056
3.08642 9.51056
3.0356 9.51056
3.11812 9.51056
3.0673 9.51056
3.14982 9.51056
3.099 9.51056
3.04819 9.51056
3.13071 9.51056
3.07989 9.51056
3.02907 9.51056
3.11159 9.51056
3.06078 9.51056
3.14329 9.51056
3.09248 9.51056
3.04166 9.51056
3.12418 9.51056
3.07336 9.51056
3.15588 9.51056
3.10507 9.51056
3.05425 9.51056
3.13677 9.51056
3.08595 9.51056
3.03514 9.51056
3.11765 9.51056
3.06684 9.51056
3.14935 9.51056
3.09854 9.51056
3.04772 9.51056
3.13024 9.51056
3.07942 9.51056
3.02861 9.51056
3.11113 9.51056
3.06031 9.51056
3.14283 9.51056
3.09201 9.51056
3.0412 9.51056
3.12371 9.51056
3.0729 9.51056
3.15542 9.51056
3.1046 9.51056
3.05378 9.51056
3.1363 9.51056
3.08549 9.51056
3.03467 9.51056
3.11719 9.51056
3.06637 9.51056
3.14889 9.51056
3.09807 9.51056
3.04726 9.51056
3.12978 9.51056
3.07896 9.51056
3.02814 9.51056
3.11066 9.51056
3.05985 9.51056
3.14236 9.51056
3.09155 9.51056
3.04073 9.51056
3.12325 9.51056
3.07243 9.51056
3.15495 9.51056
3.10414 9.51056
3.05332 9.51056
3.13584 9.51056
3.08502 9.51056
3.03421 9.51056
3.11672 9.51056
3.06591 9.51056
3.14843 9.51056
3.09761 9.51056
3.04679 9.51056
3.12931 9.51056
3.0785 9.51056
3.02768 9.51056
3.1102 9.51056
3.05938 9.51056
3.1419 9.51056
3.09108 9.51056
3.04027 9.51056
3.12279 9.51056
3.07197 9.51056
3.15449 9.51056
3.10367 9.51056
3.05286 9.51056
3.13537 9.51056
3.08456 9.51056
3.03374 9.51056
3.11626 9.51056
3.06544 9.51056
3.14796 9.51056
3.09714 9.51056
3.04633 9.51056
3.12885 9.51056
3.07803 9.51056
3.02722 9.51056
3.10973 9.51056
3.05892 9.51056
3.14143 9.51056
3.09062 9.51056
3.0398 9.51056
3.12232 9.51056
3.0715 9.51056
3.15402 9.51056
3.10321 9.51056
3.05239 9.51056
3.13491 9.51056
3.08409 9.51056
3.03328 9.51056
3.11579 9.51056
3.06498 9.51056
3.1475 9.51056
3.09668 9.51056
3.04586 9.51056
3.12838 9.51056
3.07757 9.51056
3.02675 9.51056
3.10927 9.51056
3.05845 9.51056
3.14097 9.51056
3.09015 9.51056
3.03934 9.51056
3.12186 9.51056
3.07104 9.51056
3.15356 9.51056
3.10274 9.51056
3.05193 9.51056
3.13444 9.51056
3.08363 9.51056
3.03281 9.51056
3.11533 9.51056
3.06451 9.51056
3.14703 9.51056
3.09622 9.51056
3.0454 9.51056
3.12792 9.51056
3.0771 9.51056
3.02629 9.51056
3.1088 9.51056
3.05799 9.51056
3.14051 9.51056
3.08969 9.51056
3.03887 9.51056
3.12139 9.51056
3.07058 9.51056
3.15309 9.51056
3.10228 9.51056
3.05146 9.51056
3.13398 9.51056
3.08316 9.51056
3.03235 9.51056
3.11487 9.51056
3.06405 9.51056
3.14657 9.51056
3.09575 9.51056
3.04494 9.51056
3.12745 9.51056
3.07664 9.51056
3.02582 9.51056
3.10834 9.51056
3.05752 9.51056
3.14004 9.51056
3.08923 9.51056
3.03841 9.51056
3.12093 9.51056
3.07011 9.51056
3.15263 9.51056
3.10181 9.51056
3.051 9.51056
3.13351 9.51056
3.0827 9.51056
3.03188 9.51056
3.1144 9.51056
3.06358 9.51056
3.1461 9.51056
3.09529 9.51056
3.04447 9.51056
3.12699 9.51056
3.07617 9.51056
3.02536 9.51056
3.10787 9.51056
3.05706 9.51056
3.13958 9.51056
3.08876 9.51056
3.03794 9.51056
3.12046 9.51056
3.06965 9.51056
3.15216 9.51056
3.10135 9.51056
3.05053 9.51056
3.13305 9.51056
3.08223 9.51056
3.03142 9.51056
3.11394 9.51056
3.06312 9.51056
3.14564 9.51056
3.09482 9.51056
3.04401 9.51056
3.12652 9.51056
3.07571 9.51056
3.02489 9.51056
3.10741 9.51056
3.05659 9.51056
3.13911 9.51056
3.0883 9.51056
3.03748 9.51056
3.12 9.51056
3.06918 9.51056
3.1517 9.51056
3.10088 9.51056
3.05007 9.51056
3.13259 9.51056
3.08177 9.51056
3.03095 9.51056
3.11347 9.51056
3.06266 9.51056
3.14517 9.51056
3.09436 9.51056
