0 0
0.206012 0.634037
0.832145 1.2689
1.87631 1.90542
3.33687 2.54435
5.21254 3.18642
7.50238 3.8322
10.2056 4.48213
13.3215 5.13643
16.8495 5.79499
20.7883 6.45736
25.1368 7.1226
29.8929 7.78922
35.0539 8.45513
40.6158 9.11758
46.5737 9.77328
52.9215 10.4185
59.6514 11.0493
66.7544 11.6618
74.2201 12.2526
82.0366 12.8188
90.1911 13.3585
98.6697 13.8704
107.458 14.3542
116.541 14.8102
125.904 15.2392
135.533 15.6424
145.413 16.0213
155.53 16.3773
165.872 16.7122
176.426 17.0273
187.18 17.3244
198.125 17.6047
209.25 17.8697
220.545 18.1204
232.003 18.3581
243.614 18.5838
255.372 18.7984
267.27 19.0027
279.3 19.1975
291.459 19.3836
303.738 19.5614
316.135 19.7318
328.643 19.895
341.258 20.0517
353.977 20.2023
366.794 20.3472
379.707 20.4866
392.712 20.621
405.805 20.7507
418.984 20.876
432.246 20.997
445.588 21.1141
459.007 21.2275
472.501 21.3374
486.068 21.4439
499.705 21.5472
513.411 21.6475
527.183 21.745
541.02 21.8398
554.92 21.932
568.88 22.0217
582.901 22.1091
596.979 22.1943
611.114 22.2773
625.303 22.3583
639.547 22.4374
653.843 22.5145
668.19 22.5899
682.588 22.6635
697.034 22.7355
711.528 22.806
726.069 22.8749
740.656 22.9423
755.287 23.0083
769.962 23.073
784.681 23.1364
799.441 23.1985
814.243 23.2594
829.085 23.3191
843.967 23.3777
858.888 23.4352
873.847 23.4916
888.844 23.547
903.878 23.6014
918.947 23.6549
934.053 23.7074
949.193 23.7591
964.368 23.8098
979.576 23.8598
994.818 23.9089
1010.09 23.9572
1025.4 24.0047
1040.74 24.0515
1056.11 24.0976
1071.51 24.1429
1086.94 24.1876
1102.4 24.2316
1117.89 24.275
1133.4 24.3177
1148.95 24.3598
1164.52 24.4013
1180.13 24.4422
1195.76 24.4825
1211.41 24.5223
1227.09 24.5616
1242.8 24.6003
1258.54 24.6385
1274.3 24.6762
1290.08 24.7134
1305.89 24.7501
1321.73 24.7864
1337.59 24.8222
1353.47 24.8576
1369.37 24.8925
1385.3 24.927
1401.26 24.9611
1417.23 24.9947
1433.23 25.028
1449.25 25.0609
1465.29 25.0934
1481.35 25.1255
1497.44 25.1573
1513.54 25.1887
1529.67 25.2197
1545.82 25.2505
1561.98 25.2808
1578.17 25.3109
1594.38 25.3406
1610.61 25.37
1626.85 25.3991
1643.12 25.4279
1659.41 25.4564
1675.71 25.4845
1692.04 25.5125
1708.38 25.5401
1724.74 25.5674
1741.12 25.5945
1757.51 25.6213
1773.93 25.6478
1790.36 25.6741
1806.81 25.7002
1823.28 25.726
1839.76 25.7515
1856.26 25.7768
1872.78 25.8019
1889.32 25.8267
1905.87 25.8513
1922.44 25.8757
1939.02 25.8999
1955.62 25.9238
1972.24 25.9475
1988.87 25.9711
2005.52 25.9944
2022.18 26.0175
2038.86 26.0404
2055.55 26.0631
2072.26 26.0857
2088.99 26.108
2105.73 26.1302
2122.48 26.1521
2139.25 26.1739
2156.03 26.1955
2172.83 26.2169
2189.64 26.2382
2206.47 26.2593
2223.31 26.2802
2240.16 26.301
2257.03 26.3215
2273.91 26.342
2290.8 26.3622
2307.71 26.3824
2324.63 26.4023
2341.57 26.4221
2358.52 26.4418
2375.48 26.4613
2392.45 26.4807
2409.44 26.4999
2426.44 26.519
2443.45 26.5379
2460.48 26.5567
2477.52 26.5754
2494.57 26.5939
2511.63 26.6123
2528.71 26.6306
2545.79 26.6487
2562.89 26.6667
2580 26.6846
2597.13 26.7024
2614.26 26.72
2631.41 26.7375
2648.57 26.7549
2665.74 26.7722
2682.92 26.7894
2700.11 26.8064
2717.32 26.8234
2734.53 26.8402
2751.76 26.8569
2769 26.8735
2786.25 26.89
2803.51 26.9064
2820.78 26.9227
2838.06 26.9389
2855.35 26.955
2872.66 26.971
2889.97 26.9868
2907.3 27.0026
2924.63 27.0183
2941.98 27.0339
2959.33 27.0494
2976.7 27.0648
2994.08 27.0801
3011.46 27.0953
3028.86 27.1104
3046.27 27.1254
3063.69 27.1404
3081.11 27.1552
3098.55 27.17
3116 27.1846
3133.45 27.1992
3150.92 27.2137
3168.39 27.2281
3185.88 27.2425
3203.38 27.2567
3220.88 27.2709
3238.39 27.285
3255.92 27.299
3273.45 27.313
3290.99 27.3268
3308.54 27.3406
3326.1 27.3543
3343.67 27.3679
3361.25 27.3815
3378.84 27.395
3396.44 27.4084
3414.04 27.4217
3431.66 27.435
3449.28 27.4482
3466.91 27.4613
3484.55 27.4743
3502.2 27.4873
3519.86 27.5002
3537.53 27.5131
3555.2 27.5259
3572.89 27.5386
3590.58 27.5512
3608.28 27.5638
3625.99 27.5763
3643.71 27.5888
3661.44 27.6012
3679.17 27.6135
3696.91 27.6258
3714.66 27.638
3732.42 27.6501
3750.19 27.6622
3767.96 27.6742
3785.75 27.6862
3803.54 27.6981
3821.34 27.71
3839.14 27.7218
3856.96 27.7335
3874.78 27.7452
3892.61 27.7568
3910.45 27.7684
3928.29 27.7799
3946.15 27.7914
3964.01 27.8028
3981.88 27.8141
3999.75 27.8254
4017.64 27.8367
4035.53 27.8479
4053.43 27.859
4071.33 27.8701
4089.25 27.8811
4107.17 27.8921
4125.1 27.9031
4143.03 27.914
4160.97 27.9248
4178.92 27.9356
4196.88 27.9463
4214.85 27.957
4232.82 27.9677
4250.8 27.9783
4268.78 27.9889
4286.77 27.9994
4304.77 28.0098
4322.78 28.0202
4340.79 28.0306
4358.81 28.041
4376.84 28.0512
4394.88 28.0615
4412.92 28.0717
4430.96 28.0818
4449.02 28.0919
4467.08 28.102
4485.15 28.112
4503.22 28.122
4521.31 28.132
4539.39 28.1419
4557.49 28.1517
4575.59 28.1615
4593.7 28.1713
4611.81 28.1811
4629.93 28.1908
4648.06 28.2004
4666.19 28.21
4684.33 28.2196
4702.48 28.2292
4720.63 28.2387
4738.79 28.2481
4756.96 28.2576
4775.13 28.2669
4793.31 28.2763
4811.49 28.2856
4829.68 28.2949
4847.88 28.3041
4866.08 28.3134
4884.29 28.3225
4902.5 28.3317
4920.73 28.3408
4938.95 28.3498
4957.19 28.3589
4975.43 28.3679
4993.67 28.3768
5011.92 28.3858
5030.18 28.3946
5048.44 28.4035
5066.71 28.4123
5084.99 28.4211
5103.27 28.4299
5121.55 28.4386
5139.85 28.4473
5158.15 28.456
5176.45 28.4646
5194.76 28.4732
5213.07 28.4818
5231.4 28.4903
5249.72 28.4988
5268.06 28.5073
5286.39 28.5158
5304.74 28.5242
5323.09 28.5326
5341.44 28.5409
5359.8 28.5492
5378.17 28.5575
5396.54 28.5658
5414.92 28.574
5433.3 28.5823
5451.69 28.5904
5470.08 28.5986
5488.48 28.6067
5506.89 28.6148
5525.3 28.6229
5543.71 28.6309
5562.13 28.6389
5580.56 28.6469
5598.99 28.6549
5617.43 28.6628
5635.87 28.6707
5654.31 28.6786
5672.77 28.6864
5691.23 28.6942
5709.69 28.702
5728.16 28.7098
5746.63 28.7175
5765.11 28.7253
5783.59 28.7329
5802.08 28.7406
5820.57 28.7483
5839.07 28.7559
5857.58 28.7635
5876.09 28.771
5894.6 28.7786
5913.12 28.7861
5931.64 28.7936
5950.17 28.801
5968.71 28.8085
5987.25 28.8159
6005.79 28.8233
6024.34 28.8307
6042.89 28.838
6061.45 28.8453
6080.01 28.8526
6098.58 28.8599
6117.16 28.8672
6135.73 28.8744
6154.32 28.8816
6172.9 28.8888
6191.5 28.896
6210.09 28.9031
6228.7 28.9102
6247.3 28.9173
6265.92 28.9244
6284.53 28.9315
6303.15 28.9385
6321.78 28.9455
6340.41 28.9525
6359.04 28.9595
6377.68 28.9664
6396.33 28.9733
6414.98 28.9802
6433.63 28.9871
6452.29 28.994
6470.95 29.0008
6489.62 29.0076
6508.29 29.0144
6526.97 29.0212
6545.65 29.028
6564.33 29.0347
6583.02 29.0415
6601.72 29.0482
6620.42 29.0548
6639.12 29.0615
6657.83 29.0681
6676.54 29.0748
6695.25 29.0814
6713.98 29.088
6732.7 29.0945
6751.43 29.1011
6770.16 29.1076
6788.9 29.1141
6807.65 29.1206
6826.39 29.1271
6845.14 29.1335
6863.9 29.14
6882.66 29.1464
6901.42 29.1528
6920.19 29.1592
6938.96 29.1655
6957.74 29.1719
6976.52 29.1782
6995.31 29.1845
7014.1 29.1908
7032.89 29.1971
7051.69 29.2033
7070.49 29.2096
7089.3 29.2158
7108.11 29.222
7126.92 29.2282
7145.74 29.2344
7164.57 29.2405
7183.39 29.2467
7202.22 29.2528
7221.06 29.2589
7239.9 29.265
7258.74 29.271
7277.59 29.2771
7296.44 29.2831
7315.3 29.2892
7334.16 29.2952
7353.02 29.3012
7371.89 29.3071
7390.76 29.3131
7409.63 29.319
7428.51 29.325
7447.4 29.3309
7466.28 29.3368
7485.17 29.3427
7504.07 29.3485
7522.97 29.3544
7541.87 29.3602
7560.78 29.366
7579.69 29.3718
7598.6 29.3776
7617.52 29.3834
7636.44 29.3892
7655.37 29.3949
7674.3 29.4006
7693.23 29.4064
7712.17 29.4121
7731.11 29.4177
7750.06 29.4234
7769.01 29.4291
7787.96 29.4347
7806.92 29.4403
7825.88 29.446
7844.84 29.4516
7863.81 29.4571
7882.78 29.4627
7901.76 29.4683
7920.73 29.4738
7939.72 29.4794
7958.7 29.4849
7977.69 29.4904
7996.69 29.4959
8015.68 29.5014
8034.68 29.5068
8053.69 29.5123
8072.7 29.5177
8091.71 29.5231
8110.72 29.5285
8129.74 29.5339
8148.77 29.5393
8167.79 29.5447
8186.82 29.5501
8205.86 29.5554
8224.89 29.5607
8243.93 29.566
8262.98 29.5714
8282.02 29.5767
8301.08 29.5819
8320.13 29.5872
8339.19 29.5925
8358.25 29.5977
8377.32 29.6029
8396.38 29.6082
8415.46 29.6134
8434.53 29.6186
8453.61 29.6237
8472.69 29.6289
8491.78 29.6341
8510.87 29.6392
8529.96 29.6444
8549.06 29.6495
8568.16 29.6546
8587.26 29.6597
8606.37 29.6648
8625.48 29.6698
8644.59 29.6749
8663.71 29.68
8682.83 29.685
8701.95 29.69
8721.08 29.6951
8740.21 29.7001
8759.34 29.7051
8778.48 29.71
8797.62 29.715
8816.76 29.72
8835.91 29.7249
8855.06 29.7299
8874.21 29.7348
8893.37 29.7397
8912.53 29.7446
8931.69 29.7495
8950.86 29.7544
8970.03 29.7593
8989.2 29.7641
9008.38 29.769
9027.55 29.7738
9046.74 29.7786
9065.92 29.7835
9085.11 29.7883
9104.3 29.7931
9123.5 29.7979
9142.7 29.8026
9161.9 29.8074
9181.11 29.8122
9200.31 29.8169
9219.52 29.8216
9238.74 29.8264
9257.96 29.8311
9277.18 29.8358
9296.4 29.8405
9315.63 29.8452
9334.86 29.8499
9354.09 29.8545
9373.33 29.8592
9392.57 29.8638
9411.81 29.8685
9431.06 29.8731
9450.3 29.8777
9469.56 29.8823
9488.81 29.8869
9508.07 29.8915
9527.33 29.8961
9546.59 29.9006
9565.86 29.9052
9585.13 29.9097
9604.41 29.9143
9623.68 29.9188
9642.96 29.9233
9662.24 29.9278
9681.53 29.9323
9700.82 29.9368
9720.11 29.9413
9739.4 29.9458
9758.7 29.9503
9778 29.9547
9797.3 29.9592
9816.61 29.9636
9835.92 29.968
9855.23 29.9725
9874.54 29.9769
9893.86 29.9813
9913.18 29.9857
9932.51 29.99
9951.83 29.9944
9971.17 29.9988
9990.5 30.0031
10009.8 30.0075
10029.2 30.0118
10048.5 30.0162
10067.9 30.0205
10087.2 30.0248
10106.6 30.0291
10125.9 30.0334
10145.3 30.0377
10164.6 30.042
10184 30.0462
10203.3 30.0505
10222.7 30.0548
10242.1 30.059
10261.5 30.0632
10280.8 30.0675
10300.2 30.0717
10319.6 30.0759
10339 30.0801
10358.4 30.0843
10377.7 30.0885
10397.1 30.0927
10416.5 30.0969
10435.9 30.101
10455.3 30.1052
10474.7 30.1093
10494.1 30.1135
10513.6 30.1176
10533 30.1217
10552.4 30.1258
10571.8 30.13
10591.2 30.1341
10610.6 30.1381
10630.1 30.1422
10649.5 30.1463
10668.9 30.1504
10688.4 30.1544
10707.8 30.1585
10727.2 30.1625
10746.7 30.1666
10766.1 30.1706
10785.6 30.1746
10805 30.1787
10824.5 30.1827
10843.9 30.1867
10863.4 30.1907
10882.8 30.1947
10902.3 30.1986
10921.8 30.2026
10941.2 30.2066
10960.7 30.2105
10980.2 30.2145
10999.7 30.2184
11019.1 30.2224
11038.6 30.2263
11058.1 30.2302
11077.6 30.2341
11097.1 30.238
11116.6 30.2419
11136.1 30.2458
11155.6 30.2497
11175.1 30.2536
11194.6 30.2575
11214.1 30.2613
11233.6 30.2652
11253.1 30.269
11272.6 30.2729
11292.1 30.2767
11311.6 30.2806
11331.2 30.2844
11350.7 30.2882
11370.2 30.292
11389.7 30.2958
11409.3 30.2996
11428.8 30.3034
11448.3 30.3072
11467.9 30.311
11487.4 30.3147
11507 30.3185
11526.5 30.3223
11546 30.326
11565.6 30.3297
11585.2 30.3335
11604.7 30.3372
11624.3 30.3409
11643.8 30.3447
11663.4 30.3484
11683 30.3521
11702.5 30.3558
11722.1 30.3595
11741.7 30.3631
11761.2 30.3668
11780.8 30.3705
11800.4 30.3742
11820 30.3778
11839.6 30.3815
11859.2 30.3851
11878.7 30.3888
11898.3 30.3924
11917.9 30.396
11937.5 30.3997
11957.1 30.4033
11976.7 30.4069
11996.3 30.4105
12015.9 30.4141
12035.6 30.4177
12055.2 30.4213
12074.8 30.4248
12094.4 30.4284
12114 30.432
12133.6 30.4356
12153.3 30.4391
12172.9 30.4427
12192.5 30.4462
12212.1 30.4497
12231.8 30.4533
12251.4 30.4568
12271.1 30.4603
12290.7 30.4638
12310.3 30.4673
12330 30.4708
12349.6 30.4743
12369.3 30.4778
12388.9 30.4813
12408.6 30.4848
12428.2 30.4883
12447.9 30.4918
12467.6 30.4952
12487.2 30.4987
12506.9 30.5021
12526.6 30.5056
12546.2 30.509
12565.9 30.5124
12585.6 30.5159
12605.3 30.5193
12624.9 30.5227
12644.6 30.5261
12664.3 30.5295
12684 30.5329
12703.7 30.5363
12723.4 30.5397
12743.1 30.5431
12762.8 30.5465
12782.5 30.5499
12802.2 30.5532
12821.9 30.5566
12841.6 30.56
12861.3 30.5633
12881 30.5667
12900.7 30.57
12920.4 30.5733
12940.1 30.5767
12959.8 30.58
12979.5 30.5833
12999.3 30.5866
13019 30.59
13038.7 30.5933
13058.5 30.5966
13078.2 30.5999
13097.9 30.6031
13117.7 30.6064
13137.4 30.6097
13157.1 30.613
13176.9 30.6163
13196.6 30.6195
13216.4 30.6228
13236.1 30.626
13255.9 30.6293
13275.6 30.6325
13295.4 30.6358
13315.1 30.639
13334.9 30.6422
13354.6 30.6455
13374.4 30.6487
13394.2 30.6519
13413.9 30.6551
13433.7 30.6583
13453.5 30.6615
13473.3 30.6647
13493 30.6679
13512.8 30.6711
13532.6 30.6743
13552.4 30.6775
13572.2 30.6806
13592 30.6838
13611.7 30.687
13631.5 30.6901
13651.3 30.6933
13671.1 30.6964
13690.9 30.6996
13710.7 30.7027
13730.5 30.7058
13750.3 30.709
13770.1 30.7121
13789.9 30.7152
13809.7 30.7183
13829.6 30.7214
13849.4 30.7245
13869.2 30.7276
13889 30.7307
13908.8 30.7338
13928.7 30.7369
13948.5 30.74
13968.3 30.7431
13988.1 30.7461
14008 30.7492
14027.8 30.7523
14047.6 30.7553
14067.5 30.7584
14087.3 30.7614
14107.1 30.7645
14127 30.7675
14146.8 30.7706
14166.7 30.7736
14186.5 30.7766
14206.4 30.7797
14226.2 30.7827
14246.1 30.7857
14265.9 30.7887
14285.8 30.7917
14305.7 30.7947
14325.5 30.7977
14345.4 30.8007
14365.3 30.8037
14385.1 30.8067
14405 30.8097
14424.9 30.8127
14444.8 30.8156
14464.6 30.8186
14484.5 30.8216
14504.4 30.8245
14524.3 30.8275
14544.2 30.8304
14564 30.8334
14583.9 30.8363
14603.8 30.8393
14623.7 30.8422
14643.6 30.8451
14663.5 30.8481
14683.4 30.851
14703.3 30.8539
14723.2 30.8568
14743.1 30.8597
14763 30.8626
14782.9 30.8655
14802.8 30.8684
14822.8 30.8713
14842.7 30.8742
14862.6 30.8771
14882.5 30.88
14902.4 30.8829
14922.3 30.8857
14942.3 30.8886
14962.2 30.8915
14982.1 30.8944
15002 30.8972
15022 30.9001
15041.9 30.9029
15061.8 30.9058
15081.8 30.9086
15101.7 30.9114
15121.7 30.9143
15141.6 30.9171
15161.6 30.9199
15181.5 30.9228
15201.4 30.9256
15221.4 30.9284
15241.3 30.9312
15261.3 30.934
15281.3 30.9368
15301.2 30.9396
15321.2 30.9424
15341.1 30.9452
15361.1 30.948
15381.1 30.9508
15401 30.9536
15421 30.9564
15441 30.9591
15460.9 30.9619
15480.9 30.9647
15500.9 30.9674
15520.9 30.9702
15540.9 30.973
15560.8 30.9757
15580.8 30.9785
15600.8 30.9812
15620.8 30.984
15640.8 30.9867
15660.8 30.9894
15680.8 30.9922
15700.8 30.9949
15720.8 30.9976
15740.8 31.0003
15760.8 31.003
15780.8 31.0058
15800.8 31.0085
15820.8 31.0112
15840.8 31.0139
15860.8 31.0166
15880.8 31.0193
15900.8 31.022
15920.8 31.0247
15940.8 31.0273
15960.9 31.03
15980.9 31.0327
16000.9 31.0354
16020.9 31.038
16041 31.0407
16061 31.0434
16081 31.046
16101 31.0487
16121.1 31.0513
16141.1 31.054
16161.1 31.0566
16181.2 31.0593
16201.2 31.0619
16221.3 31.0646
16241.3 31.0672
16261.3 31.0698
16281.4 31.0725
16301.4 31.0751
16321.5 31.0777
16341.5 31.0803
16361.6 31.0829
16381.7 31.0855
16401.7 31.0882
16421.8 31.0908
16441.8 31.0934
16461.9 31.096
16482 31.0985
16502 31.1011
16522.1 31.1037
16542.2 31.1063
16562.2 31.1089
16582.3 31.1115
16602.4 31.114
16622.5 31.1166
16642.5 31.1192
16662.6 31.1217
16682.7 31.1243
16702.8 31.1269
16722.9 31.1294
16742.9 31.132
16763 31.1345
16783.1 31.1371
16803.2 31.1396
16823.3 31.1421
16843.4 31.1447
16863.5 31.1472
16883.6 31.1497
16903.7 31.1523
16923.8 31.1548
16943.9 31.1573
16964 31.1598
16984.1 31.1623
17004.2 31.1649
17024.3 31.1674
17044.4 31.1699
17064.6 31.1724
17084.7 31.1749
17104.8 31.1774
17124.9 31.1799
17145 31.1824
17165.1 31.1848
17185.3 31.1873
17205.4 31.1898
17225.5 31.1923
17245.7 31.1948
17265.8 31.1972
17285.9 31.1997
17306 31.2022
17326.2 31.2046
17346.3 31.2071
17366.5 31.2095
17386.6 31.212
17406.7 31.2145
17426.9 31.2169
17447 31.2193
17467.2 31.2218
17487.3 31.2242
17507.5 31.2267
17527.6 31.2291
17547.8 31.2315
17567.9 31.234
17588.1 31.2364
17608.2 31.2388
17628.4 31.2412
17648.6 31.2436
17668.7 31.2461
17688.9 31.2485
17709.1 31.2509
17729.2 31.2533
17749.4 31.2557
17769.6 31.2581
17789.7 31.2605
17809.9 31.2629
17830.1 31.2653
17850.3 31.2677
17870.4 31.27
17890.6 31.2724
17910.8 31.2748
17931 31.2772
17951.2 31.2796
17971.4 31.2819
17991.5 31.2843
18011.7 31.2867
18031.9 31.289
18052.1 31.2914
18072.3 31.2937
18092.5 31.2961
18112.7 31.2984
18132.9 31.3008
