0 0
-0.0454163 0.096515
-0.0904231 0.193029
-0.135023 0.289541
-0.179217 0.386049
-0.223009 0.482553
-0.266401 0.579052
-0.309396 0.675544
-0.351995 0.772028
-0.394201 0.868504
-0.436017 0.964969
-0.477446 1.06142
-0.51849 1.15786
-0.559151 1.25429
-0.599433 1.3507
-0.639338 1.4471
-0.67887 1.54348
-0.71803 1.63984
-0.756821 1.73618
-0.795248 1.83249
-0.833312 1.92879
-0.871016 2.02506
-0.908364 2.1213
-0.945359 2.21752
-0.982004 2.3137
-1.0183 2.40986
-1.05426 2.50599
-1.08987 2.60208
-1.12515 2.69813
-1.16009 2.79415
-1.1947 2.89013
-1.22899 2.98608
-1.26295 3.08197
-1.29659 3.17783
-1.32992 3.27364
-1.36293 3.3694
-1.39564 3.46512
-1.42804 3.56078
-1.46014 3.65639
-1.49194 3.75195
-1.52345 3.84744
-1.55466 3.94288
-1.5856 4.03826
-1.61625 4.13358
-1.64663 4.22883
-1.67673 4.32401
-1.70656 4.41912
-1.73613 4.51417
-1.76544 4.60913
-1.7945 4.70402
-1.8233 4.79883
-1.85186 4.89356
-1.88017 4.98821
-1.90825 5.08276
-1.9361 5.17723
-1.96372 5.27161
-1.99112 5.36589
-2.0183 5.46007
-2.04526 5.55415
-2.07202 5.64813
-2.09858 5.742
-2.12494 5.83576
-2.15111 5.92941
-2.17709 6.02294
-2.20289 6.11635
-2.22852 6.20964
-2.25398 6.3028
-2.27927 6.39583
-2.3044 6.48873
-2.32938 6.58148
-2.35422 6.6741
-2.37891 6.76657
-2.40347 6.85889
-2.4279 6.95106
-2.4522 7.04307
-2.47639 7.13491
-2.50047 7.22659
-2.52445 7.3181
-2.54833 7.40943
-2.57211 7.50058
-2.59582 7.59155
-2.61944 7.68232
-2.64299 7.7729
-2.66648 7.86328
-2.68992 7.95345
-2.7133 8.04341
-2.73663 8.13315
-2.75993 8.22267
-2.7832 8.31196
-2.80645 8.40102
-2.82968 8.48983
-2.85291 8.57839
-2.87613 8.6667
-2.89936 8.75475
-2.92261 8.84254
-2.94588 8.93004
-2.96917 9.01727
-2.9925 9.1042
-3.01588 9.19084
-3.03931 9.27717
-3.0628 9.3632
-3.08636 9.4489
-3.10999 9.53427
-3.1337 9.61931
-3.15751 9.704
-3.18141 9.78833
-3.20543 9.8723
-3.22955 9.9559
-3.2538 10.0391
-3.27818 10.1219
-3.3027 10.2044
-3.32736 10.2864
-3.35218 10.368
-3.37716 10.4491
-3.40231 10.5299
-3.42763 10.6101
-3.45314 10.6899
-3.47885 10.7692
-3.50475 10.8481
-3.53086 10.9264
-3.55719 11.0042
-3.58373 11.0815
-3.61051 11.1583
-3.63753 11.2345
-3.66479 11.3102
-3.6923 11.3853
-3.72006 11.4598
-3.74809 11.5337
-3.77639 11.6069
-3.80497 11.6796
-3.83383 11.7516
-3.86298 11.8229
-3.89242 11.8936
-3.92216 11.9636
-3.9522 12.0329
-3.98256 12.1015
-4.01323 12.1694
-4.04421 12.2365
-4.07552 12.3028
-4.10715 12.3684
-4.13912 12.4332
-4.17141 12.4972
-4.20405 12.5603
-4.23702 12.6227
-4.27032 12.6842
-4.30397 12.7448
-4.33797 12.8045
-4.3723 12.8634
-4.40698 12.9213
-4.442 12.9783
-4.47737 13.0344
-4.51308 13.0895
-4.54913 13.1436
-4.58552 13.1968
-4.62225 13.249
-4.65932 13.3001
-4.69671 13.3503
-4.73444 13.3994
-4.77249 13.4475
-4.81086 13.4945
-4.84955 13.5404
-4.88855 13.5853
-4.92786 13.6291
-4.96746 13.6717
-5.00736 13.7133
-5.04755 13.7538
-5.08801 13.7931
-5.12875 13.8313
-5.16976 13.8684
-5.21102 13.9043
-5.25253 13.9391
-5.29428 13.9727
-5.33626 14.0052
-5.37847 14.0366
-5.42088 14.0667
-5.46351 14.0958
-5.50633 14.1236
-5.54933 14.1504
-5.59251 14.1759
-5.63586 14.2004
-5.67936 14.2237
-5.72301 14.2458
-5.7668 14.2669
-5.81072 14.2868
-5.85476 14.3056
-5.8989 14.3233
-5.94315 14.34
-5.98749 14.3555
-6.03192 14.3701
-6.07642 14.3835
-6.12098 14.396
-6.16561 14.4074
-6.21029 14.4179
-6.25502 14.4274
-6.29978 14.436
-6.34458 14.4436
-6.38941 14.4504
-6.43426 14.4563
-6.47912 14.4614
-6.524 14.4656
-6.56889 14.4692
-6.61378 14.472
-6.65868 14.4741
-6.70358 14.4757
-6.74848 14.4767
-6.79338 14.4772
-6.83828 14.4773
-6.88317 14.4772
-6.71474 14.4779
-6.75963 14.4774
-6.80453 14.4773
-6.84943 14.4772
-6.89432 14.4773
-6.72589 14.4771
-6.77078 14.4772
-6.81568 14.4772
-6.86058 14.4772
-6.90548 14.4773
-6.73704 14.4772
-6.78194 14.4772
-6.82683 14.4772
-6.87173 14.4772
-6.91663 14.4773
-6.74819 14.4772
-6.79309 14.4772
-6.83799 14.4772
-6.88288 14.4772
-6.71445 14.4773
-6.75934 14.4773
-6.80424 14.4772
-6.84914 14.4772
-6.89403 14.4772
-6.7256 14.4772
-6.7705 14.4772
-6.81539 14.4772
-6.86029 14.4772
-6.90519 14.4772
-6.73675 14.4772
-6.78165 14.4772
-6.82654 14.4772
-6.87144 14.4772
-6.91634 14.4772
-6.7479 14.4772
-6.7928 14.4772
-6.8377 14.4772
-6.88259 14.4772
-6.71416 14.4772
-6.75906 14.4772
-6.80395 14.4772
-6.84885 14.4772
-6.89375 14.4772
-6.72531 14.4772
-6.77021 14.4772
-6.8151 14.4772
-6.86 14.4772
-6.9049 14.4772
-6.73646 14.4772
-6.78136 14.4772
-6.82626 14.4772
-6.87115 14.4772
-6.91605 14.4772
-6.74761 14.4772
-6.79251 14.4772
-6.83741 14.4772
-6.88231 14.4772
-6.71387 14.4772
-6.75877 14.4772
-6.80366 14.4772
-6.84856 14.4772
-6.89346 14.4772
-6.72502 14.4772
-6.76992 14.4772
-6.81482 14.4772
-6.85971 14.4772
-6.90461 14.4772
-6.73617 14.4772
-6.78107 14.4772
-6.82597 14.4772
-6.87087 14.4772
-6.91576 14.4772
-6.74733 14.4772
-6.79222 14.4772
-6.83712 14.4772
-6.88202 14.4772
-6.71358 14.4772
-6.75848 14.4772
-6.80338 14.4772
-6.84827 14.4772
-6.89317 14.4772
-6.72473 14.4772
-6.76963 14.4772
-6.81453 14.4772
-6.85943 14.4772
-6.90432 14.4772
-6.73589 14.4772
-6.78078 14.4772
-6.82568 14.4772
-6.87058 14.4772
-6.91547 14.4772
-6.74704 14.4772
-6.79194 14.4772
-6.83683 14.4772
-6.88173 14.4772
-6.71329 14.4772
-6.75819 14.4772
-6.80309 14.4772
-6.84799 14.4772
-6.89288 14.4772
-6.72445 14.4772
-6.76934 14.4772
-6.81424 14.4772
-6.85914 14.4772
-6.90403 14.4772
-6.7356 14.4772
-6.7805 14.4772
-6.82539 14.4772
-6.87029 14.4772
-6.91519 14.4772
-6.74675 14.4772
-6.79165 14.4772
-6.83654 14.4772
-6.88144 14.4772
-6.71301 14.4772
-6.7579 14.4772
-6.8028 14.4772
-6.8477 14.4772
-6.89259 14.4772
-6.72416 14.4772
-6.76906 14.4772
-6.81395 14.4772
-6.85885 14.4772
-6.90375 14.4772
-6.73531 14.4772
-6.78021 14.4772
-6.8251 14.4772
-6.87 14.4772
-6.9149 14.4772
-6.74646 14.4772
-6.79136 14.4772
-6.83626 14.4772
-6.88115 14.4772
-6.71272 14.4772
-6.75762 14.4772
-6.80251 14.4772
-6.84741 14.4772
-6.89231 14.4772
-6.72387 14.4772
-6.76877 14.4772
-6.81366 14.4772
-6.85856 14.4772
-6.90346 14.4772
-6.73502 14.4772
-6.77992 14.4772
-6.82482 14.4772
-6.86971 14.4772
-6.91461 14.4772
-6.74617 14.4772
-6.79107 14.4772
-6.83597 14.4772
-6.88087 14.4772
-6.71243 14.4772
-6.75733 14.4772
-6.80222 14.4772
-6.84712 14.4772
-6.89202 14.4772
-6.72358 14.4772
-6.76848 14.4772
-6.81338 14.4772
-6.85827 14.4772
-6.90317 14.4772
-6.73473 14.4772
-6.77963 14.4772
-6.82453 14.4772
-6.86943 14.4772
-6.91432 14.4772
-6.74589 14.4772
-6.79078 14.4772
-6.83568 14.4772
-6.88058 14.4772
-6.71214 14.4772
-6.75704 14.4772
-6.80194 14.4772
-6.84683 14.4772
-6.89173 14.4772
-6.72329 14.4772
-6.76819 14.4772
-6.81309 14.4772
-6.85799 14.4772
-6.90288 14.4772
-6.73445 14.4772
-6.77934 14.4772
-6.82424 14.4772
-6.86914 14.4772
-6.91403 14.4772
-6.7456 14.4772
-6.7905 14.4772
-6.83539 14.4772
-6.88029 14.4772
-6.71185 14.4772
-6.75675 14.4772
-6.80165 14.4772
-6.84654 14.4772
-6.89144 14.4772
-6.72301 14.4772
-6.7679 14.4772
-6.8128 14.4772
-6.8577 14.4772
-6.90259 14.4772
-6.73416 14.4772
-6.77906 14.4772
-6.82395 14.4772
-6.86885 14.4772
-6.91375 14.4772
-6.74531 14.4772
-6.79021 14.4772
-6.8351 14.4772
-6.88 14.4772
-6.71157 14.4772
-6.75646 14.4772
-6.80136 14.4772
-6.84626 14.4772
-6.89115 14.4772
-6.72272 14.4772
-6.76761 14.4772
-6.81251 14.4772
-6.85741 14.4772
-6.90231 14.4772
-6.73387 14.4772
-6.77877 14.4772
-6.82366 14.4772
-6.86856 14.4772
-6.91346 14.4772
-6.74502 14.4772
-6.78992 14.4772
-6.83482 14.4772
-6.87971 14.4772
-6.71128 14.4772
-6.75617 14.4772
-6.80107 14.4772
-6.84597 14.4772
-6.89086 14.4772
-6.72243 14.4772
-6.76733 14.4772
-6.81222 14.4772
-6.85712 14.4772
-6.90202 14.4772
-6.73358 14.4772
-6.77848 14.4772
-6.82338 14.4772
-6.86827 14.4772
-6.91317 14.4772
-6.74473 14.4772
-6.78963 14.4772
-6.83453 14.4772
-6.87942 14.4772
-6.71099 14.4772
-6.75589 14.4772
-6.80078 14.4772
-6.84568 14.4772
-6.89058 14.4772
-6.72214 14.4772
-6.76704 14.4772
-6.81193 14.4772
-6.85683 14.4772
-6.90173 14.4772
-6.73329 14.4772
-6.77819 14.4772
-6.82309 14.4772
-6.86798 14.4772
-6.91288 14.4772
-6.74444 14.4772
-6.78934 14.4772
-6.83424 14.4772
-6.87914 14.4772
-6.7107 14.4772
-6.7556 14.4772
-6.80049 14.4772
-6.84539 14.4772
-6.89029 14.4772
-6.72185 14.4772
-6.76675 14.4772
-6.81165 14.4772
-6.85654 14.4772
-6.90144 14.4772
-6.733 14.4772
-6.7779 14.4772
-6.8228 14.4772
-6.8677 14.4772
-6.91259 14.4772
-6.74416 14.4772
-6.78905 14.4772
-6.83395 14.4772
-6.87885 14.4772
-6.71041 14.4772
-6.75531 14.4772
-6.80021 14.4772
-6.8451 14.4772
-6.89 14.4772
-6.72156 14.4772
-6.76646 14.4772
-6.81136 14.4772
-6.85626 14.4772
-6.90115 14.4772
-6.73272 14.4772
-6.77761 14.4772
-6.82251 14.4772
-6.86741 14.4772
-6.9123 14.4772
-6.74387 14.4772
-6.78877 14.4772
-6.83366 14.4772
-6.87856 14.4772
-6.71012 14.4772
-6.75502 14.4772
-6.79992 14.4772
-6.84481 14.4772
-6.88971 14.4772
-6.72128 14.4772
-6.76617 14.4772
-6.81107 14.4772
-6.85597 14.4772
-6.90086 14.4772
-6.73243 14.4772
-6.77733 14.4772
-6.82222 14.4772
-6.86712 14.4772
-6.91202 14.4772
-6.74358 14.4772
-6.78848 14.4772
-6.83337 14.4772
-6.87827 14.4772
-6.70984 14.4772
-6.75473 14.4772
-6.79963 14.4772
-6.84453 14.4772
-6.88942 14.4772
-6.72099 14.4772
-6.76588 14.4772
-6.81078 14.4772
-6.85568 14.4772
-6.90058 14.4772
-6.73214 14.4772
-6.77704 14.4772
-6.82193 14.4772
-6.86683 14.4772
-6.91173 14.4772
-6.74329 14.4772
-6.78819 14.4772
-6.83309 14.4772
-6.87798 14.4772
-6.70955 14.4772
-6.75444 14.4772
-6.79934 14.4772
-6.84424 14.4772
-6.88914 14.4772
-6.7207 14.4772
-6.7656 14.4772
-6.81049 14.4772
-6.85539 14.4772
-6.90029 14.4772
-6.73185 14.4772
-6.77675 14.4772
-6.82165 14.4772
-6.86654 14.4772
-6.91144 14.4772
-6.743 14.4772
-6.7879 14.4772
-6.8328 14.4772
-6.8777 14.4772
-6.70926 14.4772
-6.75416 14.4772
-6.79905 14.4772
-6.84395 14.4772
-6.88885 14.4772
-6.72041 14.4772
-6.76531 14.4772
-6.81021 14.4772
-6.8551 14.4772
-6.9 14.4772
-6.73156 14.4772
-6.77646 14.4772
-6.82136 14.4772
-6.86625 14.4772
-6.91115 14.4772
-6.74272 14.4772
-6.78761 14.4772
-6.83251 14.4772
-6.87741 14.4772
-6.70897 14.4772
-6.75387 14.4772
-6.79876 14.4772
-6.84366 14.4772
-6.88856 14.4772
-6.72012 14.4772
-6.76502 14.4772
-6.80992 14.4772
-6.85481 14.4772
-6.89971 14.4772
-6.73128 14.4772
-6.77617 14.4772
-6.82107 14.4772
-6.86597 14.4772
-6.91086 14.4772
-6.74243 14.4772
-6.78732 14.4772
-6.83222 14.4772
-6.87712 14.4772
-6.70868 14.4772
-6.75358 14.4772
-6.79848 14.4772
-6.84337 14.4772
-6.88827 14.4772
-6.71983 14.4772
-6.76473 14.4772
-6.80963 14.4772
-6.85453 14.4772
-6.89942 14.4772
-6.73099 14.4772
-6.77588 14.4772
-6.82078 14.4772
-6.86568 14.4772
-6.91057 14.4772
-6.74214 14.4772
-6.78704 14.4772
-6.83193 14.4772
-6.87683 14.4772
-6.70839 14.4772
-6.75329 14.4772
-6.79819 14.4772
-6.84309 14.4772
-6.88798 14.4772
-6.71955 14.4772
-6.76444 14.4772
-6.80934 14.4772
-6.85424 14.4772
-6.89913 14.4772
-6.7307 14.4772
-6.7756 14.4772
-6.82049 14.4772
-6.86539 14.4772
-6.91029 14.4772
-6.74185 14.4772
-6.78675 14.4772
-6.83165 14.4772
-6.87654 14.4772
-6.70811 14.4772
-6.753 14.4772
-6.7979 14.4772
-6.8428 14.4772
-6.88769 14.4772
-6.71926 14.4772
-6.76416 14.4772
-6.80905 14.4772
-6.85395 14.4772
-6.89885 14.4772
-6.73041 14.4772
-6.77531 14.4772
-6.8202 14.4772
-6.8651 14.4772
-6.91 14.4772
-6.74156 14.4772
-6.78646 14.4772
-6.83136 14.4772
-6.87625 14.4772
-6.70782 14.4772
-6.75271 14.4772
-6.79761 14.4772
-6.84251 14.4772
-6.88741 14.4772
-6.71897 14.4772
-6.76387 14.4772
-6.80876 14.4772
-6.85366 14.4772
-6.89856 14.4772
-6.73012 14.4772
-6.77502 14.4772
-6.81992 14.4772
-6.86481 14.4772
-6.90971 14.4772
-6.74127 14.4772
-6.78617 14.4772
-6.83107 14.4772
-6.87597 14.4772
-6.70753 14.4772
-6.75243 14.4772
-6.79732 14.4772
-6.84222 14.4772
-6.88712 14.4772
-6.71868 14.4772
-6.76358 14.4772
-6.80848 14.4772
-6.85337 14.4772
-6.89827 14.4772
-6.72983 14.4772
-6.77473 14.4772
-6.81963 14.4772
-6.86452 14.4772
-6.90942 14.4772
-6.74099 14.4772
-6.78588 14.4772
-6.83078 14.4772
-6.87568 14.4772
-6.70724 14.4772
-6.75214 14.4772
-6.79704 14.4772
-6.84193 14.4772
-6.88683 14.4772
-6.71839 14.4772
-6.76329 14.4772
-6.80819 14.4772
-6.85308 14.4772
-6.89798 14.4772
-6.72955 14.4772
-6.77444 14.4772
-6.81934 14.4772
-6.86424 14.4772
-6.90913 14.4772
-6.7407 14.4772
-6.78559 14.4772
-6.83049 14.4772
-6.87539 14.4772
-6.70695 14.4772
-6.75185 14.4772
-6.79675 14.4772
-6.84164 14.4772
-6.88654 14.4772
-6.71811 14.4772
-6.763 14.4772
-6.8079 14.4772
-6.8528 14.4772
-6.89769 14.4772
-6.72926 14.4772
-6.77415 14.4772
-6.81905 14.4772
-6.86395 14.4772
-6.90885 14.4772
-6.74041 14.4772
-6.78531 14.4772
-6.8302 14.4772
-6.8751 14.4772
-6.70666 14.4772
-6.75156 14.4772
-6.79646 14.4772
-6.84136 14.4772
-6.88625 14.4772
-6.71782 14.4772
-6.76271 14.4772
-6.80761 14.4772
-6.85251 14.4772
-6.89741 14.4772
-6.72897 14.4772
-6.77387 14.4772
-6.81876 14.4772
-6.86366 14.4772
-6.90856 14.4772
-6.74012 14.4772
-6.78502 14.4772
-6.82992 14.4772
-6.87481 14.4772
-6.70638 14.4772
-6.75127 14.4772
-6.79617 14.4772
-6.84107 14.4772
-6.88596 14.4772
-6.71753 14.4772
-6.76243 14.4772
-6.80732 14.4772
-6.85222 14.4772
-6.89712 14.4772
-6.72868 14.4772
-6.77358 14.4772
-6.81847 14.4772
-6.86337 14.4772
-6.90827 14.4772
-6.73983 14.4772
-6.78473 14.4772
-6.82963 14.4772
-6.87452 14.4772
-6.70609 14.4772
-6.75098 14.4772
-6.79588 14.4772
-6.84078 14.4772
-6.88568 14.4772
-6.71724 14.4772
-6.76214 14.4772
-6.80703 14.4772
-6.85193 14.4772
-6.89683 14.4772
-6.72839 14.4772
-6.77329 14.4772
-6.81819 14.4772
-6.86308 14.4772
-6.90798 14.4772
-6.73954 14.4772
-6.78444 14.4772
-6.82934 14.4772
-6.87424 14.4772
-6.7058 14.4772
-6.7507 14.4772
-6.7956 14.4772
-6.84049 14.4772
-6.88539 14.4772
-6.71695 14.4772
-6.76185 14.4772
-6.80675 14.4772
-6.85165 14.4772
-6.89654 14.4772
-6.72811 14.4772
-6.773 14.4772
-6.8179 14.4772
-6.8628 14.4772
-6.90769 14.4772
-6.73926 14.4772
-6.78416 14.4772
-6.82905 14.4772
-6.87395 14.4772
-6.91885 14.4772
-6.75041 14.4772
-6.79531 14.4772
-6.84021 14.4772
-6.8851 14.4772
-6.71667 14.4772
-6.76156 14.4772
-6.80646 14.4772
-6.85136 14.4772
-6.89626 14.4772
-6.72782 14.4772
-6.77272 14.4772
-6.81761 14.4772
-6.86251 14.4772
-6.90741 14.4772
-6.73897 14.4772
-6.78387 14.4772
-6.82877 14.4772
-6.87366 14.4772
-6.91856 14.4772
-6.75012 14.4772
-6.79502 14.4772
-6.83992 14.4772
-6.88482 14.4772
-6.71638 14.4772
-6.76128 14.4772
-6.80617 14.4772
-6.85107 14.4772
-6.89597 14.4772
-6.72753 14.4772
-6.77243 14.4772
-6.81733 14.4772
-6.86222 14.4772
-6.90712 14.4772
-6.73868 14.4772
-6.78358 14.4772
-6.82848 14.4772
-6.87338 14.4772
-6.91827 14.4772
-6.74984 14.4772
-6.79473 14.4772
-6.83963 14.4772
-6.88453 14.4772
-6.71609 14.4772
-6.76099 14.4772
-6.80589 14.4772
-6.85078 14.4772
-6.89568 14.4772
-6.72724 14.4772
-6.77214 14.4772
-6.81704 14.4772
-6.86193 14.4772
-6.90683 14.4772
-6.7384 14.4772
-6.78329 14.4772
-6.82819 14.4772
-6.87309 14.4772
-6.91798 14.4772
-6.74955 14.4772
-6.79444 14.4772
-6.83934 14.4772
-6.88424 14.4772
-6.7158 14.4772
-6.7607 14.4772
-6.8056 14.4772
-6.85049 14.4772
-6.89539 14.4772
-6.72695 14.4772
-6.77185 14.4772
-6.81675 14.4772
-6.86165 14.4772
-6.90654 14.4772
-6.73811 14.4772
-6.783 14.4772
-6.8279 14.4772
-6.8728 14.4772
-6.9177 14.4772
-6.74926 14.4772
-6.79416 14.4772
-6.83905 14.4772
-6.88395 14.4772
-6.71551 14.4772
-6.76041 14.4772
-6.80531 14.4772
-6.85021 14.4772
-6.8951 14.4772
-6.72667 14.4772
-6.77156 14.4772
-6.81646 14.4772
-6.86136 14.4772
-6.90625 14.4772
-6.73782 14.4772
-6.78272 14.4772
-6.82761 14.4772
-6.87251 14.4772
-6.91741 14.4772
-6.74897 14.4772
-6.79387 14.4772
-6.83877 14.4772
-6.88366 14.4772
-6.71523 14.4772
-6.76012 14.4772
-6.80502 14.4772
-6.84992 14.4772
-6.89481 14.4772
-6.72638 14.4772
-6.77128 14.4772
-6.81617 14.4772
-6.86107 14.4772
-6.90597 14.4772
-6.73753 14.4772
-6.78243 14.4772
-6.82732 14.4772
-6.87222 14.4772
-6.91712 14.4772
-6.74868 14.4772
-6.79358 14.4772
-6.83848 14.4772
-6.88337 14.4772
-6.71494 14.4772
-6.75983 14.4772
-6.80473 14.4772
-6.84963 14.4772
-6.89453 14.4772
-6.72609 14.4772
-6.77099 14.4772
-6.81588 14.4772
-6.86078 14.4772
-6.90568 14.4772
-6.73724 14.4772
-6.78214 14.4772
-6.82704 14.4772
-6.87193 14.4772
-6.91683 14.4772
-6.74839 14.4772
-6.79329 14.4772
-6.83819 14.4772
-6.88309 14.4772
-6.71465 14.4772
-6.75955 14.4772
-6.80444 14.4772
-6.84934 14.4772
-6.89424 14.4772
-6.7258 14.4772
-6.7707 14.4772
-6.8156 14.4772
-6.86049 14.4772
-6.90539 14.4772
-6.73695 14.4772
-6.78185 14.4772
-6.82675 14.4772
-6.87164 14.4772
-6.91654 14.4772
-6.74811 14.4772
-6.793 14.4772
-6.8379 14.4772
-6.8828 14.4772
-6.71436 14.4772
-6.75926 14.4772
-6.80416 14.4772
-6.84905 14.4772
-6.89395 14.4772
-6.72551 14.4772
-6.77041 14.4772
-6.81531 14.4772
-6.8602 14.4772
-6.9051 14.4772
-6.73667 14.4772
-6.78156 14.4772
-6.82646 14.4772
-6.87136 14.4772
-6.91625 14.4772
-6.74782 14.4772
-6.79272 14.4772
-6.83761 14.4772
-6.88251 14.4772
-6.71407 14.4772
-6.75897 14.4772
-6.80387 14.4772
-6.84876 14.4772
-6.89366 14.4772
-6.72523 14.4772
-6.77012 14.4772
-6.81502 14.4772
-6.85992 14.4772
-6.90481 14.4772
-6.73638 14.4772
-6.78127 14.4772
-6.82617 14.4772
-6.87107 14.4772
-6.91597 14.4772
-6.74753 14.4772
-6.79243 14.4772
-6.83732 14.4772
-6.88222 14.4772
-6.71378 14.4772
-6.75868 14.4772
-6.80358 14.4772
-6.84848 14.4772
-6.89337 14.4772
-6.72494 14.4772
-6.76983 14.4772
-6.81473 14.4772
-6.85963 14.4772
-6.90453 14.4772
-6.73609 14.4772
-6.78099 14.4772
-6.82588 14.4772
-6.87078 14.4772
-6.91568 14.4772
-6.74724 14.4772
-6.79214 14.4772
-6.83704 14.4772
-6.88193 14.4772
-6.7135 14.4772
-6.75839 14.4772
-6.80329 14.4772
-6.84819 14.4772
-6.89308 14.4772
-6.72465 14.4772
-6.76955 14.4772
-6.81444 14.4772
-6.85934 14.4772
-6.90424 14.4772
-6.7358 14.4772
-6.7807 14.4772
-6.82559 14.4772
-6.87049 14.4772
-6.91539 14.4772
-6.74695 14.4772
-6.79185 14.4772
-6.83675 14.4772
-6.88164 14.4772
-6.71321 14.4772
-6.75811 14.4772
-6.803 14.4772
-6.8479 14.4772
-6.8928 14.4772
-6.72436 14.4772
-6.76926 14.4772
-6.81415 14.4772
-6.85905 14.4772
-6.90395 14.4772
-6.73551 14.4772
-6.78041 14.4772
-6.82531 14.4772
-6.8702 14.4772
-6.9151 14.4772
-6.74667 14.4772
-6.79156 14.4772
-6.83646 14.4772
-6.88136 14.4772
-6.71292 14.4772
-6.75782 14.4772
-6.80271 14.4772
-6.84761 14.4772
-6.89251 14.4772
-6.72407 14.4772
-6.76897 14.4772
-6.81387 14.4772
-6.85876 14.4772
-6.90366 14.4772
-6.73522 14.4772
-6.78012 14.4772
-6.82502 14.4772
-6.86992 14.4772
-6.91481 14.4772
-6.74638 14.4772
-6.79127 14.4772
-6.83617 14.4772
-6.88107 14.4772
-6.71263 14.4772
-6.75753 14.4772
-6.80243 14.4772
-6.84732 14.4772
-6.89222 14.4772
-6.72378 14.4772
-6.76868 14.4772
-6.81358 14.4772
-6.85848 14.4772
-6.90337 14.4772
-6.73494 14.4772
-6.77983 14.4772
-6.82473 14.4772
-6.86963 14.4772
-6.91452 14.4772
-6.74609 14.4772
-6.79099 14.4772
-6.83588 14.4772
-6.88078 14.4772
-6.71234 14.4772
-6.75724 14.4772
-6.80214 14.4772
-6.84703 14.4772
-6.89193 14.4772
-6.7235 14.4772
-6.76839 14.4772
-6.81329 14.4772
-6.85819 14.4772
-6.90308 14.4772
-6.73465 14.4772
-6.77955 14.4772
-6.82444 14.4772
-6.86934 14.4772
-6.91424 14.4772
-6.7458 14.4772
-6.7907 14.4772
-6.83559 14.4772
-6.88049 14.4772
-6.71206 14.4772
-6.75695 14.4772
-6.80185 14.4772
-6.84675 14.4772
-6.89164 14.4772
-6.72321 14.4772
-6.76811 14.4772
-6.813 14.4772
-6.8579 14.4772
-6.9028 14.4772
-6.73436 14.4772
-6.77926 14.4772
-6.82415 14.4772
-6.86905 14.4772
-6.91395 14.4772
-6.74551 14.4772
-6.79041 14.4772
-6.83531 14.4772
-6.8802 14.4772
-6.71177 14.4772
-6.75666 14.4772
-6.80156 14.4772
-6.84646 14.4772
-6.89136 14.4772
-6.72292 14.4772
-6.76782 14.4772
-6.81271 14.4772
-6.85761 14.4772
-6.90251 14.4772
-6.73407 14.4772
-6.77897 14.4772
-6.82387 14.4772
-6.86876 14.4772
-6.91366 14.4772
-6.74522 14.4772
-6.79012 14.4772
-6.83502 14.4772
-6.87992 14.4772
-6.71148 14.4772
-6.75638 14.4772
-6.80127 14.4772
-6.84617 14.4772
-6.89107 14.4772
-6.72263 14.4772
-6.76753 14.4772
-6.81243 14.4772
-6.85732 14.4772
-6.90222 14.4772
-6.73378 14.4772
-6.77868 14.4772
-6.82358 14.4772
-6.86847 14.4772
-6.91337 14.4772
-6.74494 14.4772
-6.78983 14.4772
-6.83473 14.4772
-6.87963 14.4772
-6.71119 14.4772
-6.75609 14.4772
-6.80098 14.4772
-6.84588 14.4772
-6.89078 14.4772
-6.72234 14.4772
-6.76724 14.4772
-6.81214 14.4772
-6.85703 14.4772
-6.90193 14.4772
-6.73349 14.4772
-6.77839 14.4772
-6.82329 14.4772
-6.86819 14.4772
-6.91308 14.4772
-6.74465 14.4772
-6.78954 14.4772
-6.83444 14.4772
-6.87934 14.4772
-6.7109 14.4772
-6.7558 14.4772
-6.8007 14.4772
-6.84559 14.4772
-6.89049 14.4772
-6.72205 14.4772
-6.76695 14.4772
-6.81185 14.4772
-6.85675 14.4772
-6.90164 14.4772
-6.73321 14.4772
-6.7781 14.4772
-6.823 14.4772
-6.8679 14.4772
-6.9128 14.4772
-6.74436 14.4772
-6.78926 14.4772
-6.83415 14.4772
-6.87905 14.4772
-6.71061 14.4772
-6.75551 14.4772
-6.80041 14.4772
-6.84531 14.4772
-6.8902 14.4772
-6.72177 14.4772
-6.76666 14.4772
-6.81156 14.4772
-6.85646 14.4772
-6.90135 14.4772
-6.73292 14.4772
-6.77782 14.4772
-6.82271 14.4772
-6.86761 14.4772
-6.91251 14.4772
-6.74407 14.4772
-6.78897 14.4772
-6.83387 14.4772
-6.87876 14.4772
-6.71033 14.4772
-6.75522 14.4772
-6.80012 14.4772
-6.84502 14.4772
-6.88991 14.4772
-6.72148 14.4772
-6.76638 14.4772
-6.81127 14.4772
-6.85617 14.4772
-6.90107 14.4772
-6.73263 14.4772
-6.77753 14.4772
-6.82242 14.4772
-6.86732 14.4772
-6.91222 14.4772
-6.74378 14.4772
-6.78868 14.4772
-6.83358 14.4772
-6.87847 14.4772
-6.71004 14.4772
-6.75493 14.4772
-6.79983 14.4772
-6.84473 14.4772
-6.88963 14.4772
-6.72119 14.4772
-6.76609 14.4772
-6.81098 14.4772
-6.85588 14.4772
-6.90078 14.4772
-6.73234 14.4772
-6.77724 14.4772
-6.82214 14.4772
-6.86703 14.4772
-6.91193 14.4772
-6.74349 14.4772
-6.78839 14.4772
-6.83329 14.4772
-6.87819 14.4772
-6.70975 14.4772
-6.75465 14.4772
-6.79954 14.4772
-6.84444 14.4772
-6.88934 14.4772
-6.7209 14.4772
-6.7658 14.4772
-6.8107 14.4772
-6.85559 14.4772
-6.90049 14.4772
-6.73205 14.4772
-6.77695 14.4772
-6.82185 14.4772
-6.86674 14.4772
-6.91164 14.4772
-6.74321 14.4772
-6.7881 14.4772
-6.833 14.4772
-6.8779 14.4772
-6.70946 14.4772
-6.75436 14.4772
-6.79926 14.4772
-6.84415 14.4772
-6.88905 14.4772
-6.72061 14.4772
-6.76551 14.4772
-6.81041 14.4772
-6.8553 14.4772
-6.9002 14.4772
-6.73177 14.4772
-6.77666 14.4772
-6.82156 14.4772
-6.86646 14.4772
-6.91135 14.4772
-6.74292 14.4772
-6.78782 14.4772
-6.83271 14.4772
-6.87761 14.4772
-6.70917 14.4772
-6.75407 14.4772
-6.79897 14.4772
-6.84386 14.4772
-6.88876 14.4772
-6.72032 14.4772
-6.76522 14.4772
-6.81012 14.4772
-6.85502 14.4772
-6.89991 14.4772
-6.73148 14.4772
-6.77637 14.4772
-6.82127 14.4772
-6.86617 14.4772
-6.91107 14.4772
-6.74263 14.4772
-6.78753 14.4772
-6.83242 14.4772
-6.87732 14.4772
-6.70888 14.4772
-6.75378 14.4772
-6.79868 14.4772
-6.84358 14.4772
-6.88847 14.4772
-6.72004 14.4772
-6.76493 14.4772
-6.80983 14.4772
-6.85473 14.4772
-6.89962 14.4772
-6.73119 14.4772
-6.77609 14.4772
-6.82098 14.4772
-6.86588 14.4772
-6.91078 14.4772
-6.74234 14.4772
-6.78724 14.4772
-6.83214 14.4772
-6.87703 14.4772
-6.7086 14.4772
-6.75349 14.4772
-6.79839 14.4772
-6.84329 14.4772
-6.88818 14.4772
-6.71975 14.4772
-6.76465 14.4772
-6.80954 14.4772
-6.85444 14.4772
-6.89934 14.4772
-6.7309 14.4772
-6.7758 14.4772
-6.82069 14.4772
-6.86559 14.4772
-6.91049 14.4772
-6.74205 14.4772
-6.78695 14.4772
-6.83185 14.4772
-6.87674 14.4772
-6.70831 14.4772
-6.75321 14.4772
-6.7981 14.4772
-6.843 14.4772
-6.8879 14.4772
-6.71946 14.4772
-6.76436 14.4772
-6.80925 14.4772
-6.85415 14.4772
-6.89905 14.4772
-6.73061 14.4772
-6.77551 14.4772
-6.82041 14.4772
-6.8653 14.4772
-6.9102 14.4772
-6.74177 14.4772
-6.78666 14.4772
-6.83156 14.4772
-6.87646 14.4772
-6.70802 14.4772
-6.75292 14.4772
-6.79781 14.4772
-6.84271 14.4772
-6.88761 14.4772
-6.71917 14.4772
-6.76407 14.4772
-6.80897 14.4772
-6.85386 14.4772
-6.89876 14.4772
-6.73032 14.4772
-6.77522 14.4772
-6.82012 14.4772
-6.86502 14.4772
-6.90991 14.4772
-6.74148 14.4772
-6.78637 14.4772
-6.83127 14.4772
-6.87617 14.4772
-6.70773 14.4772
-6.75263 14.4772
-6.79753 14.4772
-6.84242 14.4772
-6.88732 14.4772
-6.71888 14.4772
-6.76378 14.4772
-6.80868 14.4772
-6.85357 14.4772
-6.89847 14.4772
-6.73004 14.4772
-6.77493 14.4772
-6.81983 14.4772
-6.86473 14.4772
-6.90962 14.4772
-6.74119 14.4772
-6.78609 14.4772
-6.83098 14.4772
-6.87588 14.4772
-6.70744 14.4772
-6.75234 14.4772
-6.79724 14.4772
-6.84213 14.4772
-6.88703 14.4772
-6.7186 14.4772
-6.76349 14.4772
-6.80839 14.4772
-6.85329 14.4772
-6.89818 14.4772
-6.72975 14.4772
-6.77464 14.4772
-6.81954 14.4772
-6.86444 14.4772
-6.90934 14.4772
-6.7409 14.4772
-6.7858 14.4772
-6.83069 14.4772
-6.87559 14.4772
-6.70715 14.4772
-6.75205 14.4772
-6.79695 14.4772
-6.84185 14.4772
-6.88674 14.4772
-6.71831 14.4772
-6.7632 14.4772
-6.8081 14.4772
-6.853 14.4772
-6.8979 14.4772
-6.72946 14.4772
-6.77436 14.4772
-6.81925 14.4772
-6.86415 14.4772
-6.90905 14.4772
-6.74061 14.4772
-6.78551 14.4772
-6.83041 14.4772
-6.8753 14.4772
-6.70687 14.4772
-6.75176 14.4772
-6.79666 14.4772
-6.84156 14.4772
-6.88646 14.4772
-6.71802 14.4772
-6.76292 14.4772
-6.80781 14.4772
-6.85271 14.4772
-6.89761 14.4772
-6.72917 14.4772
-6.77407 14.4772
-6.81897 14.4772
-6.86386 14.4772
-6.90876 14.4772
-6.74032 14.4772
-6.78522 14.4772
-6.83012 14.4772
-6.87501 14.4772
-6.70658 14.4772
-6.75148 14.4772
-6.79637 14.4772
-6.84127 14.4772
-6.88617 14.4772
-6.71773 14.4772
-6.76263 14.4772
-6.80752 14.4772
-6.85242 14.4772
-6.89732 14.4772
-6.72888 14.4772
-6.77378 14.4772
-6.81868 14.4772
-6.86357 14.4772
-6.90847 14.4772
-6.74004 14.4772
-6.78493 14.4772
-6.82983 14.4772
-6.87473 14.4772
-6.70629 14.4772
-6.75119 14.4772
-6.79608 14.4772
-6.84098 14.4772
-6.88588 14.4772
-6.71744 14.4772
-6.76234 14.4772
-6.80724 14.4772
-6.85213 14.4772
-6.89703 14.4772
-6.72859 14.4772
-6.77349 14.4772
-6.81839 14.4772
-6.86329 14.4772
-6.90818 14.4772
-6.73975 14.4772
-6.78464 14.4772
-6.82954 14.4772
-6.87444 14.4772
-6.706 14.4772
-6.7509 14.4772
-6.7958 14.4772
-6.84069 14.4772
-6.88559 14.4772
-6.71715 14.4772
-6.76205 14.4772
-6.80695 14.4772
-6.85185 14.4772
-6.89674 14.4772
-6.72831 14.4772
-6.7732 14.4772
-6.8181 14.4772
-6.863 14.4772
-6.90789 14.4772
-6.73946 14.4772
-6.78436 14.4772
-6.82925 14.4772
-6.87415 14.4772
-6.91905 14.4772
-6.75062 14.4772
-6.79551 14.4772
-6.84041 14.4772
-6.88531 14.4772
-6.71687 14.4772
-6.76177 14.4772
-6.80667 14.4772
-6.85156 14.4772
-6.89646 14.4772
-6.72802 14.4772
-6.77292 14.4772
-6.81782 14.4772
-6.86272 14.4772
-6.90761 14.4772
-6.73918 14.4772
-6.78407 14.4772
-6.82897 14.4772
-6.87387 14.4772
-6.91877 14.4772
-6.75033 14.4772
-6.79523 14.4772
-6.84012 14.4772
-6.88502 14.4772
-6.71658 14.4772
-6.76148 14.4772
-6.80638 14.4772
-6.85128 14.4772
-6.89617 14.4772
-6.72774 14.4772
-6.77263 14.4772
-6.81753 14.4772
-6.86243 14.4772
-6.90732 14.4772
-6.73889 14.4772
-6.78379 14.4772
-6.82868 14.4772
-6.87358 14.4772
-6.91848 14.4772
-6.75004 14.4772
-6.79494 14.4772
-6.83984 14.4772
-6.88473 14.4772
-6.7163 14.4772
-6.76119 14.4772
-6.80609 14.4772
-6.85099 14.4772
-6.89588 14.4772
-6.72745 14.4772
-6.77235 14.4772
-6.81724 14.4772
-6.86214 14.4772
-6.90704 14.4772
-6.7386 14.4772
-6.7835 14.4772
-6.8284 14.4772
-6.87329 14.4772
-6.91819 14.4772
-6.74975 14.4772
-6.79465 14.4772
-6.83955 14.4772
-6.88445 14.4772
-6.71601 14.4772
-6.76091 14.4772
-6.8058 14.4772
-6.8507 14.4772
-6.8956 14.4772
-6.72716 14.4772
-6.77206 14.4772
-6.81696 14.4772
-6.86185 14.4772
-6.90675 14.4772
-6.73831 14.4772
-6.78321 14.4772
-6.82811 14.4772
-6.873 14.4772
-6.9179 14.4772
-6.74947 14.4772
-6.79436 14.4772
-6.83926 14.4772
-6.88416 14.4772
-6.71572 14.4772
-6.76062 14.4772
-6.80552 14.4772
-6.85041 14.4772
-6.89531 14.4772
-6.72687 14.4772
-6.77177 14.4772
-6.81667 14.4772
-6.86156 14.4772
-6.90646 14.4772
-6.73803 14.4772
-6.78292 14.4772
-6.82782 14.4772
-6.87272 14.4772
-6.91761 14.4772
-6.74918 14.4772
-6.79407 14.4772
-6.83897 14.4772
-6.88387 14.4772
-6.71543 14.4772
-6.76033 14.4772
-6.80523 14.4772
-6.85012 14.4772
-6.89502 14.4772
-6.72658 14.4772
-6.77148 14.4772
-6.81638 14.4772
-6.86128 14.4772
-6.90617 14.4772
-6.73774 14.4772
-6.78263 14.4772
-6.82753 14.4772
-6.87243 14.4772
-6.91733 14.4772
-6.74889 14.4772
-6.79379 14.4772
-6.83868 14.4772
-6.88358 14.4772
-6.71514 14.4772
-6.76004 14.4772
-6.80494 14.4772
-6.84984 14.4772
-6.89473 14.4772
-6.7263 14.4772
-6.77119 14.4772
-6.81609 14.4772
-6.86099 14.4772
-6.90588 14.4772
-6.73745 14.4772
-6.78235 14.4772
-6.82724 14.4772
-6.87214 14.4772
-6.91704 14.4772
-6.7486 14.4772
-6.7935 14.4772
-6.8384 14.4772
-6.88329 14.4772
-6.71486 14.4772
-6.75975 14.4772
-6.80465 14.4772
-6.84955 14.4772
-6.89444 14.4772
-6.72601 14.4772
-6.77091 14.4772
-6.8158 14.4772
-6.8607 14.4772
-6.9056 14.4772
-6.73716 14.4772
-6.78206 14.4772
-6.82695 14.4772
-6.87185 14.4772
-6.91675 14.4772
-6.74831 14.4772
-6.79321 14.4772
-6.83811 14.4772
-6.883 14.4772
-6.71457 14.4772
-6.75946 14.4772
-6.80436 14.4772
-6.84926 14.4772
-6.89416 14.4772
-6.72572 14.4772
-6.77062 14.4772
-6.81551 14.4772
-6.86041 14.4772
-6.90531 14.4772
-6.73687 14.4772
-6.78177 14.4772
-6.82667 14.4772
-6.87156 14.4772
-6.91646 14.4772
-6.74802 14.4772
-6.79292 14.4772
-6.83782 14.4772
-6.88272 14.4772
-6.71428 14.4772
-6.75918 14.4772
-6.80407 14.4772
-6.84897 14.4772
-6.89387 14.4772
-6.72543 14.4772
-6.77033 14.4772
-6.81523 14.4772
-6.86012 14.4772
-6.90502 14.4772
-6.73658 14.4772
-6.78148 14.4772
-6.82638 14.4772
-6.87127 14.4772
-6.91617 14.4772
-6.74774 14.4772
-6.79263 14.4772
-6.83753 14.4772
-6.88243 14.4772
-6.71399 14.4772
-6.75889 14.4772
-6.80379 14.4772
-6.84868 14.4772
-6.89358 14.4772
-6.72514 14.4772
-6.77004 14.4772
-6.81494 14.4772
-6.85983 14.4772
-6.90473 14.4772
-6.7363 14.4772
-6.78119 14.4772
-6.82609 14.4772
-6.87099 14.4772
-6.91588 14.4772
-6.74745 14.4772
-6.79235 14.4772
-6.83724 14.4772
-6.88214 14.4772
-6.7137 14.4772
-6.7586 14.4772
-6.8035 14.4772
-6.84839 14.4772
-6.89329 14.4772
-6.72486 14.4772
-6.76975 14.4772
-6.81465 14.4772
-6.85955 14.4772
-6.90444 14.4772
-6.73601 14.4772
-6.7809 14.4772
-6.8258 14.4772
-6.8707 14.4772
-6.9156 14.4772
-6.74716 14.4772
-6.79206 14.4772
-6.83695 14.4772
-6.88185 14.4772
-6.71342 14.4772
-6.75831 14.4772
-6.80321 14.4772
-6.84811 14.4772
-6.893 14.4772
-6.72457 14.4772
-6.76946 14.4772
-6.81436 14.4772
-6.85926 14.4772
-6.90416 14.4772
-6.73572 14.4772
-6.78062 14.4772
-6.82551 14.4772
-6.87041 14.4772
-6.91531 14.4772
-6.74687 14.4772
-6.79177 14.4772
-6.83667 14.4772
-6.88156 14.4772
-6.71313 14.4772
-6.75802 14.4772
-6.80292 14.4772
-6.84782 14.4772
-6.89272 14.4772
-6.72428 14.4772
-6.76918 14.4772
-6.81407 14.4772
-6.85897 14.4772
-6.90387 14.4772
-6.73543 14.4772
-6.78033 14.4772
-6.82523 14.4772
-6.87012 14.4772
-6.91502 14.4772
-6.74658 14.4772
-6.79148 14.4772
-6.83638 14.4772
-6.88128 14.4772
-6.71284 14.4772
-6.75774 14.4772
-6.80263 14.4772
-6.84753 14.4772
-6.89243 14.4772
-6.72399 14.4772
-6.76889 14.4772
-6.81379 14.4772
-6.85868 14.4772
-6.90358 14.4772
-6.73514 14.4772
-6.78004 14.4772
-6.82494 14.4772
-6.86983 14.4772
-6.91473 14.4772
-6.7463 14.4772
-6.79119 14.4772
-6.83609 14.4772
-6.88099 14.4772
-6.71255 14.4772
-6.75745 14.4772
-6.80235 14.4772
-6.84724 14.4772
-6.89214 14.4772
-6.7237 14.4772
-6.7686 14.4772
-6.8135 14.4772
-6.85839 14.4772
-6.90329 14.4772
-6.73486 14.4772
-6.77975 14.4772
-6.82465 14.4772
-6.86955 14.4772
-6.91444 14.4772
-6.74601 14.4772
-6.7909 14.4772
-6.8358 14.4772
-6.8807 14.4772
-6.71226 14.4772
-6.75716 14.4772
-6.80206 14.4772
-6.84695 14.4772
-6.89185 14.4772
-6.72342 14.4772
-6.76831 14.4772
-6.81321 14.4772
-6.85811 14.4772
-6.903 14.4772
-6.73457 14.4772
-6.77946 14.4772
-6.82436 14.4772
-6.86926 14.4772
-6.91416 14.4772
-6.74572 14.4772
-6.79062 14.4772
-6.83551 14.4772
-6.88041 14.4772
-6.71198 14.4772
-6.75687 14.4772
-6.80177 14.4772
-6.84667 14.4772
-6.89156 14.4772
-6.72313 14.4772
-6.76802 14.4772
-6.81292 14.4772
-6.85782 14.4772
-6.90272 14.4772
-6.73428 14.4772
-6.77918 14.4772
-6.82407 14.4772
-6.86897 14.4772
-6.91387 14.4772
-6.74543 14.4772
-6.79033 14.4772
-6.83523 14.4772
-6.88012 14.4772
-6.71169 14.4772
-6.75658 14.4772
-6.80148 14.4772
-6.84638 14.4772
-6.89128 14.4772
-6.72284 14.4772
-6.76774 14.4772
-6.81263 14.4772
-6.85753 14.4772
-6.90243 14.4772
-6.73399 14.4772
-6.77889 14.4772
-6.82379 14.4772
-6.86868 14.4772
-6.91358 14.4772
-6.74514 14.4772
-6.79004 14.4772
-6.83494 14.4772
-6.87984 14.4772
-6.7114 14.4772
-6.7563 14.4772
-6.80119 14.4772
-6.84609 14.4772
-6.89099 14.4772
-6.72255 14.4772
-6.76745 14.4772
-6.81235 14.4772
-6.85724 14.4772
-6.90214 14.4772
-6.7337 14.4772
-6.7786 14.4772
-6.8235 14.4772
-6.86839 14.4772
-6.91329 14.4772
-6.74486 14.4772
-6.78975 14.4772
-6.83465 14.4772
-6.87955 14.4772
-6.71111 14.4772
-6.75601 14.4772
-6.8009 14.4772
-6.8458 14.4772
-6.8907 14.4772
-6.72226 14.4772
-6.76716 14.4772
-6.81206 14.4772
-6.85695 14.4772
-6.90185 14.4772
-6.73342 14.4772
-6.77831 14.4772
-6.82321 14.4772
-6.86811 14.4772
-6.913 14.4772
-6.74457 14.4772
-6.78946 14.4772
-6.83436 14.4772
-6.87926 14.4772
-6.71082 14.4772
-6.75572 14.4772
-6.80062 14.4772
-6.84551 14.4772
-6.89041 14.4772
-6.72197 14.4772
-6.76687 14.4772
-6.81177 14.4772
-6.85667 14.4772
-6.90156 14.4772
-6.73313 14.4772
-6.77802 14.4772
-6.82292 14.4772
-6.86782 14.4772
-6.91272 14.4772
-6.74428 14.4772
-6.78918 14.4772
-6.83407 14.4772
-6.87897 14.4772
-6.71053 14.4772
-6.75543 14.4772
-6.80033 14.4772
-6.84523 14.4772
-6.89012 14.4772
-6.72169 14.4772
-6.76658 14.4772
-6.81148 14.4772
-6.85638 14.4772
-6.90127 14.4772
-6.73284 14.4772
-6.77774 14.4772
-6.82263 14.4772
-6.86753 14.4772
-6.91243 14.4772
-6.74399 14.4772
-6.78889 14.4772
-6.83379 14.4772
-6.87868 14.4772
-6.71025 14.4772
-6.75514 14.4772
-6.80004 14.4772
-6.84494 14.4772
-6.88983 14.4772
-6.7214 14.4772
-6.76629 14.4772
-6.81119 14.4772
-6.85609 14.4772
-6.90099 14.4772
-6.73255 14.4772
-6.77745 14.4772
-6.82234 14.4772
-6.86724 14.4772
-6.91214 14.4772
-6.7437 14.4772
-6.7886 14.4772
-6.8335 14.4772
-6.87839 14.4772
-6.70996 14.4772
-6.75485 14.4772
-6.79975 14.4772
-6.84465 14.4772
-6.88955 14.4772
-6.72111 14.4772
-6.76601 14.4772
-6.8109 14.4772
-6.8558 14.4772
-6.9007 14.4772
-6.73226 14.4772
-6.77716 14.4772
-6.82206 14.4772
-6.86695 14.4772
-6.91185 14.4772
-6.74341 14.4772
-6.78831 14.4772
-6.83321 14.4772
-6.87811 14.4772
-6.70967 14.4772
-6.75457 14.4772
-6.79946 14.4772
-6.84436 14.4772
-6.88926 14.4772
-6.72082 14.4772
-6.76572 14.4772
-6.81062 14.4772
-6.85551 14.4772
-6.90041 14.4772
-6.73197 14.4772
-6.77687 14.4772
-6.82177 14.4772
-6.86667 14.4772
-6.91156 14.4772
-6.74313 14.4772
-6.78802 14.4772
-6.83292 14.4772
-6.87782 14.4772
-6.70938 14.4772
-6.75428 14.4772
-6.79918 14.4772
-6.84407 14.4772
-6.88897 14.4772
-6.72053 14.4772
-6.76543 14.4772
-6.81033 14.4772
-6.85522 14.4772
-6.90012 14.4772
-6.73169 14.4772
-6.77658 14.4772
-6.82148 14.4772
-6.86638 14.4772
-6.91127 14.4772
-6.74284 14.4772
-6.78773 14.4772
-6.83263 14.4772
-6.87753 14.4772
-6.70909 14.4772
-6.75399 14.4772
-6.79889 14.4772
-6.84378 14.4772
-6.88868 14.4772
-6.72024 14.4772
-6.76514 14.4772
-6.81004 14.4772
-6.85494 14.4772
-6.89983 14.4772
-6.7314 14.4772
-6.77629 14.4772
-6.82119 14.4772
-6.86609 14.4772
-6.91099 14.4772
-6.74255 14.4772
-6.78745 14.4772
-6.83234 14.4772
-6.87724 14.4772
-6.7088 14.4772
-6.7537 14.4772
-6.7986 14.4772
-6.8435 14.4772
-6.88839 14.4772
-6.71996 14.4772
-6.76485 14.4772
-6.80975 14.4772
-6.85465 14.4772
-6.89954 14.4772
-6.73111 14.4772
-6.77601 14.4772
-6.8209 14.4772
-6.8658 14.4772
-6.9107 14.4772
-6.74226 14.4772
-6.78716 14.4772
-6.83206 14.4772
-6.87695 14.4772
-6.70852 14.4772
-6.75341 14.4772
-6.79831 14.4772
-6.84321 14.4772
-6.8881 14.4772
-6.71967 14.4772
-6.76457 14.4772
-6.80946 14.4772
-6.85436 14.4772
-6.89926 14.4772
-6.73082 14.4772
-6.77572 14.4772
-6.82061 14.4772
-6.86551 14.4772
-6.91041 14.4772
-6.74197 14.4772
-6.78687 14.4772
-6.83177 14.4772
-6.87666 14.4772
-6.70823 14.4772
-6.75313 14.4772
-6.79802 14.4772
-6.84292 14.4772
-6.88782 14.4772
-6.71938 14.4772
-6.76428 14.4772
-6.80917 14.4772
-6.85407 14.4772
-6.89897 14.4772
-6.73053 14.4772
-6.77543 14.4772
-6.82033 14.4772
-6.86522 14.4772
-6.91012 14.4772
-6.74168 14.4772
-6.78658 14.4772
-6.83148 14.4772
-6.87638 14.4772
-6.70794 14.4772
-6.75284 14.4772
-6.79773 14.4772
-6.84263 14.4772
-6.88753 14.4772
-6.71909 14.4772
-6.76399 14.4772
-6.80889 14.4772
-6.85378 14.4772
-6.89868 14.4772
-6.73024 14.4772
-6.77514 14.4772
-6.82004 14.4772
-6.86494 14.4772
-6.90983 14.4772
-6.7414 14.4772
-6.78629 14.4772
-6.83119 14.4772
-6.87609 14.4772
-6.70765 14.4772
-6.75255 14.4772
-6.79745 14.4772
-6.84234 14.4772
-6.88724 14.4772
-6.7188 14.4772
-6.7637 14.4772
-6.8086 14.4772
-6.85349 14.4772
-6.89839 14.4772
-6.72996 14.4772
-6.77485 14.4772
-6.81975 14.4772
-6.86465 14.4772
-6.90954 14.4772
-6.74111 14.4772
-6.78601 14.4772
-6.8309 14.4772
-6.8758 14.4772
-6.70736 14.4772
-6.75226 14.4772
-6.79716 14.4772
-6.84205 14.4772
-6.88695 14.4772
-6.71852 14.4772
-6.76341 14.4772
-6.80831 14.4772
-6.85321 14.4772
-6.8981 14.4772
-6.72967 14.4772
-6.77456 14.4772
-6.81946 14.4772
-6.86436 14.4772
-6.90926 14.4772
-6.74082 14.4772
-6.78572 14.4772
-6.83061 14.4772
-6.87551 14.4772
-6.70708 14.4772
-6.75197 14.4772
-6.79687 14.4772
-6.84177 14.4772
-6.88666 14.4772
-6.71823 14.4772
-6.76312 14.4772
-6.80802 14.4772
-6.85292 14.4772
-6.89782 14.4772
-6.72938 14.4772
-6.77428 14.4772
-6.81917 14.4772
-6.86407 14.4772
-6.90897 14.4772
-6.74053 14.4772
-6.78543 14.4772
-6.83033 14.4772
-6.87522 14.4772
-6.70679 14.4772
-6.75168 14.4772
-6.79658 14.4772
-6.84148 14.4772
-6.88637 14.4772
-6.71794 14.4772
-6.76284 14.4772
-6.80773 14.4772
-6.85263 14.4772
-6.89753 14.4772
-6.72909 14.4772
-6.77399 14.4772
-6.81889 14.4772
-6.86378 14.4772
-6.90868 14.4772
-6.74024 14.4772
-6.78514 14.4772
-6.83004 14.4772
-6.87493 14.4772
-6.7065 14.4772
-6.7514 14.4772
-6.79629 14.4772
-6.84119 14.4772
-6.88609 14.4772
-6.71765 14.4772
-6.76255 14.4772
-6.80744 14.4772
-6.85234 14.4772
-6.89724 14.4772
-6.7288 14.4772
-6.7737 14.4772
-6.8186 14.4772
-6.86349 14.4772
-6.90839 14.4772
-6.73995 14.4772
-6.78485 14.4772
-6.82975 14.4772
-6.87465 14.4772
-6.70621 14.4772
-6.75111 14.4772
-6.796 14.4772
-6.8409 14.4772
-6.8858 14.4772
-6.71736 14.4772
-6.76226 14.4772
-6.80716 14.4772
-6.85205 14.4772
-6.89695 14.4772
-6.72851 14.4772
-6.77341 14.4772
-6.81831 14.4772
-6.86321 14.4772
-6.9081 14.4772
-6.73967 14.4772
-6.78456 14.4772
-6.82946 14.4772
-6.87436 14.4772
-6.70592 14.4772
-6.75082 14.4772
-6.79572 14.4772
-6.84061 14.4772
-6.88551 14.4772
-6.71707 14.4772
-6.76197 14.4772
-6.80687 14.4772
-6.85177 14.4772
-6.89666 14.4772
-6.72823 14.4772
-6.77312 14.4772
-6.81802 14.4772
-6.86292 14.4772
-6.90781 14.4772
-6.73938 14.4772
-6.78428 14.4772
-6.82917 14.4772
-6.87407 14.4772
-6.91897 14.4772
-6.75053 14.4772
-6.79543 14.4772
-6.84033 14.4772
-6.88523 14.4772
-6.71679 14.4772
-6.76169 14.4772
-6.80658 14.4772
-6.85148 14.4772
-6.89638 14.4772
-6.72794 14.4772
-6.77284 14.4772
-6.81774 14.4772
-6.86263 14.4772
-6.90753 14.4772
-6.73909 14.4772
-6.78399 14.4772
-6.82889 14.4772
-6.87379 14.4772
-6.91868 14.4772
-6.75025 14.4772
-6.79514 14.4772
-6.84004 14.4772
-6.88494 14.4772
-6.7165 14.4772
-6.7614 14.4772
-6.80629 14.4772
-6.85119 14.4772
-6.89609 14.4772
-6.72765 14.4772
-6.77255 14.4772
-6.81745 14.4772
-6.86234 14.4772
-6.90724 14.4772
-6.7388 14.4772
-6.7837 14.4772
-6.8286 14.4772
-6.8735 14.4772
-6.91839 14.4772
-6.74996 14.4772
-6.79485 14.4772
-6.83975 14.4772
-6.88465 14.4772
-6.71621 14.4772
-6.76111 14.4772
-6.80601 14.4772
-6.8509 14.4772
-6.8958 14.4772
-6.72737 14.4772
-6.77226 14.4772
-6.81716 14.4772
-6.86206 14.4772
-6.90695 14.4772
-6.73852 14.4772
-6.78341 14.4772
-6.82831 14.4772
-6.87321 14.4772
-6.91811 14.4772
-6.74967 14.4772
-6.79457 14.4772
-6.83946 14.4772
-6.88436 14.4772
-6.71592 14.4772
-6.76082 14.4772
-6.80572 14.4772
-6.85062 14.4772
-6.89551 14.4772
-6.72708 14.4772
-6.77197 14.4772
-6.81687 14.4772
-6.86177 14.4772
-6.90667 14.4772
-6.73823 14.4772
-6.78313 14.4772
-6.82802 14.4772
-6.87292 14.4772
-6.91782 14.4772
-6.74938 14.4772
-6.79428 14.4772
-6.83918 14.4772
-6.88407 14.4772
-6.71564 14.4772
-6.76053 14.4772
-6.80543 14.4772
-6.85033 14.4772
-6.89522 14.4772
-6.72679 14.4772
-6.77169 14.4772
-6.81658 14.4772
-6.86148 14.4772
-6.90638 14.4772
-6.73794 14.4772
-6.78284 14.4772
-6.82773 14.4772
-6.87263 14.4772
-6.91753 14.4772
-6.74909 14.4772
-6.79399 14.4772
-6.83889 14.4772
-6.88378 14.4772
-6.71535 14.4772
-6.76025 14.4772
-6.80514 14.4772
-6.85004 14.4772
-6.89494 14.4772
-6.7265 14.4772
-6.7714 14.4772
-6.81629 14.4772
-6.86119 14.4772
-6.90609 14.4772
-6.73765 14.4772
-6.78255 14.4772
-6.82745 14.4772
-6.87234 14.4772
-6.91724 14.4772
-6.74881 14.4772
-6.7937 14.4772
-6.8386 14.4772
-6.8835 14.4772
-6.71506 14.4772
-6.75996 14.4772
-6.80485 14.4772
-6.84975 14.4772
-6.89465 14.4772
-6.72621 14.4772
-6.77111 14.4772
-6.81601 14.4772
-6.8609 14.4772
-6.9058 14.4772
-6.73736 14.4772
-6.78226 14.4772
-6.82716 14.4772
-6.87206 14.4772
-6.91695 14.4772
-6.74852 14.4772
-6.79341 14.4772
-6.83831 14.4772
-6.88321 14.4772
-6.71477 14.4772
-6.75967 14.4772
-6.80457 14.4772
-6.84946 14.4772
-6.89436 14.4772
-6.72592 14.4772
-6.77082 14.4772
-6.81572 14.4772
-6.86062 14.4772
-6.90551 14.4772
-6.73708 14.4772
-6.78197 14.4772
-6.82687 14.4772
-6.87177 14.4772
-6.91667 14.4772
-6.74823 14.4772
-6.79313 14.4772
-6.83802 14.4772
-6.88292 14.4772
-6.71448 14.4772
-6.75938 14.4772
-6.80428 14.4772
-6.84918 14.4772
-6.89407 14.4772
-6.72564 14.4772
-6.77053 14.4772
-6.81543 14.4772
-6.86033 14.4772
-6.90522 14.4772
-6.73679 14.4772
-6.78169 14.4772
-6.82658 14.4772
-6.87148 14.4772
-6.91638 14.4772
-6.74794 14.4772
-6.79284 14.4772
-6.83774 14.4772
-6.88263 14.4772
-6.7142 14.4772
-6.75909 14.4772
-6.80399 14.4772
-6.84889 14.4772
-6.89378 14.4772
-6.72535 14.4772
-6.77025 14.4772
-6.81514 14.4772
-6.86004 14.4772
-6.90494 14.4772
-6.7365 14.4772
-6.7814 14.4772
-6.82629 14.4772
-6.87119 14.4772
-6.91609 14.4772
-6.74765 14.4772
-6.79255 14.4772
-6.83745 14.4772
-6.88234 14.4772
-6.71391 14.4772
-6.75881 14.4772
-6.8037 14.4772
-6.8486 14.4772
-6.8935 14.4772
-6.72506 14.4772
-6.76996 14.4772
-6.81485 14.4772
-6.85975 14.4772
-6.90465 14.4772
-6.73621 14.4772
-6.78111 14.4772
-6.82601 14.4772
-6.8709 14.4772
-6.9158 14.4772
-6.74736 14.4772
-6.79226 14.4772
-6.83716 14.4772
-6.88206 14.4772
-6.71362 14.4772
-6.75852 14.4772
-6.80341 14.4772
-6.84831 14.4772
-6.89321 14.4772
-6.72477 14.4772
-6.76967 14.4772
-6.81457 14.4772
-6.85946 14.4772
-6.90436 14.4772
-6.73592 14.4772
-6.78082 14.4772
-6.82572 14.4772
-6.87062 14.4772
-6.91551 14.4772
-6.74708 14.4772
-6.79197 14.4772
-6.83687 14.4772
-6.88177 14.4772
-6.71333 14.4772
-6.75823 14.4772
-6.80313 14.4772
-6.84802 14.4772
-6.89292 14.4772
-6.72448 14.4772
-6.76938 14.4772
-6.81428 14.4772
-6.85918 14.4772
-6.90407 14.4772
-6.73564 14.4772
-6.78053 14.4772
-6.82543 14.4772
-6.87033 14.4772
-6.91523 14.4772
-6.74679 14.4772
-6.79169 14.4772
-6.83658 14.4772
-6.88148 14.4772
-6.71304 14.4772
-6.75794 14.4772
-6.80284 14.4772
-6.84774 14.4772
-6.89263 14.4772
-6.7242 14.4772
-6.76909 14.4772
-6.81399 14.4772
-6.85889 14.4772
-6.90378 14.4772
-6.73535 14.4772
-6.78025 14.4772
-6.82514 14.4772
-6.87004 14.4772
-6.91494 14.4772
-6.7465 14.4772
-6.7914 14.4772
-6.8363 14.4772
-6.88119 14.4772
-6.71276 14.4772
-6.75765 14.4772
-6.80255 14.4772
-6.84745 14.4772
-6.89234 14.4772
-6.72391 14.4772
-6.76881 14.4772
-6.8137 14.4772
-6.8586 14.4772
-6.9035 14.4772
-6.73506 14.4772
-6.77996 14.4772
-6.82485 14.4772
-6.86975 14.4772
-6.91465 14.4772
-6.74621 14.4772
-6.79111 14.4772
-6.83601 14.4772
-6.8809 14.4772
-6.71247 14.4772
-6.75736 14.4772
-6.80226 14.4772
-6.84716 14.4772
-6.89206 14.4772
-6.72362 14.4772
-6.76852 14.4772
-6.81341 14.4772
-6.85831 14.4772
-6.90321 14.4772
-6.73477 14.4772
-6.77967 14.4772
-6.82457 14.4772
-6.86946 14.4772
-6.91436 14.4772
-6.74592 14.4772
-6.79082 14.4772
-6.83572 14.4772
-6.88062 14.4772
-6.71218 14.4772
-6.75708 14.4772
-6.80197 14.4772
-6.84687 14.4772
-6.89177 14.4772
-6.72333 14.4772
-6.76823 14.4772
-6.81313 14.4772
-6.85802 14.4772
-6.90292 14.4772
-6.73448 14.4772
-6.77938 14.4772
-6.82428 14.4772
-6.86917 14.4772
-6.91407 14.4772
-6.74564 14.4772
-6.79053 14.4772
-6.83543 14.4772
-6.88033 14.4772
-6.71189 14.4772
-6.75679 14.4772
-6.80169 14.4772
-6.84658 14.4772
-6.89148 14.4772
-6.72304 14.4772
-6.76794 14.4772
-6.81284 14.4772
-6.85773 14.4772
-6.90263 14.4772
-6.7342 14.4772
-6.77909 14.4772
-6.82399 14.4772
-6.86889 14.4772
-6.91378 14.4772
-6.74535 14.4772
-6.79025 14.4772
-6.83514 14.4772
-6.88004 14.4772
-6.7116 14.4772
-6.7565 14.4772
-6.8014 14.4772
-6.84629 14.4772
-6.89119 14.4772
-6.72276 14.4772
-6.76765 14.4772
-6.81255 14.4772
-6.85745 14.4772
-6.90234 14.4772
-6.73391 14.4772
-6.7788 14.4772
-6.8237 14.4772
-6.8686 14.4772
-6.9135 14.4772
-6.74506 14.4772
-6.78996 14.4772
-6.83485 14.4772
-6.87975 14.4772
-6.71131 14.4772
-6.75621 14.4772
-6.80111 14.4772
-6.84601 14.4772
-6.8909 14.4772
-6.72247 14.4772
-6.76736 14.4772
-6.81226 14.4772
-6.85716 14.4772
-6.90206 14.4772
-6.73362 14.4772
-6.77852 14.4772
-6.82341 14.4772
-6.86831 14.4772
-6.91321 14.4772
-6.74477 14.4772
-6.78967 14.4772
-6.83457 14.4772
-6.87946 14.4772
-6.71103 14.4772
-6.75592 14.4772
-6.80082 14.4772
-6.84572 14.4772
-6.89061 14.4772
-6.72218 14.4772
-6.76708 14.4772
-6.81197 14.4772
-6.85687 14.4772
-6.90177 14.4772
-6.73333 14.4772
-6.77823 14.4772
-6.82312 14.4772
-6.86802 14.4772
-6.91292 14.4772
-6.74448 14.4772
-6.78938 14.4772
-6.83428 14.4772
-6.87917 14.4772
-6.71074 14.4772
-6.75563 14.4772
-6.80053 14.4772
-6.84543 14.4772
-6.89033 14.4772
-6.72189 14.4772
-6.76679 14.4772
-6.81168 14.4772
-6.85658 14.4772
-6.90148 14.4772
-6.73304 14.4772
-6.77794 14.4772
-6.82284 14.4772
-6.86773 14.4772
-6.91263 14.4772
-6.74419 14.4772
-6.78909 14.4772
-6.83399 14.4772
-6.87889 14.4772
-6.71045 14.4772
-6.75535 14.4772
-6.80024 14.4772
-6.84514 14.4772
-6.89004 14.4772
-6.7216 14.4772
-6.7665 14.4772
-6.8114 14.4772
-6.85629 14.4772
-6.90119 14.4772
-6.73275 14.4772
-6.77765 14.4772
-6.82255 14.4772
-6.86745 14.4772
-6.91234 14.4772
-6.74391 14.4772
-6.7888 14.4772
-6.8337 14.4772
-6.8786 14.4772
-6.71016 14.4772
-6.75506 14.4772
-6.79996 14.4772
-6.84485 14.4772
-6.88975 14.4772
-6.72131 14.4772
-6.76621 14.4772
-6.81111 14.4772
-6.85601 14.4772
-6.9009 14.4772
-6.73247 14.4772
-6.77736 14.4772
-6.82226 14.4772
-6.86716 14.4772
-6.91205 14.4772
-6.74362 14.4772
-6.78852 14.4772
-6.83341 14.4772
-6.87831 14.4772
-6.70987 14.4772
-6.75477 14.4772
-6.79967 14.4772
-6.84456 14.4772
-6.88946 14.4772
-6.72103 14.4772
-6.76592 14.4772
-6.81082 14.4772
-6.85572 14.4772
-6.90061 14.4772
-6.73218 14.4772
-6.77707 14.4772
-6.82197 14.4772
-6.86687 14.4772
-6.91177 14.4772
-6.74333 14.4772
-6.78823 14.4772
-6.83312 14.4772
-6.87802 14.4772
-6.70958 14.4772
-6.75448 14.4772
-6.79938 14.4772
-6.84428 14.4772
-6.88917 14.4772
-6.72074 14.4772
-6.76563 14.4772
-6.81053 14.4772
-6.85543 14.4772
-6.90033 14.4772
-6.73189 14.4772
-6.77679 14.4772
-6.82168 14.4772
-6.86658 14.4772
-6.91148 14.4772
-6.74304 14.4772
-6.78794 14.4772
-6.83284 14.4772
-6.87773 14.4772
-6.7093 14.4772
-6.75419 14.4772
-6.79909 14.4772
-6.84399 14.4772
-6.88889 14.4772
-6.72045 14.4772
-6.76535 14.4772
-6.81024 14.4772
-6.85514 14.4772
-6.90004 14.4772
-6.7316 14.4772
-6.7765 14.4772
-6.8214 14.4772
-6.86629 14.4772
-6.91119 14.4772
-6.74275 14.4772
-6.78765 14.4772
-6.83255 14.4772
-6.87744 14.4772
-6.70901 14.4772
-6.75391 14.4772
-6.7988 14.4772
-6.8437 14.4772
-6.8886 14.4772
-6.72016 14.4772
-6.76506 14.4772
-6.80996 14.4772
-6.85485 14.4772
-6.89975 14.4772
-6.73131 14.4772
-6.77621 14.4772
-6.82111 14.4772
-6.866 14.4772
-6.9109 14.4772
-6.74247 14.4772
-6.78736 14.4772
-6.83226 14.4772
-6.87716 14.4772
-6.70872 14.4772
-6.75362 14.4772
-6.79851 14.4772
-6.84341 14.4772
-6.88831 14.4772
-6.71987 14.4772
-6.76477 14.4772
-6.80967 14.4772
-6.85456 14.4772
-6.89946 14.4772
-6.73102 14.4772
-6.77592 14.4772
-6.82082 14.4772
-6.86572 14.4772
-6.91061 14.4772
-6.74218 14.4772
-6.78707 14.4772
-6.83197 14.4772
-6.87687 14.4772
-6.70843 14.4772
-6.75333 14.4772
-6.79823 14.4772
-6.84312 14.4772
-6.88802 14.4772
-6.71958 14.4772
-6.76448 14.4772
-6.80938 14.4772
-6.85428 14.4772
-6.89917 14.4772
-6.73074 14.4772
-6.77563 14.4772
-6.82053 14.4772
-6.86543 14.4772
-6.91032 14.4772
-6.74189 14.4772
-6.78679 14.4772
-6.83168 14.4772
-6.87658 14.4772
-6.70814 14.4772
-6.75304 14.4772
-6.79794 14.4772
-6.84283 14.4772
-6.88773 14.4772
-6.7193 14.4772
-6.76419 14.4772
-6.80909 14.4772
-6.85399 14.4772
-6.89888 14.4772
-6.73045 14.4772
-6.77535 14.4772
-6.82024 14.4772
-6.86514 14.4772
-6.91004 14.4772
-6.7416 14.4772
-6.7865 14.4772
-6.83139 14.4772
-6.87629 14.4772
-6.70786 14.4772
-6.75275 14.4772
-6.79765 14.4772
-6.84255 14.4772
-6.88744 14.4772
-6.71901 14.4772
-6.76391 14.4772
-6.8088 14.4772
-6.8537 14.4772
-6.8986 14.4772
-6.73016 14.4772
-6.77506 14.4772
-6.81995 14.4772
-6.86485 14.4772
-6.90975 14.4772
-6.74131 14.4772
-6.78621 14.4772
-6.83111 14.4772
-6.876 14.4772
-6.70757 14.4772
-6.75246 14.4772
-6.79736 14.4772
-6.84226 14.4772
-6.88716 14.4772
-6.71872 14.4772
-6.76362 14.4772
-6.80851 14.4772
-6.85341 14.4772
-6.89831 14.4772
-6.72987 14.4772
-6.77477 14.4772
-6.81967 14.4772
-6.86456 14.4772
-6.90946 14.4772
-6.74102 14.4772
-6.78592 14.4772
-6.83082 14.4772
-6.87572 14.4772
-6.70728 14.4772
-6.75218 14.4772
-6.79707 14.4772
-6.84197 14.4772
-6.88687 14.4772
-6.71843 14.4772
-6.76333 14.4772
-6.80823 14.4772
-6.85312 14.4772
-6.89802 14.4772
-6.72958 14.4772
-6.77448 14.4772
-6.81938 14.4772
-6.86427 14.4772
-6.90917 14.4772
-6.74074 14.4772
-6.78563 14.4772
-6.83053 14.4772
-6.87543 14.4772
-6.70699 14.4772
-6.75189 14.4772
-6.79678 14.4772
-6.84168 14.4772
-6.88658 14.4772
-6.71814 14.4772
-6.76304 14.4772
-6.80794 14.4772
-6.85283 14.4772
-6.89773 14.4772
-6.72929 14.4772
-6.77419 14.4772
-6.81909 14.4772
-6.86399 14.4772
-6.90888 14.4772
-6.74045 14.4772
-6.78534 14.4772
-6.83024 14.4772
-6.87514 14.4772
-6.7067 14.4772
-6.7516 14.4772
-6.7965 14.4772
-6.84139 14.4772
-6.88629 14.4772
-6.71785 14.4772
-6.76275 14.4772
-6.80765 14.4772
-6.85255 14.4772
-6.89744 14.4772
-6.72901 14.4772
-6.7739 14.4772
-6.8188 14.4772
-6.8637 14.4772
-6.9086 14.4772
-6.74016 14.4772
-6.78506 14.4772
-6.82995 14.4772
-6.87485 14.4772
-6.70641 14.4772
-6.75131 14.4772
-6.79621 14.4772
-6.84111 14.4772
-6.886 14.4772
-6.71757 14.4772
-6.76246 14.4772
-6.80736 14.4772
-6.85226 14.4772
-6.89716 14.4772
-6.72872 14.4772
-6.77362 14.4772
-6.81851 14.4772
-6.86341 14.4772
-6.90831 14.4772
-6.73987 14.4772
-6.78477 14.4772
-6.82967 14.4772
-6.87456 14.4772
-6.70613 14.4772
-6.75102 14.4772
-6.79592 14.4772
-6.84082 14.4772
-6.88572 14.4772
-6.71728 14.4772
-6.76218 14.4772
-6.80707 14.4772
-6.85197 14.4772
-6.89687 14.4772
-6.72843 14.4772
-6.77333 14.4772
-6.81823 14.4772
-6.86312 14.4772
-6.90802 14.4772
-6.73958 14.4772
-6.78448 14.4772
-6.82938 14.4772
-6.87428 14.4772
-6.70584 14.4772
-6.75074 14.4772
-6.79564 14.4772
-6.84053 14.4772
-6.88543 14.4772
-6.71699 14.4772
-6.76189 14.4772
-6.80679 14.4772
-6.85168 14.4772
-6.89658 14.4772
-6.72815 14.4772
-6.77304 14.4772
-6.81794 14.4772
-6.86284 14.4772
-6.90773 14.4772
-6.7393 14.4772
-6.78419 14.4772
-6.82909 14.4772
-6.87399 14.4772
-6.91889 14.4772
-6.75045 14.4772
-6.79535 14.4772
-6.84024 14.4772
-6.88514 14.4772
-6.71671 14.4772
-6.7616 14.4772
-6.8065 14.4772
-6.8514 14.4772
-6.89629 14.4772
-6.72786 14.4772
-6.77276 14.4772
-6.81765 14.4772
-6.86255 14.4772
-6.90745 14.4772
-6.73901 14.4772
-6.78391 14.4772
-6.8288 14.4772
-6.8737 14.4772
-6.9186 14.4772
-6.75016 14.4772
-6.79506 14.4772
-6.83996 14.4772
-6.88485 14.4772
-6.71642 14.4772
-6.76131 14.4772
-6.80621 14.4772
-6.85111 14.4772
-6.89601 14.4772
-6.72757 14.4772
-6.77247 14.4772
-6.81736 14.4772
-6.86226 14.4772
-6.90716 14.4772
-6.73872 14.4772
-6.78362 14.4772
-6.82852 14.4772
-6.87341 14.4772
-6.91831 14.4772
-6.74988 14.4772
-6.79477 14.4772
-6.83967 14.4772
-6.88457 14.4772
-6.71613 14.4772
-6.76103 14.4772
-6.80592 14.4772
-6.85082 14.4772
-6.89572 14.4772
-6.72728 14.4772
-6.77218 14.4772
-6.81708 14.4772
-6.86197 14.4772
-6.90687 14.4772
-6.73843 14.4772
-6.78333 14.4772
-6.82823 14.4772
-6.87313 14.4772
-6.91802 14.4772
-6.74959 14.4772
-6.79448 14.4772
-6.83938 14.4772
-6.88428 14.4772
-6.71584 14.4772
-6.76074 14.4772
-6.80564 14.4772
-6.85053 14.4772
-6.89543 14.4772
-6.72699 14.4772
-6.77189 14.4772
-6.81679 14.4772
-6.86169 14.4772
-6.90658 14.4772
-6.73815 14.4772
-6.78304 14.4772
-6.82794 14.4772
-6.87284 14.4772
-6.91774 14.4772
-6.7493 14.4772
-6.7942 14.4772
-6.83909 14.4772
-6.88399 14.4772
-6.71555 14.4772
-6.76045 14.4772
-6.80535 14.4772
-6.85025 14.4772
-6.89514 14.4772
-6.72671 14.4772
-6.7716 14.4772
-6.8165 14.4772
-6.8614 14.4772
-6.9063 14.4772
-6.73786 14.4772
-6.78276 14.4772
-6.82765 14.4772
-6.87255 14.4772
-6.91745 14.4772
-6.74901 14.4772
-6.79391 14.4772
-6.83881 14.4772
-6.8837 14.4772
-6.71527 14.4772
-6.76016 14.4772
-6.80506 14.4772
-6.84996 14.4772
-6.89486 14.4772
-6.72642 14.4772
-6.77132 14.4772
-6.81621 14.4772
-6.86111 14.4772
-6.90601 14.4772
-6.73757 14.4772
-6.78247 14.4772
-6.82737 14.4772
-6.87226 14.4772
-6.91716 14.4772
-6.74872 14.4772
-6.79362 14.4772
-6.83852 14.4772
-6.88341 14.4772
-6.71498 14.4772
-6.75988 14.4772
-6.80477 14.4772
-6.84967 14.4772
-6.89457 14.4772
-6.72613 14.4772
-6.77103 14.4772
-6.81593 14.4772
-6.86082 14.4772
-6.90572 14.4772
-6.73728 14.4772
-6.78218 14.4772
-6.82708 14.4772
-6.87197 14.4772
-6.91687 14.4772
-6.74844 14.4772
-6.79333 14.4772
-6.83823 14.4772
-6.88313 14.4772
-6.71469 14.4772
-6.75959 14.4772
-6.80448 14.4772
-6.84938 14.4772
-6.89428 14.4772
-6.72584 14.4772
-6.77074 14.4772
-6.81564 14.4772
-6.86053 14.4772
-6.90543 14.4772
-6.737 14.4772
-6.78189 14.4772
-6.82679 14.4772
-6.87169 14.4772
-6.91658 14.4772
-6.74815 14.4772
-6.79304 14.4772
-6.83794 14.4772
-6.88284 14.4772
-6.7144 14.4772
-6.7593 14.4772
-6.8042 14.4772
-6.84909 14.4772
-6.89399 14.4772
-6.72555 14.4772
-6.77045 14.4772
-6.81535 14.4772
-6.86025 14.4772
-6.90514 14.4772
-6.73671 14.4772
-6.7816 14.4772
-6.8265 14.4772
-6.8714 14.4772
-6.9163 14.4772
-6.74786 14.4772
-6.79276 14.4772
-6.83765 14.4772
-6.88255 14.4772
-6.71411 14.4772
-6.75901 14.4772
-6.80391 14.4772
-6.84881 14.4772
-6.8937 14.4772
-6.72527 14.4772
-6.77016 14.4772
-6.81506 14.4772
-6.85996 14.4772
-6.90486 14.4772
-6.73642 14.4772
-6.78132 14.4772
-6.82621 14.4772
-6.87111 14.4772
-6.91601 14.4772
-6.74757 14.4772
-6.79247 14.4772
-6.83737 14.4772
-6.88226 14.4772
-6.71383 14.4772
-6.75872 14.4772
-6.80362 14.4772
-6.84852 14.4772
-6.89341 14.4772
-6.72498 14.4772
-6.76988 14.4772
-6.81477 14.4772
-6.85967 14.4772
-6.90457 14.4772
-6.73613 14.4772
-6.78103 14.4772
-6.82593 14.4772
-6.87082 14.4772
-6.91572 14.4772
-6.74728 14.4772
-6.79218 14.4772
-6.83708 14.4772
-6.88197 14.4772
-6.71354 14.4772
-6.75844 14.4772
-6.80333 14.4772
-6.84823 14.4772
-6.89313 14.4772
-6.72469 14.4772
-6.76959 14.4772
-6.81449 14.4772
-6.85938 14.4772
-6.90428 14.4772
-6.73584 14.4772
-6.78074 14.4772
-6.82564 14.4772
-6.87053 14.4772
-6.91543 14.4772
-6.747 14.4772
-6.79189 14.4772
-6.83679 14.4772
-6.88169 14.4772
-6.71325 14.4772
-6.75815 14.4772
-6.80304 14.4772
-6.84794 14.4772
-6.89284 14.4772
-6.7244 14.4772
-6.7693 14.4772
-6.8142 14.4772
-6.85909 14.4772
-6.90399 14.4772
-6.73556 14.4772
-6.78045 14.4772
-6.82535 14.4772
-6.87025 14.4772
-6.91514 14.4772
-6.74671 14.4772
-6.7916 14.4772
-6.8365 14.4772
-6.8814 14.4772
-6.71296 14.4772
-6.75786 14.4772
-6.80276 14.4772
-6.84765 14.4772
-6.89255 14.4772
-6.72411 14.4772
-6.76901 14.4772
-6.81391 14.4772
-6.85881 14.4772
-6.9037 14.4772
-6.73527 14.4772
-6.78016 14.4772
-6.82506 14.4772
-6.86996 14.4772
-6.91486 14.4772
-6.74642 14.4772
-6.79132 14.4772
-6.83621 14.4772
-6.88111 14.4772
-6.71267 14.4772
-6.75757 14.4772
-6.80247 14.4772
-6.84736 14.4772
-6.89226 14.4772
-6.72383 14.4772
-6.76872 14.4772
-6.81362 14.4772
-6.85852 14.4772
-6.90341 14.4772
-6.73498 14.4772
-6.77988 14.4772
-6.82477 14.4772
-6.86967 14.4772
-6.91457 14.4772
-6.74613 14.4772
-6.79103 14.4772
-6.83592 14.4772
-6.88082 14.4772
-6.71239 14.4772
-6.75728 14.4772
-6.80218 14.4772
-6.84708 14.4772
-6.89197 14.4772
-6.72354 14.4772
-6.76844 14.4772
-6.81333 14.4772
-6.85823 14.4772
-6.90313 14.4772
-6.73469 14.4772
-6.77959 14.4772
-6.82448 14.4772
-6.86938 14.4772
-6.91428 14.4772
-6.74584 14.4772
-6.79074 14.4772
-6.83564 14.4772
-6.88053 14.4772
-6.7121 14.4772
-6.75699 14.4772
-6.80189 14.4772
-6.84679 14.4772
-6.89169 14.4772
-6.72325 14.4772
-6.76815 14.4772
-6.81304 14.4772
-6.85794 14.4772
-6.90284 14.4772
-6.7344 14.4772
-6.7793 14.4772
-6.8242 14.4772
-6.86909 14.4772
-6.91399 14.4772
-6.74555 14.4772
-6.79045 14.4772
-6.83535 14.4772
-6.88025 14.4772
-6.71181 14.4772
-6.75671 14.4772
-6.8016 14.4772
-6.8465 14.4772
-6.8914 14.4772
-6.72296 14.4772
-6.76786 14.4772
-6.81276 14.4772
-6.85765 14.4772
-6.90255 14.4772
-6.73411 14.4772
-6.77901 14.4772
-6.82391 14.4772
-6.8688 14.4772
-6.9137 14.4772
-6.74527 14.4772
-6.79016 14.4772
-6.83506 14.4772
-6.87996 14.4772
-6.71152 14.4772
-6.75642 14.4772
-6.80131 14.4772
-6.84621 14.4772
-6.89111 14.4772
-6.72267 14.4772
-6.76757 14.4772
-6.81247 14.4772
-6.85736 14.4772
-6.90226 14.4772
-6.73383 14.4772
-6.77872 14.4772
-6.82362 14.4772
-6.86852 14.4772
-6.91341 14.4772
-6.74498 14.4772
-6.78987 14.4772
-6.83477 14.4772
-6.87967 14.4772
-6.71123 14.4772
-6.75613 14.4772
-6.80103 14.4772
-6.84592 14.4772
-6.89082 14.4772
-6.72238 14.4772
-6.76728 14.4772
-6.81218 14.4772
-6.85708 14.4772
-6.90197 14.4772
-6.73354 14.4772
-6.77843 14.4772
-6.82333 14.4772
-6.86823 14.4772
-6.91313 14.4772
-6.74469 14.4772
-6.78959 14.4772
-6.83448 14.4772
-6.87938 14.4772
-6.71094 14.4772
-6.75584 14.4772
-6.80074 14.4772
-6.84564 14.4772
-6.89053 14.4772
-6.7221 14.4772
-6.76699 14.4772
-6.81189 14.4772
-6.85679 14.4772
-6.90169 14.4772
-6.73325 14.4772
-6.77815 14.4772
-6.82304 14.4772
-6.86794 14.4772
-6.91284 14.4772
-6.7444 14.4772
-6.7893 14.4772
-6.8342 14.4772
-6.87909 14.4772
-6.71066 14.4772
-6.75555 14.4772
-6.80045 14.4772
-6.84535 14.4772
-6.89024 14.4772
-6.72181 14.4772
-6.76671 14.4772
-6.8116 14.4772
-6.8565 14.4772
-6.9014 14.4772
-6.73296 14.4772
-6.77786 14.4772
-6.82275 14.4772
-6.86765 14.4772
-6.91255 14.4772
-6.74411 14.4772
-6.78901 14.4772
-6.83391 14.4772
-6.8788 14.4772
-6.71037 14.4772
-6.75526 14.4772
-6.80016 14.4772
-6.84506 14.4772
-6.88996 14.4772
-6.72152 14.4772
-6.76642 14.4772
-6.81131 14.4772
-6.85621 14.4772
-6.90111 14.4772
-6.73267 14.4772
-6.77757 14.4772
-6.82247 14.4772
-6.86736 14.4772
-6.91226 14.4772
-6.74382 14.4772
-6.78872 14.4772
-6.83362 14.4772
-6.87852 14.4772
-6.71008 14.4772
-6.75498 14.4772
-6.79987 14.4772
-6.84477 14.4772
-6.88967 14.4772
-6.72123 14.4772
-6.76613 14.4772
-6.81103 14.4772
-6.85592 14.4772
-6.90082 14.4772
-6.73238 14.4772
-6.77728 14.4772
-6.82218 14.4772
-6.86707 14.4772
-6.91197 14.4772
-6.74354 14.4772
-6.78843 14.4772
-6.83333 14.4772
-6.87823 14.4772
-6.70979 14.4772
-6.75469 14.4772
-6.79959 14.4772
-6.84448 14.4772
-6.88938 14.4772
-6.72094 14.4772
-6.76584 14.4772
-6.81074 14.4772
-6.85563 14.4772
-6.90053 14.4772
-6.7321 14.4772
-6.77699 14.4772
-6.82189 14.4772
-6.86679 14.4772
-6.91168 14.4772
-6.74325 14.4772
-6.78815 14.4772
-6.83304 14.4772
-6.87794 14.4772
-6.7095 14.4772
-6.7544 14.4772
-6.7993 14.4772
-6.84419 14.4772
-6.88909 14.4772
-6.72066 14.4772
-6.76555 14.4772
-6.81045 14.4772
-6.85535 14.4772
-6.90024 14.4772
-6.73181 14.4772
-6.7767 14.4772
-6.8216 14.4772
-6.8665 14.4772
-6.9114 14.4772
-6.74296 14.4772
-6.78786 14.4772
-6.83275 14.4772
-6.87765 14.4772
-6.70921 14.4772
-6.75411 14.4772
-6.79901 14.4772
-6.84391 14.4772
-6.8888 14.4772
-6.72037 14.4772
-6.76526 14.4772
-6.81016 14.4772
-6.85506 14.4772
-6.89996 14.4772
-6.73152 14.4772
-6.77642 14.4772
-6.82131 14.4772
-6.86621 14.4772
-6.91111 14.4772
-6.74267 14.4772
-6.78757 14.4772
-6.83247 14.4772
-6.87736 14.4772
-6.70893 14.4772
-6.75382 14.4772
-6.79872 14.4772
-6.84362 14.4772
-6.88851 14.4772
-6.72008 14.4772
-6.76498 14.4772
-6.80987 14.4772
-6.85477 14.4772
-6.89967 14.4772
-6.73123 14.4772
-6.77613 14.4772
-6.82102 14.4772
-6.86592 14.4772
-6.91082 14.4772
-6.74238 14.4772
-6.78728 14.4772
-6.83218 14.4772
-6.87707 14.4772
-6.70864 14.4772
-6.75354 14.4772
-6.79843 14.4772
-6.84333 14.4772
-6.88823 14.4772
-6.71979 14.4772
-6.76469 14.4772
-6.80958 14.4772
-6.85448 14.4772
-6.89938 14.4772
-6.73094 14.4772
-6.77584 14.4772
-6.82074 14.4772
-6.86563 14.4772
-6.91053 14.4772
-6.74209 14.4772
-6.78699 14.4772
-6.83189 14.4772
-6.87679 14.4772
-6.70835 14.4772
-6.75325 14.4772
-6.79814 14.4772
-6.84304 14.4772
-6.88794 14.4772
-6.7195 14.4772
-6.7644 14.4772
-6.8093 14.4772
-6.85419 14.4772
-6.89909 14.4772
-6.73065 14.4772
-6.77555 14.4772
-6.82045 14.4772
-6.86535 14.4772
-6.91024 14.4772
-6.74181 14.4772
-6.7867 14.4772
-6.8316 14.4772
-6.8765 14.4772
-6.70806 14.4772
-6.75296 14.4772
-6.79786 14.4772
-6.84275 14.4772
-6.88765 14.4772
-6.71921 14.4772
-6.76411 14.4772
-6.80901 14.4772
-6.85391 14.4772
-6.8988 14.4772
-6.73037 14.4772
-6.77526 14.4772
-6.82016 14.4772
-6.86506 14.4772
-6.90995 14.4772
-6.74152 14.4772
-6.78642 14.4772
-6.83131 14.4772
-6.87621 14.4772
-6.70777 14.4772
-6.75267 14.4772
-6.79757 14.4772
-6.84246 14.4772
-6.88736 14.4772
-6.71893 14.4772
-6.76382 14.4772
-6.80872 14.4772
-6.85362 14.4772
-6.89851 14.4772
-6.73008 14.4772
-6.77497 14.4772
-6.81987 14.4772
-6.86477 14.4772
-6.90967 14.4772
-6.74123 14.4772
-6.78613 14.4772
-6.83102 14.4772
-6.87592 14.4772
-6.70749 14.4772
-6.75238 14.4772
-6.79728 14.4772
-6.84218 14.4772
-6.88707 14.4772
-6.71864 14.4772
-6.76353 14.4772
-6.80843 14.4772
-6.85333 14.4772
-6.89823 14.4772
-6.72979 14.4772
-6.77469 14.4772
-6.81958 14.4772
-6.86448 14.4772
-6.90938 14.4772
-6.74094 14.4772
-6.78584 14.4772
-6.83074 14.4772
-6.87563 14.4772
-6.7072 14.4772
-6.75209 14.4772
-6.79699 14.4772
-6.84189 14.4772
-6.88679 14.4772
-6.71835 14.4772
-6.76325 14.4772
-6.80814 14.4772
-6.85304 14.4772
-6.89794 14.4772
-6.7295 14.4772
-6.7744 14.4772
-6.8193 14.4772
-6.86419 14.4772
-6.90909 14.4772
-6.74065 14.4772
-6.78555 14.4772
-6.83045 14.4772
-6.87535 14.4772
-6.70691 14.4772
-6.75181 14.4772
-6.7967 14.4772
-6.8416 14.4772
-6.8865 14.4772
-6.71806 14.4772
-6.76296 14.4772
-6.80786 14.4772
-6.85275 14.4772
-6.89765 14.4772
-6.72921 14.4772
-6.77411 14.4772
-6.81901 14.4772
-6.8639 14.4772
-6.9088 14.4772
-6.74037 14.4772
-6.78526 14.4772
-6.83016 14.4772
-6.87506 14.4772
-6.70662 14.4772
-6.75152 14.4772
-6.79641 14.4772
-6.84131 14.4772
-6.88621 14.4772
-6.71777 14.4772
-6.76267 14.4772
-6.80757 14.4772
-6.85246 14.4772
-6.89736 14.4772
-6.72892 14.4772
-6.77382 14.4772
-6.81872 14.4772
-6.86362 14.4772
-6.90851 14.4772
-6.74008 14.4772
-6.78497 14.4772
-6.82987 14.4772
-6.87477 14.4772
-6.70633 14.4772
-6.75123 14.4772
-6.79613 14.4772
-6.84102 14.4772
-6.88592 14.4772
-6.71748 14.4772
-6.76238 14.4772
-6.80728 14.4772
-6.85218 14.4772
-6.89707 14.4772
-6.72864 14.4772
-6.77353 14.4772
-6.81843 14.4772
-6.86333 14.4772
-6.90822 14.4772
-6.73979 14.4772
-6.78469 14.4772
-6.82958 14.4772
-6.87448 14.4772
-6.70604 14.4772
-6.75094 14.4772
-6.79584 14.4772
-6.84073 14.4772
-6.88563 14.4772
-6.7172 14.4772
-6.76209 14.4772
-6.80699 14.4772
-6.85189 14.4772
-6.89678 14.4772
-6.72835 14.4772
-6.77325 14.4772
-6.81814 14.4772
-6.86304 14.4772
-6.90794 14.4772
-6.7395 14.4772
-6.7844 14.4772
-6.82929 14.4772
-6.87419 14.4772
-6.91911 14.4772
-6.75067 14.4772
-6.79557 14.4772
-6.84047 14.4772
-6.88536 14.4772
-6.71693 14.4772
-6.76182 14.4772
-6.80672 14.4772
-6.85162 14.4772
-6.89651 14.4772
-6.72808 14.4772
-6.77298 14.4772
-6.81787 14.4772
-6.86277 14.4772
-6.90767 14.4772
-6.73923 14.4772
-6.78413 14.4772
-6.82903 14.4772
-6.87392 14.4772
-6.91882 14.4772
-6.75038 14.4772
-6.79528 14.4772
-6.84018 14.4772
-6.88507 14.4772
-6.71664 14.4772
-6.76154 14.4772
-6.80643 14.4772
-6.85133 14.4772
-6.89623 14.4772
-6.72779 14.4772
-6.77269 14.4772
-6.81758 14.4772
-6.86248 14.4772
-6.90738 14.4772
-6.73894 14.4772
-6.78384 14.4772
-6.82874 14.4772
-6.87363 14.4772
-6.91853 14.4772
-6.7501 14.4772
-6.79499 14.4772
-6.83989 14.4772
-6.88479 14.4772
-6.71635 14.4772
-6.76125 14.4772
-6.80615 14.4772
-6.85104 14.4772
-6.89594 14.4772
-6.7275 14.4772
-6.7724 14.4772
-6.8173 14.4772
-6.8622 14.4772
-6.90709 14.4772
-6.73866 14.4772
-6.78355 14.4772
-6.82845 14.4772
-6.87335 14.4772
-6.91824 14.4772
-6.74981 14.4772
-6.7947 14.4772
-6.8396 14.4772
-6.8845 14.4772
-6.71606 14.4772
-6.76096 14.4772
-6.80586 14.4772
-6.85075 14.4772
-6.89565 14.4772
-6.72722 14.4772
-6.77211 14.4772
-6.81701 14.4772
-6.86191 14.4772
-6.9068 14.4772
-6.73837 14.4772
-6.78326 14.4772
-6.82816 14.4772
-6.87306 14.4772
-6.91796 14.4772
-6.74952 14.4772
-6.79442 14.4772
-6.83931 14.4772
-6.88421 14.4772
-6.71578 14.4772
-6.76067 14.4772
-6.80557 14.4772
-6.85047 14.4772
-6.89536 14.4772
-6.72693 14.4772
-6.77182 14.4772
-6.81672 14.4772
-6.86162 14.4772
-6.90652 14.4772
-6.73808 14.4772
-6.78298 14.4772
-6.82787 14.4772
-6.87277 14.4772
-6.91767 14.4772
-6.74923 14.4772
-6.79413 14.4772
-6.83903 14.4772
-6.88392 14.4772
-6.71549 14.4772
-6.76038 14.4772
-6.80528 14.4772
-6.85018 14.4772
-6.89508 14.4772
-6.72664 14.4772
-6.77154 14.4772
-6.81643 14.4772
-6.86133 14.4772
-6.90623 14.4772
-6.73779 14.4772
-6.78269 14.4772
-6.82759 14.4772
-6.87248 14.4772
-6.91738 14.4772
-6.74894 14.4772
-6.79384 14.4772
-6.83874 14.4772
-6.88364 14.4772
-6.7152 14.4772
-6.7601 14.4772
-6.80499 14.4772
-6.84989 14.4772
-6.89479 14.4772
-6.72635 14.4772
-6.77125 14.4772
-6.81615 14.4772
-6.86104 14.4772
-6.90594 14.4772
-6.7375 14.4772
-6.7824 14.4772
-6.8273 14.4772
-6.87219 14.4772
-6.91709 14.4772
-6.74866 14.4772
-6.79355 14.4772
-6.83845 14.4772
-6.88335 14.4772
-6.71491 14.4772
-6.75981 14.4772
-6.80471 14.4772
-6.8496 14.4772
-6.8945 14.4772
-6.72606 14.4772
-6.77096 14.4772
-6.81586 14.4772
-6.86075 14.4772
-6.90565 14.4772
-6.73722 14.4772
-6.78211 14.4772
-6.82701 14.4772
-6.87191 14.4772
-6.9168 14.4772
-6.74837 14.4772
-6.79326 14.4772
-6.83816 14.4772
-6.88306 14.4772
-6.71462 14.4772
-6.75952 14.4772
-6.80442 14.4772
-6.84931 14.4772
-6.89421 14.4772
-6.72578 14.4772
-6.77067 14.4772
-6.81557 14.4772
-6.86047 14.4772
-6.90536 14.4772
-6.73693 14.4772
-6.78182 14.4772
-6.82672 14.4772
-6.87162 14.4772
-6.91652 14.4772
-6.74808 14.4772
-6.79298 14.4772
-6.83787 14.4772
-6.88277 14.4772
-6.71433 14.4772
-6.75923 14.4772
-6.80413 14.4772
-6.84903 14.4772
-6.89392 14.4772
-6.72549 14.4772
-6.77038 14.4772
-6.81528 14.4772
-6.86018 14.4772
-6.90508 14.4772
-6.73664 14.4772
-6.78154 14.4772
-6.82643 14.4772
-6.87133 14.4772
-6.91623 14.4772
-6.74779 14.4772
-6.79269 14.4772
-6.83759 14.4772
-6.88248 14.4772
-6.71405 14.4772
-6.75894 14.4772
-6.80384 14.4772
-6.84874 14.4772
-6.89364 14.4772
-6.7252 14.4772
-6.7701 14.4772
-6.81499 14.4772
-6.85989 14.4772
-6.90479 14.4772
-6.73635 14.4772
-6.78125 14.4772
-6.82615 14.4772
-6.87104 14.4772
-6.91594 14.4772
-6.7475 14.4772
-6.7924 14.4772
-6.8373 14.4772
-6.88219 14.4772
-6.71376 14.4772
-6.75866 14.4772
-6.80355 14.4772
-6.84845 14.4772
-6.89335 14.4772
-6.72491 14.4772
-6.76981 14.4772
-6.81471 14.4772
-6.8596 14.4772
-6.9045 14.4772
-6.73606 14.4772
-6.78096 14.4772
-6.82586 14.4772
-6.87075 14.4772
-6.91565 14.4772
-6.74722 14.4772
-6.79211 14.4772
-6.83701 14.4772
-6.88191 14.4772
-6.71347 14.4772
-6.75837 14.4772
-6.80327 14.4772
-6.84816 14.4772
-6.89306 14.4772
-6.72462 14.4772
-6.76952 14.4772
-6.81442 14.4772
-6.85931 14.4772
-6.90421 14.4772
-6.73578 14.4772
-6.78067 14.4772
-6.82557 14.4772
-6.87047 14.4772
-6.91536 14.4772
-6.74693 14.4772
-6.79182 14.4772
-6.83672 14.4772
-6.88162 14.4772
-6.71318 14.4772
-6.75808 14.4772
-6.80298 14.4772
-6.84787 14.4772
-6.89277 14.4772
-6.72434 14.4772
-6.76923 14.4772
-6.81413 14.4772
-6.85903 14.4772
-6.90392 14.4772
-6.73549 14.4772
-6.78038 14.4772
-6.82528 14.4772
-6.87018 14.4772
-6.91508 14.4772
-6.74664 14.4772
-6.79154 14.4772
-6.83643 14.4772
-6.88133 14.4772
-6.71289 14.4772
-6.75779 14.4772
-6.80269 14.4772
-6.84759 14.4772
-6.89248 14.4772
-6.72405 14.4772
-6.76894 14.4772
-6.81384 14.4772
-6.85874 14.4772
-6.90364 14.4772
-6.7352 14.4772
-6.7801 14.4772
-6.82499 14.4772
-6.86989 14.4772
-6.91479 14.4772
-6.74635 14.4772
-6.79125 14.4772
-6.83615 14.4772
-6.88104 14.4772
-6.71261 14.4772
-6.7575 14.4772
-6.8024 14.4772
-6.8473 14.4772
-6.8922 14.4772
-6.72376 14.4772
-6.76866 14.4772
-6.81355 14.4772
-6.85845 14.4772
-6.90335 14.4772
-6.73491 14.4772
-6.77981 14.4772
-6.82471 14.4772
-6.8696 14.4772
-6.9145 14.4772
-6.74606 14.4772
-6.79096 14.4772
-6.83586 14.4772
-6.88075 14.4772
-6.71232 14.4772
-6.75722 14.4772
-6.80211 14.4772
-6.84701 14.4772
-6.89191 14.4772
-6.72347 14.4772
-6.76837 14.4772
-6.81326 14.4772
-6.85816 14.4772
-6.90306 14.4772
-6.73462 14.4772
-6.77952 14.4772
-6.82442 14.4772
-6.86931 14.4772
-6.91421 14.4772
-6.74578 14.4772
-6.79067 14.4772
-6.83557 14.4772
-6.88047 14.4772
-6.71203 14.4772
-6.75693 14.4772
-6.80182 14.4772
-6.84672 14.4772
-6.89162 14.4772
-6.72318 14.4772
-6.76808 14.4772
-6.81298 14.4772
-6.85787 14.4772
-6.90277 14.4772
-6.73433 14.4772
-6.77923 14.4772
-6.82413 14.4772
-6.86903 14.4772
-6.91392 14.4772
-6.74549 14.4772
-6.79038 14.4772
-6.83528 14.4772
-6.88018 14.4772
-6.71174 14.4772
-6.75664 14.4772
-6.80154 14.4772
-6.84643 14.4772
-6.89133 14.4772
-6.72289 14.4772
-6.76779 14.4772
-6.81269 14.4772
-6.85758 14.4772
-6.90248 14.4772
-6.73405 14.4772
-6.77894 14.4772
-6.82384 14.4772
-6.86874 14.4772
-6.91363 14.4772
-6.7452 14.4772
-6.7901 14.4772
-6.83499 14.4772
-6.87989 14.4772
-6.71145 14.4772
-6.75635 14.4772
-6.80125 14.4772
-6.84614 14.4772
-6.89104 14.4772
-6.72261 14.4772
-6.7675 14.4772
-6.8124 14.4772
-6.8573 14.4772
-6.90219 14.4772
-6.73376 14.4772
-6.77866 14.4772
-6.82355 14.4772
-6.86845 14.4772
-6.91335 14.4772
-6.74491 14.4772
-6.78981 14.4772
-6.8347 14.4772
-6.8796 14.4772
-6.71117 14.4772
-6.75606 14.4772
-6.80096 14.4772
-6.84586 14.4772
-6.89075 14.4772
-6.72232 14.4772
-6.76721 14.4772
-6.81211 14.4772
-6.85701 14.4772
-6.90191 14.4772
-6.73347 14.4772
-6.77837 14.4772
-6.82326 14.4772
-6.86816 14.4772
-6.91306 14.4772
-6.74462 14.4772
-6.78952 14.4772
-6.83442 14.4772
-6.87931 14.4772
-6.71088 14.4772
-6.75577 14.4772
-6.80067 14.4772
-6.84557 14.4772
-6.89047 14.4772
-6.72203 14.4772
-6.76693 14.4772
-6.81182 14.4772
-6.85672 14.4772
-6.90162 14.4772
-6.73318 14.4772
-6.77808 14.4772
-6.82298 14.4772
-6.86787 14.4772
-6.91277 14.4772
-6.74433 14.4772
-6.78923 14.4772
-6.83413 14.4772
-6.87902 14.4772
-6.71059 14.4772
-6.75549 14.4772
-6.80038 14.4772
-6.84528 14.4772
-6.89018 14.4772
-6.72174 14.4772
-6.76664 14.4772
-6.81153 14.4772
-6.85643 14.4772
-6.90133 14.4772
-6.73289 14.4772
-6.77779 14.4772
-6.82269 14.4772
-6.86758 14.4772
-6.91248 14.4772
-6.74405 14.4772
-6.78894 14.4772
-6.83384 14.4772
-6.87874 14.4772
-6.7103 14.4772
-6.7552 14.4772
-6.80009 14.4772
-6.84499 14.4772
-6.88989 14.4772
-6.72145 14.4772
-6.76635 14.4772
-6.81125 14.4772
-6.85614 14.4772
-6.90104 14.4772
-6.7326 14.4772
-6.7775 14.4772
-6.8224 14.4772
-6.8673 14.4772
-6.91219 14.4772
-6.74376 14.4772
-6.78865 14.4772
-6.83355 14.4772
-6.87845 14.4772
-6.71001 14.4772
-6.75491 14.4772
-6.79981 14.4772
-6.8447 14.4772
-6.8896 14.4772
-6.72116 14.4772
-6.76606 14.4772
-6.81096 14.4772
-6.85586 14.4772
-6.90075 14.4772
-6.73232 14.4772
-6.77721 14.4772
-6.82211 14.4772
-6.86701 14.4772
-6.91191 14.4772
-6.74347 14.4772
-6.78837 14.4772
-6.83326 14.4772
-6.87816 14.4772
-6.70972 14.4772
-6.75462 14.4772
-6.79952 14.4772
-6.84442 14.4772
-6.88931 14.4772
-6.72088 14.4772
-6.76577 14.4772
-6.81067 14.4772
-6.85557 14.4772
-6.90046 14.4772
-6.73203 14.4772
-6.77693 14.4772
-6.82182 14.4772
-6.86672 14.4772
-6.91162 14.4772
-6.74318 14.4772
-6.78808 14.4772
-6.83297 14.4772
-6.87787 14.4772
-6.70944 14.4772
-6.75433 14.4772
-6.79923 14.4772
-6.84413 14.4772
-6.88902 14.4772
-6.72059 14.4772
-6.76548 14.4772
-6.81038 14.4772
-6.85528 14.4772
-6.90018 14.4772
-6.73174 14.4772
-6.77664 14.4772
-6.82153 14.4772
-6.86643 14.4772
-6.91133 14.4772
-6.74289 14.4772
-6.78779 14.4772
-6.83269 14.4772
-6.87758 14.4772
-6.70915 14.4772
-6.75404 14.4772
-6.79894 14.4772
-6.84384 14.4772
-6.88874 14.4772
-6.7203 14.4772
-6.7652 14.4772
-6.81009 14.4772
-6.85499 14.4772
-6.89989 14.4772
-6.73145 14.4772
-6.77635 14.4772
-6.82125 14.4772
-6.86614 14.4772
-6.91104 14.4772
-6.7426 14.4772
-6.7875 14.4772
-6.8324 14.4772
-6.8773 14.4772
-6.70886 14.4772
-6.75376 14.4772
-6.79865 14.4772
-6.84355 14.4772
-6.88845 14.4772
-6.72001 14.4772
-6.76491 14.4772
-6.80981 14.4772
-6.8547 14.4772
-6.8996 14.4772
-6.73116 14.4772
-6.77606 14.4772
-6.82096 14.4772
-6.86586 14.4772
-6.91075 14.4772
-6.74232 14.4772
-6.78721 14.4772
-6.83211 14.4772
-6.87701 14.4772
-6.70857 14.4772
-6.75347 14.4772
-6.79837 14.4772
-6.84326 14.4772
-6.88816 14.4772
-6.71972 14.4772
-6.76462 14.4772
-6.80952 14.4772
-6.85441 14.4772
-6.89931 14.4772
-6.73088 14.4772
-6.77577 14.4772
-6.82067 14.4772
-6.86557 14.4772
-6.91046 14.4772
-6.74203 14.4772
-6.78692 14.4772
-6.83182 14.4772
-6.87672 14.4772
-6.70828 14.4772
-6.75318 14.4772
-6.79808 14.4772
-6.84297 14.4772
-6.88787 14.4772
-6.71943 14.4772
-6.76433 14.4772
-6.80923 14.4772
-6.85413 14.4772
-6.89902 14.4772
-6.73059 14.4772
-6.77548 14.4772
-6.82038 14.4772
-6.86528 14.4772
-6.91018 14.4772
-6.74174 14.4772
-6.78664 14.4772
-6.83153 14.4772
-6.87643 14.4772
-6.70799 14.4772
-6.75289 14.4772
-6.79779 14.4772
-6.84269 14.4772
-6.88758 14.4772
-6.71915 14.4772
-6.76404 14.4772
-6.80894 14.4772
-6.85384 14.4772
-6.89873 14.4772
-6.7303 14.4772
-6.7752 14.4772
-6.82009 14.4772
-6.86499 14.4772
-6.90989 14.4772
-6.74145 14.4772
-6.78635 14.4772
-6.83124 14.4772
-6.87614 14.4772
-6.70771 14.4772
-6.7526 14.4772
-6.7975 14.4772
-6.8424 14.4772
-6.88729 14.4772
-6.71886 14.4772
-6.76376 14.4772
-6.80865 14.4772
-6.85355 14.4772
-6.89845 14.4772
-6.73001 14.4772
-6.77491 14.4772
-6.8198 14.4772
-6.8647 14.4772
-6.9096 14.4772
-6.74116 14.4772
-6.78606 14.4772
-6.83096 14.4772
-6.87585 14.4772
-6.70742 14.4772
-6.75232 14.4772
-6.79721 14.4772
-6.84211 14.4772
-6.88701 14.4772
-6.71857 14.4772
-6.76347 14.4772
-6.80836 14.4772
-6.85326 14.4772
-6.89816 14.4772
-6.72972 14.4772
-6.77462 14.4772
-6.81952 14.4772
-6.86441 14.4772
-6.90931 14.4772
-6.74087 14.4772
-6.78577 14.4772
-6.83067 14.4772
-6.87557 14.4772
-6.70713 14.4772
-6.75203 14.4772
-6.79692 14.4772
-6.84182 14.4772
-6.88672 14.4772
-6.71828 14.4772
-6.76318 14.4772
-6.80808 14.4772
-6.85297 14.4772
-6.89787 14.4772
-6.72943 14.4772
-6.77433 14.4772
-6.81923 14.4772
-6.86413 14.4772
-6.90902 14.4772
-6.74059 14.4772
-6.78548 14.4772
-6.83038 14.4772
-6.87528 14.4772
-6.70684 14.4772
-6.75174 14.4772
-6.79664 14.4772
-6.84153 14.4772
-6.88643 14.4772
-6.71799 14.4772
-6.76289 14.4772
-6.80779 14.4772
-6.85268 14.4772
-6.89758 14.4772
-6.72915 14.4772
-6.77404 14.4772
-6.81894 14.4772
-6.86384 14.4772
-6.90873 14.4772
-6.7403 14.4772
-6.78519 14.4772
-6.83009 14.4772
-6.87499 14.4772
-6.70655 14.4772
-6.75145 14.4772
-6.79635 14.4772
-6.84124 14.4772
-6.88614 14.4772
-6.71771 14.4772
-6.7626 14.4772
-6.8075 14.4772
-6.8524 14.4772
-6.89729 14.4772
-6.72886 14.4772
-6.77375 14.4772
-6.81865 14.4772
-6.86355 14.4772
-6.90845 14.4772
-6.74001 14.4772
-6.78491 14.4772
-6.8298 14.4772
-6.8747 14.4772
-6.70627 14.4772
-6.75116 14.4772
-6.79606 14.4772
-6.84096 14.4772
-6.88585 14.4772
-6.71742 14.4772
-6.76231 14.4772
-6.80721 14.4772
-6.85211 14.4772
-6.89701 14.4772
-6.72857 14.4772
-6.77347 14.4772
-6.81836 14.4772
-6.86326 14.4772
-6.90816 14.4772
-6.73972 14.4772
-6.78462 14.4772
-6.82952 14.4772
-6.87441 14.4772
-6.70598 14.4772
-6.75088 14.4772
-6.79577 14.4772
-6.84067 14.4772
-6.88557 14.4772
-6.71713 14.4772
-6.76203 14.4772
-6.80692 14.4772
-6.85182 14.4772
-6.89672 14.4772
-6.72828 14.4772
-6.77318 14.4772
-6.81808 14.4772
-6.86297 14.4772
-6.90787 14.4772
-6.73944 14.4772
-6.78433 14.4772
-6.82923 14.4772
-6.87413 14.4772
-6.91902 14.4772
-6.75058 14.4772
-6.79548 14.4772
-6.84038 14.4772
-6.88527 14.4772
-6.71684 14.4772
-6.76173 14.4772
-6.80663 14.4772
-6.85153 14.4772
-6.89643 14.4772
-6.72799 14.4772
-6.77289 14.4772
-6.81778 14.4772
-6.86268 14.4772
-6.90758 14.4772
-6.73914 14.4772
-6.78404 14.4772
-6.82894 14.4772
-6.87383 14.4772
-6.91873 14.4772
-6.75029 14.4772
-6.79519 14.4772
-6.84009 14.4772
-6.88498 14.4772
-6.71655 14.4772
-6.76145 14.4772
-6.80634 14.4772
-6.85124 14.4772
-6.89614 14.4772
-6.7277 14.4772
-6.7726 14.4772
-6.8175 14.4772
-6.86239 14.4772
-6.90729 14.4772
-6.73885 14.4772
-6.78375 14.4772
-6.82865 14.4772
-6.87354 14.4772
-6.91844 14.4772
-6.75001 14.4772
-6.7949 14.4772
-6.8398 14.4772
-6.8847 14.4772
-6.71626 14.4772
-6.76116 14.4772
-6.80605 14.4772
-6.85095 14.4772
-6.89585 14.4772
-6.72741 14.4772
-6.77231 14.4772
-6.81721 14.4772
-6.8621 14.4772
-6.907 14.4772
-6.73856 14.4772
-6.78346 14.4772
-6.82836 14.4772
-6.87326 14.4772
-6.91815 14.4772
-6.74972 14.4772
-6.79461 14.4772
-6.83951 14.4772
-6.88441 14.4772
-6.71597 14.4772
-6.76087 14.4772
-6.80577 14.4772
-6.85066 14.4772
-6.89556 14.4772
-6.72712 14.4772
-6.77202 14.4772
-6.81692 14.4772
-6.86182 14.4772
-6.90671 14.4772
-6.73828 14.4772
-6.78317 14.4772
-6.82807 14.4772
-6.87297 14.4772
-6.91787 14.4772
-6.74943 14.4772
-6.79433 14.4772
-6.83922 14.4772
-6.88412 14.4772
-6.71568 14.4772
-6.76058 14.4772
-6.80548 14.4772
-6.85038 14.4772
-6.89527 14.4772
-6.72684 14.4772
-6.77173 14.4772
-6.81663 14.4772
-6.86153 14.4772
-6.90642 14.4772
-6.73799 14.4772
-6.78289 14.4772
-6.82778 14.4772
-6.87268 14.4772
-6.91758 14.4772
-6.74914 14.4772
-6.79404 14.4772
-6.83894 14.4772
-6.88383 14.4772
-6.7154 14.4772
-6.76029 14.4772
-6.80519 14.4772
-6.85009 14.4772
-6.89498 14.4772
-6.72655 14.4772
-6.77145 14.4772
-6.81634 14.4772
-6.86124 14.4772
-6.90614 14.4772
-6.7377 14.4772
-6.7826 14.4772
-6.8275 14.4772
-6.87239 14.4772
-6.91729 14.4772
-6.74885 14.4772
-6.79375 14.4772
-6.83865 14.4772
-6.88354 14.4772
-6.71511 14.4772
-6.76001 14.4772
-6.8049 14.4772
-6.8498 14.4772
-6.8947 14.4772
-6.72626 14.4772
-6.77116 14.4772
-6.81605 14.4772
-6.86095 14.4772
-6.90585 14.4772
-6.73741 14.4772
-6.78231 14.4772
-6.82721 14.4772
-6.8721 14.4772
-6.917 14.4772
-6.74857 14.4772
-6.79346 14.4772
-6.83836 14.4772
-6.88326 14.4772
-6.71482 14.4772
-6.75972 14.4772
-6.80461 14.4772
-6.84951 14.4772
-6.89441 14.4772
-6.72597 14.4772
-6.77087 14.4772
-6.81577 14.4772
-6.86066 14.4772
-6.90556 14.4772
-6.73712 14.4772
-6.78202 14.4772
-6.82692 14.4772
-6.87182 14.4772
-6.91671 14.4772
-6.74828 14.4772
-6.79317 14.4772
-6.83807 14.4772
-6.88297 14.4772
-6.71453 14.4772
-6.75943 14.4772
-6.80433 14.4772
-6.84922 14.4772
-6.89412 14.4772
-6.72568 14.4772
-6.77058 14.4772
-6.81548 14.4772
-6.86038 14.4772
-6.90527 14.4772
-6.73684 14.4772
-6.78173 14.4772
-6.82663 14.4772
-6.87153 14.4772
-6.91642 14.4772
-6.74799 14.4772
-6.79289 14.4772
-6.83778 14.4772
-6.88268 14.4772
-6.71424 14.4772
-6.75914 14.4772
-6.80404 14.4772
-6.84893 14.4772
-6.89383 14.4772
-6.7254 14.4772
-6.77029 14.4772
-6.81519 14.4772
-6.86009 14.4772
-6.90498 14.4772
-6.73655 14.4772
-6.78145 14.4772
-6.82634 14.4772
-6.87124 14.4772
-6.91614 14.4772
-6.7477 14.4772
-6.7926 14.4772
-6.83749 14.4772
-6.88239 14.4772
-6.71396 14.4772
-6.75885 14.4772
-6.80375 14.4772
-6.84865 14.4772
-6.89354 14.4772
-6.72511 14.4772
-6.77 14.4772
-6.8149 14.4772
-6.8598 14.4772
-6.9047 14.4772
-6.73626 14.4772
-6.78116 14.4772
-6.82605 14.4772
-6.87095 14.4772
-6.91585 14.4772
-6.74741 14.4772
-6.79231 14.4772
-6.83721 14.4772
-6.8821 14.4772
-6.71367 14.4772
-6.75856 14.4772
-6.80346 14.4772
-6.84836 14.4772
-6.89326 14.4772
-6.72482 14.4772
-6.76972 14.4772
-6.81461 14.4772
-6.85951 14.4772
-6.90441 14.4772
-6.73597 14.4772
-6.78087 14.4772
-6.82577 14.4772
-6.87066 14.4772
-6.91556 14.4772
-6.74712 14.4772
-6.79202 14.4772
-6.83692 14.4772
-6.88182 14.4772
-6.71338 14.4772
-6.75828 14.4772
-6.80317 14.4772
-6.84807 14.4772
-6.89297 14.4772
-6.72453 14.4772
-6.76943 14.4772
-6.81433 14.4772
-6.85922 14.4772
-6.90412 14.4772
-6.73568 14.4772
-6.78058 14.4772
-6.82548 14.4772
-6.87038 14.4772
-6.91527 14.4772
-6.74684 14.4772
-6.79173 14.4772
-6.83663 14.4772
-6.88153 14.4772
-6.71309 14.4772
-6.75799 14.4772
-6.80289 14.4772
-6.84778 14.4772
-6.89268 14.4772
-6.72424 14.4772
-6.76914 14.4772
-6.81404 14.4772
-6.85893 14.4772
-6.90383 14.4772
-6.7354 14.4772
-6.78029 14.4772
-6.82519 14.4772
-6.87009 14.4772
-6.91498 14.4772
-6.74655 14.4772
-6.79145 14.4772
-6.83634 14.4772
-6.88124 14.4772
-6.7128 14.4772
-6.7577 14.4772
-6.8026 14.4772
-6.84749 14.4772
-6.89239 14.4772
-6.72396 14.4772
-6.76885 14.4772
-6.81375 14.4772
-6.85865 14.4772
-6.90354 14.4772
-6.73511 14.4772
-6.78 14.4772
-6.8249 14.4772
-6.8698 14.4772
-6.9147 14.4772
-6.74626 14.4772
-6.79116 14.4772
-6.83605 14.4772
-6.88095 14.4772
-6.71252 14.4772
-6.75741 14.4772
-6.80231 14.4772
-6.84721 14.4772
-6.8921 14.4772
-6.72367 14.4772
-6.76856 14.4772
-6.81346 14.4772
-6.85836 14.4772
-6.90326 14.4772
-6.73482 14.4772
-6.77972 14.4772
-6.82461 14.4772
-6.86951 14.4772
-6.91441 14.4772
-6.74597 14.4772
-6.79087 14.4772
-6.83577 14.4772
-6.88066 14.4772
-6.71223 14.4772
-6.75712 14.4772
-6.80202 14.4772
-6.84692 14.4772
-6.89182 14.4772
-6.72338 14.4772
-6.76828 14.4772
-6.81317 14.4772
-6.85807 14.4772
-6.90297 14.4772
-6.73453 14.4772
-6.77943 14.4772
-6.82433 14.4772
-6.86922 14.4772
-6.91412 14.4772
-6.74568 14.4772
-6.79058 14.4772
-6.83548 14.4772
-6.88038 14.4772
-6.71194 14.4772
-6.75684 14.4772
-6.80173 14.4772
-6.84663 14.4772
-6.89153 14.4772
-6.72309 14.4772
-6.76799 14.4772
-6.81289 14.4772
-6.85778 14.4772
-6.90268 14.4772
-6.73424 14.4772
-6.77914 14.4772
-6.82404 14.4772
-6.86894 14.4772
-6.91383 14.4772
-6.7454 14.4772
-6.79029 14.4772
-6.83519 14.4772
-6.88009 14.4772
-6.71165 14.4772
-6.75655 14.4772
-6.80145 14.4772
-6.84634 14.4772
-6.89124 14.4772
-6.7228 14.4772
-6.7677 14.4772
-6.8126 14.4772
-6.85749 14.4772
-6.90239 14.4772
-6.73396 14.4772
-6.77885 14.4772
-6.82375 14.4772
-6.86865 14.4772
-6.91354 14.4772
-6.74511 14.4772
-6.79001 14.4772
-6.8349 14.4772
-6.8798 14.4772
-6.71136 14.4772
-6.75626 14.4772
-6.80116 14.4772
-6.84605 14.4772
-6.89095 14.4772
-6.72252 14.4772
-6.76741 14.4772
-6.81231 14.4772
-6.85721 14.4772
-6.9021 14.4772
-6.73367 14.4772
-6.77856 14.4772
-6.82346 14.4772
-6.86836 14.4772
-6.91326 14.4772
-6.74482 14.4772
-6.78972 14.4772
-6.83461 14.4772
-6.87951 14.4772
-6.71107 14.4772
-6.75597 14.4772
-6.80087 14.4772
-6.84577 14.4772
-6.89066 14.4772
-6.72223 14.4772
-6.76712 14.4772
-6.81202 14.4772
-6.85692 14.4772
-6.90182 14.4772
-6.73338 14.4772
-6.77828 14.4772
-6.82317 14.4772
-6.86807 14.4772
-6.91297 14.4772
-6.74453 14.4772
-6.78943 14.4772
-6.83433 14.4772
-6.87922 14.4772
-6.71079 14.4772
-6.75568 14.4772
-6.80058 14.4772
-6.84548 14.4772
-6.89038 14.4772
-6.72194 14.4772
-6.76684 14.4772
-6.81173 14.4772
-6.85663 14.4772
-6.90153 14.4772
-6.73309 14.4772
-6.77799 14.4772
-6.82289 14.4772
-6.86778 14.4772
-6.91268 14.4772
-6.74424 14.4772
-6.78914 14.4772
-6.83404 14.4772
-6.87893 14.4772
-6.7105 14.4772
-6.7554 14.4772
-6.80029 14.4772
-6.84519 14.4772
-6.89009 14.4772
-6.72165 14.4772
-6.76655 14.4772
-6.81144 14.4772
-6.85634 14.4772
-6.90124 14.4772
-6.7328 14.4772
-6.7777 14.4772
-6.8226 14.4772
-6.86749 14.4772
-6.91239 14.4772
-6.74396 14.4772
-6.78885 14.4772
-6.83375 14.4772
-6.87865 14.4772
-6.71021 14.4772
-6.75511 14.4772
-6.8 14.4772
-6.8449 14.4772
-6.8898 14.4772
-6.72136 14.4772
-6.76626 14.4772
-6.81116 14.4772
-6.85605 14.4772
-6.90095 14.4772
-6.73251 14.4772
-6.77741 14.4772
-6.82231 14.4772
-6.86721 14.4772
-6.9121 14.4772
-6.74367 14.4772
-6.78856 14.4772
-6.83346 14.4772
-6.87836 14.4772
-6.70992 14.4772
-6.75482 14.4772
-6.79972 14.4772
-6.84461 14.4772
-6.88951 14.4772
-6.72107 14.4772
-6.76597 14.4772
-6.81087 14.4772
-6.85577 14.4772
-6.90066 14.4772
-6.73223 14.4772
-6.77712 14.4772
-6.82202 14.4772
-6.86692 14.4772
-6.91181 14.4772
-6.74338 14.4772
-6.78828 14.4772
-6.83317 14.4772
-6.87807 14.4772
-6.70963 14.4772
-6.75453 14.4772
-6.79943 14.4772
-6.84433 14.4772
-6.88922 14.4772
-6.72079 14.4772
-6.76568 14.4772
-6.81058 14.4772
-6.85548 14.4772
-6.90037 14.4772
-6.73194 14.4772
-6.77684 14.4772
