0 0
0.0154251 0.0988032
0.050416 0.197637
0.104779 0.29653
0.178321 0.395511
0.27085 0.494606
0.38217 0.593834
0.512083 0.693211
0.660387 0.792743
0.826872 0.892428
1.01132 0.99225
1.21351 1.09218
1.43321 1.19217
1.67016 1.29216
1.9241 1.39206
2.19476 1.49176
2.48185 1.59112
2.78507 1.68999
3.10413 1.78818
3.43868 1.88548
3.78843 1.98167
4.15304 2.0765
4.53219 2.16974
4.92556 2.26113
5.33282 2.35046
5.75367 2.43749
6.18778 2.52205
6.63486 2.60398
7.09457 2.68316
7.56662 2.7595
8.05067 2.83297
8.54642 2.90354
9.05353 2.97124
9.57167 3.03611
10.1005 3.09822
10.6397 3.15765
11.189 3.2145
11.748 3.26887
12.3163 3.32088
12.8938 3.37063
13.48 3.41823
14.0746 3.4638
14.6774 3.50746
15.288 3.54929
15.9063 3.58941
16.5319 3.62791
17.1646 3.66487
17.8041 3.7004
18.4501 3.73456
19.1026 3.76744
19.7612 3.7991
20.4258 3.82961
21.0962 3.85904
21.7721 3.88745
22.4534 3.91488
23.14 3.94139
23.8316 3.96704
24.5282 3.99185
25.2295 4.01589
25.9354 4.03917
26.6458 4.06175
27.3606 4.08366
28.0796 4.10493
28.8027 4.12558
29.5299 4.14565
30.2609 4.16517
30.9958 4.18416
31.7344 4.20264
32.4765 4.22064
33.2222 4.23817
33.9713 4.25526
34.7238 4.27193
35.4795 4.28819
36.2384 4.30406
37.0004 4.31955
37.7655 4.33468
38.5335 4.34947
39.3044 4.36393
40.0782 4.37806
40.8548 4.39189
41.6341 4.40542
42.4161 4.41866
43.2006 4.43163
43.9878 4.44433
44.7774 4.45678
45.5695 4.46898
46.364 4.48094
47.1609 4.49267
47.9601 4.50417
48.7616 4.51546
49.5653 4.52654
50.3712 4.53742
51.1792 4.5481
51.9894 4.55859
52.8017 4.5689
53.616 4.57903
54.4323 4.58898
55.2505 4.59877
56.0708 4.60839
56.8929 4.61786
57.7169 4.62717
58.5428 4.63633
59.3704 4.64535
60.1999 4.65422
61.0311 4.66296
61.8641 4.67156
62.6987 4.68003
63.5351 4.68838
64.3731 4.6966
65.2128 4.7047
66.054 4.71269
66.8969 4.72056
67.7413 4.72832
68.5872 4.73597
69.4347 4.74351
70.2837 4.75095
71.1342 4.75829
71.9861 4.76554
72.8395 4.77268
73.6942 4.77973
74.5504 4.78669
75.408 4.79356
76.2669 4.80034
77.1272 4.80704
77.9889 4.81366
78.8518 4.82019
79.716 4.82664
80.5816 4.83301
81.4484 4.83931
82.3164 4.84553
83.1857 4.85168
84.0562 4.85775
84.928 4.86376
85.8009 4.86969
86.675 4.87556
87.5503 4.88136
88.4267 4.8871
89.3043 4.89278
90.183 4.89839
91.0629 4.90394
91.9438 4.90943
92.8258 4.91486
93.7089 4.92023
94.5931 4.92555
95.4784 4.93081
96.3647 4.93602
97.252 4.94117
98.1404 4.94627
99.0298 4.95132
99.9201 4.95632
100.812 4.96127
101.704 4.96617
102.597 4.97102
103.492 4.97583
104.387 4.98059
105.283 4.9853
106.18 4.98997
107.078 4.9946
107.977 4.99918
108.877 5.00372
109.778 5.00821
110.68 5.01267
111.583 5.01708
112.486 5.02146
113.39 5.02579
114.296 5.03009
115.202 5.03435
116.109 5.03857
117.017 5.04276
117.925 5.04691
118.835 5.05102
119.745 5.0551
120.656 5.05915
121.568 5.06316
122.481 5.06713
123.394 5.07108
124.308 5.07499
125.224 5.07887
126.139 5.08271
127.056 5.08653
127.973 5.09032
128.892 5.09407
129.81 5.0978
130.73 5.1015
131.65 5.10516
132.572 5.1088
133.493 5.11241
134.416 5.116
135.339 5.11955
136.263 5.12308
137.188 5.12658
138.113 5.13006
139.039 5.13351
139.966 5.13694
140.893 5.14033
141.822 5.14371
142.75 5.14706
143.68 5.15039
144.61 5.15369
145.541 5.15697
146.472 5.16022
147.404 5.16345
148.337 5.16666
149.27 5.16985
150.204 5.17301
151.139 5.17616
152.074 5.17928
153.01 5.18238
153.947 5.18546
154.884 5.18852
155.822 5.19155
156.76 5.19457
157.699 5.19757
158.639 5.20055
159.579 5.2035
160.519 5.20644
161.461 5.20936
162.403 5.21226
163.345 5.21514
164.288 5.21801
165.232 5.22085
166.176 5.22368
167.121 5.22649
168.066 5.22928
169.012 5.23206
169.959 5.23481
170.906 5.23755
171.853 5.24028
172.801 5.24298
173.75 5.24567
174.699 5.24835
175.649 5.25101
176.599 5.25365
177.55 5.25628
178.501 5.25889
179.453 5.26148
180.405 5.26406
181.358 5.26663
182.311 5.26918
183.265 5.27171
184.22 5.27423
185.175 5.27674
186.13 5.27923
187.086 5.28171
188.042 5.28417
188.999 5.28662
189.956 5.28906
190.914 5.29148
191.873 5.29389
192.831 5.29629
193.791 5.29867
194.75 5.30104
195.711 5.30339
196.671 5.30574
197.633 5.30807
198.594 5.31039
199.556 5.31269
200.519 5.31499
201.482 5.31727
202.445 5.31954
203.409 5.3218
204.374 5.32404
205.338 5.32628
206.304 5.3285
207.27 5.33071
208.236 5.33291
209.202 5.3351
210.169 5.33727
211.137 5.33944
212.105 5.3416
213.073 5.34374
214.042 5.34587
215.011 5.348
215.981 5.35011
216.951 5.35221
217.921 5.3543
218.892 5.35638
219.863 5.35845
220.835 5.36051
221.807 5.36256
222.78 5.3646
223.753 5.36663
224.726 5.36866
225.7 5.37067
226.674 5.37267
227.648 5.37466
228.623 5.37664
229.599 5.37862
230.574 5.38058
231.551 5.38254
232.527 5.38448
233.504 5.38642
234.481 5.38835
235.459 5.39027
236.437 5.39218
237.416 5.39408
238.394 5.39597
239.374 5.39786
240.353 5.39973
241.333 5.4016
242.313 5.40346
243.294 5.40531
244.275 5.40715
245.257 5.40899
246.239 5.41081
247.221 5.41263
248.203 5.41444
249.186 5.41624
250.169 5.41804
251.153 5.41982
252.137 5.4216
253.121 5.42337
254.106 5.42514
255.091 5.42689
256.076 5.42864
257.062 5.43038
258.048 5.43212
259.035 5.43385
260.022 5.43556
261.009 5.43728
261.996 5.43898
262.984 5.44068
263.972 5.44237
264.961 5.44405
265.949 5.44573
266.939 5.4474
267.928 5.44906
268.918 5.45072
269.908 5.45237
270.899 5.45401
271.889 5.45565
272.881 5.45728
273.872 5.4589
274.864 5.46052
275.856 5.46213
276.848 5.46374
277.841 5.46533
278.834 5.46692
279.828 5.46851
280.821 5.47009
281.815 5.47166
282.81 5.47323
283.804 5.47479
284.799 5.47634
285.795 5.47789
286.79 5.47943
287.786 5.48097
288.782 5.4825
289.779 5.48403
290.776 5.48555
291.773 5.48706
292.77 5.48857
293.768 5.49007
294.766 5.49157
295.764 5.49306
296.763 5.49454
297.762 5.49602
298.761 5.4975
299.761 5.49897
300.76 5.50043
301.76 5.50189
302.761 5.50334
303.762 5.50479
304.762 5.50623
305.764 5.50767
306.765 5.5091
307.767 5.51053
308.769 5.51195
309.772 5.51336
310.774 5.51478
311.777 5.51618
312.781 5.51758
313.784 5.51898
314.788 5.52037
315.792 5.52176
316.796 5.52314
317.801 5.52452
318.806 5.52589
319.811 5.52726
320.817 5.52862
321.822 5.52998
322.828 5.53133
323.835 5.53268
324.841 5.53403
325.848 5.53537
326.855 5.5367
327.862 5.53803
328.87 5.53936
329.878 5.54068
330.886 5.542
331.894 5.54331
332.903 5.54462
333.912 5.54592
334.921 5.54722
335.931 5.54852
336.94 5.54981
337.95 5.55109
338.961 5.55238
339.971 5.55366
340.982 5.55493
341.993 5.5562
343.004 5.55747
344.016 5.55873
345.027 5.55999
346.039 5.56124
347.052 5.56249
348.064 5.56373
349.077 5.56498
350.09 5.56621
351.103 5.56745
352.117 5.56868
353.13 5.5699
354.144 5.57113
355.159 5.57234
356.173 5.57356
357.188 5.57477
358.203 5.57598
359.218 5.57718
360.233 5.57838
361.249 5.57957
362.265 5.58076
363.281 5.58195
364.297 5.58314
365.314 5.58432
366.331 5.5855
367.348 5.58667
368.365 5.58784
369.383 5.58901
370.401 5.59017
371.419 5.59133
372.437 5.59248
373.456 5.59364
374.474 5.59479
375.493 5.59593
376.513 5.59707
377.532 5.59821
378.552 5.59935
379.571 5.60048
380.592 5.60161
381.612 5.60273
382.632 5.60386
383.653 5.60497
384.674 5.60609
385.695 5.6072
386.717 5.60831
387.739 5.60942
388.76 5.61052
389.783 5.61162
390.805 5.61272
391.827 5.61381
392.85 5.6149
393.873 5.61598
394.896 5.61707
395.92 5.61815
396.943 5.61923
397.967 5.6203
398.991 5.62137
400.016 5.62244
401.04 5.62351
402.065 5.62457
403.09 5.62563
404.115 5.62669
405.14 5.62774
406.166 5.62879
407.191 5.62984
408.217 5.63088
409.244 5.63192
410.27 5.63296
411.297 5.634
412.323 5.63503
413.35 5.63606
414.378 5.63709
415.405 5.63812
416.433 5.63914
417.461 5.64016
418.489 5.64117
419.517 5.64219
420.545 5.6432
421.574 5.64421
422.603 5.64521
423.632 5.64622
424.661 5.64722
425.691 5.64821
426.72 5.64921
427.75 5.6502
428.78 5.65119
429.81 5.65218
430.841 5.65316
431.871 5.65415
432.902 5.65512
433.933 5.6561
434.964 5.65708
435.996 5.65805
437.027 5.65902
438.059 5.65998
439.091 5.66095
440.124 5.66191
441.156 5.66287
442.188 5.66383
443.221 5.66478
444.254 5.66573
445.287 5.66668
446.321 5.66763
447.354 5.66857
448.388 5.66952
449.422 5.67046
450.456 5.67139
451.49 5.67233
452.525 5.67326
453.559 5.67419
454.594 5.67512
455.629 5.67604
456.664 5.67697
457.7 5.67789
458.735 5.67881
459.771 5.67973
460.807 5.68064
461.843 5.68155
462.88 5.68246
463.916 5.68337
464.953 5.68427
465.99 5.68518
467.027 5.68608
468.064 5.68698
469.101 5.68787
470.139 5.68877
471.177 5.68966
472.215 5.69055
473.253 5.69144
474.291 5.69233
475.33 5.69321
476.368 5.69409
477.407 5.69497
478.446 5.69585
479.485 5.69672
480.525 5.6976
481.564 5.69847
482.604 5.69934
483.644 5.7002
484.684 5.70107
485.724 5.70193
486.764 5.70279
487.805 5.70365
488.846 5.70451
489.886 5.70536
490.927 5.70622
491.969 5.70707
493.01 5.70791
494.052 5.70876
495.094 5.70961
496.135 5.71045
497.178 5.71129
498.22 5.71213
499.262 5.71297
500.305 5.7138
501.348 5.71464
502.391 5.71547
503.434 5.7163
504.477 5.71713
505.52 5.71795
506.564 5.71878
507.608 5.7196
508.652 5.72042
509.696 5.72124
510.74 5.72205
511.784 5.72287
512.829 5.72368
513.874 5.72449
514.919 5.7253
515.964 5.72611
517.009 5.72691
518.054 5.72772
519.1 5.72852
520.145 5.72932
521.191 5.73012
522.237 5.73092
523.284 5.73171
524.33 5.7325
525.376 5.7333
526.423 5.73409
527.47 5.73487
528.517 5.73566
529.564 5.73645
530.611 5.73723
531.659 5.73801
532.706 5.73879
533.754 5.73957
534.802 5.74034
535.85 5.74112
536.898 5.74189
537.947 5.74266
538.995 5.74343
540.044 5.7442
541.093 5.74497
542.142 5.74573
543.191 5.7465
544.24 5.74726
545.29 5.74802
546.339 5.74878
547.389 5.74953
548.439 5.75029
549.489 5.75104
550.539 5.75179
551.59 5.75254
552.64 5.75329
553.691 5.75404
554.742 5.75479
555.793 5.75553
556.844 5.75627
557.895 5.75701
558.946 5.75775
559.998 5.75849
561.05 5.75923
562.101 5.75996
563.153 5.7607
564.206 5.76143
565.258 5.76216
566.31 5.76289
567.363 5.76361
568.416 5.76434
569.468 5.76507
570.521 5.76579
571.575 5.76651
572.628 5.76723
573.681 5.76795
574.735 5.76867
575.789 5.76938
576.843 5.7701
577.897 5.77081
578.951 5.77152
580.005 5.77223
581.059 5.77294
582.114 5.77365
583.169 5.77435
584.224 5.77506
585.279 5.77576
586.334 5.77646
587.389 5.77716
588.445 5.77786
589.5 5.77856
590.556 5.77925
591.612 5.77995
592.668 5.78064
593.724 5.78134
594.78 5.78203
595.836 5.78272
596.893 5.7834
597.95 5.78409
599.007 5.78478
600.063 5.78546
601.121 5.78614
602.178 5.78682
603.235 5.7875
604.293 5.78818
605.35 5.78886
606.408 5.78954
607.466 5.79021
608.524 5.79089
609.582 5.79156
610.641 5.79223
611.699 5.7929
612.758 5.79357
613.816 5.79424
614.875 5.7949
615.934 5.79557
616.993 5.79623
618.052 5.79689
619.112 5.79755
620.171 5.79821
621.231 5.79887
622.291 5.79953
623.351 5.80019
624.411 5.80084
625.471 5.8015
626.531 5.80215
627.592 5.8028
628.652 5.80345
629.713 5.8041
630.774 5.80475
631.835 5.80539
632.896 5.80604
633.957 5.80668
635.018 5.80732
636.08 5.80797
637.141 5.80861
638.203 5.80925
639.265 5.80988
640.327 5.81052
641.389 5.81116
642.451 5.81179
643.514 5.81243
644.576 5.81306
645.639 5.81369
646.702 5.81432
647.764 5.81495
648.827 5.81558
649.891 5.8162
650.954 5.81683
652.017 5.81745
653.081 5.81808
654.144 5.8187
655.208 5.81932
656.272 5.81994
657.336 5.82056
658.4 5.82118
659.464 5.8218
660.528 5.82241
661.593 5.82303
662.657 5.82364
663.722 5.82425
664.787 5.82486
665.852 5.82547
666.917 5.82608
667.982 5.82669
669.048 5.8273
670.113 5.8279
671.179 5.82851
672.245 5.82911
673.31 5.82972
674.376 5.83032
675.442 5.83092
676.509 5.83152
677.575 5.83212
678.641 5.83272
679.708 5.83331
680.774 5.83391
681.841 5.8345
682.908 5.8351
683.975 5.83569
685.042 5.83628
686.109 5.83687
687.177 5.83746
688.244 5.83805
689.312 5.83864
690.38 5.83922
691.448 5.83981
692.516 5.84039
693.584 5.84098
694.652 5.84156
695.72 5.84214
696.789 5.84272
697.857 5.8433
698.926 5.84388
699.995 5.84446
701.063 5.84504
702.133 5.84561
703.202 5.84619
704.271 5.84676
705.34 5.84734
706.41 5.84791
707.479 5.84848
708.549 5.84905
709.619 5.84962
710.689 5.85019
711.759 5.85075
712.829 5.85132
713.899 5.85189
714.97 5.85245
716.04 5.85301
717.111 5.85358
718.181 5.85414
719.252 5.8547
720.323 5.85526
721.394 5.85582
722.465 5.85638
723.537 5.85693
724.608 5.85749
725.68 5.85805
726.751 5.8586
727.823 5.85915
728.895 5.85971
729.967 5.86026
731.039 5.86081
732.111 5.86136
733.183 5.86191
734.255 5.86246
735.328 5.86301
736.401 5.86355
737.473 5.8641
738.546 5.86464
739.619 5.86519
740.692 5.86573
741.765 5.86627
742.839 5.86681
743.912 5.86735
744.985 5.86789
746.059 5.86843
747.133 5.86897
748.206 5.86951
749.28 5.87004
750.354 5.87058
751.428 5.87111
752.503 5.87165
753.577 5.87218
754.651 5.87271
755.726 5.87324
756.801 5.87377
757.875 5.8743
758.95 5.87483
760.025 5.87536
761.1 5.87589
762.176 5.87641
763.251 5.87694
764.326 5.87746
765.402 5.87799
766.477 5.87851
767.553 5.87903
768.629 5.87956
769.705 5.88008
770.781 5.8806
771.857 5.88111
772.933 5.88163
774.009 5.88215
775.086 5.88267
776.162 5.88318
777.239 5.8837
778.316 5.88421
779.393 5.88473
780.47 5.88524
781.547 5.88575
782.624 5.88626
783.701 5.88677
784.778 5.88728
785.856 5.88779
786.933 5.8883
788.011 5.88881
789.089 5.88932
790.167 5.88982
791.245 5.89033
792.323 5.89083
793.401 5.89134
794.479 5.89184
795.557 5.89234
796.636 5.89284
797.714 5.89334
798.793 5.89384
799.872 5.89434
800.951 5.89484
802.03 5.89534
803.109 5.89584
804.188 5.89633
805.267 5.89683
806.347 5.89732
807.426 5.89782
808.506 5.89831
809.585 5.8988
810.665 5.89929
811.745 5.89979
812.825 5.90028
813.905 5.90077
814.985 5.90126
816.065 5.90174
817.146 5.90223
818.226 5.90272
819.307 5.9032
820.387 5.90369
821.468 5.90417
822.549 5.90466
823.63 5.90514
824.711 5.90563
825.792 5.90611
826.873 5.90659
827.955 5.90707
829.036 5.90755
830.117 5.90803
831.199 5.90851
832.281 5.90899
833.363 5.90946
834.444 5.90994
835.526 5.91042
836.609 5.91089
837.691 5.91137
838.773 5.91184
839.855 5.91231
840.938 5.91279
842.02 5.91326
843.103 5.91373
844.186 5.9142
845.269 5.91467
846.352 5.91514
847.435 5.91561
848.518 5.91608
849.601 5.91654
850.684 5.91701
851.768 5.91748
852.851 5.91794
853.935 5.91841
855.018 5.91887
856.102 5.91933
857.186 5.9198
858.27 5.92026
859.354 5.92072
860.438 5.92118
861.522 5.92164
862.607 5.9221
863.691 5.92256
864.776 5.92302
865.86 5.92348
866.945 5.92393
868.03 5.92439
869.115 5.92485
870.2 5.9253
871.285 5.92576
872.37 5.92621
873.455 5.92666
874.541 5.92712
875.626 5.92757
876.711 5.92802
877.797 5.92847
878.883 5.92892
879.969 5.92937
881.055 5.92982
882.14 5.93027
883.227 5.93072
884.313 5.93117
885.399 5.93161
886.485 5.93206
887.572 5.9325
888.658 5.93295
889.745 5.93339
890.831 5.93384
891.918 5.93428
893.005 5.93472
894.092 5.93516
895.179 5.93561
896.266 5.93605
897.353 5.93649
898.441 5.93693
899.528 5.93737
900.615 5.9378
901.703 5.93824
902.791 5.93868
903.878 5.93912
904.966 5.93955
906.054 5.93999
907.142 5.94042
908.23 5.94086
909.318 5.94129
910.407 5.94172
911.495 5.94216
912.583 5.94259
913.672 5.94302
914.761 5.94345
915.849 5.94388
916.938 5.94431
918.027 5.94474
919.116 5.94517
920.205 5.9456
921.294 5.94603
922.383 5.94645
923.473 5.94688
924.562 5.94731
925.651 5.94773
926.741 5.94816
927.831 5.94858
928.92 5.94901
930.01 5.94943
931.1 5.94985
932.19 5.95027
933.28 5.9507
934.37 5.95112
935.46 5.95154
936.551 5.95196
937.641 5.95238
938.732 5.9528
939.822 5.95322
940.913 5.95363
942.003 5.95405
943.094 5.95447
944.185 5.95488
945.276 5.9553
946.367 5.95572
947.458 5.95613
948.55 5.95654
949.641 5.95696
950.732 5.95737
951.824 5.95779
952.915 5.9582
954.007 5.95861
955.099 5.95902
956.19 5.95943
957.282 5.95984
958.374 5.96025
959.466 5.96066
960.558 5.96107
961.651 5.96148
962.743 5.96188
963.835 5.96229
964.928 5.9627
966.02 5.9631
967.113 5.96351
968.206 5.96392
969.299 5.96432
970.391 5.96472
971.484 5.96513
972.577 5.96553
973.67 5.96593
974.764 5.96634
975.857 5.96674
976.95 5.96714
978.044 5.96754
979.137 5.96794
980.231 5.96834
981.324 5.96874
982.418 5.96914
983.512 5.96953
984.606 5.96993
985.7 5.97033
986.794 5.97073
987.888 5.97112
988.982 5.97152
990.077 5.97191
991.171 5.97231
992.265 5.9727
993.36 5.9731
994.455 5.97349
995.549 5.97388
996.644 5.97428
997.739 5.97467
998.834 5.97506
999.929 5.97545
1001.02 5.97584
1002.12 5.97623
1003.21 5.97662
1004.31 5.97701
1005.41 5.9774
1006.5 5.97779
1007.6 5.97817
1008.69 5.97856
1009.79 5.97895
1010.88 5.97933
1011.98 5.97972
1013.08 5.98011
1014.17 5.98049
1015.27 5.98088
1016.36 5.98126
1017.46 5.98164
1018.56 5.98203
1019.65 5.98241
1020.75 5.98279
1021.85 5.98317
1022.94 5.98356
1024.04 5.98394
1025.14 5.98432
1026.23 5.9847
1027.33 5.98508
1028.43 5.98546
1029.52 5.98584
1030.62 5.98621
1031.72 5.98659
1032.82 5.98697
1033.91 5.98735
1035.01 5.98772
1036.11 5.9881
1037.21 5.98848
1038.3 5.98885
1039.4 5.98923
1040.5 5.9896
1041.6 5.98997
1042.69 5.99035
1043.79 5.99072
1044.89 5.99109
1045.99 5.99147
1047.09 5.99184
1048.19 5.99221
1049.28 5.99258
1050.38 5.99295
1051.48 5.99332
1052.58 5.99369
1053.68 5.99406
1054.78 5.99443
1055.88 5.9948
1056.98 5.99517
1058.07 5.99553
1059.17 5.9959
1060.27 5.99627
1061.37 5.99663
1062.47 5.997
1063.57 5.99737
1064.67 5.99773
1065.77 5.9981
1066.87 5.99846
1067.97 5.99882
1069.07 5.99919
1070.17 5.99955
1071.27 5.99991
1072.37 6.00028
1073.47 6.00064
1074.57 6.001
1075.67 6.00136
1076.77 6.00172
1077.87 6.00208
1078.97 6.00244
1080.07 6.0028
1081.17 6.00316
1082.27 6.00352
1083.37 6.00388
1084.47 6.00423
1085.57 6.00459
1086.67 6.00495
1087.78 6.00531
1088.88 6.00566
1089.98 6.00602
1091.08 6.00637
1092.18 6.00673
1093.28 6.00708
1094.38 6.00744
1095.48 6.00779
1096.59 6.00815
1097.69 6.0085
1098.79 6.00885
1099.89 6.0092
1100.99 6.00956
1102.09 6.00991
1103.2 6.01026
1104.3 6.01061
1105.4 6.01096
1106.5 6.01131
1107.61 6.01166
1108.71 6.01201
1109.81 6.01236
1110.91 6.01271
1112.02 6.01306
1113.12 6.0134
1114.22 6.01375
1115.32 6.0141
1116.43 6.01445
1117.53 6.01479
1118.63 6.01514
1119.73 6.01548
1120.84 6.01583
1121.94 6.01617
1123.04 6.01652
1124.15 6.01686
1125.25 6.01721
1126.35 6.01755
1127.46 6.01789
1128.56 6.01824
1129.67 6.01858
1130.77 6.01892
1131.87 6.01926
1132.98 6.0196
1134.08 6.01994
1135.18 6.02028
1136.29 6.02062
1137.39 6.02096
1138.5 6.0213
1139.6 6.02164
1140.71 6.02198
1141.81 6.02232
1142.91 6.02266
1144.02 6.02299
1145.12 6.02333
1146.23 6.02367
1147.33 6.02401
1148.44 6.02434
1149.54 6.02468
1150.65 6.02501
1151.75 6.02535
1152.86 6.02568
1153.96 6.02602
1155.07 6.02635
1156.17 6.02669
1157.28 6.02702
1158.38 6.02735
1159.49 6.02768
1160.59 6.02802
1161.7 6.02835
1162.81 6.02868
1163.91 6.02901
1165.02 6.02934
1166.12 6.02967
1167.23 6.03
1168.34 6.03033
1169.44 6.03066
1170.55 6.03099
1171.65 6.03132
1172.76 6.03165
1173.87 6.03198
1174.97 6.03231
1176.08 6.03263
1177.19 6.03296
1178.29 6.03329
1179.4 6.03362
1180.51 6.03394
1181.61 6.03427
1182.72 6.03459
1183.83 6.03492
1184.93 6.03524
1186.04 6.03557
1187.15 6.03589
1188.25 6.03622
1189.36 6.03654
1190.47 6.03686
1191.58 6.03719
1192.68 6.03751
1193.79 6.03783
1194.9 6.03815
1196.01 6.03847
1197.11 6.0388
1198.22 6.03912
1199.33 6.03944
1200.44 6.03976
1201.55 6.04008
1202.65 6.0404
1203.76 6.04072
1204.87 6.04104
1205.98 6.04135
1207.09 6.04167
1208.19 6.04199
1209.3 6.04231
1210.41 6.04263
1211.52 6.04294
1212.63 6.04326
1213.74 6.04358
1214.85 6.04389
1215.96 6.04421
1217.06 6.04452
1218.17 6.04484
1219.28 6.04515
1220.39 6.04547
1221.5 6.04578
1222.61 6.0461
1223.72 6.04641
1224.83 6.04672
1225.94 6.04704
1227.05 6.04735
1228.16 6.04766
1229.27 6.04797
1230.38 6.04829
1231.48 6.0486
1232.59 6.04891
1233.7 6.04922
1234.81 6.04953
1235.92 6.04984
1237.03 6.05015
1238.14 6.05046
1239.25 6.05077
1240.36 6.05108
1241.47 6.05139
1242.58 6.0517
1243.69 6.052
1244.81 6.05231
1245.92 6.05262
1247.03 6.05293
1248.14 6.05323
1249.25 6.05354
1250.36 6.05385
1251.47 6.05415
1252.58 6.05446
1253.69 6.05476
1254.8 6.05507
1255.91 6.05537
1257.02 6.05568
1258.13 6.05598
1259.25 6.05629
1260.36 6.05659
1261.47 6.05689
1262.58 6.0572
1263.69 6.0575
1264.8 6.0578
1265.91 6.05811
1267.03 6.05841
1268.14 6.05871
1269.25 6.05901
1270.36 6.05931
1271.47 6.05961
1272.58 6.05991
1273.7 6.06021
1274.81 6.06051
1275.92 6.06081
1277.03 6.06111
1278.15 6.06141
1279.26 6.06171
1280.37 6.06201
1281.48 6.06231
1282.59 6.06261
1283.71 6.0629
1284.82 6.0632
1285.93 6.0635
1287.05 6.0638
1288.16 6.06409
1289.27 6.06439
1290.38 6.06468
1291.5 6.06498
1292.61 6.06528
1293.72 6.06557
1294.84 6.06587
1295.95 6.06616
1297.06 6.06645
1298.18 6.06675
1299.29 6.06704
1300.4 6.06734
1301.52 6.06763
1302.63 6.06792
1303.74 6.06822
1304.86 6.06851
1305.97 6.0688
1307.08 6.06909
1308.2 6.06938
1309.31 6.06967
1310.43 6.06997
1311.54 6.07026
1312.65 6.07055
1313.77 6.07084
1314.88 6.07113
1316 6.07142
1317.11 6.07171
1318.22 6.072
1319.34 6.07229
1320.45 6.07257
1321.57 6.07286
1322.68 6.07315
1323.8 6.07344
1324.91 6.07373
1326.03 6.07401
1327.14 6.0743
1328.26 6.07459
1329.37 6.07487
1330.49 6.07516
1331.6 6.07545
1332.72 6.07573
1333.83 6.07602
1334.95 6.0763
1336.06 6.07659
1337.18 6.07687
1338.29 6.07716
1339.41 6.07744
1340.52 6.07773
1341.64 6.07801
1342.75 6.07829
1343.87 6.07858
1344.99 6.07886
1346.1 6.07914
1347.22 6.07942
1348.33 6.07971
1349.45 6.07999
1350.57 6.08027
1351.68 6.08055
1352.8 6.08083
1353.91 6.08111
1355.03 6.08139
1356.15 6.08167
1357.26 6.08195
1358.38 6.08223
1359.5 6.08251
1360.61 6.08279
1361.73 6.08307
1362.85 6.08335
1363.96 6.08363
1365.08 6.08391
1366.2 6.08419
1367.31 6.08447
1368.43 6.08474
1369.55 6.08502
1370.66 6.0853
1371.78 6.08557
1372.9 6.08585
1374.01 6.08613
1375.13 6.0864
1376.25 6.08668
1377.37 6.08696
1378.48 6.08723
1379.6 6.08751
1380.72 6.08778
1381.84 6.08806
1382.95 6.08833
1384.07 6.0886
1385.19 6.08888
1386.31 6.08915
1387.42 6.08943
1388.54 6.0897
1389.66 6.08997
1390.78 6.09025
1391.9 6.09052
1393.01 6.09079
1394.13 6.09106
1395.25 6.09133
1396.37 6.09161
1397.49 6.09188
1398.61 6.09215
1399.72 6.09242
1400.84 6.09269
1401.96 6.09296
1403.08 6.09323
1404.2 6.0935
1405.32 6.09377
1406.44 6.09404
1407.56 6.09431
1408.67 6.09458
1409.79 6.09485
1410.91 6.09512
1412.03 6.09538
1413.15 6.09565
1414.27 6.09592
1415.39 6.09619
1416.51 6.09646
1417.63 6.09672
1418.75 6.09699
1419.87 6.09726
1420.98 6.09752
1422.1 6.09779
1423.22 6.09805
1424.34 6.09832
1425.46 6.09859
1426.58 6.09885
1427.7 6.09912
1428.82 6.09938
1429.94 6.09965
1431.06 6.09991
1432.18 6.10017
1433.3 6.10044
1434.42 6.1007
1435.54 6.10097
1436.66 6.10123
1437.78 6.10149
1438.9 6.10176
1440.02 6.10202
1441.14 6.10228
1442.26 6.10254
1443.39 6.1028
1444.51 6.10307
1445.63 6.10333
1446.75 6.10359
1447.87 6.10385
1448.99 6.10411
1450.11 6.10437
1451.23 6.10463
1452.35 6.10489
1453.47 6.10515
1454.59 6.10541
1455.71 6.10567
1456.84 6.10593
1457.96 6.10619
1459.08 6.10645
1460.2 6.10671
1461.32 6.10697
1462.44 6.10723
1463.56 6.10748
1464.68 6.10774
1465.81 6.108
1466.93 6.10826
1468.05 6.10851
1469.17 6.10877
1470.29 6.10903
1471.41 6.10928
1472.54 6.10954
1473.66 6.1098
1474.78 6.11005
1475.9 6.11031
1477.02 6.11056
1478.15 6.11082
1479.27 6.11107
1480.39 6.11133
1481.51 6.11158
1482.64 6.11184
1483.76 6.11209
1484.88 6.11235
1486 6.1126
1487.13 6.11285
1488.25 6.11311
1489.37 6.11336
1490.49 6.11361
1491.62 6.11387
1492.74 6.11412
1493.86 6.11437
1494.98 6.11462
1496.11 6.11487
1497.23 6.11513
1498.35 6.11538
1499.48 6.11563
1500.6 6.11588
1501.72 6.11613
1502.85 6.11638
1503.97 6.11663
1505.09 6.11688
1506.22 6.11713
1507.34 6.11738
1508.46 6.11763
1509.59 6.11788
1510.71 6.11813
1511.83 6.11838
1512.96 6.11863
1514.08 6.11888
1515.2 6.11913
1516.33 6.11937
1517.45 6.11962
1518.58 6.11987
1519.7 6.12012
1520.82 6.12037
1521.95 6.12061
1523.07 6.12086
1524.2 6.12111
1525.32 6.12135
1526.45 6.1216
1527.57 6.12185
1528.69 6.12209
1529.82 6.12234
1530.94 6.12258
1532.07 6.12283
1533.19 6.12307
1534.32 6.12332
1535.44 6.12356
1536.57 6.12381
1537.69 6.12405
1538.82 6.1243
1539.94 6.12454
1541.07 6.12479
1542.19 6.12503
1543.32 6.12527
1544.44 6.12552
1545.57 6.12576
1546.69 6.126
1547.82 6.12625
1548.94 6.12649
1550.07 6.12673
1551.19 6.12697
1552.32 6.12722
1553.44 6.12746
1554.57 6.1277
1555.69 6.12794
1556.82 6.12818
1557.94 6.12842
1559.07 6.12866
1560.2 6.1289
1561.32 6.12914
1562.45 6.12938
1563.57 6.12963
1564.7 6.12987
1565.83 6.13011
1566.95 6.13034
1568.08 6.13058
1569.2 6.13082
1570.33 6.13106
1571.46 6.1313
1572.58 6.13154
1573.71 6.13178
1574.83 6.13202
1575.96 6.13225
1577.09 6.13249
1578.21 6.13273
1579.34 6.13297
1580.47 6.1332
1581.59 6.13344
1582.72 6.13368
1583.85 6.13392
1584.97 6.13415
1586.1 6.13439
1587.23 6.13462
1588.35 6.13486
1589.48 6.1351
1590.61 6.13533
1591.74 6.13557
1592.86 6.1358
1593.99 6.13604
1595.12 6.13627
1596.24 6.13651
1597.37 6.13674
1598.5 6.13698
1599.63 6.13721
1600.75 6.13744
1601.88 6.13768
1603.01 6.13791
1604.14 6.13815
1605.26 6.13838
1606.39 6.13861
1607.52 6.13885
1608.65 6.13908
1609.78 6.13931
1610.9 6.13954
1612.03 6.13978
1613.16 6.14001
1614.29 6.14024
1615.42 6.14047
1616.54 6.1407
1617.67 6.14093
1618.8 6.14117
1619.93 6.1414
1621.06 6.14163
1622.18 6.14186
1623.31 6.14209
1624.44 6.14232
1625.57 6.14255
1626.7 6.14278
1627.83 6.14301
1628.96 6.14324
1630.08 6.14347
1631.21 6.1437
1632.34 6.14393
1633.47 6.14415
1634.6 6.14438
1635.73 6.14461
1636.86 6.14484
1637.99 6.14507
1639.11 6.1453
1640.24 6.14552
1641.37 6.14575
1642.5 6.14598
1643.63 6.14621
1644.76 6.14643
1645.89 6.14666
1647.02 6.14689
1648.15 6.14712
1649.28 6.14734
1650.41 6.14757
1651.54 6.14779
1652.67 6.14802
1653.8 6.14825
1654.93 6.14847
1656.06 6.1487
1657.19 6.14892
1658.31 6.14915
1659.44 6.14937
1660.57 6.1496
1661.7 6.14982
1662.83 6.15005
1663.96 6.15027
1665.09 6.1505
1666.22 6.15072
1667.35 6.15094
1668.48 6.15117
1669.62 6.15139
1670.75 6.15161
1671.88 6.15184
1673.01 6.15206
1674.14 6.15228
1675.27 6.15251
1676.4 6.15273
1677.53 6.15295
1678.66 6.15317
1679.79 6.1534
1680.92 6.15362
1682.05 6.15384
1683.18 6.15406
1684.31 6.15428
1685.44 6.1545
1686.57 6.15472
1687.71 6.15495
1688.84 6.15517
1689.97 6.15539
1691.1 6.15561
1692.23 6.15583
1693.36 6.15605
1694.49 6.15627
1695.62 6.15649
1696.75 6.15671
1697.89 6.15693
1699.02 6.15715
1700.15 6.15737
1701.28 6.15758
1702.41 6.1578
1703.54 6.15802
1704.67 6.15824
1705.81 6.15846
1706.94 6.15868
1708.07 6.1589
1709.2 6.15911
1710.33 6.15933
1711.47 6.15955
1712.6 6.15977
1713.73 6.15998
1714.86 6.1602
1715.99 6.16042
1717.13 6.16063
1718.26 6.16085
1719.39 6.16107
1720.52 6.16128
1721.65 6.1615
1722.79 6.16172
1723.92 6.16193
1725.05 6.16215
1726.18 6.16236
1727.32 6.16258
1728.45 6.16279
1729.58 6.16301
1730.71 6.16322
1731.85 6.16344
1732.98 6.16365
1734.11 6.16387
1735.24 6.16408
1736.38 6.1643
1737.51 6.16451
1738.64 6.16472
1739.78 6.16494
1740.91 6.16515
1742.04 6.16536
1743.17 6.16558
1744.31 6.16579
1745.44 6.166
1746.57 6.16622
1747.71 6.16643
1748.84 6.16664
1749.97 6.16685
1751.11 6.16707
1752.24 6.16728
1753.37 6.16749
1754.51 6.1677
1755.64 6.16791
1756.78 6.16813
1757.91 6.16834
1759.04 6.16855
1760.18 6.16876
1761.31 6.16897
1762.44 6.16918
1763.58 6.16939
1764.71 6.1696
1765.85 6.16981
1766.98 6.17002
1768.11 6.17023
1769.25 6.17044
1770.38 6.17065
1771.52 6.17086
1772.65 6.17107
1773.78 6.17128
1774.92 6.17149
1776.05 6.1717
1777.19 6.17191
1778.32 6.17212
1779.46 6.17232
1780.59 6.17253
1781.72 6.17274
1782.86 6.17295
1783.99 6.17316
1785.13 6.17337
1786.26 6.17357
1787.4 6.17378
1788.53 6.17399
1789.67 6.1742
1790.8 6.1744
1791.94 6.17461
1793.07 6.17482
1794.21 6.17502
1795.34 6.17523
1796.48 6.17544
1797.61 6.17564
1798.75 6.17585
1799.88 6.17605
1801.02 6.17626
1802.15 6.17647
1803.29 6.17667
1804.42 6.17688
1805.56 6.17708
1806.69 6.17729
1807.83 6.17749
1808.97 6.1777
1810.1 6.1779
1811.24 6.17811
1812.37 6.17831
1813.51 6.17851
1814.64 6.17872
1815.78 6.17892
1816.91 6.17913
1818.05 6.17933
1819.19 6.17953
1820.32 6.17974
1821.46 6.17994
1822.59 6.18014
1823.73 6.18035
1824.87 6.18055
1826 6.18075
1827.14 6.18096
1828.28 6.18116
1829.41 6.18136
1830.55 6.18156
1831.68 6.18176
1832.82 6.18197
1833.96 6.18217
1835.09 6.18237
1836.23 6.18257
1837.37 6.18277
1838.5 6.18297
1839.64 6.18318
1840.78 6.18338
1841.91 6.18358
1843.05 6.18378
1844.19 6.18398
1845.32 6.18418
1846.46 6.18438
1847.6 6.18458
1848.73 6.18478
1849.87 6.18498
1851.01 6.18518
1852.14 6.18538
1853.28 6.18558
1854.42 6.18578
1855.56 6.18598
1856.69 6.18618
1857.83 6.18638
1858.97 6.18657
1860.1 6.18677
1861.24 6.18697
1862.38 6.18717
1863.52 6.18737
1864.65 6.18757
1865.79 6.18776
1866.93 6.18796
1868.07 6.18816
1869.2 6.18836
1870.34 6.18856
1871.48 6.18875
1872.62 6.18895
1873.76 6.18915
1874.89 6.18934
1876.03 6.18954
1877.17 6.18974
1878.31 6.18993
1879.45 6.19013
1880.58 6.19033
1881.72 6.19052
1882.86 6.19072
1884 6.19092
1885.14 6.19111
1886.27 6.19131
1887.41 6.1915
1888.55 6.1917
1889.69 6.19189
1890.83 6.19209
1891.97 6.19228
1893.1 6.19248
1894.24 6.19267
1895.38 6.19287
1896.52 6.19306
1897.66 6.19326
1898.8 6.19345
1899.94 6.19365
1901.07 6.19384
1902.21 6.19403
1903.35 6.19423
1904.49 6.19442
1905.63 6.19462
1906.77 6.19481
1907.91 6.195
1909.05 6.1952
1910.19 6.19539
1911.32 6.19558
1912.46 6.19577
1913.6 6.19597
1914.74 6.19616
1915.88 6.19635
1917.02 6.19654
1918.16 6.19674
1919.3 6.19693
1920.44 6.19712
1921.58 6.19731
1922.72 6.1975
1923.86 6.1977
1925 6.19789
1926.14 6.19808
1927.28 6.19827
1928.42 6.19846
1929.56 6.19865
1930.69 6.19884
1931.83 6.19903
1932.97 6.19922
1934.11 6.19941
1935.25 6.1996
1936.39 6.19979
1937.53 6.19998
1938.67 6.20017
1939.81 6.20036
1940.95 6.20055
1942.09 6.20074
1943.23 6.20093
1944.37 6.20112
1945.51 6.20131
1946.66 6.2015
1947.8 6.20169
1948.94 6.20188
1950.08 6.20207
1951.22 6.20226
1952.36 6.20244
1953.5 6.20263
1954.64 6.20282
1955.78 6.20301
1956.92 6.2032
1958.06 6.20339
1959.2 6.20357
1960.34 6.20376
1961.48 6.20395
1962.62 6.20414
1963.76 6.20432
1964.9 6.20451
1966.05 6.2047
1967.19 6.20488
1968.33 6.20507
1969.47 6.20526
1970.61 6.20544
1971.75 6.20563
1972.89 6.20582
1974.03 6.206
1975.17 6.20619
1976.32 6.20638
1977.46 6.20656
1978.6 6.20675
1979.74 6.20693
1980.88 6.20712
1982.02 6.2073
1983.16 6.20749
1984.3 6.20767
1985.45 6.20786
1986.59 6.20805
1987.73 6.20823
1988.87 6.20841
1990.01 6.2086
1991.15 6.20878
1992.3 6.20897
1993.44 6.20915
1994.58 6.20934
1995.72 6.20952
1996.86 6.2097
1998.01 6.20989
1999.15 6.21007
2000.29 6.21026
2001.43 6.21044
2002.57 6.21062
2003.72 6.21081
2004.86 6.21099
2006 6.21117
2007.14 6.21136
2008.28 6.21154
2009.43 6.21172
2010.57 6.2119
2011.71 6.21209
2012.85 6.21227
2014 6.21245
2015.14 6.21263
2016.28 6.21281
2017.42 6.213
2018.57 6.21318
2019.71 6.21336
2020.85 6.21354
2021.99 6.21372
2023.14 6.2139
2024.28 6.21409
2025.42 6.21427
2026.57 6.21445
2027.71 6.21463
2028.85 6.21481
2029.99 6.21499
2031.14 6.21517
2032.28 6.21535
2033.42 6.21553
2034.57 6.21571
2035.71 6.21589
2036.85 6.21607
2038 6.21625
2039.14 6.21643
2040.28 6.21661
2041.43 6.21679
2042.57 6.21697
2043.71 6.21715
2044.86 6.21733
2046 6.21751
2047.14 6.21769
2048.29 6.21787
2049.43 6.21805
2050.57 6.21822
2051.72 6.2184
2052.86 6.21858
2054.01 6.21876
2055.15 6.21894
2056.29 6.21912
2057.44 6.21929
2058.58 6.21947
2059.72 6.21965
2060.87 6.21983
2062.01 6.22001
2063.16 6.22018
2064.3 6.22036
2065.44 6.22054
2066.59 6.22072
2067.73 6.22089
2068.88 6.22107
2070.02 6.22125
2071.17 6.22142
2072.31 6.2216
2073.45 6.22178
2074.6 6.22195
2075.74 6.22213
2076.89 6.22231
2078.03 6.22248
2079.18 6.22266
2080.32 6.22283
2081.47 6.22301
2082.61 6.22319
2083.75 6.22336
2084.9 6.22354
2086.04 6.22371
2087.19 6.22389
2088.33 6.22406
2089.48 6.22424
2090.62 6.22441
2091.77 6.22459
2092.91 6.22476
2094.06 6.22494
2095.2 6.22511
2096.35 6.22529
2097.49 6.22546
2098.64 6.22563
2099.78 6.22581
