0 0
0.0309018 0.0951056
0.0619609 0.190212
0.0931759 0.285319
0.124545 0.380427
0.156067 0.475538
0.187741 0.570651
0.219564 0.665766
0.251534 0.760886
0.283652 0.856009
0.315913 0.951137
0.348318 1.04627
0.380864 1.14141
0.413549 1.23655
0.446371 1.33171
0.479329 1.42687
0.51242 1.52203
0.545642 1.61721
0.578994 1.7124
0.612474 1.80759
0.646078 1.9028
0.679806 1.99802
0.713653 2.09325
0.74762 2.1885
0.781702 2.28375
0.815897 2.37903
0.850204 2.47432
0.884618 2.56962
0.919139 2.66494
0.953762 2.76028
0.988485 2.85564
1.02331 2.95101
1.05822 3.04641
1.09322 3.14183
1.12832 3.23727
1.16349 3.33274
1.19875 3.42823
1.23409 3.52374
1.2695 3.61928
1.30498 3.71485
1.34052 3.81045
1.37613 3.90608
1.4118 4.00174
1.44752 4.09743
1.48328 4.19315
1.5191 4.28891
1.55495 4.38471
1.59083 4.48054
1.62675 4.57641
1.66269 4.67233
1.69864 4.76828
1.73461 4.86428
1.77058 4.96032
1.80656 5.05641
1.84252 5.15255
1.87847 5.24874
1.9144 5.34497
1.9503 5.44127
1.98615 5.53762
2.02196 5.63402
2.05772 5.73049
2.09341 5.82702
2.12902 5.92361
2.16454 6.02027
2.19996 6.117
2.23528 6.2138
2.27047 6.31067
2.30552 6.40762
2.34042 6.50464
2.37515 6.60175
2.40969 6.69895
2.44403 6.79623
2.47815 6.8936
2.51203 6.99107
2.54563 7.08863
2.57895 7.1863
2.61195 7.28407
2.6446 7.38195
2.67687 7.47994
2.70872 7.57804
2.74012 7.67627
2.77101 7.77462
2.80136 7.8731
2.83111 7.97171
2.86019 8.07046
2.88853 8.16935
2.91605 8.26838
2.94265 8.36756
2.96823 8.46688
2.99264 8.56635
3.01572 8.66597
3.03727 8.76572
3.05704 8.86558
3.07468 8.96554
3.08975 9.06554
3.10158 9.16549
3.10917 9.26519
3.11073 9.36422
3.10236 9.4613
