0 0
-0.0681245 0.144772
-0.134779 0.289539
-0.199975 0.434294
-0.263727 0.579031
-0.326047 0.723745
-0.38695 0.868428
-0.446447 1.01308
-0.504555 1.15768
-0.561287 1.30223
-0.616658 1.44673
-0.670684 1.59116
-0.723379 1.73553
-0.774759 1.87981
-0.824842 2.02401
-0.873642 2.16811
-0.921178 2.31212
-0.967465 2.45601
-1.01252 2.59978
-1.05637 2.74343
-1.09902 2.88694
-1.14049 3.03031
-1.18081 3.17352
-1.21999 3.31656
-1.25806 3.45943
-1.29502 3.60212
-1.33091 3.74461
-1.36575 3.8869
-1.39955 4.02896
-1.43233 4.1708
-1.46412 4.3124
-1.49495 4.45374
-1.52482 4.59482
-1.55378 4.73561
-1.58183 4.87611
-1.609 5.01631
-1.63532 5.15618
-1.66082 5.29572
-1.68551 5.4349
-1.70941 5.57372
-1.73257 5.71215
-1.75499 5.85018
-1.77672 5.98779
-1.79776 6.12497
-1.81815 6.26169
-1.83792 6.39793
-1.85709 6.53368
-1.87569 6.66892
-1.89374 6.80362
-1.91128 6.93777
-1.92832 7.07134
-1.9449 7.20431
-1.96105 7.33665
-1.97678 7.46835
-1.99213 7.59937
-2.00713 7.7297
-2.0218 7.85931
-2.03617 7.98817
-2.05026 8.11625
-2.0641 8.24353
-2.07772 8.36998
-2.09114 8.49557
-2.10439 8.62028
-2.11749 8.74407
-2.13046 8.86691
-2.14334 8.98878
-2.15614 9.10964
-2.16889 9.22946
-2.1816 9.34822
-2.1943 9.46588
-2.20701 9.58241
-2.21975 9.69778
-2.23253 9.81195
-2.24537 9.92491
-2.2583 10.0366
-2.27132 10.147
-2.28445 10.2561
-2.29769 10.3639
-2.31108 10.4703
-2.32461 10.5752
-2.33829 10.6788
-2.35213 10.7809
-2.36614 10.8815
-2.38033 10.9806
-2.3947 11.0782
-2.40925 11.1742
-2.42398 11.2686
-2.43891 11.3615
-2.45401 11.4527
-2.46931 11.5423
-2.48478 11.6302
-2.50044 11.7165
-2.51627 11.8011
-2.53227 11.884
-2.54843 11.9652
-2.56475 12.0447
-2.58122 12.1225
-2.59783 12.1986
-2.61458 12.273
-2.63145 12.3457
-2.64843 12.4166
-2.66552 12.4859
-2.6827 12.5534
-2.69996 12.6193
-2.71729 12.6835
-2.73469 12.746
-2.75214 12.8069
-2.76963 12.8661
-2.78715 12.9238
-2.80469 12.9798
-2.82224 13.0342
-2.83979 13.087
-2.85733 13.1383
-2.87485 13.1881
-2.89235 13.2364
-2.9098 13.2832
-2.92722 13.3286
-2.94458 13.3725
-2.96189 13.4151
-2.97913 13.4562
-2.99629 13.4961
-3.01339 13.5346
-3.0304 13.5719
-3.04732 13.6079
-3.06415 13.6426
-3.08088 13.6762
-3.09752 13.7086
-3.11406 13.7399
-3.13049 13.7701
-3.14681 13.7992
-3.16303 13.8272
-3.17914 13.8543
-3.19514 13.8803
-3.21102 13.9054
-3.2268 13.9296
-3.24246 13.9528
-3.25801 13.9752
-3.27345 13.9967
-3.28878 14.0174
-3.30399 14.0373
-3.3191 14.0565
-3.33411 14.0749
-3.349 14.0925
-3.36379 14.1095
-3.37848 14.1258
-3.39307 14.1414
-3.40755 14.1564
-3.42194 14.1708
-3.43623 14.1846
-3.45043 14.1979
-3.46454 14.2106
-3.47856 14.2228
-3.49249 14.2344
-3.50634 14.2456
-3.52011 14.2563
-3.53379 14.2666
-3.5474 14.2764
-3.56093 14.2858
-3.57439 14.2948
-3.58778 14.3034
-3.6011 14.3117
-3.61436 14.3196
-3.62755 14.3271
-3.64068 14.3343
-3.65375 14.3412
-3.66676 14.3478
-3.67971 14.354
-3.69261 14.3601
-3.70546 14.3658
-3.71827 14.3713
-3.73102 14.3765
-3.74372 14.3815
-3.75639 14.3862
-3.76901 14.3908
-3.78159 14.3951
-3.79413 14.3993
-3.80663 14.4032
-3.8191 14.407
-3.83153 14.4105
-3.84393 14.4139
-3.8563 14.4172
-3.86864 14.4203
-3.88095 14.4232
-3.89323 14.426
-3.90548 14.4287
-3.91771 14.4313
-3.92992 14.4337
-3.9421 14.436
-3.95426 14.4382
-3.9664 14.4402
-3.97852 14.4422
-3.99062 14.4441
-4.0027 14.4459
-4.01477 14.4476
-4.02682 14.4492
-4.03885 14.4507
-4.05087 14.4522
-4.06287 14.4536
-4.07486 14.4549
-4.08684 14.4561
-4.09881 14.4573
-4.11076 14.4584
-4.1227 14.4595
-4.13463 14.4605
-4.14656 14.4614
-4.15847 14.4623
-4.17037 14.4632
-4.18227 14.464
-4.19415 14.4647
-4.20603 14.4655
-4.21791 14.4661
-4.22977 14.4668
-4.24163 14.4674
-4.25348 14.468
-4.26533 14.4685
-4.27717 14.469
-4.28901 14.4695
-4.30084 14.47
-4.31267 14.4704
-4.32449 14.4708
-4.33631 14.4712
-4.34812 14.4716
-4.35993 14.4719
-4.37174 14.4723
-4.38354 14.4726
-4.39534 14.4729
-4.40714 14.4731
-4.41893 14.4734
-4.43073 14.4736
-4.44252 14.4739
-4.4543 14.4741
-4.46609 14.4743
-4.47787 14.4745
-4.48965 14.4747
-4.50143 14.4748
-4.51321 14.475
-4.52499 14.4751
-4.53676 14.4753
-4.54853 14.4754
-4.56031 14.4755
-4.57208 14.4756
-4.58385 14.4757
-4.59561 14.4758
-4.60738 14.4759
-4.61915 14.476
-4.63091 14.4761
-4.64268 14.4762
-4.65444 14.4763
-4.6662 14.4763
-4.67797 14.4764
-4.68973 14.4765
-4.70149 14.4765
-4.71325 14.4766
-4.72501 14.4766
-4.73677 14.4767
-4.74853 14.4767
-4.76029 14.4767
-4.77205 14.4768
-4.78381 14.4768
-4.79556 14.4768
-4.80732 14.4769
-4.81908 14.4769
-4.83083 14.4769
-4.84259 14.4769
-4.85435 14.477
-4.8661 14.477
-4.87786 14.477
-4.88961 14.477
-4.90137 14.477
-4.91312 14.4771
-4.92488 14.4771
-4.93663 14.4771
-4.94839 14.4771
-4.96014 14.4771
-4.9719 14.4771
-4.98365 14.4771
-4.99541 14.4771
-5.00716 14.4771
-5.01891 14.4772
-5.03067 14.4772
-5.04242 14.4772
-5.05417 14.4772
-5.06593 14.4772
-5.07768 14.4772
-5.08944 14.4772
-5.10119 14.4772
-5.11294 14.4772
-5.1247 14.4772
-5.13645 14.4772
-5.1482 14.4772
-5.15996 14.4772
-5.17171 14.4772
-5.18346 14.4772
-5.19522 14.4772
-5.20697 14.4772
-5.21872 14.4772
-5.23048 14.4772
-5.24223 14.4772
-5.25398 14.4772
-5.26574 14.4772
-5.27749 14.4772
-5.28924 14.4772
-5.30099 14.4772
-5.31275 14.4772
-5.3245 14.4772
-5.33625 14.4772
-5.34801 14.4772
-5.35976 14.4772
-5.37151 14.4772
-5.38327 14.4772
-5.39502 14.4772
-5.40677 14.4772
-5.41853 14.4772
-5.43028 14.4772
-5.44203 14.4772
-5.45378 14.4772
-5.46554 14.4772
-5.47729 14.4772
-5.48904 14.4772
-5.5008 14.4772
-5.51255 14.4772
-5.5243 14.4772
-5.53606 14.4772
-5.54781 14.4772
-5.55956 14.4772
-5.57132 14.4772
-5.58307 14.4772
-5.59482 14.4772
-5.60657 14.4772
-5.61833 14.4772
-5.63008 14.4772
-5.64183 14.4772
-5.65359 14.4772
-5.66534 14.4772
-5.67709 14.4772
-5.68885 14.4772
-5.7006 14.4772
-5.71235 14.4772
-5.72411 14.4772
-5.73586 14.4772
-5.74761 14.4772
-5.75936 14.4772
-5.77112 14.4772
-5.78287 14.4772
-5.79462 14.4772
-5.80638 14.4772
-5.81813 14.4772
-5.82988 14.4772
-5.84164 14.4772
-5.85339 14.4772
-5.86514 14.4772
-5.8769 14.4772
-5.88865 14.4772
-5.9004 14.4772
-5.91215 14.4772
-5.92391 14.4772
-5.93566 14.4772
-5.94741 14.4772
-5.95917 14.4772
-5.97092 14.4772
-5.98267 14.4772
-5.99443 14.4772
-6.00618 14.4772
-6.01793 14.4772
-6.02969 14.4772
-6.04144 14.4772
-6.05319 14.4772
-6.06494 14.4772
-6.0767 14.4772
-6.08845 14.4772
-6.1002 14.4772
-6.11196 14.4772
-6.12371 14.4772
-6.13546 14.4772
-6.14722 14.4772
-6.15897 14.4772
-6.17072 14.4772
-6.18248 14.4772
-6.19423 14.4772
-6.20598 14.4772
-6.21773 14.4772
-6.22949 14.4772
-6.24124 14.4772
-6.25299 14.4772
-6.26475 14.4772
-6.2765 14.4772
-6.28825 14.4772
-6.30001 14.4772
-6.31176 14.4772
-6.32351 14.4772
-6.33527 14.4772
-6.34702 14.4772
-6.35877 14.4772
-6.37052 14.4772
-6.38228 14.4772
-6.39403 14.4772
-6.40578 14.4772
-6.41754 14.4772
-6.42929 14.4772
-6.44104 14.4772
-6.4528 14.4772
-6.46455 14.4772
-6.4763 14.4772
-6.48806 14.4772
-6.49981 14.4772
-6.51156 14.4772
-6.52331 14.4772
-6.53507 14.4772
-6.54682 14.4772
-6.55857 14.4772
-6.57033 14.4772
-6.58208 14.4772
-6.59383 14.4772
-6.60559 14.4772
-6.61734 14.4772
-6.62909 14.4772
-6.64085 14.4772
-6.6526 14.4772
-6.66435 14.4772
-6.67611 14.4772
-6.68786 14.4772
-6.69961 14.4772
-6.71136 14.4772
-6.72312 14.4772
-6.73487 14.4772
-6.74662 14.4772
-6.75838 14.4772
-6.77013 14.4772
-6.78188 14.4772
-6.79364 14.4772
-6.80539 14.4772
-6.81714 14.4772
-6.8289 14.4772
-6.84065 14.4772
-6.8524 14.4772
-6.86415 14.4772
-6.87591 14.4772
-6.88766 14.4772
-6.89941 14.4772
-6.91117 14.4772
-6.92292 14.4772
-6.93467 14.4772
-6.94643 14.4772
-6.95818 14.4772
-6.96993 14.4772
-6.66168 14.4772
-6.67344 14.4772
-6.68519 14.4772
-6.69694 14.4772
-6.7087 14.4772
-6.72045 14.4772
-6.7322 14.4772
-6.74396 14.4772
-6.75571 14.4772
-6.76746 14.4772
-6.77922 14.4772
-6.79097 14.4772
-6.80272 14.4772
-6.81448 14.4772
-6.82623 14.4772
-6.83798 14.4772
-6.84973 14.4772
-6.86149 14.4772
-6.87324 14.4772
-6.88499 14.4772
-6.89675 14.4772
-6.9085 14.4772
-6.92025 14.4772
-6.93201 14.4772
-6.94376 14.4772
-6.95551 14.4772
-6.96727 14.4772
-6.65902 14.4772
-6.67077 14.4772
-6.68252 14.4772
-6.69428 14.4772
-6.70603 14.4772
-6.71778 14.4772
-6.72954 14.4772
-6.74129 14.4772
-6.75304 14.4772
-6.7648 14.4772
-6.77655 14.4772
-6.7883 14.4772
-6.80006 14.4772
-6.81181 14.4772
-6.82356 14.4772
-6.83531 14.4772
-6.84707 14.4772
-6.85882 14.4772
-6.87057 14.4772
-6.88233 14.4772
-6.89408 14.4772
-6.90583 14.4772
-6.91759 14.4772
-6.92934 14.4772
-6.94109 14.4772
-6.95285 14.4772
-6.9646 14.4772
-6.65635 14.4772
-6.6681 14.4772
-6.67986 14.4772
-6.69161 14.4772
-6.70336 14.4772
-6.71512 14.4772
-6.72687 14.4772
-6.73862 14.4772
-6.75038 14.4772
-6.76213 14.4772
-6.77388 14.4772
-6.78564 14.4772
-6.79739 14.4772
-6.80914 14.4772
-6.82089 14.4772
-6.83265 14.4772
-6.8444 14.4772
-6.85615 14.4772
-6.86791 14.4772
-6.87966 14.4772
-6.89141 14.4772
-6.90317 14.4772
-6.91492 14.4772
-6.92667 14.4772
-6.93843 14.4772
-6.95018 14.4772
-6.96193 14.4772
-6.65369 14.4772
-6.66544 14.4772
-6.67719 14.4772
-6.68894 14.4772
-6.7007 14.4772
-6.71245 14.4772
-6.7242 14.4772
-6.73596 14.4772
-6.74771 14.4772
-6.75946 14.4772
-6.77122 14.4772
-6.78297 14.4772
-6.79472 14.4772
-6.80648 14.4772
-6.81823 14.4772
-6.82998 14.4772
-6.84173 14.4772
-6.85349 14.4772
-6.86524 14.4772
-6.87699 14.4772
-6.88875 14.4772
-6.9005 14.4772
-6.91225 14.4772
-6.92401 14.4772
-6.93576 14.4772
-6.94751 14.4772
-6.95927 14.4772
-6.97102 14.4772
-6.66277 14.4772
-6.67452 14.4772
-6.68628 14.4772
-6.69803 14.4772
-6.70978 14.4772
-6.72154 14.4772
-6.73329 14.4772
-6.74504 14.4772
-6.7568 14.4772
-6.76855 14.4772
-6.7803 14.4772
-6.79206 14.4772
-6.80381 14.4772
-6.81556 14.4772
-6.82731 14.4772
-6.83907 14.4772
-6.85082 14.4772
-6.86257 14.4772
-6.87433 14.4772
-6.88608 14.4772
-6.89783 14.4772
-6.90959 14.4772
-6.92134 14.4772
-6.93309 14.4772
-6.94485 14.4772
-6.9566 14.4772
-6.96835 14.4772
-6.6601 14.4772
-6.67186 14.4772
-6.68361 14.4772
-6.69536 14.4772
-6.70712 14.4772
-6.71887 14.4772
-6.73062 14.4772
-6.74238 14.4772
-6.75413 14.4772
-6.76588 14.4772
-6.77764 14.4772
-6.78939 14.4772
-6.80114 14.4772
-6.81289 14.4772
-6.82465 14.4772
-6.8364 14.4772
-6.84815 14.4772
-6.85991 14.4772
-6.87166 14.4772
-6.88341 14.4772
-6.89517 14.4772
-6.90692 14.4772
-6.91867 14.4772
-6.93043 14.4772
-6.94218 14.4772
-6.95393 14.4772
-6.96568 14.4772
-6.65744 14.4772
-6.66919 14.4772
-6.68094 14.4772
-6.6927 14.4772
-6.70445 14.4772
-6.7162 14.4772
-6.72796 14.4772
-6.73971 14.4772
-6.75146 14.4772
-6.76322 14.4772
-6.77497 14.4772
-6.78672 14.4772
-6.79847 14.4772
-6.81023 14.4772
-6.82198 14.4772
-6.83373 14.4772
-6.84549 14.4772
-6.85724 14.4772
-6.86899 14.4772
-6.88075 14.4772
-6.8925 14.4772
-6.90425 14.4772
-6.91601 14.4772
-6.92776 14.4772
-6.93951 14.4772
-6.95126 14.4772
-6.96302 14.4772
-6.65477 14.4772
-6.66652 14.4772
-6.67828 14.4772
-6.69003 14.4772
-6.70178 14.4772
-6.71354 14.4772
-6.72529 14.4772
-6.73704 14.4772
-6.7488 14.4772
-6.76055 14.4772
-6.7723 14.4772
-6.78406 14.4772
-6.79581 14.4772
-6.80756 14.4772
-6.81931 14.4772
-6.83107 14.4772
-6.84282 14.4772
-6.85457 14.4772
-6.86633 14.4772
-6.87808 14.4772
-6.88983 14.4772
-6.90159 14.4772
-6.91334 14.4772
-6.92509 14.4772
-6.93685 14.4772
-6.9486 14.4772
-6.96035 14.4772
-6.9721 14.4772
-6.66386 14.4772
-6.67561 14.4772
-6.68736 14.4772
-6.69911 14.4772
-6.71087 14.4772
-6.72262 14.4772
-6.73437 14.4772
-6.74613 14.4772
-6.75788 14.4772
-6.76963 14.4772
-6.78139 14.4772
-6.79314 14.4772
-6.80489 14.4772
-6.81665 14.4772
-6.8284 14.4772
-6.84015 14.4772
-6.8519 14.4772
-6.86366 14.4772
-6.87541 14.4772
-6.88716 14.4772
-6.89892 14.4772
-6.91067 14.4772
-6.92242 14.4772
-6.93418 14.4772
-6.94593 14.4772
-6.95768 14.4772
-6.96943 14.4772
-6.66119 14.4772
-6.67294 14.4772
-6.68469 14.4772
-6.69645 14.4772
-6.7082 14.4772
-6.71995 14.4772
-6.73171 14.4772
-6.74346 14.4772
-6.75521 14.4772
-6.76697 14.4772
-6.77872 14.4772
-6.79047 14.4772
-6.80222 14.4772
-6.81398 14.4772
-6.82573 14.4772
-6.83748 14.4772
-6.84924 14.4772
-6.86099 14.4772
-6.87274 14.4772
-6.8845 14.4772
-6.89625 14.4772
-6.908 14.4772
-6.91976 14.4772
-6.93151 14.4772
-6.94326 14.4772
-6.95501 14.4772
-6.96677 14.4772
-6.65852 14.4772
-6.67027 14.4772
-6.68203 14.4772
-6.69378 14.4772
-6.70553 14.4772
-6.71729 14.4772
-6.72904 14.4772
-6.74079 14.4772
-6.75255 14.4772
-6.7643 14.4772
-6.77605 14.4772
-6.7878 14.4772
-6.79956 14.4772
-6.81131 14.4772
-6.82306 14.4772
-6.83482 14.4772
-6.84657 14.4772
-6.85832 14.4772
-6.87008 14.4772
-6.88183 14.4772
-6.89358 14.4772
-6.90534 14.4772
-6.91709 14.4772
-6.92884 14.4772
-6.94059 14.4772
-6.95235 14.4772
-6.9641 14.4772
-6.65585 14.4772
-6.66761 14.4772
-6.67936 14.4772
-6.69111 14.4772
-6.70287 14.4772
-6.71462 14.4772
-6.72637 14.4772
-6.73813 14.4772
-6.74988 14.4772
-6.76163 14.4772
-6.77338 14.4772
-6.78514 14.4772
-6.79689 14.4772
-6.80864 14.4772
-6.8204 14.4772
-6.83215 14.4772
-6.8439 14.4772
-6.85566 14.4772
-6.86741 14.4772
-6.87916 14.4772
-6.89092 14.4772
-6.90267 14.4772
-6.91442 14.4772
-6.92617 14.4772
-6.93793 14.4772
-6.94968 14.4772
-6.96143 14.4772
-6.65319 14.4772
-6.66494 14.4772
-6.67669 14.4772
-6.68845 14.4772
-6.7002 14.4772
-6.71195 14.4772
-6.72371 14.4772
-6.73546 14.4772
-6.74721 14.4772
-6.75897 14.4772
-6.77072 14.4772
-6.78247 14.4772
-6.79422 14.4772
-6.80598 14.4772
-6.81773 14.4772
-6.82948 14.4772
-6.84124 14.4772
-6.85299 14.4772
-6.86474 14.4772
-6.8765 14.4772
-6.88825 14.4772
-6.9 14.4772
-6.91176 14.4772
-6.92351 14.4772
-6.93526 14.4772
-6.94701 14.4772
-6.95877 14.4772
-6.97052 14.4772
-6.66227 14.4772
-6.67403 14.4772
-6.68578 14.4772
-6.69753 14.4772
-6.70929 14.4772
-6.72104 14.4772
-6.73279 14.4772
-6.74454 14.4772
-6.7563 14.4772
-6.76805 14.4772
-6.7798 14.4772
-6.79156 14.4772
-6.80331 14.4772
-6.81506 14.4772
-6.82682 14.4772
-6.83857 14.4772
-6.85032 14.4772
-6.86208 14.4772
-6.87383 14.4772
-6.88558 14.4772
-6.89734 14.4772
-6.90909 14.4772
-6.92084 14.4772
-6.93259 14.4772
-6.94435 14.4772
-6.9561 14.4772
-6.96785 14.4772
-6.65961 14.4772
-6.67136 14.4772
-6.68311 14.4772
-6.69487 14.4772
-6.70662 14.4772
-6.71837 14.4772
-6.73012 14.4772
-6.74188 14.4772
-6.75363 14.4772
-6.76538 14.4772
-6.77714 14.4772
-6.78889 14.4772
-6.80064 14.4772
-6.8124 14.4772
-6.82415 14.4772
-6.8359 14.4772
-6.84766 14.4772
-6.85941 14.4772
-6.87116 14.4772
-6.88292 14.4772
-6.89467 14.4772
-6.90642 14.4772
-6.91817 14.4772
-6.92993 14.4772
-6.94168 14.4772
-6.95343 14.4772
-6.96519 14.4772
-6.65694 14.4772
-6.66869 14.4772
-6.68045 14.4772
-6.6922 14.4772
-6.70395 14.4772
-6.7157 14.4772
-6.72746 14.4772
-6.73921 14.4772
-6.75096 14.4772
-6.76272 14.4772
-6.77447 14.4772
-6.78622 14.4772
-6.79798 14.4772
-6.80973 14.4772
-6.82148 14.4772
-6.83324 14.4772
-6.84499 14.4772
-6.85674 14.4772
-6.86849 14.4772
-6.88025 14.4772
-6.892 14.4772
-6.90375 14.4772
-6.91551 14.4772
-6.92726 14.4772
-6.93901 14.4772
-6.95077 14.4772
-6.96252 14.4772
-6.65427 14.4772
-6.66603 14.4772
-6.67778 14.4772
-6.68953 14.4772
-6.70129 14.4772
-6.71304 14.4772
-6.72479 14.4772
-6.73654 14.4772
-6.7483 14.4772
-6.76005 14.4772
-6.7718 14.4772
-6.78356 14.4772
-6.79531 14.4772
-6.80706 14.4772
-6.81882 14.4772
-6.83057 14.4772
-6.84232 14.4772
-6.85408 14.4772
-6.86583 14.4772
-6.87758 14.4772
-6.88933 14.4772
-6.90109 14.4772
-6.91284 14.4772
-6.92459 14.4772
-6.93635 14.4772
-6.9481 14.4772
-6.95985 14.4772
-6.97161 14.4772
-6.66336 14.4772
-6.67511 14.4772
-6.68686 14.4772
-6.69862 14.4772
-6.71037 14.4772
-6.72212 14.4772
-6.73388 14.4772
-6.74563 14.4772
-6.75738 14.4772
-6.76914 14.4772
-6.78089 14.4772
-6.79264 14.4772
-6.8044 14.4772
-6.81615 14.4772
-6.8279 14.4772
-6.83965 14.4772
-6.85141 14.4772
-6.86316 14.4772
-6.87491 14.4772
-6.88667 14.4772
-6.89842 14.4772
-6.91017 14.4772
-6.92193 14.4772
-6.93368 14.4772
-6.94543 14.4772
-6.95719 14.4772
-6.96894 14.4772
-6.66069 14.4772
-6.67244 14.4772
-6.6842 14.4772
-6.69595 14.4772
-6.7077 14.4772
-6.71946 14.4772
-6.73121 14.4772
-6.74296 14.4772
-6.75472 14.4772
-6.76647 14.4772
-6.77822 14.4772
-6.78998 14.4772
-6.80173 14.4772
-6.81348 14.4772
-6.82523 14.4772
-6.83699 14.4772
-6.84874 14.4772
-6.86049 14.4772
-6.87225 14.4772
-6.884 14.4772
-6.89575 14.4772
-6.90751 14.4772
-6.91926 14.4772
-6.93101 14.4772
-6.94277 14.4772
-6.95452 14.4772
-6.96627 14.4772
-6.65802 14.4772
-6.66978 14.4772
-6.68153 14.4772
-6.69328 14.4772
-6.70504 14.4772
-6.71679 14.4772
-6.72854 14.4772
-6.7403 14.4772
-6.75205 14.4772
-6.7638 14.4772
-6.77556 14.4772
-6.78731 14.4772
-6.79906 14.4772
-6.81081 14.4772
-6.82257 14.4772
-6.83432 14.4772
-6.84607 14.4772
-6.85783 14.4772
-6.86958 14.4772
-6.88133 14.4772
-6.89309 14.4772
-6.90484 14.4772
-6.91659 14.4772
-6.92835 14.4772
-6.9401 14.4772
-6.95185 14.4772
-6.9636 14.4772
-6.65536 14.4772
-6.66711 14.4772
-6.67886 14.4772
-6.69062 14.4772
-6.70237 14.4772
-6.71412 14.4772
-6.72588 14.4772
-6.73763 14.4772
-6.74938 14.4772
-6.76114 14.4772
-6.77289 14.4772
-6.78464 14.4772
-6.7964 14.4772
-6.80815 14.4772
-6.8199 14.4772
-6.83165 14.4772
-6.84341 14.4772
-6.85516 14.4772
-6.86691 14.4772
-6.87867 14.4772
-6.89042 14.4772
-6.90217 14.4772
-6.91393 14.4772
-6.92568 14.4772
-6.93743 14.4772
-6.94919 14.4772
-6.96094 14.4772
-6.65269 14.4772
-6.66444 14.4772
-6.6762 14.4772
-6.68795 14.4772
-6.6997 14.4772
-6.71146 14.4772
-6.72321 14.4772
-6.73496 14.4772
-6.74671 14.4772
-6.75847 14.4772
-6.77022 14.4772
-6.78197 14.4772
-6.79373 14.4772
-6.80548 14.4772
-6.81723 14.4772
-6.82899 14.4772
-6.84074 14.4772
-6.85249 14.4772
-6.86425 14.4772
-6.876 14.4772
-6.88775 14.4772
-6.8995 14.4772
-6.91126 14.4772
-6.92301 14.4772
-6.93476 14.4772
-6.94652 14.4772
-6.95827 14.4772
-6.97002 14.4772
-6.66178 14.4772
-6.67353 14.4772
-6.68528 14.4772
-6.69704 14.4772
-6.70879 14.4772
-6.72054 14.4772
-6.73229 14.4772
-6.74405 14.4772
-6.7558 14.4772
-6.76755 14.4772
-6.77931 14.4772
-6.79106 14.4772
-6.80281 14.4772
-6.81457 14.4772
-6.82632 14.4772
-6.83807 14.4772
-6.84983 14.4772
-6.86158 14.4772
-6.87333 14.4772
-6.88508 14.4772
-6.89684 14.4772
-6.90859 14.4772
-6.92034 14.4772
-6.9321 14.4772
-6.94385 14.4772
-6.9556 14.4772
-6.96736 14.4772
-6.65911 14.4772
-6.67086 14.4772
-6.68262 14.4772
-6.69437 14.4772
-6.70612 14.4772
-6.71787 14.4772
-6.72963 14.4772
-6.74138 14.4772
-6.75313 14.4772
-6.76489 14.4772
-6.77664 14.4772
-6.78839 14.4772
-6.80015 14.4772
-6.8119 14.4772
-6.82365 14.4772
-6.83541 14.4772
-6.84716 14.4772
-6.85891 14.4772
-6.87066 14.4772
-6.88242 14.4772
-6.89417 14.4772
-6.90592 14.4772
-6.91768 14.4772
-6.92943 14.4772
-6.94118 14.4772
-6.95294 14.4772
-6.96469 14.4772
-6.65644 14.4772
-6.6682 14.4772
-6.67995 14.4772
-6.6917 14.4772
-6.70345 14.4772
-6.71521 14.4772
-6.72696 14.4772
-6.73871 14.4772
-6.75047 14.4772
-6.76222 14.4772
-6.77397 14.4772
-6.78573 14.4772
-6.79748 14.4772
-6.80923 14.4772
-6.82099 14.4772
-6.83274 14.4772
-6.84449 14.4772
-6.85625 14.4772
-6.868 14.4772
-6.87975 14.4772
-6.8915 14.4772
-6.90326 14.4772
-6.91501 14.4772
-6.92676 14.4772
-6.93852 14.4772
-6.95027 14.4772
-6.96202 14.4772
-6.65378 14.4772
-6.66553 14.4772
-6.67728 14.4772
-6.68903 14.4772
-6.70079 14.4772
-6.71254 14.4772
-6.72429 14.4772
-6.73605 14.4772
-6.7478 14.4772
-6.75955 14.4772
-6.77131 14.4772
-6.78306 14.4772
-6.79481 14.4772
-6.80657 14.4772
-6.81832 14.4772
-6.83007 14.4772
-6.84182 14.4772
-6.85358 14.4772
-6.86533 14.4772
-6.87708 14.4772
-6.88884 14.4772
-6.90059 14.4772
-6.91234 14.4772
-6.9241 14.4772
-6.93585 14.4772
-6.9476 14.4772
-6.95936 14.4772
-6.97111 14.4772
-6.66286 14.4772
-6.67461 14.4772
-6.68637 14.4772
-6.69812 14.4772
-6.70987 14.4772
-6.72163 14.4772
-6.73338 14.4772
-6.74513 14.4772
-6.75689 14.4772
-6.76864 14.4772
-6.78039 14.4772
-6.79215 14.4772
-6.8039 14.4772
-6.81565 14.4772
-6.8274 14.4772
-6.83916 14.4772
-6.85091 14.4772
-6.86266 14.4772
-6.87442 14.4772
-6.88617 14.4772
-6.89792 14.4772
-6.90968 14.4772
-6.92143 14.4772
-6.93318 14.4772
-6.94494 14.4772
-6.95669 14.4772
-6.96844 14.4772
-6.66019 14.4772
-6.67195 14.4772
-6.6837 14.4772
-6.69545 14.4772
-6.70721 14.4772
-6.71896 14.4772
-6.73071 14.4772
-6.74247 14.4772
-6.75422 14.4772
-6.76597 14.4772
-6.77773 14.4772
-6.78948 14.4772
-6.80123 14.4772
-6.81298 14.4772
-6.82474 14.4772
-6.83649 14.4772
-6.84824 14.4772
-6.86 14.4772
-6.87175 14.4772
-6.8835 14.4772
-6.89526 14.4772
-6.90701 14.4772
-6.91876 14.4772
-6.93052 14.4772
-6.94227 14.4772
-6.95402 14.4772
-6.96577 14.4772
-6.65753 14.4772
-6.66928 14.4772
-6.68103 14.4772
-6.69279 14.4772
-6.70454 14.4772
-6.71629 14.4772
-6.72805 14.4772
-6.7398 14.4772
-6.75155 14.4772
-6.76331 14.4772
-6.77506 14.4772
-6.78681 14.4772
-6.79856 14.4772
-6.81032 14.4772
-6.82207 14.4772
-6.83382 14.4772
-6.84558 14.4772
-6.85733 14.4772
-6.86908 14.4772
-6.88084 14.4772
-6.89259 14.4772
-6.90434 14.4772
-6.9161 14.4772
-6.92785 14.4772
-6.9396 14.4772
-6.95135 14.4772
-6.96311 14.4772
-6.65486 14.4772
-6.66661 14.4772
-6.67837 14.4772
-6.69012 14.4772
-6.70187 14.4772
-6.71363 14.4772
-6.72538 14.4772
-6.73713 14.4772
-6.74889 14.4772
-6.76064 14.4772
-6.77239 14.4772
-6.78414 14.4772
-6.7959 14.4772
-6.80765 14.4772
-6.8194 14.4772
-6.83116 14.4772
-6.84291 14.4772
-6.85466 14.4772
-6.86642 14.4772
-6.87817 14.4772
-6.88992 14.4772
-6.90168 14.4772
-6.91343 14.4772
-6.92518 14.4772
-6.93693 14.4772
-6.94869 14.4772
-6.96044 14.4772
-6.97219 14.4772
-6.66395 14.4772
-6.6757 14.4772
-6.68745 14.4772
-6.69921 14.4772
-6.71096 14.4772
-6.72271 14.4772
-6.73447 14.4772
-6.74622 14.4772
-6.75797 14.4772
-6.76973 14.4772
-6.78148 14.4772
-6.79323 14.4772
-6.80498 14.4772
-6.81674 14.4772
-6.82849 14.4772
-6.84024 14.4772
-6.852 14.4772
-6.86375 14.4772
-6.8755 14.4772
-6.88726 14.4772
-6.89901 14.4772
-6.91076 14.4772
-6.92252 14.4772
-6.93427 14.4772
-6.94602 14.4772
-6.95777 14.4772
-6.96953 14.4772
-6.66128 14.4772
-6.67303 14.4772
-6.68479 14.4772
-6.69654 14.4772
-6.70829 14.4772
-6.72005 14.4772
-6.7318 14.4772
-6.74355 14.4772
-6.75531 14.4772
-6.76706 14.4772
-6.77881 14.4772
-6.79056 14.4772
-6.80232 14.4772
-6.81407 14.4772
-6.82582 14.4772
-6.83758 14.4772
-6.84933 14.4772
-6.86108 14.4772
-6.87284 14.4772
-6.88459 14.4772
-6.89634 14.4772
-6.9081 14.4772
-6.91985 14.4772
-6.9316 14.4772
-6.94335 14.4772
-6.95511 14.4772
-6.96686 14.4772
-6.65861 14.4772
-6.67037 14.4772
-6.68212 14.4772
-6.69387 14.4772
-6.70563 14.4772
-6.71738 14.4772
-6.72913 14.4772
-6.74089 14.4772
-6.75264 14.4772
-6.76439 14.4772
-6.77614 14.4772
-6.7879 14.4772
-6.79965 14.4772
-6.8114 14.4772
-6.82316 14.4772
-6.83491 14.4772
-6.84666 14.4772
-6.85842 14.4772
-6.87017 14.4772
-6.88192 14.4772
-6.89368 14.4772
-6.90543 14.4772
-6.91718 14.4772
-6.92893 14.4772
-6.94069 14.4772
-6.95244 14.4772
-6.96419 14.4772
-6.65595 14.4772
-6.6677 14.4772
-6.67945 14.4772
-6.69121 14.4772
-6.70296 14.4772
-6.71471 14.4772
-6.72647 14.4772
-6.73822 14.4772
-6.74997 14.4772
-6.76172 14.4772
-6.77348 14.4772
-6.78523 14.4772
-6.79698 14.4772
-6.80874 14.4772
-6.82049 14.4772
-6.83224 14.4772
-6.844 14.4772
-6.85575 14.4772
-6.8675 14.4772
-6.87926 14.4772
-6.89101 14.4772
-6.90276 14.4772
-6.91451 14.4772
-6.92627 14.4772
-6.93802 14.4772
-6.94977 14.4772
-6.96153 14.4772
-6.65328 14.4772
-6.66503 14.4772
-6.67679 14.4772
-6.68854 14.4772
-6.70029 14.4772
-6.71205 14.4772
-6.7238 14.4772
-6.73555 14.4772
-6.7473 14.4772
-6.75906 14.4772
-6.77081 14.4772
-6.78256 14.4772
-6.79432 14.4772
-6.80607 14.4772
-6.81782 14.4772
-6.82958 14.4772
-6.84133 14.4772
-6.85308 14.4772
-6.86484 14.4772
-6.87659 14.4772
-6.88834 14.4772
-6.90009 14.4772
-6.91185 14.4772
-6.9236 14.4772
-6.93535 14.4772
-6.94711 14.4772
-6.95886 14.4772
-6.97061 14.4772
-6.66237 14.4772
-6.67412 14.4772
-6.68587 14.4772
-6.69763 14.4772
-6.70938 14.4772
-6.72113 14.4772
-6.73289 14.4772
-6.74464 14.4772
-6.75639 14.4772
-6.76814 14.4772
-6.7799 14.4772
-6.79165 14.4772
-6.8034 14.4772
-6.81516 14.4772
-6.82691 14.4772
-6.83866 14.4772
-6.85042 14.4772
-6.86217 14.4772
-6.87392 14.4772
-6.88568 14.4772
-6.89743 14.4772
-6.90918 14.4772
-6.92093 14.4772
-6.93269 14.4772
-6.94444 14.4772
-6.95619 14.4772
-6.96795 14.4772
-6.6597 14.4772
-6.67145 14.4772
-6.68321 14.4772
-6.69496 14.4772
-6.70671 14.4772
-6.71847 14.4772
-6.73022 14.4772
-6.74197 14.4772
-6.75372 14.4772
-6.76548 14.4772
-6.77723 14.4772
-6.78898 14.4772
-6.80074 14.4772
-6.81249 14.4772
-6.82424 14.4772
-6.836 14.4772
-6.84775 14.4772
-6.8595 14.4772
-6.87126 14.4772
-6.88301 14.4772
-6.89476 14.4772
-6.90651 14.4772
-6.91827 14.4772
-6.93002 14.4772
-6.94177 14.4772
-6.95353 14.4772
-6.96528 14.4772
-6.65703 14.4772
-6.66879 14.4772
-6.68054 14.4772
-6.69229 14.4772
-6.70405 14.4772
-6.7158 14.4772
-6.72755 14.4772
-6.7393 14.4772
-6.75106 14.4772
-6.76281 14.4772
-6.77456 14.4772
-6.78632 14.4772
-6.79807 14.4772
-6.80982 14.4772
-6.82158 14.4772
-6.83333 14.4772
-6.84508 14.4772
-6.85684 14.4772
-6.86859 14.4772
-6.88034 14.4772
-6.89209 14.4772
-6.90385 14.4772
-6.9156 14.4772
-6.92735 14.4772
-6.93911 14.4772
-6.95086 14.4772
-6.96261 14.4772
-6.65437 14.4772
-6.66612 14.4772
-6.67787 14.4772
-6.68963 14.4772
-6.70138 14.4772
-6.71313 14.4772
-6.72488 14.4772
-6.73664 14.4772
-6.74839 14.4772
-6.76014 14.4772
-6.7719 14.4772
-6.78365 14.4772
-6.7954 14.4772
-6.80716 14.4772
-6.81891 14.4772
-6.83066 14.4772
-6.84242 14.4772
-6.85417 14.4772
-6.86592 14.4772
-6.87768 14.4772
-6.88943 14.4772
-6.90118 14.4772
-6.91293 14.4772
-6.92469 14.4772
-6.93644 14.4772
-6.94819 14.4772
-6.95995 14.4772
-6.9717 14.4772
-6.66345 14.4772
-6.6752 14.4772
-6.68696 14.4772
-6.69871 14.4772
-6.71046 14.4772
-6.72222 14.4772
-6.73397 14.4772
-6.74572 14.4772
-6.75748 14.4772
-6.76923 14.4772
-6.78098 14.4772
-6.79274 14.4772
-6.80449 14.4772
-6.81624 14.4772
-6.82799 14.4772
-6.83975 14.4772
-6.8515 14.4772
-6.86325 14.4772
-6.87501 14.4772
-6.88676 14.4772
-6.89851 14.4772
-6.91027 14.4772
-6.92202 14.4772
-6.93377 14.4772
-6.94553 14.4772
-6.95728 14.4772
-6.96903 14.4772
-6.66078 14.4772
-6.67254 14.4772
-6.68429 14.4772
-6.69604 14.4772
-6.7078 14.4772
-6.71955 14.4772
-6.7313 14.4772
-6.74306 14.4772
-6.75481 14.4772
-6.76656 14.4772
-6.77832 14.4772
-6.79007 14.4772
-6.80182 14.4772
-6.81357 14.4772
-6.82533 14.4772
-6.83708 14.4772
-6.84883 14.4772
-6.86059 14.4772
-6.87234 14.4772
-6.88409 14.4772
-6.89585 14.4772
-6.9076 14.4772
-6.91935 14.4772
-6.93111 14.4772
-6.94286 14.4772
-6.95461 14.4772
-6.96636 14.4772
-6.65812 14.4772
-6.66987 14.4772
-6.68162 14.4772
-6.69338 14.4772
-6.70513 14.4772
-6.71688 14.4772
-6.72864 14.4772
-6.74039 14.4772
-6.75214 14.4772
-6.7639 14.4772
-6.77565 14.4772
-6.7874 14.4772
-6.79915 14.4772
-6.81091 14.4772
-6.82266 14.4772
-6.83441 14.4772
-6.84617 14.4772
-6.85792 14.4772
-6.86967 14.4772
-6.88143 14.4772
-6.89318 14.4772
-6.90493 14.4772
-6.91669 14.4772
-6.92844 14.4772
-6.94019 14.4772
-6.95194 14.4772
-6.9637 14.4772
-6.65545 14.4772
-6.6672 14.4772
-6.67896 14.4772
-6.69071 14.4772
-6.70246 14.4772
-6.71422 14.4772
-6.72597 14.4772
-6.73772 14.4772
-6.74948 14.4772
-6.76123 14.4772
-6.77298 14.4772
-6.78474 14.4772
-6.79649 14.4772
-6.80824 14.4772
-6.81999 14.4772
-6.83175 14.4772
-6.8435 14.4772
-6.85525 14.4772
-6.86701 14.4772
-6.87876 14.4772
-6.89051 14.4772
-6.90227 14.4772
-6.91402 14.4772
-6.92577 14.4772
-6.93753 14.4772
-6.94928 14.4772
-6.96103 14.4772
-6.65278 14.4772
-6.66454 14.4772
-6.67629 14.4772
-6.68804 14.4772
-6.69979 14.4772
-6.71155 14.4772
-6.7233 14.4772
-6.73505 14.4772
-6.74681 14.4772
-6.75856 14.4772
-6.77031 14.4772
-6.78207 14.4772
-6.79382 14.4772
-6.80557 14.4772
-6.81733 14.4772
-6.82908 14.4772
-6.84083 14.4772
-6.85258 14.4772
-6.86434 14.4772
-6.87609 14.4772
-6.88784 14.4772
-6.8996 14.4772
-6.91135 14.4772
-6.9231 14.4772
-6.93486 14.4772
-6.94661 14.4772
-6.95836 14.4772
-6.97012 14.4772
-6.66187 14.4772
-6.67362 14.4772
-6.68537 14.4772
-6.69713 14.4772
-6.70888 14.4772
-6.72063 14.4772
-6.73239 14.4772
-6.74414 14.4772
-6.75589 14.4772
-6.76765 14.4772
-6.7794 14.4772
-6.79115 14.4772
-6.80291 14.4772
-6.81466 14.4772
-6.82641 14.4772
-6.83816 14.4772
-6.84992 14.4772
-6.86167 14.4772
-6.87342 14.4772
-6.88518 14.4772
-6.89693 14.4772
-6.90868 14.4772
-6.92044 14.4772
-6.93219 14.4772
-6.94394 14.4772
-6.9557 14.4772
-6.96745 14.4772
-6.6592 14.4772
-6.67095 14.4772
-6.68271 14.4772
-6.69446 14.4772
-6.70621 14.4772
-6.71797 14.4772
-6.72972 14.4772
-6.74147 14.4772
-6.75323 14.4772
-6.76498 14.4772
-6.77673 14.4772
-6.78849 14.4772
-6.80024 14.4772
-6.81199 14.4772
-6.82374 14.4772
-6.8355 14.4772
-6.84725 14.4772
-6.859 14.4772
-6.87076 14.4772
-6.88251 14.4772
-6.89426 14.4772
-6.90602 14.4772
-6.91777 14.4772
-6.92952 14.4772
-6.94128 14.4772
-6.95303 14.4772
-6.96478 14.4772
-6.65653 14.4772
-6.66829 14.4772
-6.68004 14.4772
-6.69179 14.4772
-6.70355 14.4772
-6.7153 14.4772
-6.72705 14.4772
-6.73881 14.4772
-6.75056 14.4772
-6.76231 14.4772
-6.77407 14.4772
-6.78582 14.4772
-6.79757 14.4772
-6.80932 14.4772
-6.82108 14.4772
-6.83283 14.4772
-6.84458 14.4772
-6.85634 14.4772
-6.86809 14.4772
-6.87984 14.4772
-6.8916 14.4772
-6.90335 14.4772
-6.9151 14.4772
-6.92686 14.4772
-6.93861 14.4772
-6.95036 14.4772
-6.96211 14.4772
-6.65387 14.4772
-6.66562 14.4772
-6.67737 14.4772
-6.68913 14.4772
-6.70088 14.4772
-6.71263 14.4772
-6.72439 14.4772
-6.73614 14.4772
-6.74789 14.4772
-6.75965 14.4772
-6.7714 14.4772
-6.78315 14.4772
-6.7949 14.4772
-6.80666 14.4772
-6.81841 14.4772
-6.83016 14.4772
-6.84192 14.4772
-6.85367 14.4772
-6.86542 14.4772
-6.87718 14.4772
-6.88893 14.4772
-6.90068 14.4772
-6.91244 14.4772
-6.92419 14.4772
-6.93594 14.4772
-6.94769 14.4772
-6.95945 14.4772
-6.9712 14.4772
-6.66295 14.4772
-6.67471 14.4772
-6.68646 14.4772
-6.69821 14.4772
-6.70997 14.4772
-6.72172 14.4772
-6.73347 14.4772
-6.74522 14.4772
-6.75698 14.4772
-6.76873 14.4772
-6.78048 14.4772
-6.79224 14.4772
-6.80399 14.4772
-6.81574 14.4772
-6.8275 14.4772
-6.83925 14.4772
-6.851 14.4772
-6.86276 14.4772
-6.87451 14.4772
-6.88626 14.4772
-6.89802 14.4772
-6.90977 14.4772
-6.92152 14.4772
-6.93327 14.4772
-6.94503 14.4772
-6.95678 14.4772
-6.96853 14.4772
-6.66029 14.4772
-6.67204 14.4772
-6.68379 14.4772
-6.69555 14.4772
-6.7073 14.4772
-6.71905 14.4772
-6.7308 14.4772
-6.74256 14.4772
-6.75431 14.4772
-6.76606 14.4772
-6.77782 14.4772
-6.78957 14.4772
-6.80132 14.4772
-6.81308 14.4772
-6.82483 14.4772
-6.83658 14.4772
-6.84834 14.4772
-6.86009 14.4772
-6.87184 14.4772
-6.88359 14.4772
-6.89535 14.4772
-6.9071 14.4772
-6.91885 14.4772
-6.93061 14.4772
-6.94236 14.4772
-6.95411 14.4772
-6.96587 14.4772
-6.65762 14.4772
-6.66937 14.4772
-6.68113 14.4772
-6.69288 14.4772
-6.70463 14.4772
-6.71638 14.4772
-6.72814 14.4772
-6.73989 14.4772
-6.75164 14.4772
-6.7634 14.4772
-6.77515 14.4772
-6.7869 14.4772
-6.79866 14.4772
-6.81041 14.4772
-6.82216 14.4772
-6.83392 14.4772
-6.84567 14.4772
-6.85742 14.4772
-6.86917 14.4772
-6.88093 14.4772
-6.89268 14.4772
-6.90443 14.4772
-6.91619 14.4772
-6.92794 14.4772
-6.93969 14.4772
-6.95145 14.4772
-6.9632 14.4772
-6.65495 14.4772
-6.66671 14.4772
-6.67846 14.4772
-6.69021 14.4772
-6.70197 14.4772
-6.71372 14.4772
-6.72547 14.4772
-6.73722 14.4772
-6.74898 14.4772
-6.76073 14.4772
-6.77248 14.4772
-6.78424 14.4772
-6.79599 14.4772
-6.80774 14.4772
-6.8195 14.4772
-6.83125 14.4772
-6.843 14.4772
-6.85476 14.4772
-6.86651 14.4772
-6.87826 14.4772
-6.89001 14.4772
-6.90177 14.4772
-6.91352 14.4772
-6.92527 14.4772
-6.93703 14.4772
-6.94878 14.4772
-6.96053 14.4772
-6.97228 14.4772
-6.66404 14.4772
-6.67579 14.4772
-6.68754 14.4772
-6.6993 14.4772
-6.71105 14.4772
-6.7228 14.4772
-6.73456 14.4772
-6.74631 14.4772
-6.75806 14.4772
-6.76981 14.4772
-6.78157 14.4772
-6.79332 14.4772
-6.80507 14.4772
-6.81683 14.4772
-6.82858 14.4772
-6.84033 14.4772
-6.85209 14.4772
-6.86384 14.4772
-6.87559 14.4772
-6.88735 14.4772
-6.8991 14.4772
-6.91085 14.4772
-6.9226 14.4772
-6.93436 14.4772
-6.94611 14.4772
-6.95786 14.4772
-6.96962 14.4772
-6.66137 14.4772
-6.67312 14.4772
-6.68488 14.4772
-6.69663 14.4772
-6.70838 14.4772
-6.72014 14.4772
-6.73189 14.4772
-6.74364 14.4772
-6.75539 14.4772
-6.76715 14.4772
-6.7789 14.4772
-6.79065 14.4772
-6.80241 14.4772
-6.81416 14.4772
-6.82591 14.4772
-6.83767 14.4772
-6.84942 14.4772
-6.86117 14.4772
-6.87293 14.4772
-6.88468 14.4772
-6.89643 14.4772
-6.90818 14.4772
-6.91994 14.4772
-6.93169 14.4772
-6.94344 14.4772
-6.9552 14.4772
-6.96695 14.4772
-6.6587 14.4772
-6.67046 14.4772
-6.68221 14.4772
-6.69396 14.4772
-6.70572 14.4772
-6.71747 14.4772
-6.72922 14.4772
-6.74097 14.4772
-6.75273 14.4772
-6.76448 14.4772
-6.77623 14.4772
-6.78799 14.4772
-6.79974 14.4772
-6.81149 14.4772
-6.82325 14.4772
-6.835 14.4772
-6.84675 14.4772
-6.85851 14.4772
-6.87026 14.4772
-6.88201 14.4772
-6.89376 14.4772
-6.90552 14.4772
-6.91727 14.4772
-6.92902 14.4772
-6.94078 14.4772
-6.95253 14.4772
-6.96428 14.4772
-6.65604 14.4772
-6.66779 14.4772
-6.67954 14.4772
-6.6913 14.4772
-6.70305 14.4772
-6.7148 14.4772
-6.72655 14.4772
-6.73831 14.4772
-6.75006 14.4772
-6.76181 14.4772
-6.77357 14.4772
-6.78532 14.4772
-6.79707 14.4772
-6.80883 14.4772
-6.82058 14.4772
-6.83233 14.4772
-6.84409 14.4772
-6.85584 14.4772
-6.86759 14.4772
-6.87934 14.4772
-6.8911 14.4772
-6.90285 14.4772
-6.9146 14.4772
-6.92636 14.4772
-6.93811 14.4772
-6.94986 14.4772
-6.96162 14.4772
-6.65337 14.4772
-6.66512 14.4772
-6.67688 14.4772
-6.68863 14.4772
-6.70038 14.4772
-6.71213 14.4772
-6.72389 14.4772
-6.73564 14.4772
-6.74739 14.4772
-6.75915 14.4772
-6.7709 14.4772
-6.78265 14.4772
-6.79441 14.4772
-6.80616 14.4772
-6.81791 14.4772
-6.82967 14.4772
-6.84142 14.4772
-6.85317 14.4772
-6.86492 14.4772
-6.87668 14.4772
-6.88843 14.4772
-6.90018 14.4772
-6.91194 14.4772
-6.92369 14.4772
-6.93544 14.4772
-6.9472 14.4772
-6.95895 14.4772
-6.9707 14.4772
-6.66246 14.4772
-6.67421 14.4772
-6.68596 14.4772
-6.69771 14.4772
-6.70947 14.4772
-6.72122 14.4772
-6.73297 14.4772
-6.74473 14.4772
-6.75648 14.4772
-6.76823 14.4772
-6.77999 14.4772
-6.79174 14.4772
-6.80349 14.4772
-6.81525 14.4772
-6.827 14.4772
-6.83875 14.4772
-6.8505 14.4772
-6.86226 14.4772
-6.87401 14.4772
-6.88576 14.4772
-6.89752 14.4772
-6.90927 14.4772
-6.92102 14.4772
-6.93278 14.4772
-6.94453 14.4772
-6.95628 14.4772
-6.96804 14.4772
-6.65979 14.4772
-6.67154 14.4772
-6.68329 14.4772
-6.69505 14.4772
-6.7068 14.4772
-6.71855 14.4772
-6.73031 14.4772
-6.74206 14.4772
-6.75381 14.4772
-6.76557 14.4772
-6.77732 14.4772
-6.78907 14.4772
-6.80083 14.4772
-6.81258 14.4772
-6.82433 14.4772
-6.83608 14.4772
-6.84784 14.4772
-6.85959 14.4772
-6.87134 14.4772
-6.8831 14.4772
-6.89485 14.4772
-6.9066 14.4772
-6.91836 14.4772
-6.93011 14.4772
-6.94186 14.4772
-6.95362 14.4772
-6.96537 14.4772
-6.65712 14.4772
-6.66887 14.4772
-6.68063 14.4772
-6.69238 14.4772
-6.70413 14.4772
-6.71589 14.4772
-6.72764 14.4772
-6.73939 14.4772
-6.75115 14.4772
-6.7629 14.4772
-6.77465 14.4772
-6.78641 14.4772
-6.79816 14.4772
-6.80991 14.4772
-6.82166 14.4772
-6.83342 14.4772
-6.84517 14.4772
-6.85692 14.4772
-6.86868 14.4772
-6.88043 14.4772
-6.89218 14.4772
-6.90394 14.4772
-6.91569 14.4772
-6.92744 14.4772
-6.9392 14.4772
-6.95095 14.4772
-6.9627 14.4772
-6.65445 14.4772
-6.66621 14.4772
-6.67796 14.4772
-6.68971 14.4772
-6.70147 14.4772
-6.71322 14.4772
-6.72497 14.4772
-6.73673 14.4772
-6.74848 14.4772
-6.76023 14.4772
-6.77199 14.4772
-6.78374 14.4772
-6.79549 14.4772
-6.80724 14.4772
-6.819 14.4772
-6.83075 14.4772
-6.8425 14.4772
-6.85426 14.4772
-6.86601 14.4772
-6.87776 14.4772
-6.88952 14.4772
-6.90127 14.4772
-6.91302 14.4772
-6.92478 14.4772
-6.93653 14.4772
-6.94828 14.4772
-6.96003 14.4772
-6.97179 14.4772
-6.66354 14.4772
-6.67529 14.4772
-6.68705 14.4772
-6.6988 14.4772
-6.71055 14.4772
-6.72231 14.4772
-6.73406 14.4772
-6.74581 14.4772
-6.75757 14.4772
-6.76932 14.4772
-6.78107 14.4772
-6.79282 14.4772
-6.80458 14.4772
-6.81633 14.4772
-6.82808 14.4772
-6.83984 14.4772
-6.85159 14.4772
-6.86334 14.4772
-6.8751 14.4772
-6.88685 14.4772
-6.8986 14.4772
-6.91036 14.4772
-6.92211 14.4772
-6.93386 14.4772
-6.94561 14.4772
-6.95737 14.4772
-6.96912 14.4772
-6.66087 14.4772
-6.67263 14.4772
-6.68438 14.4772
-6.69613 14.4772
-6.70789 14.4772
-6.71964 14.4772
-6.73139 14.4772
-6.74315 14.4772
-6.7549 14.4772
-6.76665 14.4772
-6.7784 14.4772
-6.79016 14.4772
-6.80191 14.4772
-6.81366 14.4772
-6.82542 14.4772
-6.83717 14.4772
-6.84892 14.4772
-6.86068 14.4772
-6.87243 14.4772
-6.88418 14.4772
-6.89594 14.4772
-6.90769 14.4772
-6.91944 14.4772
-6.93119 14.4772
-6.94295 14.4772
-6.9547 14.4772
-6.96645 14.4772
-6.65821 14.4772
-6.66996 14.4772
-6.68171 14.4772
-6.69347 14.4772
-6.70522 14.4772
-6.71697 14.4772
-6.72873 14.4772
-6.74048 14.4772
-6.75223 14.4772
-6.76398 14.4772
-6.77574 14.4772
-6.78749 14.4772
-6.79924 14.4772
-6.811 14.4772
-6.82275 14.4772
-6.8345 14.4772
-6.84626 14.4772
-6.85801 14.4772
-6.86976 14.4772
-6.88152 14.4772
-6.89327 14.4772
-6.90502 14.4772
-6.91677 14.4772
-6.92853 14.4772
-6.94028 14.4772
-6.95203 14.4772
-6.96379 14.4772
-6.65554 14.4772
-6.66729 14.4772
-6.67905 14.4772
-6.6908 14.4772
-6.70255 14.4772
-6.71431 14.4772
-6.72606 14.4772
-6.73781 14.4772
-6.74956 14.4772
-6.76132 14.4772
-6.77307 14.4772
-6.78482 14.4772
-6.79658 14.4772
-6.80833 14.4772
-6.82008 14.4772
-6.83184 14.4772
-6.84359 14.4772
-6.85534 14.4772
-6.8671 14.4772
-6.87885 14.4772
-6.8906 14.4772
-6.90235 14.4772
-6.91411 14.4772
-6.92586 14.4772
-6.93761 14.4772
-6.94937 14.4772
-6.96112 14.4772
-6.65287 14.4772
-6.66463 14.4772
-6.67638 14.4772
-6.68813 14.4772
-6.69989 14.4772
-6.71164 14.4772
-6.72339 14.4772
-6.73515 14.4772
-6.7469 14.4772
-6.75865 14.4772
-6.7704 14.4772
-6.78216 14.4772
-6.79391 14.4772
-6.80566 14.4772
-6.81742 14.4772
-6.82917 14.4772
-6.84092 14.4772
-6.85268 14.4772
-6.86443 14.4772
-6.87618 14.4772
-6.88794 14.4772
-6.89969 14.4772
-6.91144 14.4772
-6.92319 14.4772
-6.93495 14.4772
-6.9467 14.4772
-6.95845 14.4772
-6.97021 14.4772
-6.66196 14.4772
-6.67371 14.4772
-6.68547 14.4772
-6.69722 14.4772
-6.70897 14.4772
-6.72073 14.4772
-6.73248 14.4772
-6.74423 14.4772
-6.75598 14.4772
-6.76774 14.4772
-6.77949 14.4772
-6.79124 14.4772
-6.803 14.4772
-6.81475 14.4772
-6.8265 14.4772
-6.83826 14.4772
-6.85001 14.4772
-6.86176 14.4772
-6.87352 14.4772
-6.88527 14.4772
-6.89702 14.4772
-6.90877 14.4772
-6.92053 14.4772
-6.93228 14.4772
-6.94403 14.4772
-6.95579 14.4772
-6.96754 14.4772
-6.65929 14.4772
-6.67105 14.4772
-6.6828 14.4772
-6.69455 14.4772
-6.70631 14.4772
-6.71806 14.4772
-6.72981 14.4772
-6.74156 14.4772
-6.75332 14.4772
-6.76507 14.4772
-6.77682 14.4772
-6.78858 14.4772
-6.80033 14.4772
-6.81208 14.4772
-6.82384 14.4772
-6.83559 14.4772
-6.84734 14.4772
-6.8591 14.4772
-6.87085 14.4772
-6.8826 14.4772
-6.89435 14.4772
-6.90611 14.4772
-6.91786 14.4772
-6.92961 14.4772
-6.94137 14.4772
-6.95312 14.4772
-6.96487 14.4772
-6.65663 14.4772
-6.66838 14.4772
-6.68013 14.4772
-6.69189 14.4772
-6.70364 14.4772
-6.71539 14.4772
-6.72714 14.4772
-6.7389 14.4772
-6.75065 14.4772
-6.7624 14.4772
-6.77416 14.4772
-6.78591 14.4772
-6.79766 14.4772
-6.80942 14.4772
-6.82117 14.4772
-6.83292 14.4772
-6.84468 14.4772
-6.85643 14.4772
-6.86818 14.4772
-6.87993 14.4772
-6.89169 14.4772
-6.90344 14.4772
-6.91519 14.4772
-6.92695 14.4772
-6.9387 14.4772
-6.95045 14.4772
-6.96221 14.4772
-6.65396 14.4772
-6.66571 14.4772
-6.67747 14.4772
-6.68922 14.4772
-6.70097 14.4772
-6.71273 14.4772
-6.72448 14.4772
-6.73623 14.4772
-6.74798 14.4772
-6.75974 14.4772
-6.77149 14.4772
-6.78324 14.4772
-6.795 14.4772
-6.80675 14.4772
-6.8185 14.4772
-6.83026 14.4772
-6.84201 14.4772
-6.85376 14.4772
-6.86552 14.4772
-6.87727 14.4772
-6.88902 14.4772
-6.90077 14.4772
-6.91253 14.4772
-6.92428 14.4772
-6.93603 14.4772
-6.94779 14.4772
-6.95954 14.4772
-6.97129 14.4772
-6.66305 14.4772
-6.6748 14.4772
-6.68655 14.4772
-6.69831 14.4772
-6.71006 14.4772
-6.72181 14.4772
-6.73357 14.4772
-6.74532 14.4772
-6.75707 14.4772
-6.76882 14.4772
-6.78058 14.4772
-6.79233 14.4772
-6.80408 14.4772
-6.81584 14.4772
-6.82759 14.4772
-6.83934 14.4772
-6.8511 14.4772
-6.86285 14.4772
-6.8746 14.4772
-6.88636 14.4772
-6.89811 14.4772
-6.90986 14.4772
-6.92161 14.4772
-6.93337 14.4772
-6.94512 14.4772
-6.95687 14.4772
-6.96863 14.4772
-6.66038 14.4772
-6.67213 14.4772
-6.68389 14.4772
-6.69564 14.4772
-6.70739 14.4772
-6.71915 14.4772
-6.7309 14.4772
-6.74265 14.4772
-6.7544 14.4772
-6.76616 14.4772
-6.77791 14.4772
-6.78966 14.4772
-6.80142 14.4772
-6.81317 14.4772
-6.82492 14.4772
-6.83668 14.4772
-6.84843 14.4772
-6.86018 14.4772
-6.87194 14.4772
-6.88369 14.4772
-6.89544 14.4772
-6.90719 14.4772
-6.91895 14.4772
-6.9307 14.4772
-6.94245 14.4772
-6.95421 14.4772
-6.96596 14.4772
-6.65771 14.4772
-6.66947 14.4772
-6.68122 14.4772
-6.69297 14.4772
-6.70473 14.4772
-6.71648 14.4772
-6.72823 14.4772
-6.73998 14.4772
-6.75174 14.4772
-6.76349 14.4772
-6.77524 14.4772
-6.787 14.4772
-6.79875 14.4772
-6.8105 14.4772
-6.82226 14.4772
-6.83401 14.4772
-6.84576 14.4772
-6.85752 14.4772
-6.86927 14.4772
-6.88102 14.4772
-6.89277 14.4772
-6.90453 14.4772
-6.91628 14.4772
-6.92803 14.4772
-6.93979 14.4772
-6.95154 14.4772
-6.96329 14.4772
-6.65505 14.4772
-6.6668 14.4772
-6.67855 14.4772
-6.69031 14.4772
-6.70206 14.4772
-6.71381 14.4772
-6.72556 14.4772
-6.73732 14.4772
-6.74907 14.4772
-6.76082 14.4772
-6.77258 14.4772
-6.78433 14.4772
-6.79608 14.4772
-6.80784 14.4772
-6.81959 14.4772
-6.83134 14.4772
-6.8431 14.4772
-6.85485 14.4772
-6.8666 14.4772
-6.87836 14.4772
-6.89011 14.4772
-6.90186 14.4772
-6.91361 14.4772
-6.92537 14.4772
-6.93712 14.4772
-6.94887 14.4772
-6.96063 14.4772
-6.97237 14.4772
-6.66412 14.4772
-6.67588 14.4772
-6.68763 14.4772
-6.69938 14.4772
-6.71113 14.4772
-6.72289 14.4772
-6.73464 14.4772
-6.74639 14.4772
-6.75815 14.4772
-6.7699 14.4772
-6.78165 14.4772
-6.79341 14.4772
-6.80516 14.4772
-6.81691 14.4772
-6.82867 14.4772
-6.84042 14.4772
-6.85217 14.4772
-6.86392 14.4772
-6.87568 14.4772
-6.88743 14.4772
-6.89918 14.4772
-6.91094 14.4772
-6.92269 14.4772
-6.93444 14.4772
-6.9462 14.4772
-6.95795 14.4772
-6.9697 14.4772
-6.66146 14.4772
-6.67321 14.4772
-6.68496 14.4772
-6.69671 14.4772
-6.70847 14.4772
-6.72022 14.4772
-6.73197 14.4772
-6.74373 14.4772
-6.75548 14.4772
-6.76723 14.4772
-6.77899 14.4772
-6.79074 14.4772
-6.80249 14.4772
-6.81425 14.4772
-6.826 14.4772
-6.83775 14.4772
-6.8495 14.4772
-6.86126 14.4772
-6.87301 14.4772
-6.88476 14.4772
-6.89652 14.4772
-6.90827 14.4772
-6.92002 14.4772
-6.93178 14.4772
-6.94353 14.4772
-6.95528 14.4772
-6.96704 14.4772
-6.65879 14.4772
-6.67054 14.4772
-6.68229 14.4772
-6.69405 14.4772
-6.7058 14.4772
-6.71755 14.4772
-6.72931 14.4772
-6.74106 14.4772
-6.75281 14.4772
-6.76457 14.4772
-6.77632 14.4772
-6.78807 14.4772
-6.79983 14.4772
-6.81158 14.4772
-6.82333 14.4772
-6.83508 14.4772
-6.84684 14.4772
-6.85859 14.4772
-6.87034 14.4772
-6.8821 14.4772
-6.89385 14.4772
-6.9056 14.4772
-6.91736 14.4772
-6.92911 14.4772
-6.94086 14.4772
-6.95262 14.4772
-6.96437 14.4772
-6.65612 14.4772
-6.66787 14.4772
-6.67963 14.4772
-6.69138 14.4772
-6.70313 14.4772
-6.71489 14.4772
-6.72664 14.4772
-6.73839 14.4772
-6.75015 14.4772
-6.7619 14.4772
-6.77365 14.4772
-6.78541 14.4772
-6.79716 14.4772
-6.80891 14.4772
-6.82066 14.4772
-6.83242 14.4772
-6.84417 14.4772
-6.85592 14.4772
-6.86768 14.4772
-6.87943 14.4772
-6.89118 14.4772
-6.90294 14.4772
-6.91469 14.4772
-6.92644 14.4772
-6.9382 14.4772
-6.94995 14.4772
-6.9617 14.4772
-6.65345 14.4772
-6.66521 14.4772
-6.67696 14.4772
-6.68871 14.4772
-6.70047 14.4772
-6.71222 14.4772
-6.72397 14.4772
-6.73573 14.4772
-6.74748 14.4772
-6.75923 14.4772
-6.77099 14.4772
-6.78274 14.4772
-6.79449 14.4772
-6.80624 14.4772
-6.818 14.4772
-6.82975 14.4772
-6.8415 14.4772
-6.85326 14.4772
-6.86501 14.4772
-6.87676 14.4772
-6.88852 14.4772
-6.90027 14.4772
-6.91202 14.4772
-6.92378 14.4772
-6.93553 14.4772
-6.94728 14.4772
-6.95903 14.4772
-6.97079 14.4772
-6.66254 14.4772
-6.67429 14.4772
-6.68605 14.4772
-6.6978 14.4772
-6.70955 14.4772
-6.72131 14.4772
-6.73306 14.4772
-6.74481 14.4772
-6.75657 14.4772
-6.76832 14.4772
-6.78007 14.4772
-6.79182 14.4772
-6.80358 14.4772
-6.81533 14.4772
-6.82708 14.4772
-6.83884 14.4772
-6.85059 14.4772
-6.86234 14.4772
-6.8741 14.4772
-6.88585 14.4772
-6.8976 14.4772
-6.90936 14.4772
-6.92111 14.4772
-6.93286 14.4772
-6.94461 14.4772
-6.95637 14.4772
-6.96812 14.4772
-6.65987 14.4772
-6.67163 14.4772
-6.68338 14.4772
-6.69513 14.4772
-6.70689 14.4772
-6.71864 14.4772
-6.73039 14.4772
-6.74215 14.4772
-6.7539 14.4772
-6.76565 14.4772
-6.7774 14.4772
-6.78916 14.4772
-6.80091 14.4772
-6.81266 14.4772
-6.82442 14.4772
-6.83617 14.4772
-6.84792 14.4772
-6.85968 14.4772
-6.87143 14.4772
-6.88318 14.4772
-6.89494 14.4772
-6.90669 14.4772
-6.91844 14.4772
-6.93019 14.4772
-6.94195 14.4772
-6.9537 14.4772
-6.96545 14.4772
-6.65721 14.4772
-6.66896 14.4772
-6.68071 14.4772
-6.69247 14.4772
-6.70422 14.4772
-6.71597 14.4772
-6.72773 14.4772
-6.73948 14.4772
-6.75123 14.4772
-6.76298 14.4772
-6.77474 14.4772
-6.78649 14.4772
-6.79824 14.4772
-6.81 14.4772
-6.82175 14.4772
-6.8335 14.4772
-6.84526 14.4772
-6.85701 14.4772
-6.86876 14.4772
-6.88052 14.4772
-6.89227 14.4772
-6.90402 14.4772
-6.91577 14.4772
-6.92753 14.4772
-6.93928 14.4772
-6.95103 14.4772
-6.96279 14.4772
-6.65454 14.4772
-6.66629 14.4772
-6.67805 14.4772
-6.6898 14.4772
-6.70155 14.4772
-6.71331 14.4772
-6.72506 14.4772
-6.73681 14.4772
-6.74856 14.4772
-6.76032 14.4772
-6.77207 14.4772
-6.78382 14.4772
-6.79558 14.4772
-6.80733 14.4772
-6.81908 14.4772
-6.83084 14.4772
-6.84259 14.4772
-6.85434 14.4772
-6.8661 14.4772
-6.87785 14.4772
-6.8896 14.4772
-6.90135 14.4772
-6.91311 14.4772
-6.92486 14.4772
-6.93661 14.4772
-6.94837 14.4772
-6.96012 14.4772
-6.97187 14.4772
-6.66363 14.4772
-6.67538 14.4772
-6.68713 14.4772
-6.69889 14.4772
-6.71064 14.4772
-6.72239 14.4772
-6.73415 14.4772
-6.7459 14.4772
-6.75765 14.4772
-6.7694 14.4772
-6.78116 14.4772
-6.79291 14.4772
-6.80466 14.4772
-6.81642 14.4772
-6.82817 14.4772
-6.83992 14.4772
-6.85168 14.4772
-6.86343 14.4772
-6.87518 14.4772
-6.88694 14.4772
-6.89869 14.4772
-6.91044 14.4772
-6.92219 14.4772
-6.93395 14.4772
-6.9457 14.4772
-6.95745 14.4772
-6.96921 14.4772
-6.66096 14.4772
-6.67271 14.4772
-6.68447 14.4772
-6.69622 14.4772
-6.70797 14.4772
-6.71972 14.4772
-6.73148 14.4772
-6.74323 14.4772
-6.75498 14.4772
-6.76674 14.4772
-6.77849 14.4772
-6.79024 14.4772
-6.802 14.4772
-6.81375 14.4772
-6.8255 14.4772
-6.83726 14.4772
-6.84901 14.4772
-6.86076 14.4772
-6.87251 14.4772
-6.88427 14.4772
-6.89602 14.4772
-6.90777 14.4772
-6.91953 14.4772
-6.93128 14.4772
-6.94303 14.4772
-6.95479 14.4772
-6.96654 14.4772
-6.65829 14.4772
-6.67005 14.4772
-6.6818 14.4772
-6.69355 14.4772
-6.7053 14.4772
-6.71706 14.4772
-6.72881 14.4772
-6.74056 14.4772
-6.75232 14.4772
-6.76407 14.4772
-6.77582 14.4772
-6.78758 14.4772
-6.79933 14.4772
-6.81108 14.4772
-6.82284 14.4772
-6.83459 14.4772
-6.84634 14.4772
-6.85809 14.4772
-6.86985 14.4772
-6.8816 14.4772
-6.89335 14.4772
-6.90511 14.4772
-6.91686 14.4772
-6.92861 14.4772
-6.94037 14.4772
-6.95212 14.4772
-6.96387 14.4772
-6.65563 14.4772
-6.66738 14.4772
-6.67913 14.4772
-6.69088 14.4772
-6.70264 14.4772
-6.71439 14.4772
-6.72614 14.4772
-6.7379 14.4772
-6.74965 14.4772
-6.7614 14.4772
-6.77316 14.4772
-6.78491 14.4772
-6.79666 14.4772
-6.80842 14.4772
-6.82017 14.4772
-6.83192 14.4772
-6.84367 14.4772
-6.85543 14.4772
-6.86718 14.4772
-6.87893 14.4772
-6.89069 14.4772
-6.90244 14.4772
-6.91419 14.4772
-6.92595 14.4772
-6.9377 14.4772
-6.94945 14.4772
-6.96121 14.4772
-6.65296 14.4772
-6.66471 14.4772
-6.67647 14.4772
-6.68822 14.4772
-6.69997 14.4772
-6.71172 14.4772
-6.72348 14.4772
-6.73523 14.4772
-6.74698 14.4772
-6.75874 14.4772
-6.77049 14.4772
-6.78224 14.4772
-6.794 14.4772
-6.80575 14.4772
-6.8175 14.4772
-6.82926 14.4772
-6.84101 14.4772
-6.85276 14.4772
-6.86451 14.4772
-6.87627 14.4772
-6.88802 14.4772
-6.89977 14.4772
-6.91153 14.4772
-6.92328 14.4772
-6.93503 14.4772
-6.94679 14.4772
-6.95854 14.4772
-6.97029 14.4772
-6.66205 14.4772
-6.6738 14.4772
-6.68555 14.4772
-6.6973 14.4772
-6.70906 14.4772
-6.72081 14.4772
-6.73256 14.4772
-6.74432 14.4772
-6.75607 14.4772
-6.76782 14.4772
-6.77958 14.4772
-6.79133 14.4772
-6.80308 14.4772
-6.81484 14.4772
-6.82659 14.4772
-6.83834 14.4772
-6.85009 14.4772
-6.86185 14.4772
-6.8736 14.4772
-6.88535 14.4772
-6.89711 14.4772
-6.90886 14.4772
-6.92061 14.4772
-6.93237 14.4772
-6.94412 14.4772
-6.95587 14.4772
-6.96763 14.4772
-6.65938 14.4772
-6.67113 14.4772
-6.68288 14.4772
-6.69464 14.4772
-6.70639 14.4772
-6.71814 14.4772
-6.7299 14.4772
-6.74165 14.4772
-6.7534 14.4772
-6.76516 14.4772
-6.77691 14.4772
-6.78866 14.4772
-6.80042 14.4772
-6.81217 14.4772
-6.82392 14.4772
-6.83567 14.4772
-6.84743 14.4772
-6.85918 14.4772
-6.87093 14.4772
-6.88269 14.4772
-6.89444 14.4772
-6.90619 14.4772
-6.91795 14.4772
-6.9297 14.4772
-6.94145 14.4772
-6.95321 14.4772
-6.96496 14.4772
-6.65671 14.4772
-6.66846 14.4772
-6.68022 14.4772
-6.69197 14.4772
-6.70372 14.4772
-6.71548 14.4772
-6.72723 14.4772
-6.73898 14.4772
-6.75074 14.4772
-6.76249 14.4772
-6.77424 14.4772
-6.786 14.4772
-6.79775 14.4772
-6.8095 14.4772
-6.82125 14.4772
-6.83301 14.4772
-6.84476 14.4772
-6.85651 14.4772
-6.86827 14.4772
-6.88002 14.4772
-6.89177 14.4772
-6.90353 14.4772
-6.91528 14.4772
-6.92703 14.4772
-6.93879 14.4772
-6.95054 14.4772
-6.96229 14.4772
-6.65404 14.4772
-6.6658 14.4772
-6.67755 14.4772
-6.6893 14.4772
-6.70106 14.4772
-6.71281 14.4772
-6.72456 14.4772
-6.73632 14.4772
-6.74807 14.4772
-6.75982 14.4772
-6.77158 14.4772
-6.78333 14.4772
-6.79508 14.4772
-6.80683 14.4772
-6.81859 14.4772
-6.83034 14.4772
-6.84209 14.4772
-6.85385 14.4772
-6.8656 14.4772
-6.87735 14.4772
-6.88911 14.4772
-6.90086 14.4772
-6.91261 14.4772
-6.92437 14.4772
-6.93612 14.4772
-6.94787 14.4772
-6.95962 14.4772
-6.97138 14.4772
-6.66313 14.4772
-6.67488 14.4772
-6.68664 14.4772
-6.69839 14.4772
-6.71014 14.4772
-6.7219 14.4772
-6.73365 14.4772
-6.7454 14.4772
-6.75715 14.4772
-6.76891 14.4772
-6.78066 14.4772
-6.79241 14.4772
-6.80417 14.4772
-6.81592 14.4772
-6.82767 14.4772
-6.83943 14.4772
-6.85118 14.4772
-6.86293 14.4772
-6.87469 14.4772
-6.88644 14.4772
-6.89819 14.4772
-6.90994 14.4772
-6.9217 14.4772
-6.93345 14.4772
-6.9452 14.4772
-6.95696 14.4772
-6.96871 14.4772
-6.66046 14.4772
-6.67222 14.4772
-6.68397 14.4772
-6.69572 14.4772
-6.70748 14.4772
-6.71923 14.4772
-6.73098 14.4772
-6.74273 14.4772
-6.75449 14.4772
-6.76624 14.4772
-6.77799 14.4772
-6.78975 14.4772
-6.8015 14.4772
-6.81325 14.4772
-6.82501 14.4772
-6.83676 14.4772
-6.84851 14.4772
-6.86027 14.4772
-6.87202 14.4772
-6.88377 14.4772
-6.89552 14.4772
-6.90728 14.4772
-6.91903 14.4772
-6.93078 14.4772
-6.94254 14.4772
-6.95429 14.4772
-6.96604 14.4772
-6.6578 14.4772
-6.66955 14.4772
-6.6813 14.4772
-6.69306 14.4772
-6.70481 14.4772
-6.71656 14.4772
-6.72831 14.4772
-6.74007 14.4772
-6.75182 14.4772
-6.76357 14.4772
-6.77533 14.4772
-6.78708 14.4772
-6.79883 14.4772
-6.81059 14.4772
-6.82234 14.4772
-6.83409 14.4772
-6.84585 14.4772
-6.8576 14.4772
-6.86935 14.4772
-6.8811 14.4772
-6.89286 14.4772
-6.90461 14.4772
-6.91636 14.4772
-6.92812 14.4772
-6.93987 14.4772
-6.95162 14.4772
-6.96338 14.4772
-6.65513 14.4772
-6.66688 14.4772
-6.67864 14.4772
-6.69039 14.4772
-6.70214 14.4772
-6.71389 14.4772
-6.72565 14.4772
-6.7374 14.4772
-6.74915 14.4772
-6.76091 14.4772
-6.77266 14.4772
-6.78441 14.4772
-6.79617 14.4772
-6.80792 14.4772
-6.81967 14.4772
-6.83143 14.4772
-6.84318 14.4772
-6.85493 14.4772
-6.86668 14.4772
-6.87844 14.4772
-6.89019 14.4772
-6.90194 14.4772
-6.9137 14.4772
-6.92545 14.4772
-6.9372 14.4772
-6.94896 14.4772
-6.96071 14.4772
-6.65242 14.4772
-6.66417 14.4772
-6.67592 14.4772
-6.68768 14.4772
-6.69943 14.4772
-6.71118 14.4772
-6.72294 14.4772
-6.73469 14.4772
-6.74644 14.4772
-6.75819 14.4772
-6.76995 14.4772
-6.7817 14.4772
-6.79345 14.4772
-6.80521 14.4772
-6.81696 14.4772
-6.82871 14.4772
-6.84047 14.4772
-6.85222 14.4772
-6.86397 14.4772
-6.87573 14.4772
-6.88748 14.4772
-6.89923 14.4772
-6.91098 14.4772
-6.92274 14.4772
-6.93449 14.4772
-6.94624 14.4772
-6.958 14.4772
-6.96975 14.4772
-6.6615 14.4772
-6.67326 14.4772
-6.68501 14.4772
-6.69676 14.4772
-6.70852 14.4772
-6.72027 14.4772
-6.73202 14.4772
-6.74377 14.4772
-6.75553 14.4772
-6.76728 14.4772
-6.77903 14.4772
-6.79079 14.4772
-6.80254 14.4772
-6.81429 14.4772
-6.82605 14.4772
-6.8378 14.4772
-6.84955 14.4772
-6.86131 14.4772
-6.87306 14.4772
-6.88481 14.4772
-6.89656 14.4772
-6.90832 14.4772
-6.92007 14.4772
-6.93182 14.4772
-6.94358 14.4772
-6.95533 14.4772
-6.96708 14.4772
-6.65884 14.4772
-6.67059 14.4772
-6.68234 14.4772
-6.6941 14.4772
-6.70585 14.4772
-6.7176 14.4772
-6.72935 14.4772
-6.74111 14.4772
-6.75286 14.4772
-6.76461 14.4772
-6.77637 14.4772
-6.78812 14.4772
-6.79987 14.4772
-6.81163 14.4772
-6.82338 14.4772
-6.83513 14.4772
-6.84689 14.4772
-6.85864 14.4772
-6.87039 14.4772
-6.88214 14.4772
-6.8939 14.4772
-6.90565 14.4772
-6.9174 14.4772
-6.92916 14.4772
-6.94091 14.4772
-6.95266 14.4772
-6.96442 14.4772
-6.65617 14.4772
-6.66792 14.4772
-6.67968 14.4772
-6.69143 14.4772
-6.70318 14.4772
-6.71493 14.4772
-6.72669 14.4772
-6.73844 14.4772
-6.75019 14.4772
-6.76195 14.4772
-6.7737 14.4772
-6.78545 14.4772
-6.79721 14.4772
-6.80896 14.4772
-6.82071 14.4772
-6.83247 14.4772
-6.84422 14.4772
-6.85597 14.4772
-6.86772 14.4772
-6.87948 14.4772
-6.89123 14.4772
-6.90298 14.4772
-6.91474 14.4772
-6.92649 14.4772
-6.93824 14.4772
-6.95 14.4772
-6.96175 14.4772
-6.6535 14.4772
-6.66526 14.4772
-6.67701 14.4772
-6.68876 14.4772
-6.70051 14.4772
-6.71227 14.4772
-6.72402 14.4772
-6.73577 14.4772
-6.74753 14.4772
-6.75928 14.4772
-6.77103 14.4772
-6.78279 14.4772
-6.79454 14.4772
-6.80629 14.4772
-6.81805 14.4772
-6.8298 14.4772
-6.84155 14.4772
-6.8533 14.4772
-6.86506 14.4772
-6.87681 14.4772
-6.88856 14.4772
-6.90032 14.4772
-6.91207 14.4772
-6.92382 14.4772
-6.93558 14.4772
-6.94733 14.4772
-6.95908 14.4772
-6.97084 14.4772
-6.66259 14.4772
-6.67434 14.4772
-6.68609 14.4772
-6.69785 14.4772
-6.7096 14.4772
-6.72135 14.4772
-6.73311 14.4772
-6.74486 14.4772
-6.75661 14.4772
-6.76837 14.4772
-6.78012 14.4772
-6.79187 14.4772
-6.80363 14.4772
-6.81538 14.4772
-6.82713 14.4772
-6.83888 14.4772
-6.85064 14.4772
-6.86239 14.4772
-6.87414 14.4772
-6.8859 14.4772
-6.89765 14.4772
-6.9094 14.4772
-6.92116 14.4772
-6.93291 14.4772
-6.94466 14.4772
-6.95642 14.4772
-6.96817 14.4772
-6.65992 14.4772
-6.67167 14.4772
-6.68343 14.4772
-6.69518 14.4772
-6.70693 14.4772
-6.71869 14.4772
-6.73044 14.4772
-6.74219 14.4772
-6.75395 14.4772
-6.7657 14.4772
-6.77745 14.4772
-6.78921 14.4772
-6.80096 14.4772
-6.81271 14.4772
-6.82446 14.4772
-6.83622 14.4772
-6.84797 14.4772
-6.85972 14.4772
-6.87148 14.4772
-6.88323 14.4772
-6.89498 14.4772
-6.90674 14.4772
-6.91849 14.4772
-6.93024 14.4772
-6.942 14.4772
-6.95375 14.4772
-6.9655 14.4772
-6.65725 14.4772
-6.66901 14.4772
-6.68076 14.4772
-6.69251 14.4772
-6.70427 14.4772
-6.71602 14.4772
-6.72777 14.4772
-6.73953 14.4772
-6.75128 14.4772
-6.76303 14.4772
-6.77479 14.4772
-6.78654 14.4772
-6.79829 14.4772
-6.81004 14.4772
-6.8218 14.4772
-6.83355 14.4772
-6.8453 14.4772
-6.85706 14.4772
-6.86881 14.4772
-6.88056 14.4772
-6.89232 14.4772
-6.90407 14.4772
-6.91582 14.4772
-6.92758 14.4772
-6.93933 14.4772
-6.95108 14.4772
-6.96283 14.4772
-6.65459 14.4772
-6.66634 14.4772
-6.67809 14.4772
-6.68985 14.4772
-6.7016 14.4772
-6.71335 14.4772
-6.72511 14.4772
-6.73686 14.4772
-6.74861 14.4772
-6.76037 14.4772
-6.77212 14.4772
-6.78387 14.4772
-6.79562 14.4772
-6.80738 14.4772
-6.81913 14.4772
-6.83088 14.4772
-6.84264 14.4772
-6.85439 14.4772
-6.86614 14.4772
-6.8779 14.4772
-6.88965 14.4772
-6.9014 14.4772
-6.91316 14.4772
-6.92491 14.4772
-6.93666 14.4772
-6.94841 14.4772
-6.96017 14.4772
-6.97192 14.4772
-6.66367 14.4772
-6.67543 14.4772
-6.68718 14.4772
-6.69893 14.4772
-6.71069 14.4772
-6.72244 14.4772
-6.73419 14.4772
-6.74595 14.4772
-6.7577 14.4772
-6.76945 14.4772
-6.78121 14.4772
-6.79296 14.4772
-6.80471 14.4772
-6.81646 14.4772
-6.82822 14.4772
-6.83997 14.4772
-6.85172 14.4772
-6.86348 14.4772
-6.87523 14.4772
-6.88698 14.4772
-6.89874 14.4772
-6.91049 14.4772
-6.92224 14.4772
-6.934 14.4772
-6.94575 14.4772
-6.9575 14.4772
-6.96925 14.4772
-6.66101 14.4772
-6.67276 14.4772
-6.68451 14.4772
-6.69627 14.4772
-6.70802 14.4772
-6.71977 14.4772
-6.73153 14.4772
-6.74328 14.4772
-6.75503 14.4772
-6.76678 14.4772
-6.77854 14.4772
-6.79029 14.4772
-6.80204 14.4772
-6.8138 14.4772
-6.82555 14.4772
-6.8373 14.4772
-6.84906 14.4772
-6.86081 14.4772
-6.87256 14.4772
-6.88432 14.4772
-6.89607 14.4772
-6.90782 14.4772
-6.91957 14.4772
-6.93133 14.4772
-6.94308 14.4772
-6.95483 14.4772
-6.96659 14.4772
-6.65834 14.4772
-6.67009 14.4772
-6.68185 14.4772
-6.6936 14.4772
-6.70535 14.4772
-6.71711 14.4772
-6.72886 14.4772
-6.74061 14.4772
-6.75236 14.4772
-6.76412 14.4772
-6.77587 14.4772
-6.78762 14.4772
-6.79938 14.4772
-6.81113 14.4772
-6.82288 14.4772
-6.83464 14.4772
-6.84639 14.4772
-6.85814 14.4772
-6.8699 14.4772
-6.88165 14.4772
-6.8934 14.4772
-6.90515 14.4772
-6.91691 14.4772
-6.92866 14.4772
-6.94041 14.4772
-6.95217 14.4772
-6.96392 14.4772
-6.65567 14.4772
-6.66743 14.4772
-6.67918 14.4772
-6.69093 14.4772
-6.70269 14.4772
-6.71444 14.4772
-6.72619 14.4772
-6.73794 14.4772
-6.7497 14.4772
-6.76145 14.4772
-6.7732 14.4772
-6.78496 14.4772
-6.79671 14.4772
-6.80846 14.4772
-6.82022 14.4772
-6.83197 14.4772
-6.84372 14.4772
-6.85548 14.4772
-6.86723 14.4772
-6.87898 14.4772
-6.89073 14.4772
-6.90249 14.4772
-6.91424 14.4772
-6.92599 14.4772
-6.93775 14.4772
-6.9495 14.4772
-6.96125 14.4772
-6.65301 14.4772
-6.66476 14.4772
-6.67651 14.4772
-6.68827 14.4772
-6.70002 14.4772
-6.71177 14.4772
-6.72353 14.4772
-6.73528 14.4772
-6.74703 14.4772
-6.75878 14.4772
-6.77054 14.4772
-6.78229 14.4772
-6.79404 14.4772
-6.8058 14.4772
-6.81755 14.4772
-6.8293 14.4772
-6.84106 14.4772
-6.85281 14.4772
-6.86456 14.4772
-6.87632 14.4772
-6.88807 14.4772
-6.89982 14.4772
-6.91157 14.4772
-6.92333 14.4772
-6.93508 14.4772
-6.94683 14.4772
-6.95859 14.4772
-6.97034 14.4772
-6.66209 14.4772
-6.67385 14.4772
-6.6856 14.4772
-6.69735 14.4772
-6.70911 14.4772
-6.72086 14.4772
-6.73261 14.4772
-6.74436 14.4772
-6.75612 14.4772
-6.76787 14.4772
-6.77962 14.4772
-6.79138 14.4772
-6.80313 14.4772
-6.81488 14.4772
-6.82664 14.4772
-6.83839 14.4772
-6.85014 14.4772
-6.8619 14.4772
-6.87365 14.4772
-6.8854 14.4772
-6.89715 14.4772
-6.90891 14.4772
-6.92066 14.4772
-6.93241 14.4772
-6.94417 14.4772
-6.95592 14.4772
-6.96767 14.4772
-6.65943 14.4772
-6.67118 14.4772
-6.68293 14.4772
-6.69468 14.4772
-6.70644 14.4772
-6.71819 14.4772
-6.72994 14.4772
-6.7417 14.4772
-6.75345 14.4772
-6.7652 14.4772
-6.77696 14.4772
-6.78871 14.4772
-6.80046 14.4772
-6.81222 14.4772
-6.82397 14.4772
-6.83572 14.4772
-6.84748 14.4772
-6.85923 14.4772
-6.87098 14.4772
-6.88273 14.4772
-6.89449 14.4772
-6.90624 14.4772
-6.91799 14.4772
-6.92975 14.4772
-6.9415 14.4772
-6.95325 14.4772
-6.96501 14.4772
-6.65676 14.4772
-6.66851 14.4772
-6.68026 14.4772
-6.69202 14.4772
-6.70377 14.4772
-6.71552 14.4772
-6.72728 14.4772
-6.73903 14.4772
-6.75078 14.4772
-6.76254 14.4772
-6.77429 14.4772
-6.78604 14.4772
-6.7978 14.4772
-6.80955 14.4772
-6.8213 14.4772
-6.83306 14.4772
-6.84481 14.4772
-6.85656 14.4772
-6.86831 14.4772
-6.88007 14.4772
-6.89182 14.4772
-6.90357 14.4772
-6.91533 14.4772
-6.92708 14.4772
-6.93883 14.4772
-6.95059 14.4772
-6.96234 14.4772
-6.65409 14.4772
-6.66585 14.4772
-6.6776 14.4772
-6.68935 14.4772
-6.7011 14.4772
-6.71286 14.4772
-6.72461 14.4772
-6.73636 14.4772
-6.74812 14.4772
-6.75987 14.4772
-6.77162 14.4772
-6.78338 14.4772
-6.79513 14.4772
-6.80688 14.4772
-6.81864 14.4772
-6.83039 14.4772
-6.84214 14.4772
-6.85389 14.4772
-6.86565 14.4772
-6.8774 14.4772
-6.88915 14.4772
-6.90091 14.4772
-6.91266 14.4772
-6.92441 14.4772
-6.93617 14.4772
-6.94792 14.4772
-6.95967 14.4772
-6.97142 14.4772
-6.66318 14.4772
-6.67493 14.4772
-6.68668 14.4772
-6.69844 14.4772
-6.71019 14.4772
-6.72194 14.4772
-6.7337 14.4772
-6.74545 14.4772
-6.7572 14.4772
-6.76896 14.4772
-6.78071 14.4772
-6.79246 14.4772
-6.80421 14.4772
-6.81597 14.4772
-6.82772 14.4772
-6.83947 14.4772
-6.85123 14.4772
-6.86298 14.4772
-6.87473 14.4772
-6.88649 14.4772
-6.89824 14.4772
-6.90999 14.4772
-6.92175 14.4772
-6.9335 14.4772
-6.94525 14.4772
-6.957 14.4772
-6.96876 14.4772
-6.66051 14.4772
-6.67226 14.4772
-6.68402 14.4772
-6.69577 14.4772
-6.70752 14.4772
-6.71928 14.4772
-6.73103 14.4772
-6.74278 14.4772
-6.75454 14.4772
-6.76629 14.4772
-6.77804 14.4772
-6.78979 14.4772
-6.80155 14.4772
-6.8133 14.4772
-6.82505 14.4772
-6.83681 14.4772
-6.84856 14.4772
-6.86031 14.4772
-6.87207 14.4772
-6.88382 14.4772
-6.89557 14.4772
-6.90733 14.4772
-6.91908 14.4772
-6.93083 14.4772
-6.94258 14.4772
-6.95434 14.4772
-6.96609 14.4772
-6.65784 14.4772
-6.6696 14.4772
-6.68135 14.4772
-6.6931 14.4772
-6.70486 14.4772
-6.71661 14.4772
-6.72836 14.4772
-6.74012 14.4772
-6.75187 14.4772
-6.76362 14.4772
-6.77537 14.4772
-6.78713 14.4772
-6.79888 14.4772
-6.81063 14.4772
-6.82239 14.4772
-6.83414 14.4772
-6.84589 14.4772
-6.85765 14.4772
-6.8694 14.4772
-6.88115 14.4772
-6.89291 14.4772
-6.90466 14.4772
-6.91641 14.4772
-6.92816 14.4772
-6.93992 14.4772
-6.95167 14.4772
-6.96342 14.4772
-6.65518 14.4772
-6.66693 14.4772
-6.67868 14.4772
-6.69044 14.4772
-6.70219 14.4772
-6.71394 14.4772
-6.7257 14.4772
-6.73745 14.4772
-6.7492 14.4772
-6.76095 14.4772
-6.77271 14.4772
-6.78446 14.4772
-6.79621 14.4772
-6.80797 14.4772
-6.81972 14.4772
-6.83147 14.4772
-6.84323 14.4772
-6.85498 14.4772
-6.86673 14.4772
-6.87849 14.4772
-6.89024 14.4772
-6.90199 14.4772
-6.91374 14.4772
-6.9255 14.4772
-6.93725 14.4772
-6.949 14.4772
-6.96076 14.4772
-6.6525 14.4772
-6.66425 14.4772
-6.676 14.4772
-6.68776 14.4772
-6.69951 14.4772
-6.71126 14.4772
-6.72302 14.4772
-6.73477 14.4772
-6.74652 14.4772
-6.75828 14.4772
-6.77003 14.4772
-6.78178 14.4772
-6.79354 14.4772
-6.80529 14.4772
-6.81704 14.4772
-6.82879 14.4772
-6.84055 14.4772
-6.8523 14.4772
-6.86405 14.4772
-6.87581 14.4772
-6.88756 14.4772
-6.89931 14.4772
-6.91107 14.4772
-6.92282 14.4772
-6.93457 14.4772
-6.94633 14.4772
-6.95808 14.4772
-6.96983 14.4772
-6.66158 14.4772
-6.67334 14.4772
-6.68509 14.4772
-6.69684 14.4772
-6.7086 14.4772
-6.72035 14.4772
-6.7321 14.4772
-6.74386 14.4772
-6.75561 14.4772
-6.76736 14.4772
-6.77912 14.4772
-6.79087 14.4772
-6.80262 14.4772
-6.81437 14.4772
-6.82613 14.4772
-6.83788 14.4772
-6.84963 14.4772
-6.86139 14.4772
-6.87314 14.4772
-6.88489 14.4772
-6.89665 14.4772
-6.9084 14.4772
-6.92015 14.4772
-6.93191 14.4772
-6.94366 14.4772
-6.95541 14.4772
-6.96716 14.4772
-6.65892 14.4772
-6.67067 14.4772
-6.68242 14.4772
-6.69418 14.4772
-6.70593 14.4772
-6.71768 14.4772
-6.72944 14.4772
-6.74119 14.4772
-6.75294 14.4772
-6.7647 14.4772
-6.77645 14.4772
-6.7882 14.4772
-6.79995 14.4772
-6.81171 14.4772
-6.82346 14.4772
-6.83521 14.4772
-6.84697 14.4772
-6.85872 14.4772
-6.87047 14.4772
-6.88223 14.4772
-6.89398 14.4772
-6.90573 14.4772
-6.91749 14.4772
-6.92924 14.4772
-6.94099 14.4772
-6.95274 14.4772
-6.9645 14.4772
-6.65625 14.4772
-6.668 14.4772
-6.67976 14.4772
-6.69151 14.4772
-6.70326 14.4772
-6.71502 14.4772
-6.72677 14.4772
-6.73852 14.4772
-6.75028 14.4772
-6.76203 14.4772
-6.77378 14.4772
-6.78554 14.4772
-6.79729 14.4772
-6.80904 14.4772
-6.82079 14.4772
-6.83255 14.4772
-6.8443 14.4772
-6.85605 14.4772
-6.86781 14.4772
-6.87956 14.4772
-6.89131 14.4772
-6.90307 14.4772
-6.91482 14.4772
-6.92657 14.4772
-6.93833 14.4772
-6.95008 14.4772
-6.96183 14.4772
-6.65358 14.4772
-6.66534 14.4772
-6.67709 14.4772
-6.68884 14.4772
-6.7006 14.4772
-6.71235 14.4772
-6.7241 14.4772
-6.73586 14.4772
-6.74761 14.4772
-6.75936 14.4772
-6.77111 14.4772
-6.78287 14.4772
-6.79462 14.4772
-6.80637 14.4772
-6.81813 14.4772
-6.82988 14.4772
-6.84163 14.4772
-6.85339 14.4772
-6.86514 14.4772
-6.87689 14.4772
-6.88865 14.4772
-6.9004 14.4772
-6.91215 14.4772
-6.9239 14.4772
-6.93566 14.4772
-6.94741 14.4772
-6.95916 14.4772
-6.97092 14.4772
-6.66267 14.4772
-6.67442 14.4772
-6.68618 14.4772
-6.69793 14.4772
-6.70968 14.4772
-6.72144 14.4772
-6.73319 14.4772
-6.74494 14.4772
-6.75669 14.4772
-6.76845 14.4772
-6.7802 14.4772
-6.79195 14.4772
-6.80371 14.4772
-6.81546 14.4772
-6.82721 14.4772
-6.83897 14.4772
-6.85072 14.4772
-6.86247 14.4772
-6.87423 14.4772
-6.88598 14.4772
-6.89773 14.4772
-6.90948 14.4772
-6.92124 14.4772
-6.93299 14.4772
-6.94474 14.4772
-6.9565 14.4772
-6.96825 14.4772
-6.66 14.4772
-6.67176 14.4772
-6.68351 14.4772
-6.69526 14.4772
-6.70702 14.4772
-6.71877 14.4772
-6.73052 14.4772
-6.74227 14.4772
-6.75403 14.4772
-6.76578 14.4772
-6.77753 14.4772
-6.78929 14.4772
-6.80104 14.4772
-6.81279 14.4772
-6.82455 14.4772
-6.8363 14.4772
-6.84805 14.4772
-6.85981 14.4772
-6.87156 14.4772
-6.88331 14.4772
-6.89506 14.4772
-6.90682 14.4772
-6.91857 14.4772
-6.93032 14.4772
-6.94208 14.4772
-6.95383 14.4772
-6.96558 14.4772
-6.65734 14.4772
-6.66909 14.4772
-6.68084 14.4772
-6.6926 14.4772
-6.70435 14.4772
-6.7161 14.4772
-6.72786 14.4772
-6.73961 14.4772
-6.75136 14.4772
-6.76311 14.4772
-6.77487 14.4772
-6.78662 14.4772
-6.79837 14.4772
-6.81013 14.4772
-6.82188 14.4772
-6.83363 14.4772
-6.84539 14.4772
-6.85714 14.4772
-6.86889 14.4772
-6.88065 14.4772
-6.8924 14.4772
-6.90415 14.4772
-6.9159 14.4772
-6.92766 14.4772
-6.93941 14.4772
-6.95116 14.4772
-6.96292 14.4772
-6.65467 14.4772
-6.66642 14.4772
-6.67818 14.4772
-6.68993 14.4772
-6.70168 14.4772
-6.71344 14.4772
-6.72519 14.4772
-6.73694 14.4772
-6.74869 14.4772
-6.76045 14.4772
-6.7722 14.4772
-6.78395 14.4772
-6.79571 14.4772
-6.80746 14.4772
-6.81921 14.4772
-6.83097 14.4772
-6.84272 14.4772
-6.85447 14.4772
-6.86623 14.4772
-6.87798 14.4772
-6.88973 14.4772
-6.90148 14.4772
-6.91324 14.4772
-6.92499 14.4772
-6.93674 14.4772
-6.9485 14.4772
-6.96025 14.4772
-6.972 14.4772
-6.66376 14.4772
-6.67551 14.4772
-6.68726 14.4772
-6.69902 14.4772
-6.71077 14.4772
-6.72252 14.4772
-6.73427 14.4772
-6.74603 14.4772
-6.75778 14.4772
-6.76953 14.4772
-6.78129 14.4772
-6.79304 14.4772
-6.80479 14.4772
-6.81655 14.4772
-6.8283 14.4772
-6.84005 14.4772
-6.85181 14.4772
-6.86356 14.4772
-6.87531 14.4772
-6.88706 14.4772
-6.89882 14.4772
-6.91057 14.4772
-6.92232 14.4772
-6.93408 14.4772
-6.94583 14.4772
-6.95758 14.4772
-6.96934 14.4772
-6.66109 14.4772
-6.67284 14.4772
-6.6846 14.4772
-6.69635 14.4772
-6.7081 14.4772
-6.71985 14.4772
-6.73161 14.4772
-6.74336 14.4772
-6.75511 14.4772
-6.76687 14.4772
-6.77862 14.4772
-6.79037 14.4772
-6.80213 14.4772
-6.81388 14.4772
-6.82563 14.4772
-6.83739 14.4772
-6.84914 14.4772
-6.86089 14.4772
-6.87264 14.4772
-6.8844 14.4772
-6.89615 14.4772
-6.9079 14.4772
-6.91966 14.4772
-6.93141 14.4772
-6.94316 14.4772
-6.95492 14.4772
-6.96667 14.4772
-6.65842 14.4772
-6.67018 14.4772
-6.68193 14.4772
-6.69368 14.4772
-6.70543 14.4772
-6.71719 14.4772
-6.72894 14.4772
-6.74069 14.4772
-6.75245 14.4772
-6.7642 14.4772
-6.77595 14.4772
-6.78771 14.4772
-6.79946 14.4772
-6.81121 14.4772
-6.82297 14.4772
-6.83472 14.4772
-6.84647 14.4772
-6.85822 14.4772
-6.86998 14.4772
-6.88173 14.4772
-6.89348 14.4772
-6.90524 14.4772
-6.91699 14.4772
-6.92874 14.4772
-6.9405 14.4772
-6.95225 14.4772
-6.964 14.4772
-6.65576 14.4772
-6.66751 14.4772
-6.67926 14.4772
-6.69101 14.4772
-6.70277 14.4772
-6.71452 14.4772
-6.72627 14.4772
-6.73803 14.4772
-6.74978 14.4772
-6.76153 14.4772
-6.77329 14.4772
-6.78504 14.4772
-6.79679 14.4772
-6.80855 14.4772
-6.8203 14.4772
-6.83205 14.4772
-6.8438 14.4772
-6.85556 14.4772
-6.86731 14.4772
-6.87906 14.4772
-6.89082 14.4772
-6.90257 14.4772
-6.91432 14.4772
-6.92608 14.4772
-6.93783 14.4772
-6.94958 14.4772
-6.96134 14.4772
-6.65309 14.4772
-6.66484 14.4772
-6.6766 14.4772
-6.68835 14.4772
-6.7001 14.4772
-6.71185 14.4772
-6.72361 14.4772
-6.73536 14.4772
-6.74711 14.4772
-6.75887 14.4772
-6.77062 14.4772
-6.78237 14.4772
-6.79413 14.4772
-6.80588 14.4772
-6.81763 14.4772
-6.82939 14.4772
-6.84114 14.4772
-6.85289 14.4772
-6.86464 14.4772
-6.8764 14.4772
-6.88815 14.4772
-6.8999 14.4772
-6.91166 14.4772
-6.92341 14.4772
-6.93516 14.4772
-6.94692 14.4772
-6.95867 14.4772
-6.97042 14.4772
-6.66218 14.4772
-6.67393 14.4772
-6.68568 14.4772
-6.69743 14.4772
-6.70919 14.4772
-6.72094 14.4772
-6.73269 14.4772
-6.74445 14.4772
-6.7562 14.4772
-6.76795 14.4772
-6.77971 14.4772
-6.79146 14.4772
-6.80321 14.4772
-6.81497 14.4772
-6.82672 14.4772
-6.83847 14.4772
-6.85022 14.4772
-6.86198 14.4772
-6.87373 14.4772
-6.88548 14.4772
-6.89724 14.4772
-6.90899 14.4772
-6.92074 14.4772
-6.9325 14.4772
-6.94425 14.4772
-6.956 14.4772
-6.96776 14.4772
-6.65951 14.4772
-6.67126 14.4772
-6.68301 14.4772
-6.69477 14.4772
-6.70652 14.4772
-6.71827 14.4772
-6.73003 14.4772
-6.74178 14.4772
-6.75353 14.4772
-6.76529 14.4772
-6.77704 14.4772
-6.78879 14.4772
-6.80055 14.4772
-6.8123 14.4772
-6.82405 14.4772
-6.8358 14.4772
-6.84756 14.4772
-6.85931 14.4772
-6.87106 14.4772
-6.88282 14.4772
-6.89457 14.4772
-6.90632 14.4772
-6.91808 14.4772
-6.92983 14.4772
-6.94158 14.4772
-6.95334 14.4772
-6.96509 14.4772
-6.65684 14.4772
-6.66859 14.4772
-6.68035 14.4772
-6.6921 14.4772
-6.70385 14.4772
-6.71561 14.4772
-6.72736 14.4772
-6.73911 14.4772
-6.75087 14.4772
-6.76262 14.4772
-6.77437 14.4772
-6.78613 14.4772
-6.79788 14.4772
-6.80963 14.4772
-6.82138 14.4772
-6.83314 14.4772
-6.84489 14.4772
-6.85664 14.4772
-6.8684 14.4772
-6.88015 14.4772
-6.8919 14.4772
-6.90366 14.4772
-6.91541 14.4772
-6.92716 14.4772
-6.93892 14.4772
-6.95067 14.4772
-6.96242 14.4772
-6.65418 14.4772
-6.66593 14.4772
-6.67768 14.4772
-6.68943 14.4772
-6.70119 14.4772
-6.71294 14.4772
-6.72469 14.4772
-6.73645 14.4772
-6.7482 14.4772
-6.75995 14.4772
-6.77171 14.4772
-6.78346 14.4772
-6.79521 14.4772
-6.80697 14.4772
-6.81872 14.4772
-6.83047 14.4772
-6.84222 14.4772
-6.85398 14.4772
-6.86573 14.4772
-6.87748 14.4772
-6.88924 14.4772
-6.90099 14.4772
-6.91274 14.4772
-6.9245 14.4772
-6.93625 14.4772
-6.948 14.4772
-6.95976 14.4772
-6.97151 14.4772
-6.66326 14.4772
-6.67501 14.4772
-6.68677 14.4772
-6.69852 14.4772
-6.71027 14.4772
-6.72203 14.4772
-6.73378 14.4772
-6.74553 14.4772
-6.75729 14.4772
-6.76904 14.4772
-6.78079 14.4772
-6.79254 14.4772
-6.8043 14.4772
-6.81605 14.4772
-6.8278 14.4772
-6.83956 14.4772
-6.85131 14.4772
-6.86306 14.4772
-6.87482 14.4772
-6.88657 14.4772
-6.89832 14.4772
-6.91008 14.4772
-6.92183 14.4772
-6.93358 14.4772
-6.94533 14.4772
-6.95709 14.4772
-6.96884 14.4772
-6.66059 14.4772
-6.67235 14.4772
-6.6841 14.4772
-6.69585 14.4772
-6.70761 14.4772
-6.71936 14.4772
-6.73111 14.4772
-6.74287 14.4772
-6.75462 14.4772
-6.76637 14.4772
-6.77812 14.4772
-6.78988 14.4772
-6.80163 14.4772
-6.81338 14.4772
-6.82514 14.4772
-6.83689 14.4772
-6.84864 14.4772
-6.8604 14.4772
-6.87215 14.4772
-6.8839 14.4772
-6.89566 14.4772
-6.90741 14.4772
-6.91916 14.4772
-6.93091 14.4772
-6.94267 14.4772
-6.95442 14.4772
-6.96617 14.4772
-6.65793 14.4772
-6.66968 14.4772
-6.68143 14.4772
-6.69319 14.4772
-6.70494 14.4772
-6.71669 14.4772
-6.72845 14.4772
-6.7402 14.4772
-6.75195 14.4772
-6.7637 14.4772
-6.77546 14.4772
-6.78721 14.4772
-6.79896 14.4772
-6.81072 14.4772
-6.82247 14.4772
-6.83422 14.4772
-6.84598 14.4772
-6.85773 14.4772
-6.86948 14.4772
-6.88124 14.4772
-6.89299 14.4772
-6.90474 14.4772
-6.91649 14.4772
-6.92825 14.4772
-6.94 14.4772
-6.95175 14.4772
-6.96351 14.4772
-6.65526 14.4772
-6.66701 14.4772
-6.67877 14.4772
-6.69052 14.4772
-6.70227 14.4772
-6.71403 14.4772
-6.72578 14.4772
-6.73753 14.4772
-6.74928 14.4772
-6.76104 14.4772
-6.77279 14.4772
-6.78454 14.4772
-6.7963 14.4772
-6.80805 14.4772
-6.8198 14.4772
-6.83156 14.4772
-6.84331 14.4772
-6.85506 14.4772
-6.86682 14.4772
-6.87857 14.4772
-6.89032 14.4772
-6.90207 14.4772
-6.91383 14.4772
-6.92558 14.4772
-6.93733 14.4772
-6.94909 14.4772
-6.96084 14.4772
-6.65259 14.4772
-6.66434 14.4772
-6.67609 14.4772
-6.68785 14.4772
-6.6996 14.4772
-6.71135 14.4772
-6.72311 14.4772
-6.73486 14.4772
-6.74661 14.4772
-6.75837 14.4772
-6.77012 14.4772
-6.78187 14.4772
-6.79362 14.4772
-6.80538 14.4772
-6.81713 14.4772
-6.82888 14.4772
-6.84064 14.4772
-6.85239 14.4772
-6.86414 14.4772
-6.8759 14.4772
-6.88765 14.4772
-6.8994 14.4772
-6.91116 14.4772
-6.92291 14.4772
-6.93466 14.4772
-6.94641 14.4772
-6.95817 14.4772
-6.96992 14.4772
-6.66167 14.4772
-6.67343 14.4772
-6.68518 14.4772
-6.69693 14.4772
-6.70869 14.4772
-6.72044 14.4772
-6.73219 14.4772
-6.74395 14.4772
-6.7557 14.4772
-6.76745 14.4772
-6.77921 14.4772
-6.79096 14.4772
-6.80271 14.4772
-6.81446 14.4772
-6.82622 14.4772
-6.83797 14.4772
-6.84972 14.4772
-6.86148 14.4772
-6.87323 14.4772
-6.88498 14.4772
-6.89674 14.4772
-6.90849 14.4772
-6.92024 14.4772
-6.932 14.4772
-6.94375 14.4772
-6.9555 14.4772
-6.96725 14.4772
-6.65901 14.4772
-6.67076 14.4772
-6.68251 14.4772
-6.69427 14.4772
-6.70602 14.4772
-6.71777 14.4772
-6.72953 14.4772
-6.74128 14.4772
-6.75303 14.4772
-6.76479 14.4772
-6.77654 14.4772
-6.78829 14.4772
-6.80004 14.4772
-6.8118 14.4772
-6.82355 14.4772
-6.8353 14.4772
-6.84706 14.4772
-6.85881 14.4772
-6.87056 14.4772
-6.88232 14.4772
-6.89407 14.4772
-6.90582 14.4772
-6.91758 14.4772
-6.92933 14.4772
-6.94108 14.4772
-6.95283 14.4772
-6.96459 14.4772
-6.65634 14.4772
-6.66809 14.4772
-6.67985 14.4772
-6.6916 14.4772
-6.70335 14.4772
-6.71511 14.4772
-6.72686 14.4772
-6.73861 14.4772
-6.75037 14.4772
-6.76212 14.4772
-6.77387 14.4772
-6.78562 14.4772
-6.79738 14.4772
-6.80913 14.4772
-6.82088 14.4772
-6.83264 14.4772
-6.84439 14.4772
-6.85614 14.4772
-6.8679 14.4772
-6.87965 14.4772
-6.8914 14.4772
-6.90316 14.4772
-6.91491 14.4772
-6.92666 14.4772
-6.93841 14.4772
-6.95017 14.4772
-6.96192 14.4772
-6.65367 14.4772
-6.66543 14.4772
-6.67718 14.4772
-6.68893 14.4772
-6.70069 14.4772
-6.71244 14.4772
-6.72419 14.4772
-6.73595 14.4772
-6.7477 14.4772
-6.75945 14.4772
-6.7712 14.4772
-6.78296 14.4772
-6.79471 14.4772
-6.80646 14.4772
-6.81822 14.4772
-6.82997 14.4772
-6.84172 14.4772
-6.85348 14.4772
-6.86523 14.4772
-6.87698 14.4772
-6.88874 14.4772
-6.90049 14.4772
-6.91224 14.4772
-6.924 14.4772
-6.93575 14.4772
-6.9475 14.4772
-6.95925 14.4772
-6.97101 14.4772
-6.66276 14.4772
-6.67451 14.4772
-6.68627 14.4772
-6.69802 14.4772
-6.70977 14.4772
-6.72153 14.4772
-6.73328 14.4772
-6.74503 14.4772
-6.75678 14.4772
-6.76854 14.4772
-6.78029 14.4772
-6.79204 14.4772
-6.8038 14.4772
-6.81555 14.4772
-6.8273 14.4772
-6.83906 14.4772
-6.85081 14.4772
-6.86256 14.4772
-6.87432 14.4772
-6.88607 14.4772
-6.89782 14.4772
-6.90957 14.4772
-6.92133 14.4772
-6.93308 14.4772
-6.94483 14.4772
-6.95659 14.4772
-6.96834 14.4772
-6.66009 14.4772
-6.67185 14.4772
-6.6836 14.4772
-6.69535 14.4772
-6.70711 14.4772
-6.71886 14.4772
-6.73061 14.4772
-6.74236 14.4772
-6.75412 14.4772
-6.76587 14.4772
-6.77762 14.4772
-6.78938 14.4772
-6.80113 14.4772
-6.81288 14.4772
-6.82464 14.4772
-6.83639 14.4772
-6.84814 14.4772
-6.8599 14.4772
-6.87165 14.4772
-6.8834 14.4772
-6.89515 14.4772
-6.90691 14.4772
-6.91866 14.4772
-6.93041 14.4772
-6.94217 14.4772
-6.95392 14.4772
-6.96567 14.4772
-6.65743 14.4772
-6.66918 14.4772
-6.68093 14.4772
-6.69269 14.4772
-6.70444 14.4772
-6.71619 14.4772
-6.72794 14.4772
-6.7397 14.4772
-6.75145 14.4772
-6.7632 14.4772
-6.77496 14.4772
-6.78671 14.4772
-6.79846 14.4772
-6.81022 14.4772
-6.82197 14.4772
-6.83372 14.4772
-6.84548 14.4772
-6.85723 14.4772
-6.86898 14.4772
-6.88073 14.4772
-6.89249 14.4772
-6.90424 14.4772
-6.91599 14.4772
-6.92775 14.4772
-6.9395 14.4772
-6.95125 14.4772
-6.96301 14.4772
-6.65476 14.4772
-6.66651 14.4772
-6.67827 14.4772
-6.69002 14.4772
-6.70177 14.4772
-6.71352 14.4772
-6.72528 14.4772
-6.73703 14.4772
-6.74878 14.4772
-6.76054 14.4772
-6.77229 14.4772
-6.78404 14.4772
-6.7958 14.4772
-6.80755 14.4772
-6.8193 14.4772
-6.83106 14.4772
-6.84281 14.4772
-6.85456 14.4772
-6.86631 14.4772
-6.87807 14.4772
-6.88982 14.4772
-6.90157 14.4772
-6.91333 14.4772
-6.92508 14.4772
-6.93683 14.4772
-6.94859 14.4772
-6.96034 14.4772
-6.97209 14.4772
-6.66384 14.4772
-6.6756 14.4772
-6.68735 14.4772
-6.6991 14.4772
-6.71086 14.4772
-6.72261 14.4772
-6.73436 14.4772
-6.74611 14.4772
-6.75787 14.4772
-6.76962 14.4772
-6.78137 14.4772
-6.79313 14.4772
-6.80488 14.4772
-6.81663 14.4772
-6.82839 14.4772
-6.84014 14.4772
-6.85189 14.4772
-6.86365 14.4772
-6.8754 14.4772
-6.88715 14.4772
-6.8989 14.4772
-6.91066 14.4772
-6.92241 14.4772
-6.93416 14.4772
-6.94592 14.4772
-6.95767 14.4772
-6.96942 14.4772
-6.66118 14.4772
-6.67293 14.4772
-6.68468 14.4772
-6.69643 14.4772
-6.70819 14.4772
-6.71994 14.4772
-6.73169 14.4772
-6.74345 14.4772
-6.7552 14.4772
-6.76695 14.4772
-6.77871 14.4772
-6.79046 14.4772
-6.80221 14.4772
-6.81397 14.4772
-6.82572 14.4772
-6.83747 14.4772
-6.84923 14.4772
-6.86098 14.4772
-6.87273 14.4772
-6.88448 14.4772
-6.89624 14.4772
-6.90799 14.4772
-6.91974 14.4772
-6.9315 14.4772
-6.94325 14.4772
-6.955 14.4772
-6.96676 14.4772
-6.65851 14.4772
-6.67026 14.4772
-6.68201 14.4772
-6.69377 14.4772
-6.70552 14.4772
-6.71727 14.4772
-6.72903 14.4772
-6.74078 14.4772
-6.75253 14.4772
-6.76429 14.4772
-6.77604 14.4772
-6.78779 14.4772
-6.79955 14.4772
-6.8113 14.4772
-6.82305 14.4772
-6.83481 14.4772
-6.84656 14.4772
-6.85831 14.4772
-6.87006 14.4772
-6.88182 14.4772
-6.89357 14.4772
-6.90532 14.4772
-6.91708 14.4772
-6.92883 14.4772
-6.94058 14.4772
-6.95234 14.4772
-6.96409 14.4772
-6.65584 14.4772
-6.66759 14.4772
-6.67935 14.4772
-6.6911 14.4772
-6.70285 14.4772
-6.71461 14.4772
-6.72636 14.4772
-6.73811 14.4772
-6.74987 14.4772
-6.76162 14.4772
-6.77337 14.4772
-6.78513 14.4772
-6.79688 14.4772
-6.80863 14.4772
-6.82038 14.4772
-6.83214 14.4772
-6.84389 14.4772
-6.85564 14.4772
-6.8674 14.4772
-6.87915 14.4772
-6.8909 14.4772
-6.90266 14.4772
-6.91441 14.4772
-6.92616 14.4772
-6.93792 14.4772
-6.94967 14.4772
-6.96142 14.4772
-6.65318 14.4772
-6.66493 14.4772
-6.67668 14.4772
-6.68844 14.4772
-6.70019 14.4772
-6.71194 14.4772
-6.72369 14.4772
-6.73545 14.4772
-6.7472 14.4772
-6.75895 14.4772
-6.77071 14.4772
-6.78246 14.4772
-6.79421 14.4772
-6.80597 14.4772
-6.81772 14.4772
-6.82947 14.4772
-6.84123 14.4772
-6.85298 14.4772
-6.86473 14.4772
-6.87648 14.4772
-6.88824 14.4772
-6.89999 14.4772
-6.91174 14.4772
-6.9235 14.4772
-6.93525 14.4772
-6.947 14.4772
-6.95876 14.4772
-6.97051 14.4772
-6.66226 14.4772
-6.67401 14.4772
-6.68577 14.4772
-6.69752 14.4772
-6.70927 14.4772
-6.72103 14.4772
-6.73278 14.4772
-6.74453 14.4772
-6.75629 14.4772
-6.76804 14.4772
-6.77979 14.4772
-6.79155 14.4772
-6.8033 14.4772
-6.81505 14.4772
-6.8268 14.4772
-6.83856 14.4772
-6.85031 14.4772
-6.86206 14.4772
-6.87382 14.4772
-6.88557 14.4772
-6.89732 14.4772
-6.90908 14.4772
-6.92083 14.4772
-6.93258 14.4772
-6.94434 14.4772
-6.95609 14.4772
-6.96784 14.4772
-6.65959 14.4772
-6.67135 14.4772
-6.6831 14.4772
-6.69485 14.4772
-6.70661 14.4772
-6.71836 14.4772
-6.73011 14.4772
-6.74187 14.4772
-6.75362 14.4772
-6.76537 14.4772
-6.77713 14.4772
-6.78888 14.4772
-6.80063 14.4772
-6.81238 14.4772
-6.82414 14.4772
-6.83589 14.4772
-6.84764 14.4772
-6.8594 14.4772
-6.87115 14.4772
-6.8829 14.4772
-6.89466 14.4772
-6.90641 14.4772
-6.91816 14.4772
-6.92992 14.4772
-6.94167 14.4772
-6.95342 14.4772
-6.96517 14.4772
-6.65693 14.4772
-6.66868 14.4772
-6.68043 14.4772
-6.69219 14.4772
-6.70394 14.4772
-6.71569 14.4772
-6.72745 14.4772
-6.7392 14.4772
-6.75095 14.4772
-6.76271 14.4772
-6.77446 14.4772
-6.78621 14.4772
-6.79796 14.4772
-6.80972 14.4772
-6.82147 14.4772
-6.83322 14.4772
-6.84498 14.4772
-6.85673 14.4772
-6.86848 14.4772
-6.88024 14.4772
-6.89199 14.4772
-6.90374 14.4772
-6.9155 14.4772
-6.92725 14.4772
-6.939 14.4772
-6.95075 14.4772
-6.96251 14.4772
-6.65426 14.4772
-6.66601 14.4772
-6.67777 14.4772
-6.68952 14.4772
-6.70127 14.4772
-6.71303 14.4772
-6.72478 14.4772
-6.73653 14.4772
-6.74829 14.4772
-6.76004 14.4772
-6.77179 14.4772
-6.78355 14.4772
-6.7953 14.4772
-6.80705 14.4772
-6.8188 14.4772
-6.83056 14.4772
-6.84231 14.4772
-6.85406 14.4772
-6.86582 14.4772
-6.87757 14.4772
-6.88932 14.4772
-6.90108 14.4772
-6.91283 14.4772
-6.92458 14.4772
-6.93634 14.4772
-6.94809 14.4772
-6.95984 14.4772
-6.97159 14.4772
-6.66335 14.4772
-6.6751 14.4772
-6.68685 14.4772
-6.69861 14.4772
-6.71036 14.4772
-6.72211 14.4772
-6.73387 14.4772
-6.74562 14.4772
-6.75737 14.4772
-6.76912 14.4772
-6.78088 14.4772
-6.79263 14.4772
-6.80438 14.4772
-6.81614 14.4772
-6.82789 14.4772
-6.83964 14.4772
-6.8514 14.4772
-6.86315 14.4772
-6.8749 14.4772
-6.88666 14.4772
-6.89841 14.4772
-6.91016 14.4772
-6.92191 14.4772
-6.93367 14.4772
-6.94542 14.4772
-6.95717 14.4772
-6.96893 14.4772
-6.66068 14.4772
-6.67243 14.4772
-6.68419 14.4772
-6.69594 14.4772
-6.70769 14.4772
-6.71945 14.4772
-6.7312 14.4772
-6.74295 14.4772
-6.7547 14.4772
-6.76646 14.4772
-6.77821 14.4772
-6.78996 14.4772
-6.80172 14.4772
-6.81347 14.4772
-6.82522 14.4772
-6.83698 14.4772
-6.84873 14.4772
-6.86048 14.4772
-6.87224 14.4772
-6.88399 14.4772
-6.89574 14.4772
-6.90749 14.4772
-6.91925 14.4772
-6.931 14.4772
-6.94275 14.4772
-6.95451 14.4772
-6.96626 14.4772
-6.65801 14.4772
-6.66977 14.4772
-6.68152 14.4772
-6.69327 14.4772
-6.70503 14.4772
-6.71678 14.4772
-6.72853 14.4772
-6.74028 14.4772
-6.75204 14.4772
-6.76379 14.4772
-6.77554 14.4772
-6.7873 14.4772
-6.79905 14.4772
-6.8108 14.4772
-6.82256 14.4772
-6.83431 14.4772
-6.84606 14.4772
-6.85782 14.4772
-6.86957 14.4772
-6.88132 14.4772
-6.89307 14.4772
-6.90483 14.4772
-6.91658 14.4772
-6.92833 14.4772
-6.94009 14.4772
-6.95184 14.4772
-6.96359 14.4772
-6.65535 14.4772
-6.6671 14.4772
-6.67885 14.4772
-6.69061 14.4772
-6.70236 14.4772
-6.71411 14.4772
-6.72586 14.4772
-6.73762 14.4772
-6.74937 14.4772
-6.76112 14.4772
-6.77288 14.4772
-6.78463 14.4772
-6.79638 14.4772
-6.80814 14.4772
-6.81989 14.4772
-6.83164 14.4772
-6.8434 14.4772
-6.85515 14.4772
-6.8669 14.4772
-6.87865 14.4772
-6.89041 14.4772
-6.90216 14.4772
-6.91391 14.4772
-6.92567 14.4772
-6.93742 14.4772
-6.94917 14.4772
-6.96093 14.4772
-6.65268 14.4772
-6.66443 14.4772
-6.67618 14.4772
-6.68794 14.4772
-6.69969 14.4772
-6.71144 14.4772
-6.7232 14.4772
-6.73495 14.4772
-6.7467 14.4772
-6.75846 14.4772
-6.77021 14.4772
-6.78196 14.4772
-6.79372 14.4772
-6.80547 14.4772
-6.81722 14.4772
-6.82897 14.4772
-6.84073 14.4772
-6.85248 14.4772
-6.86423 14.4772
-6.87599 14.4772
-6.88774 14.4772
-6.89949 14.4772
-6.91125 14.4772
-6.923 14.4772
-6.93475 14.4772
-6.94651 14.4772
-6.95826 14.4772
-6.97001 14.4772
-6.66176 14.4772
-6.67352 14.4772
-6.68527 14.4772
-6.69702 14.4772
-6.70878 14.4772
-6.72053 14.4772
-6.73228 14.4772
-6.74404 14.4772
-6.75579 14.4772
-6.76754 14.4772
-6.77929 14.4772
-6.79105 14.4772
-6.8028 14.4772
-6.81455 14.4772
-6.82631 14.4772
-6.83806 14.4772
-6.84981 14.4772
-6.86157 14.4772
-6.87332 14.4772
-6.88507 14.4772
-6.89683 14.4772
-6.90858 14.4772
-6.92033 14.4772
-6.93209 14.4772
-6.94384 14.4772
-6.95559 14.4772
-6.96734 14.4772
-6.6591 14.4772
-6.67085 14.4772
-6.6826 14.4772
-6.69436 14.4772
-6.70611 14.4772
-6.71786 14.4772
-6.72962 14.4772
-6.74137 14.4772
-6.75312 14.4772
-6.76487 14.4772
-6.77663 14.4772
-6.78838 14.4772
-6.80013 14.4772
-6.81189 14.4772
-6.82364 14.4772
-6.83539 14.4772
-6.84715 14.4772
-6.8589 14.4772
-6.87065 14.4772
-6.88241 14.4772
-6.89416 14.4772
-6.90591 14.4772
-6.91767 14.4772
-6.92942 14.4772
-6.94117 14.4772
-6.95292 14.4772
-6.96468 14.4772
-6.65643 14.4772
-6.66818 14.4772
-6.67994 14.4772
-6.69169 14.4772
-6.70344 14.4772
-6.7152 14.4772
-6.72695 14.4772
-6.7387 14.4772
-6.75046 14.4772
-6.76221 14.4772
-6.77396 14.4772
-6.78571 14.4772
-6.79747 14.4772
-6.80922 14.4772
-6.82097 14.4772
-6.83273 14.4772
-6.84448 14.4772
-6.85623 14.4772
-6.86799 14.4772
-6.87974 14.4772
-6.89149 14.4772
-6.90325 14.4772
-6.915 14.4772
-6.92675 14.4772
-6.9385 14.4772
-6.95026 14.4772
-6.96201 14.4772
-6.65376 14.4772
-6.66552 14.4772
-6.67727 14.4772
-6.68902 14.4772
-6.70078 14.4772
-6.71253 14.4772
-6.72428 14.4772
-6.73603 14.4772
-6.74779 14.4772
-6.75954 14.4772
-6.77129 14.4772
-6.78305 14.4772
-6.7948 14.4772
-6.80655 14.4772
-6.81831 14.4772
-6.83006 14.4772
-6.84181 14.4772
-6.85357 14.4772
-6.86532 14.4772
-6.87707 14.4772
-6.88882 14.4772
-6.90058 14.4772
-6.91233 14.4772
-6.92408 14.4772
-6.93584 14.4772
-6.94759 14.4772
-6.95934 14.4772
-6.9711 14.4772
-6.66285 14.4772
-6.6746 14.4772
-6.68636 14.4772
-6.69811 14.4772
-6.70986 14.4772
-6.72161 14.4772
-6.73337 14.4772
-6.74512 14.4772
