0 0
0.0999843 0.00177019
0.200323 0.00354045
0.301015 0.00531083
0.402062 0.00708141
0.503462 0.00885225
0.605217 0.0106234
0.707326 0.012395
0.809789 0.014167
0.912607 0.0159396
1.01578 0.0177128
1.11931 0.0194867
1.22319 0.0212614
1.32742 0.023037
1.43202 0.0248135
1.53696 0.026591
1.64226 0.0283696
1.74792 0.0301495
1.85394 0.0319306
1.96031 0.0337132
2.06703 0.0354972
2.17412 0.0372829
2.28156 0.0390702
2.38936 0.0408594
2.49751 0.0426504
2.60603 0.0444435
2.7149 0.0462388
2.82413 0.0480364
2.93372 0.0498363
3.04367 0.0516388
3.15398 0.053444
3.26466 0.055252
3.37569 0.057063
3.48709 0.0588771
3.59885 0.0606945
3.71097 0.0625154
3.82345 0.0643398
3.93631 0.0661681
4.04952 0.0680004
4.16311 0.0698369
4.27706 0.0716777
4.39137 0.0735232
4.50606 0.0753736
4.62112 0.077229
4.73655 0.0790898
4.85235 0.0809562
4.96852 0.0828285
5.08507 0.084707
5.20199 0.0865919
5.31929 0.0884837
5.43697 0.0903827
5.55503 0.0922892
5.67347 0.0942037
5.79229 0.0961266
5.9115 0.0980582
6.03109 0.0999992
6.15107 0.10195
6.27144 0.103911
6.39221 0.105883
6.51336 0.107867
6.63492 0.109863
6.75687 0.111873
6.87922 0.113896
7.00198 0.115934
7.12515 0.117988
7.24872 0.120059
7.37271 0.122149
7.49712 0.124258
7.62195 0.126388
7.7472 0.12854
7.87289 0.130718
7.99901 0.132923
8.12557 0.135158
8.25257 0.137425
8.38003 0.139729
8.50795 0.142073
8.63633 0.144462
8.7652 0.146903
8.89455 0.149404
9.02439 0.151975
9.15475 0.154628
9.28564 0.157382
9.41708 0.160263
9.54908 0.163312
9.68169 0.1666
9.81494 0.170274
9.9489 0.174783
