0 0
-0.00681245 0.0144772
-0.0136156 0.0289545
-0.0204096 0.0434317
-0.0271943 0.0579089
-0.0339697 0.0723861
-0.040736 0.0868633
-0.047493 0.101341
-0.0542408 0.115818
-0.0609794 0.130295
-0.0677088 0.144772
-0.074429 0.159249
-0.08114 0.173726
-0.0878419 0.188203
-0.0945346 0.20268
-0.101218 0.217157
-0.107892 0.231633
-0.114558 0.24611
-0.121214 0.260587
-0.127861 0.275063
-0.134499 0.28954
-0.141127 0.304017
-0.147747 0.318493
-0.154358 0.332969
-0.160959 0.347446
-0.167552 0.361922
-0.174135 0.376398
-0.180709 0.390874
-0.187274 0.40535
-0.19383 0.419825
-0.200378 0.434301
-0.206916 0.448777
-0.213445 0.463252
-0.219965 0.477727
-0.226476 0.492203
-0.232978 0.506678
-0.239471 0.521152
-0.245955 0.535627
-0.25243 0.550102
-0.258896 0.564577
-0.265354 0.579051
-0.271802 0.593525
-0.278241 0.607999
-0.284671 0.622473
-0.291093 0.636947
-0.297505 0.65142
-0.303909 0.665894
-0.310304 0.680367
-0.31669 0.69484
-0.323067 0.709313
-0.329435 0.723786
-0.335794 0.738258
-0.342144 0.752731
-0.348486 0.767203
-0.354818 0.781675
-0.361142 0.796147
-0.367457 0.810618
-0.373764 0.825089
-0.380061 0.839561
-0.38635 0.854031
-0.392629 0.868502
-0.398901 0.882972
-0.405163 0.897443
-0.411416 0.911913
-0.417661 0.926382
-0.423897 0.940852
-0.430125 0.955321
-0.436343 0.96979
-0.442553 0.984259
-0.448754 0.998727
-0.454947 1.0132
-0.46113 1.02766
-0.467305 1.04213
-0.473472 1.0566
-0.47963 1.07107
-0.485779 1.08553
-0.491919 1.1
-0.498051 1.11446
-0.504174 1.12893
-0.510289 1.1434
-0.516395 1.15786
-0.522492 1.17233
-0.528581 1.18679
-0.534661 1.20126
-0.540733 1.21572
-0.546796 1.23018
-0.55285 1.24465
-0.558896 1.25911
-0.564934 1.27357
-0.570962 1.28804
-0.576983 1.3025
-0.582995 1.31696
-0.588998 1.33142
-0.594993 1.34588
-0.600979 1.36034
-0.606957 1.3748
-0.612927 1.38926
-0.618888 1.40372
-0.62484 1.41818
-0.630784 1.43264
-0.63672 1.4471
-0.642647 1.46156
-0.648566 1.47601
-0.654477 1.49047
-0.660379 1.50493
-0.666273 1.51938
-0.672158 1.53384
-0.678035 1.54829
-0.683904 1.56275
-0.689764 1.5772
-0.695616 1.59166
-0.70146 1.60611
-0.707295 1.62056
-0.713122 1.63502
-0.718941 1.64947
-0.724751 1.66392
-0.730554 1.67837
-0.736348 1.69282
-0.742133 1.70727
-0.747911 1.72172
-0.75368 1.73617
-0.759441 1.75062
-0.765194 1.76507
-0.770939 1.77952
-0.776675 1.79397
-0.782403 1.80841
-0.788123 1.82286
-0.793835 1.83731
-0.799539 1.85175
-0.805235 1.8662
-0.810922 1.88064
-0.816602 1.89508
-0.822273 1.90953
-0.827936 1.92397
-0.833591 1.93841
-0.839238 1.95285
-0.844877 1.9673
-0.850508 1.98174
-0.856131 1.99618
-0.861746 2.01062
-0.867352 2.02505
-0.872951 2.03949
-0.878542 2.05393
-0.884125 2.06837
-0.889699 2.0828
-0.895266 2.09724
-0.900825 2.11167
-0.906376 2.12611
-0.911919 2.14054
-0.917454 2.15498
-0.922981 2.16941
-0.9285 2.18384
-0.934011 2.19827
-0.939515 2.2127
-0.94501 2.22713
-0.950498 2.24156
-0.955978 2.25599
-0.96145 2.27042
-0.966914 2.28485
-0.97237 2.29927
-0.977818 2.3137
-0.983259 2.32813
-0.988692 2.34255
-0.994117 2.35697
-0.999534 2.3714
-1.00494 2.38582
-1.01035 2.40024
-1.01574 2.41466
-1.02113 2.42908
-1.0265 2.4435
-1.03188 2.45792
-1.03724 2.47234
-1.04259 2.48676
-1.04794 2.50118
-1.05328 2.51559
-1.05861 2.53001
-1.06394 2.54442
-1.06926 2.55884
-1.07457 2.57325
-1.07987 2.58766
-1.08516 2.60207
-1.09045 2.61648
-1.09573 2.63089
-1.101 2.6453
-1.10626 2.65971
-1.11152 2.67412
-1.11677 2.68852
-1.12201 2.70293
-1.12725 2.71734
-1.13247 2.73174
-1.13769 2.74614
-1.1429 2.76055
-1.14811 2.77495
-1.1533 2.78935
-1.15849 2.80375
-1.16367 2.81815
-1.16885 2.83254
-1.17402 2.84694
-1.17918 2.86134
-1.18433 2.87573
-1.18947 2.89013
-1.19461 2.90452
-1.19974 2.91892
-1.20486 2.93331
-1.20998 2.9477
-1.21509 2.96209
-1.22019 2.97648
-1.22528 2.99087
-1.23037 3.00525
-1.23545 3.01964
-1.24052 3.03402
-1.24558 3.04841
-1.25064 3.06279
-1.25569 3.07717
-1.26074 3.09156
-1.26577 3.10594
-1.2708 3.12032
-1.27582 3.13469
-1.28084 3.14907
-1.28584 3.16345
-1.29084 3.17782
-1.29584 3.1922
-1.30082 3.20657
-1.3058 3.22094
-1.31077 3.23531
-1.31574 3.24968
-1.32069 3.26405
-1.32565 3.27842
-1.33059 3.29279
-1.33553 3.30715
-1.34046 3.32152
-1.34538 3.33588
-1.35029 3.35025
-1.3552 3.36461
-1.3601 3.37897
-1.365 3.39333
-1.36989 3.40769
-1.37477 3.42204
-1.37964 3.4364
-1.38451 3.45075
-1.38937 3.46511
-1.39422 3.47946
-1.39907 3.49381
-1.40391 3.50816
-1.40874 3.52251
-1.41357 3.53686
-1.41839 3.55121
-1.4232 3.56555
-1.428 3.5799
-1.4328 3.59424
-1.4376 3.60858
-1.44238 3.62292
-1.44716 3.63726
-1.45193 3.6516
-1.4567 3.66594
-1.46146 3.68028
-1.46621 3.69461
-1.47095 3.70894
-1.47569 3.72328
-1.48042 3.73761
-1.48515 3.75194
-1.48987 3.76626
-1.49458 3.78059
-1.49929 3.79492
-1.50399 3.80924
-1.50868 3.82357
-1.51337 3.83789
-1.51805 3.85221
-1.52272 3.86653
-1.52738 3.88084
-1.53205 3.89516
-1.5367 3.90948
-1.54135 3.92379
-1.54599 3.9381
-1.55062 3.95241
-1.55525 3.96672
-1.55987 3.98103
-1.56449 3.99534
-1.56909 4.00964
-1.5737 4.02395
-1.57829 4.03825
-1.58288 4.05255
-1.58747 4.06685
-1.59204 4.08115
-1.59661 4.09545
-1.60118 4.10974
-1.60574 4.12404
-1.61029 4.13833
-1.61484 4.15262
-1.61938 4.16691
-1.62391 4.1812
-1.62844 4.19549
-1.63296 4.20977
-1.63747 4.22406
-1.64198 4.23834
-1.64648 4.25262
-1.65098 4.2669
-1.65547 4.28118
-1.65996 4.29545
-1.66443 4.30973
-1.66891 4.324
-1.67337 4.33827
-1.67783 4.35254
-1.68229 4.36681
-1.68674 4.38108
-1.69118 4.39534
-1.69561 4.4096
-1.70005 4.42387
-1.70447 4.43813
-1.70889 4.45238
-1.7133 4.46664
-1.71771 4.4809
-1.72211 4.49515
-1.7265 4.5094
-1.73089 4.52365
-1.73528 4.5379
-1.73965 4.55215
-1.74402 4.56639
-1.74839 4.58064
-1.75275 4.59488
-1.75711 4.60912
-1.76145 4.62336
-1.7658 4.6376
-1.77013 4.65183
-1.77447 4.66606
-1.77879 4.68029
-1.78311 4.69452
-1.78743 4.70875
-1.79173 4.72298
-1.79604 4.7372
-1.80034 4.75143
-1.80463 4.76565
-1.80891 4.77986
-1.81319 4.79408
-1.81747 4.8083
-1.82174 4.82251
-1.826 4.83672
-1.83026 4.85093
-1.83452 4.86514
-1.83876 4.87935
-1.84301 4.89355
-1.84724 4.90775
-1.85148 4.92195
-1.8557 4.93615
-1.85992 4.95035
-1.86414 4.96454
-1.86835 4.97873
-1.87255 4.99292
-1.87675 5.00711
-1.88095 5.0213
-1.88514 5.03548
-1.88932 5.04967
-1.8935 5.06385
-1.89767 5.07803
-1.90184 5.0922
-1.906 5.10638
-1.91016 5.12055
-1.91431 5.13472
-1.91846 5.14889
-1.9226 5.16305
-1.92674 5.17722
-1.93087 5.19138
-1.93499 5.20554
-1.93912 5.2197
-1.94323 5.23386
-1.94734 5.24801
-1.95145 5.26216
-1.95555 5.27631
-1.95965 5.29046
-1.96374 5.3046
-1.96783 5.31875
-1.97191 5.33289
-1.97598 5.34703
-1.98006 5.36116
-1.98412 5.3753
-1.98818 5.38943
-1.99224 5.40356
-1.99629 5.41769
-2.00034 5.43181
-2.00438 5.44594
-2.00842 5.46006
-2.01245 5.47418
-2.01648 5.48829
-2.02051 5.50241
-2.02452 5.51652
-2.02854 5.53063
-2.03255 5.54474
-2.03655 5.55884
-2.04055 5.57294
-2.04455 5.58704
-2.04854 5.60114
-2.05252 5.61524
-2.05651 5.62933
-2.06048 5.64342
-2.06446 5.65751
-2.06842 5.67159
-2.07239 5.68568
-2.07635 5.69976
-2.0803 5.71384
-2.08425 5.72791
-2.0882 5.74199
-2.09214 5.75606
-2.09607 5.77013
-2.10001 5.78419
-2.10393 5.79826
-2.10786 5.81232
-2.11178 5.82638
-2.11569 5.84043
-2.1196 5.85449
-2.12351 5.86854
-2.12741 5.88258
-2.13131 5.89663
-2.1352 5.91067
-2.13909 5.92471
-2.14298 5.93875
-2.14686 5.95279
-2.15073 5.96682
-2.15461 5.98085
-2.15848 5.99488
-2.16234 6.0089
-2.1662 6.02292
-2.17006 6.03694
-2.17391 6.05096
-2.17776 6.06497
-2.1816 6.07899
-2.18544 6.09299
-2.18928 6.107
-2.19311 6.121
-2.19694 6.135
-2.20076 6.149
-2.20458 6.16299
-2.2084 6.17699
-2.21221 6.19097
-2.21602 6.20496
-2.21983 6.21894
-2.22363 6.23292
-2.22743 6.2469
-2.23122 6.26088
-2.23501 6.27485
-2.2388 6.28882
-2.24258 6.30278
-2.24636 6.31675
-2.25013 6.33071
-2.2539 6.34466
-2.25767 6.35862
-2.26144 6.37257
-2.2652 6.38652
-2.26896 6.40046
-2.27271 6.4144
-2.27646 6.42834
-2.28021 6.44228
-2.28395 6.45621
-2.28769 6.47014
-2.29142 6.48407
-2.29516 6.49799
-2.29889 6.51191
-2.30261 6.52583
-2.30633 6.53974
-2.31005 6.55365
-2.31377 6.56756
-2.31748 6.58147
-2.32119 6.59537
-2.3249 6.60927
-2.3286 6.62316
-2.3323 6.63705
-2.336 6.65094
-2.33969 6.66483
-2.34338 6.67871
-2.34707 6.69259
-2.35075 6.70646
-2.35443 6.72034
-2.35811 6.7342
-2.36178 6.74807
-2.36545 6.76193
-2.36912 6.77579
-2.37279 6.78965
-2.37645 6.8035
-2.38011 6.81735
-2.38376 6.83119
-2.38742 6.84503
-2.39107 6.85887
-2.39471 6.87271
-2.39836 6.88654
-2.402 6.90037
-2.40564 6.91419
-2.40928 6.92801
-2.41291 6.94183
-2.41654 6.95564
-2.42017 6.96945
-2.42379 6.98326
-2.42742 6.99706
-2.43103 7.01086
-2.43465 7.02466
-2.43827 7.03845
-2.44188 7.05224
-2.44549 7.06602
-2.44909 7.07981
-2.4527 7.09358
-2.4563 7.10736
-2.4599 7.12113
-2.46349 7.13489
-2.46709 7.14866
-2.47068 7.16242
-2.47427 7.17617
-2.47786 7.18992
-2.48144 7.20367
-2.48502 7.21741
-2.4886 7.23115
-2.49218 7.24489
-2.49575 7.25862
-2.49933 7.27235
-2.5029 7.28607
-2.50647 7.29979
-2.51003 7.31351
-2.5136 7.32722
-2.51716 7.34093
-2.52072 7.35463
-2.52427 7.36833
-2.52783 7.38203
-2.53138 7.39572
-2.53493 7.40941
-2.53848 7.4231
-2.54203 7.43678
-2.54557 7.45045
-2.54912 7.46412
-2.55266 7.47779
-2.5562 7.49146
-2.55973 7.50511
-2.56327 7.51877
-2.5668 7.53242
-2.57033 7.54607
-2.57386 7.55971
-2.57739 7.57335
-2.58092 7.58698
-2.58444 7.60061
-2.58797 7.61424
-2.59149 7.62786
-2.59501 7.64148
-2.59852 7.65509
-2.60204 7.6687
-2.60555 7.6823
-2.60907 7.6959
-2.61258 7.7095
-2.61609 7.72309
-2.6196 7.73667
-2.6231 7.75025
-2.62661 7.76383
-2.63011 7.7774
-2.63361 7.79097
-2.63711 7.80454
-2.64061 7.81809
-2.64411 7.83165
-2.64761 7.8452
-2.6511 7.85874
-2.6546 7.87228
-2.65809 7.88582
-2.66158 7.89935
-2.66507 7.91288
-2.66856 7.9264
-2.67205 7.93992
-2.67554 7.95343
-2.67902 7.96694
-2.68251 7.98044
-2.68599 7.99394
-2.68947 8.00743
-2.69296 8.02092
-2.69644 8.0344
-2.69992 8.04788
-2.70339 8.06135
-2.70687 8.07482
-2.71035 8.08828
-2.71382 8.10174
-2.7173 8.1152
-2.72077 8.12865
-2.72425 8.14209
-2.72772 8.15553
-2.73119 8.16896
-2.73466 8.18239
-2.73813 8.19582
-2.7416 8.20923
-2.74507 8.22265
-2.74854 8.23605
-2.75201 8.24946
-2.75547 8.26286
-2.75894 8.27625
-2.7624 8.28964
-2.76587 8.30302
-2.76933 8.31639
-2.7728 8.32977
-2.77626 8.34313
-2.77973 8.35649
-2.78319 8.36985
-2.78665 8.3832
-2.79011 8.39654
-2.79357 8.40988
-2.79704 8.42321
-2.8005 8.43654
-2.80396 8.44987
-2.80742 8.46318
-2.81088 8.47649
-2.81434 8.4898
-2.8178 8.5031
-2.82126 8.5164
-2.82472 8.52969
-2.82818 8.54297
-2.83164 8.55625
-2.8351 8.56952
-2.83856 8.58279
-2.84202 8.59605
-2.84548 8.6093
-2.84894 8.62255
-2.8524 8.6358
-2.85585 8.64903
-2.85931 8.66227
-2.86278 8.67549
-2.86624 8.68871
-2.8697 8.70193
-2.87316 8.71513
-2.87662 8.72834
-2.88008 8.74153
-2.88354 8.75472
-2.887 8.76791
-2.89046 8.78109
-2.89393 8.79426
-2.89739 8.80742
-2.90085 8.82058
-2.90432 8.83374
-2.90778 8.84689
-2.91125 8.86003
-2.91471 8.87316
-2.91818 8.88629
-2.92164 8.89941
-2.92511 8.91253
-2.92858 8.92564
-2.93205 8.93874
-2.93552 8.95184
-2.93899 8.96493
-2.94246 8.97802
-2.94593 8.9911
-2.9494 9.00417
-2.95287 9.01723
-2.95635 9.03029
-2.95982 9.04334
-2.9633 9.05639
-2.96677 9.06943
-2.97025 9.08246
-2.97373 9.09549
-2.97721 9.10851
-2.98069 9.12152
-2.98417 9.13453
-2.98765 9.14753
-2.99114 9.16052
-2.99462 9.1735
-2.99811 9.18648
-3.0016 9.19945
-3.00508 9.21242
-3.00857 9.22538
-3.01206 9.23833
-3.01556 9.25127
-3.01905 9.26421
-3.02254 9.27714
-3.02604 9.29006
-3.02954 9.30298
-3.03304 9.31589
-3.03654 9.32879
-3.04004 9.34169
-3.04354 9.35457
-3.04705 9.36745
-3.05055 9.38033
-3.05406 9.39319
-3.05757 9.40605
-3.06108 9.4189
-3.06459 9.43175
-3.06811 9.44458
-3.07162 9.45741
-3.07514 9.47024
-3.07866 9.48305
-3.08218 9.49586
-3.08571 9.50866
-3.08923 9.52145
-3.09276 9.53423
-3.09629 9.54701
-3.09982 9.55978
-3.10335 9.57254
-3.10688 9.5853
-3.11042 9.59804
-3.11396 9.61078
-3.1175 9.62351
-3.12104 9.63624
-3.12459 9.64895
-3.12813 9.66166
-3.13168 9.67436
-3.13523 9.68705
-3.13879 9.69973
-3.14234 9.71241
-3.1459 9.72508
-3.14946 9.73774
-3.15302 9.75039
-3.15659 9.76303
-3.16016 9.77567
-3.16373 9.78829
-3.1673 9.80091
-3.17087 9.81353
-3.17445 9.82613
-3.17803 9.83872
-3.18161 9.85131
-3.18519 9.86389
-3.18878 9.87646
-3.19237 9.88902
-3.19596 9.90157
-3.19956 9.91411
-3.20316 9.92665
-3.20676 9.93918
-3.21036 9.9517
-3.21397 9.96421
-3.21757 9.97671
-3.22119 9.9892
-3.2248 10.0017
-3.22842 10.0142
-3.23204 10.0266
-3.23566 10.0391
-3.23929 10.0515
-3.24291 10.064
-3.24655 10.0764
-3.25018 10.0888
-3.25382 10.1012
-3.25746 10.1136
-3.26111 10.126
-3.26475 10.1384
-3.2684 10.1508
-3.27206 10.1632
-3.27571 10.1755
-3.27937 10.1879
-3.28304 10.2002
-3.2867 10.2126
-3.29037 10.2249
-3.29405 10.2372
-3.29772 10.2495
-3.3014 10.2618
-3.30509 10.2741
-3.30877 10.2863
-3.31246 10.2986
-3.31616 10.3109
-3.31986 10.3231
-3.32356 10.3354
-3.32726 10.3476
-3.33097 10.3598
-3.33468 10.372
-3.3384 10.3842
-3.34212 10.3964
-3.34584 10.4086
-3.34957 10.4207
-3.3533 10.4329
-3.35703 10.4451
-3.36077 10.4572
-3.36451 10.4693
-3.36826 10.4814
-3.37201 10.4935
-3.37576 10.5056
-3.37952 10.5177
-3.38328 10.5298
-3.38705 10.5419
-3.39082 10.5539
-3.39459 10.566
-3.39837 10.578
-3.40215 10.5901
-3.40593 10.6021
-3.40972 10.6141
-3.41352 10.6261
-3.41732 10.6381
-3.42112 10.65
-3.42493 10.662
-3.42874 10.674
-3.43255 10.6859
-3.43638 10.6978
-3.4402 10.7098
-3.44403 10.7217
-3.44786 10.7336
-3.4517 10.7455
-3.45554 10.7573
-3.45939 10.7692
-3.46324 10.7811
-3.4671 10.7929
-3.47096 10.8047
-3.47482 10.8166
-3.47869 10.8284
-3.48256 10.8402
-3.48644 10.852
-3.49033 10.8637
-3.49422 10.8755
-3.49811 10.8873
-3.50201 10.899
-3.50591 10.9107
-3.50982 10.9225
-3.51373 10.9342
-3.51765 10.9459
-3.52157 10.9576
-3.52549 10.9692
-3.52943 10.9809
-3.53336 10.9926
-3.53731 11.0042
-3.54125 11.0158
-3.5452 11.0274
-3.54916 11.039
-3.55312 11.0506
-3.55709 11.0622
-3.56106 11.0738
-3.56504 11.0853
-3.56902 11.0969
-3.57301 11.1084
-3.57701 11.1199
-3.581 11.1315
-3.58501 11.1429
-3.58902 11.1544
-3.59303 11.1659
-3.59705 11.1774
-3.60108 11.1888
-3.60511 11.2002
-3.60914 11.2117
-3.61319 11.2231
-3.61723 11.2345
-3.62128 11.2459
-3.62534 11.2572
-3.62941 11.2686
-3.63348 11.2799
-3.63755 11.2913
-3.64163 11.3026
-3.64572 11.3139
-3.64981 11.3252
-3.65391 11.3365
-3.65801 11.3477
-3.66212 11.359
-3.66623 11.3702
-3.67035 11.3815
-3.67448 11.3927
-3.67861 11.4039
-3.68275 11.4151
-3.68689 11.4263
-3.69104 11.4374
-3.6952 11.4486
-3.69936 11.4597
-3.70353 11.4708
-3.7077 11.4819
-3.71188 11.493
-3.71607 11.5041
-3.72026 11.5152
-3.72446 11.5262
-3.72866 11.5373
-3.73287 11.5483
-3.73709 11.5593
-3.74131 11.5703
-3.74554 11.5813
-3.74977 11.5923
-3.75401 11.6032
-3.75826 11.6142
-3.76251 11.6251
-3.76677 11.636
-3.77104 11.6469
-3.77531 11.6578
-3.77959 11.6687
-3.78387 11.6795
-3.78816 11.6904
-3.79246 11.7012
-3.79676 11.712
-3.80108 11.7228
-3.80539 11.7336
-3.80972 11.7444
-3.81405 11.7551
-3.81838 11.7659
-3.82272 11.7766
-3.82707 11.7873
-3.83143 11.798
-3.83579 11.8087
-3.84016 11.8193
-3.84454 11.83
-3.84892 11.8406
-3.85331 11.8512
-3.85771 11.8618
-3.86211 11.8724
-3.86652 11.883
-3.87093 11.8936
-3.87536 11.9041
-3.87979 11.9146
-3.88422 11.9251
-3.88867 11.9356
-3.89312 11.9461
-3.89757 11.9566
-3.90204 11.967
-3.90651 11.9775
-3.91099 11.9879
-3.91547 11.9983
-3.91996 12.0087
-3.92446 12.0191
-3.92897 12.0294
-3.93348 12.0397
-3.938 12.0501
-3.94252 12.0604
-3.94706 12.0707
-3.9516 12.0809
-3.95614 12.0912
-3.9607 12.1014
-3.96526 12.1117
-3.96983 12.1219
-3.97441 12.1321
-3.97899 12.1422
-3.98358 12.1524
-3.98818 12.1625
-3.99278 12.1727
-3.99739 12.1828
-4.00201 12.1929
-4.00664 12.2029
-4.01127 12.213
-4.01591 12.223
-4.02056 12.2331
-4.02521 12.2431
-4.02988 12.2531
-4.03455 12.263
-4.03922 12.273
-4.04391 12.2829
-4.0486 12.2928
-4.0533 12.3028
-4.05801 12.3126
-4.06272 12.3225
-4.06744 12.3324
-4.07217 12.3422
-4.07691 12.352
-4.08165 12.3618
-4.0864 12.3716
-4.09116 12.3813
-4.09592 12.3911
-4.1007 12.4008
-4.10548 12.4105
-4.11027 12.4202
-4.11506 12.4299
-4.11986 12.4396
-4.12468 12.4492
-4.12949 12.4588
-4.13432 12.4684
-4.13915 12.478
-4.14399 12.4876
-4.14884 12.4971
-4.1537 12.5066
-4.15856 12.5161
-4.16343 12.5256
-4.16831 12.5351
-4.1732 12.5446
-4.17809 12.554
-4.183 12.5634
-4.1879 12.5728
-4.19282 12.5822
-4.19775 12.5915
-4.20268 12.6009
-4.20762 12.6102
-4.21257 12.6195
-4.21752 12.6288
-4.22249 12.638
-4.22746 12.6473
-4.23243 12.6565
-4.23742 12.6657
-4.24241 12.6749
-4.24742 12.6841
-4.25242 12.6932
-4.25744 12.7024
-4.26247 12.7115
-4.2675 12.7206
-4.27254 12.7296
-4.27759 12.7387
-4.28264 12.7477
-4.2877 12.7567
-4.29278 12.7657
-4.29785 12.7747
-4.30294 12.7836
-4.30803 12.7926
-4.31314 12.8015
-4.31825 12.8104
-4.32336 12.8192
-4.32849 12.8281
-4.33362 12.8369
-4.33876 12.8457
-4.34391 12.8545
-4.34907 12.8633
-4.35423 12.872
-4.3594 12.8807
-4.36458 12.8895
-4.36977 12.8981
-4.37497 12.9068
-4.38017 12.9155
-4.38538 12.9241
-4.3906 12.9327
-4.39583 12.9413
-4.40106 12.9498
-4.4063 12.9584
-4.41155 12.9669
-4.41681 12.9754
-4.42207 12.9839
-4.42735 12.9923
-4.43263 13.0007
-4.43792 13.0092
-4.44321 13.0176
-4.44852 13.0259
-4.45383 13.0343
-4.45915 13.0426
-4.46448 13.0509
-4.46981 13.0592
-4.47515 13.0675
-4.4805 13.0757
-4.48586 13.0839
-4.49123 13.0921
-4.4966 13.1003
-4.50198 13.1085
-4.50737 13.1166
-4.51277 13.1247
-4.51817 13.1328
-4.52359 13.1409
-4.52901 13.1489
-4.53443 13.1569
-4.53987 13.1649
-4.54531 13.1729
-4.55076 13.1809
-4.55622 13.1888
-4.56169 13.1967
-4.56716 13.2046
-4.57264 13.2125
-4.57813 13.2203
-4.58363 13.2281
-4.58913 13.2359
-4.59464 13.2437
-4.60016 13.2515
-4.60569 13.2592
-4.61123 13.2669
-4.61677 13.2746
-4.62232 13.2823
-4.62787 13.2899
-4.63344 13.2975
-4.63901 13.3051
-4.64459 13.3127
-4.65018 13.3202
-4.65577 13.3278
-4.66137 13.3353
-4.66698 13.3427
-4.6726 13.3502
-4.67823 13.3576
-4.68386 13.365
-4.6895 13.3724
-4.69514 13.3798
-4.7008 13.3871
-4.70646 13.3944
-4.71213 13.4017
-4.7178 13.409
-4.72349 13.4162
-4.72918 13.4235
-4.73488 13.4307
-4.74058 13.4378
-4.7463 13.445
-4.75202 13.4521
-4.75774 13.4592
-4.76348 13.4663
-4.76922 13.4734
-4.77497 13.4804
-4.78073 13.4874
-4.78649 13.4944
-4.79226 13.5013
-4.79804 13.5083
-4.80382 13.5152
-4.80962 13.5221
-4.81541 13.5289
-4.82122 13.5358
-4.82703 13.5426
-4.83285 13.5494
-4.83868 13.5561
-4.84452 13.5629
-4.85036 13.5696
-4.85621 13.5763
-4.86206 13.583
-4.86792 13.5896
-4.87379 13.5962
-4.87967 13.6028
-4.88555 13.6094
-4.89144 13.6159
-4.89734 13.6225
-4.90324 13.629
-4.90915 13.6354
-4.91507 13.6419
-4.92099 13.6483
-4.92692 13.6547
-4.93286 13.6611
-4.9388 13.6674
-4.94475 13.6737
-4.95071 13.68
-4.95667 13.6863
-4.96264 13.6926
-4.96862 13.6988
-4.9746 13.705
-4.98059 13.7112
-4.98659 13.7173
-4.99259 13.7234
-4.9986 13.7295
-5.00462 13.7356
-5.01064 13.7416
-5.01667 13.7477
-5.02271 13.7537
-5.02875 13.7596
-5.03479 13.7656
-5.04085 13.7715
-5.04691 13.7774
-5.05297 13.7833
-5.05905 13.7891
-5.06513 13.7949
-5.07121 13.8007
-5.0773 13.8065
-5.0834 13.8122
-5.0895 13.818
-5.09561 13.8237
-5.10173 13.8293
-5.10785 13.835
-5.11398 13.8406
-5.12011 13.8462
-5.12625 13.8517
-5.1324 13.8573
-5.13855 13.8628
-5.14471 13.8683
-5.15087 13.8737
-5.15704 13.8792
-5.16321 13.8846
-5.16939 13.89
-5.17558 13.8953
-5.18177 13.9007
-5.18797 13.906
-5.19417 13.9113
-5.20038 13.9165
-5.20659 13.9217
-5.21281 13.9269
-5.21904 13.9321
-5.22527 13.9373
-5.23151 13.9424
-5.23775 13.9475
-5.244 13.9526
-5.25025 13.9576
-5.25651 13.9627
-5.26277 13.9677
-5.26904 13.9726
-5.27531 13.9776
-5.28159 13.9825
-5.28788 13.9874
-5.29416 13.9923
-5.30046 13.9971
-5.30676 14.0019
-5.31306 14.0067
-5.31937 14.0115
-5.32569 14.0162
-5.33201 14.0209
-5.33833 14.0256
-5.34466 14.0303
-5.351 14.0349
-5.35734 14.0395
-5.36368 14.0441
-5.37003 14.0487
-5.37638 14.0532
-5.38274 14.0577
-5.38911 14.0622
-5.39547 14.0666
-5.40185 14.0711
-5.40822 14.0755
-5.41461 14.0798
-5.42099 14.0842
-5.42738 14.0885
-5.43378 14.0928
-5.44018 14.0971
-5.44658 14.1013
-5.45299 14.1055
-5.4594 14.1097
-5.46582 14.1139
-5.47224 14.118
-5.47867 14.1222
-5.4851 14.1262
-5.49153 14.1303
-5.49797 14.1344
-5.50442 14.1384
-5.51086 14.1424
-5.51731 14.1463
-5.52377 14.1502
-5.53023 14.1542
-5.53669 14.158
-5.54316 14.1619
-5.54963 14.1657
-5.5561 14.1695
-5.56258 14.1733
-5.56906 14.1771
-5.57555 14.1808
-5.58204 14.1845
-5.58853 14.1882
-5.59503 14.1918
-5.60153 14.1955
-5.60803 14.1991
-5.61454 14.2026
-5.62105 14.2062
-5.62757 14.2097
-5.63409 14.2132
-5.64061 14.2167
-5.64713 14.2201
-5.65366 14.2235
-5.6602 14.2269
-5.66673 14.2303
-5.67327 14.2337
-5.67981 14.237
-5.68636 14.2403
-5.69291 14.2435
-5.69946 14.2468
-5.70601 14.25
-5.71257 14.2532
-5.71913 14.2564
-5.7257 14.2595
-5.73226 14.2626
-5.73883 14.2657
-5.74541 14.2688
-5.75198 14.2718
-5.75856 14.2749
-5.76514 14.2778
-5.77173 14.2808
-5.77832 14.2838
-5.78491 14.2867
-5.7915 14.2896
-5.79809 14.2924
-5.80469 14.2953
-5.81129 14.2981
-5.8179 14.3009
-5.8245 14.3037
-5.83111 14.3064
-5.83772 14.3091
-5.84434 14.3118
-5.85095 14.3145
-5.85757 14.3171
-5.86419 14.3198
-5.87081 14.3223
-5.87744 14.3249
-5.88407 14.3275
-5.8907 14.33
-5.89733 14.3325
-5.90396 14.335
-5.9106 14.3374
-5.91724 14.3398
-5.92388 14.3423
-5.93052 14.3446
-5.93717 14.347
-5.94382 14.3493
-5.95047 14.3516
-5.95712 14.3539
-5.96377 14.3562
-5.97043 14.3584
-5.97708 14.3606
-5.98374 14.3628
-5.9904 14.365
-5.99707 14.3671
-6.00373 14.3692
-6.0104 14.3713
-6.01706 14.3734
-6.02373 14.3754
-6.0304 14.3775
-6.03708 14.3795
-6.04375 14.3815
-6.05043 14.3834
-6.0571 14.3853
-6.06378 14.3872
-6.07046 14.3891
-6.07715 14.391
-6.08383 14.3928
-6.09051 14.3947
-6.0972 14.3965
-6.10389 14.3982
-6.11058 14.4
-6.11727 14.4017
-6.12396 14.4034
-6.13065 14.4051
-6.13735 14.4068
-6.14404 14.4084
-6.15074 14.41
-6.15744 14.4116
-6.16413 14.4132
-6.17084 14.4147
-6.17754 14.4163
-6.18424 14.4178
-6.19094 14.4193
-6.19765 14.4207
-6.20435 14.4222
-6.21106 14.4236
-6.21777 14.425
-6.22447 14.4264
-6.23118 14.4277
-6.2379 14.4291
-6.24461 14.4304
-6.25132 14.4317
-6.25803 14.4329
-6.26474 14.4342
-6.27146 14.4354
-6.27817 14.4366
-6.28489 14.4378
-6.29161 14.439
-6.29833 14.4402
-6.30504 14.4413
-6.31176 14.4424
-6.31848 14.4435
-6.3252 14.4446
-6.33192 14.4456
-6.33864 14.4466
-6.34537 14.4477
-6.35209 14.4487
-6.35881 14.4496
-6.36554 14.4506
-6.37226 14.4515
-6.37899 14.4524
-6.38571 14.4533
-6.39244 14.4542
-6.39916 14.4551
-6.40589 14.4559
-6.41262 14.4567
-6.41934 14.4575
-6.42607 14.4583
-6.4328 14.4591
-6.43953 14.4598
-6.44626 14.4605
-6.45299 14.4613
-6.45972 14.4619
-6.46645 14.4626
-6.47318 14.4633
-6.47991 14.4639
-6.48664 14.4645
-6.49337 14.4651
-6.5001 14.4657
-6.50683 14.4663
-6.51357 14.4669
-6.5203 14.4674
-6.52703 14.4679
-6.53376 14.4684
-6.5405 14.4689
-6.54723 14.4694
-6.55396 14.4699
-6.5607 14.4703
-6.56743 14.4707
-6.57416 14.4711
-6.5809 14.4715
-6.58763 14.4719
-6.59436 14.4723
-6.6011 14.4726
-6.60783 14.473
-6.61457 14.4733
-6.6213 14.4736
-6.62803 14.4739
-6.63477 14.4742
-6.6415 14.4744
-6.64824 14.4747
-6.65497 14.4749
-6.66171 14.4751
-6.66844 14.4753
-6.67517 14.4755
-6.68191 14.4757
-6.68864 14.4759
-6.69538 14.4761
-6.70211 14.4762
-6.70885 14.4763
-6.71558 14.4765
-6.72232 14.4766
-6.72905 14.4767
-6.73579 14.4768
-6.74252 14.4769
-6.74926 14.4769
-6.75599 14.477
-6.76273 14.4771
-6.76946 14.4771
-6.7762 14.4772
-6.78293 14.4772
-6.78966 14.4772
-6.7964 14.4772
-6.80313 14.4772
-6.80987 14.4772
-6.8166 14.4772
-6.82334 14.4772
-6.79807 14.4772
-6.8048 14.4772
-6.81154 14.4772
-6.81827 14.4772
-6.82501 14.4772
-6.79974 14.4772
-6.80648 14.4772
-6.81321 14.4772
-6.81995 14.4772
-6.82668 14.4772
-6.80141 14.4772
-6.80815 14.4772
-6.81488 14.4772
-6.82162 14.4772
-6.82835 14.4772
-6.80309 14.4772
-6.80982 14.4772
-6.81656 14.4772
-6.82329 14.4772
-6.79803 14.4772
-6.80476 14.4772
-6.81149 14.4772
-6.81823 14.4772
-6.82496 14.4772
-6.7997 14.4772
-6.80643 14.4772
-6.81317 14.4772
-6.8199 14.4772
-6.82664 14.4772
-6.80137 14.4772
-6.8081 14.4772
-6.81484 14.4772
-6.82157 14.4772
-6.82831 14.4772
-6.80304 14.4772
-6.80978 14.4772
-6.81651 14.4772
-6.82325 14.4772
-6.79798 14.4772
-6.80471 14.4772
-6.81145 14.4772
-6.81818 14.4772
-6.82492 14.4772
-6.79965 14.4772
-6.80639 14.4772
-6.81312 14.4772
-6.81986 14.4772
-6.82659 14.4772
-6.80132 14.4772
-6.80806 14.4772
-6.81479 14.4772
-6.82153 14.4772
-6.82826 14.4772
-6.803 14.4772
-6.80973 14.4772
-6.81647 14.4772
-6.8232 14.4772
-6.79794 14.4772
-6.80467 14.4772
-6.8114 14.4772
-6.81814 14.4772
-6.82487 14.4772
-6.79961 14.4772
-6.80634 14.4772
-6.81308 14.4772
-6.81981 14.4772
-6.82654 14.4772
-6.80128 14.4772
-6.80801 14.4772
-6.81475 14.4772
-6.82148 14.4772
-6.82822 14.4772
-6.80295 14.4772
-6.80969 14.4772
-6.81642 14.4772
-6.82315 14.4772
-6.79789 14.4772
-6.80462 14.4772
-6.81136 14.4772
-6.81809 14.4772
-6.82483 14.4772
-6.79956 14.4772
-6.8063 14.4772
-6.81303 14.4772
-6.81977 14.4772
-6.8265 14.4772
-6.80123 14.4772
-6.80797 14.4772
-6.8147 14.4772
-6.82144 14.4772
-6.82817 14.4772
-6.80291 14.4772
-6.80964 14.4772
-6.81638 14.4772
-6.82311 14.4772
-6.79784 14.4772
-6.80458 14.4772
-6.81131 14.4772
-6.81805 14.4772
-6.82478 14.4772
-6.79952 14.4772
-6.80625 14.4772
-6.81299 14.4772
-6.81972 14.4772
-6.82645 14.4772
-6.80119 14.4772
-6.80792 14.4772
-6.81466 14.4772
-6.82139 14.4772
-6.82813 14.4772
-6.80286 14.4772
-6.8096 14.4772
-6.81633 14.4772
-6.82306 14.4772
-6.7978 14.4772
-6.80453 14.4772
-6.81127 14.4772
-6.818 14.4772
-6.82474 14.4772
-6.79947 14.4772
-6.80621 14.4772
-6.81294 14.4772
-6.81967 14.4772
-6.82641 14.4772
-6.80114 14.4772
-6.80788 14.4772
-6.81461 14.4772
-6.82135 14.4772
-6.82808 14.4772
-6.80282 14.4772
-6.80955 14.4772
-6.81628 14.4772
-6.82302 14.4772
-6.79775 14.4772
-6.80449 14.4772
-6.81122 14.4772
-6.81796 14.4772
-6.82469 14.4772
-6.79943 14.4772
-6.80616 14.4772
-6.81289 14.4772
-6.81963 14.4772
-6.82636 14.4772
-6.8011 14.4772
-6.80783 14.4772
-6.81457 14.4772
-6.8213 14.4772
-6.82804 14.4772
-6.80277 14.4772
-6.8095 14.4772
-6.81624 14.4772
-6.82297 14.4772
-6.79771 14.4772
-6.80444 14.4772
-6.81118 14.4772
-6.81791 14.4772
-6.82465 14.4772
-6.79938 14.4772
-6.80612 14.4772
-6.81285 14.4772
-6.81958 14.4772
-6.82632 14.4772
-6.80105 14.4772
-6.80779 14.4772
-6.81452 14.4772
-6.82126 14.4772
-6.82799 14.4772
-6.80273 14.4772
-6.80946 14.4772
-6.81619 14.4772
-6.82293 14.4772
-6.79766 14.4772
-6.8044 14.4772
-6.81113 14.4772
-6.81787 14.4772
-6.8246 14.4772
-6.79934 14.4772
-6.80607 14.4772
-6.8128 14.4772
-6.81954 14.4772
-6.82627 14.4772
-6.80101 14.4772
-6.80774 14.4772
-6.81448 14.4772
-6.82121 14.4772
-6.82795 14.4772
-6.80268 14.4772
-6.80941 14.4772
-6.81615 14.4772
-6.82288 14.4772
-6.79762 14.4772
-6.80435 14.4772
-6.81109 14.4772
-6.81782 14.4772
-6.82456 14.4772
-6.79929 14.4772
-6.80602 14.4772
-6.81276 14.4772
-6.81949 14.4772
-6.82623 14.4772
-6.80096 14.4772
-6.8077 14.4772
-6.81443 14.4772
-6.82117 14.4772
-6.8279 14.4772
-6.80263 14.4772
-6.80937 14.4772
-6.8161 14.4772
-6.82284 14.4772
-6.79757 14.4772
-6.80431 14.4772
-6.81104 14.4772
-6.81778 14.4772
-6.82451 14.4772
-6.79924 14.4772
-6.80598 14.4772
-6.81271 14.4772
-6.81945 14.4772
-6.82618 14.4772
-6.80092 14.4772
-6.80765 14.4772
-6.81439 14.4772
-6.82112 14.4772
-6.82785 14.4772
-6.80259 14.4772
-6.80932 14.4772
-6.81606 14.4772
-6.82279 14.4772
-6.79753 14.4772
-6.80426 14.4772
-6.811 14.4772
-6.81773 14.4772
-6.82446 14.4772
-6.7992 14.4772
-6.80593 14.4772
-6.81267 14.4772
-6.8194 14.4772
-6.82614 14.4772
-6.80087 14.4772
-6.80761 14.4772
-6.81434 14.4772
-6.82107 14.4772
-6.82781 14.4772
-6.80254 14.4772
-6.80928 14.4772
-6.81601 14.4772
-6.82275 14.4772
-6.79748 14.4772
-6.80422 14.4772
-6.81095 14.4772
-6.81769 14.4772
-6.82442 14.4772
-6.79915 14.4772
-6.80589 14.4772
-6.81262 14.4772
-6.81936 14.4772
-6.82609 14.4772
-6.80083 14.4772
-6.80756 14.4772
-6.8143 14.4772
-6.82103 14.4772
-6.82776 14.4772
-6.8025 14.4772
-6.80923 14.4772
-6.81597 14.4772
-6.8227 14.4772
-6.79744 14.4772
-6.80417 14.4772
-6.81091 14.4772
-6.81764 14.4772
-6.82437 14.4772
-6.79911 14.4772
-6.80584 14.4772
-6.81258 14.4772
-6.81931 14.4772
-6.82605 14.4772
-6.80078 14.4772
-6.80752 14.4772
-6.81425 14.4772
-6.82098 14.4772
-6.82772 14.4772
-6.80245 14.4772
-6.80919 14.4772
-6.81592 14.4772
-6.82266 14.4772
-6.79739 14.4772
-6.80413 14.4772
-6.81086 14.4772
-6.81759 14.4772
-6.82433 14.4772
-6.79906 14.4772
-6.8058 14.4772
-6.81253 14.4772
-6.81927 14.4772
-6.826 14.4772
-6.80074 14.4772
-6.80747 14.4772
-6.8142 14.4772
-6.82094 14.4772
-6.82767 14.4772
-6.80241 14.4772
-6.80914 14.4772
-6.81588 14.4772
-6.82261 14.4772
-6.79735 14.4772
-6.80408 14.4772
-6.81081 14.4772
-6.81755 14.4772
-6.82428 14.4772
-6.79902 14.4772
-6.80575 14.4772
-6.81249 14.4772
-6.81922 14.4772
-6.82596 14.4772
-6.80069 14.4772
-6.80743 14.4772
-6.81416 14.4772
-6.82089 14.4772
-6.82763 14.4772
-6.80236 14.4772
-6.8091 14.4772
-6.81583 14.4772
-6.82257 14.4772
-6.7973 14.4772
-6.80404 14.4772
-6.81077 14.4772
-6.8175 14.4772
-6.82424 14.4772
-6.79897 14.4772
-6.80571 14.4772
-6.81244 14.4772
-6.81918 14.4772
-6.82591 14.4772
-6.80065 14.4772
-6.80738 14.4772
-6.81411 14.4772
-6.82085 14.4772
-6.82758 14.4772
-6.80232 14.4772
-6.80905 14.4772
-6.81579 14.4772
-6.82252 14.4772
-6.79726 14.4772
-6.80399 14.4772
-6.81072 14.4772
-6.81746 14.4772
-6.82419 14.4772
-6.79893 14.4772
-6.80566 14.4772
-6.8124 14.4772
-6.81913 14.4772
-6.82587 14.4772
-6.8006 14.4772
-6.80733 14.4772
-6.81407 14.4772
-6.8208 14.4772
-6.82754 14.4772
-6.80227 14.4772
-6.80901 14.4772
-6.81574 14.4772
-6.82248 14.4772
-6.79721 14.4772
-6.80394 14.4772
-6.81068 14.4772
-6.81741 14.4772
-6.82415 14.4772
-6.79888 14.4772
-6.80562 14.4772
-6.81235 14.4772
-6.81909 14.4772
-6.82582 14.4772
-6.80055 14.4772
-6.80729 14.4772
-6.81402 14.4772
-6.82076 14.4772
-6.82749 14.4772
-6.80223 14.4772
-6.80896 14.4772
-6.8157 14.4772
-6.82243 14.4772
-6.79716 14.4772
-6.8039 14.4772
-6.81063 14.4772
-6.81737 14.4772
-6.8241 14.4772
-6.79884 14.4772
-6.80557 14.4772
-6.81231 14.4772
-6.81904 14.4772
-6.82577 14.4772
-6.80051 14.4772
-6.80724 14.4772
-6.81398 14.4772
-6.82071 14.4772
-6.82745 14.4772
-6.80218 14.4772
-6.80892 14.4772
-6.81565 14.4772
-6.82238 14.4772
-6.79712 14.4772
-6.80385 14.4772
-6.81059 14.4772
-6.81732 14.4772
-6.82406 14.4772
-6.79879 14.4772
-6.80553 14.4772
-6.81226 14.4772
-6.81899 14.4772
-6.82573 14.4772
-6.80046 14.4772
-6.8072 14.4772
-6.81393 14.4772
-6.82067 14.4772
-6.8274 14.4772
-6.80214 14.4772
-6.80887 14.4772
-6.81561 14.4772
-6.82234 14.4772
-6.79707 14.4772
-6.80381 14.4772
-6.81054 14.4772
-6.81728 14.4772
-6.82401 14.4772
-6.79875 14.4772
-6.80548 14.4772
-6.81222 14.4772
-6.81895 14.4772
-6.82568 14.4772
-6.80042 14.4772
-6.80715 14.4772
-6.81389 14.4772
-6.82062 14.4772
-6.82736 14.4772
-6.80209 14.4772
-6.80883 14.4772
-6.81556 14.4772
-6.82229 14.4772
-6.79703 14.4772
-6.80376 14.4772
-6.8105 14.4772
-6.81723 14.4772
-6.82397 14.4772
-6.7987 14.4772
-6.80544 14.4772
-6.81217 14.4772
-6.8189 14.4772
-6.82564 14.4772
-6.80037 14.4772
-6.80711 14.4772
-6.81384 14.4772
-6.82058 14.4772
-6.82731 14.4772
-6.80205 14.4772
-6.80878 14.4772
-6.81551 14.4772
-6.82225 14.4772
-6.79698 14.4772
-6.80372 14.4772
-6.81045 14.4772
-6.81719 14.4772
-6.82392 14.4772
-6.79866 14.4772
-6.80539 14.4772
-6.81212 14.4772
-6.81886 14.4772
-6.82559 14.4772
-6.80033 14.4772
-6.80706 14.4772
-6.8138 14.4772
-6.82053 14.4772
-6.82727 14.4772
-6.802 14.4772
-6.80873 14.4772
-6.81547 14.4772
-6.8222 14.4772
-6.79694 14.4772
-6.80367 14.4772
-6.81041 14.4772
-6.81714 14.4772
-6.82388 14.4772
-6.79861 14.4772
-6.80534 14.4772
-6.81208 14.4772
-6.81881 14.4772
-6.82555 14.4772
-6.80028 14.4772
-6.80702 14.4772
-6.81375 14.4772
-6.82049 14.4772
-6.82722 14.4772
-6.80195 14.4772
-6.80869 14.4772
-6.81542 14.4772
-6.82216 14.4772
-6.79689 14.4772
-6.80363 14.4772
-6.81036 14.4772
-6.8171 14.4772
-6.82383 14.4772
-6.79856 14.4772
-6.8053 14.4772
-6.81203 14.4772
-6.81877 14.4772
-6.8255 14.4772
-6.80024 14.4772
-6.80697 14.4772
-6.81371 14.4772
-6.82044 14.4772
-6.82717 14.4772
-6.80191 14.4772
-6.80864 14.4772
-6.81538 14.4772
-6.82211 14.4772
-6.79685 14.4772
-6.80358 14.4772
-6.81032 14.4772
-6.81705 14.4772
-6.82378 14.4772
-6.79852 14.4772
-6.80525 14.4772
-6.81199 14.4772
-6.81872 14.4772
-6.82546 14.4772
-6.80019 14.4772
-6.80693 14.4772
-6.81366 14.4772
-6.82039 14.4772
-6.82713 14.4772
-6.80186 14.4772
-6.8086 14.4772
-6.81533 14.4772
-6.82207 14.4772
-6.7968 14.4772
-6.80354 14.4772
-6.81027 14.4772
-6.817 14.4772
-6.82374 14.4772
-6.79847 14.4772
-6.80521 14.4772
-6.81194 14.4772
-6.81868 14.4772
-6.82541 14.4772
-6.80015 14.4772
-6.80688 14.4772
-6.81361 14.4772
-6.82035 14.4772
-6.82708 14.4772
-6.80182 14.4772
-6.80855 14.4772
-6.81529 14.4772
-6.82202 14.4772
-6.79676 14.4772
-6.80349 14.4772
-6.81022 14.4772
-6.81696 14.4772
-6.82369 14.4772
-6.79843 14.4772
-6.80516 14.4772
-6.8119 14.4772
-6.81863 14.4772
-6.82537 14.4772
-6.8001 14.4772
-6.80683 14.4772
-6.81357 14.4772
-6.8203 14.4772
-6.82704 14.4772
-6.80177 14.4772
-6.80851 14.4772
-6.81524 14.4772
-6.82198 14.4772
-6.79671 14.4772
-6.80344 14.4772
-6.81018 14.4772
-6.81691 14.4772
-6.82365 14.4772
-6.79838 14.4772
-6.80512 14.4772
-6.81185 14.4772
-6.81859 14.4772
-6.82532 14.4772
-6.80006 14.4772
-6.80679 14.4772
-6.81352 14.4772
-6.82026 14.4772
-6.82699 14.4772
-6.80173 14.4772
-6.80846 14.4772
-6.8152 14.4772
-6.82193 14.4772
-6.79667 14.4772
-6.8034 14.4772
-6.81013 14.4772
-6.81687 14.4772
-6.8236 14.4772
-6.79834 14.4772
-6.80507 14.4772
-6.81181 14.4772
-6.81854 14.4772
-6.82527 14.4772
-6.80001 14.4772
-6.80674 14.4772
-6.81348 14.4772
-6.82021 14.4772
-6.82695 14.4772
-6.80168 14.4772
-6.80842 14.4772
-6.81515 14.4772
-6.82189 14.4772
-6.79662 14.4772
-6.80335 14.4772
-6.81009 14.4772
-6.81682 14.4772
-6.82356 14.4772
-6.79829 14.4772
-6.80503 14.4772
-6.81176 14.4772
-6.81849 14.4772
-6.82523 14.4772
-6.79996 14.4772
-6.8067 14.4772
-6.81343 14.4772
-6.82017 14.4772
-6.8269 14.4772
-6.80164 14.4772
-6.80837 14.4772
-6.8151 14.4772
-6.82184 14.4772
-6.79657 14.4772
-6.80331 14.4772
-6.81004 14.4772
-6.81678 14.4772
-6.82351 14.4772
-6.79825 14.4772
-6.80498 14.4772
-6.81171 14.4772
-6.81845 14.4772
-6.82518 14.4772
-6.79992 14.4772
-6.80665 14.4772
-6.81339 14.4772
-6.82012 14.4772
-6.82686 14.4772
-6.80159 14.4772
-6.80832 14.4772
-6.81506 14.4772
-6.82179 14.4772
-6.79653 14.4772
-6.80326 14.4772
-6.81 14.4772
-6.81673 14.4772
-6.82347 14.4772
-6.7982 14.4772
-6.80493 14.4772
-6.81167 14.4772
-6.8184 14.4772
-6.82514 14.4772
-6.79987 14.4772
-6.80661 14.4772
-6.81334 14.4772
-6.82008 14.4772
-6.82681 14.4772
-6.80155 14.4772
-6.80828 14.4772
-6.81501 14.4772
-6.82175 14.4772
-6.79648 14.4772
-6.80322 14.4772
-6.80995 14.4772
-6.81669 14.4772
-6.82342 14.4772
-6.79816 14.4772
-6.80489 14.4772
-6.81162 14.4772
-6.81836 14.4772
-6.82509 14.4772
-6.79983 14.4772
-6.80656 14.4772
-6.8133 14.4772
-6.82003 14.4772
-6.82677 14.4772
-6.8015 14.4772
-6.80823 14.4772
-6.81497 14.4772
-6.8217 14.4772
-6.82844 14.4772
-6.80317 14.4772
-6.80991 14.4772
-6.81664 14.4772
-6.82337 14.4772
-6.79811 14.4772
-6.80484 14.4772
-6.81158 14.4772
-6.81831 14.4772
-6.82505 14.4772
-6.79978 14.4772
-6.80652 14.4772
-6.81325 14.4772
-6.81998 14.4772
-6.82672 14.4772
-6.80145 14.4772
-6.80819 14.4772
-6.81492 14.4772
-6.82166 14.4772
-6.82839 14.4772
-6.80313 14.4772
-6.80986 14.4772
-6.8166 14.4772
-6.82333 14.4772
-6.79806 14.4772
-6.8048 14.4772
-6.81153 14.4772
-6.81827 14.4772
-6.825 14.4772
-6.79974 14.4772
-6.80647 14.4772
-6.81321 14.4772
-6.81994 14.4772
-6.82667 14.4772
-6.80141 14.4772
-6.80814 14.4772
-6.81488 14.4772
-6.82161 14.4772
-6.82835 14.4772
-6.80308 14.4772
-6.80982 14.4772
-6.81655 14.4772
-6.82328 14.4772
-6.79802 14.4772
-6.80475 14.4772
-6.81149 14.4772
-6.81822 14.4772
-6.82496 14.4772
-6.79969 14.4772
-6.80643 14.4772
-6.81316 14.4772
-6.81989 14.4772
-6.82663 14.4772
-6.80136 14.4772
-6.8081 14.4772
-6.81483 14.4772
-6.82157 14.4772
-6.8283 14.4772
-6.80304 14.4772
-6.80977 14.4772
-6.8165 14.4772
-6.82324 14.4772
-6.79797 14.4772
-6.80471 14.4772
-6.81144 14.4772
-6.81818 14.4772
-6.82491 14.4772
-6.79965 14.4772
-6.80638 14.4772
-6.81312 14.4772
-6.81985 14.4772
-6.82658 14.4772
-6.80132 14.4772
-6.80805 14.4772
-6.81479 14.4772
-6.82152 14.4772
-6.82826 14.4772
-6.80299 14.4772
-6.80973 14.4772
-6.81646 14.4772
-6.82319 14.4772
-6.79793 14.4772
-6.80466 14.4772
-6.8114 14.4772
-6.81813 14.4772
-6.82487 14.4772
-6.7996 14.4772
-6.80634 14.4772
-6.81307 14.4772
-6.8198 14.4772
-6.82654 14.4772
-6.80127 14.4772
-6.80801 14.4772
-6.81474 14.4772
-6.82148 14.4772
-6.82821 14.4772
-6.80295 14.4772
-6.80968 14.4772
-6.81641 14.4772
-6.82315 14.4772
-6.79788 14.4772
-6.80462 14.4772
-6.81135 14.4772
-6.81809 14.4772
-6.82482 14.4772
-6.79956 14.4772
-6.80629 14.4772
-6.81302 14.4772
-6.81976 14.4772
-6.82649 14.4772
-6.80123 14.4772
-6.80796 14.4772
-6.8147 14.4772
-6.82143 14.4772
-6.82817 14.4772
-6.8029 14.4772
-6.80964 14.4772
-6.81637 14.4772
-6.8231 14.4772
-6.79784 14.4772
-6.80457 14.4772
-6.81131 14.4772
-6.81804 14.4772
-6.82478 14.4772
-6.79951 14.4772
-6.80625 14.4772
-6.81298 14.4772
-6.81971 14.4772
-6.82645 14.4772
-6.80118 14.4772
-6.80792 14.4772
-6.81465 14.4772
-6.82139 14.4772
-6.82812 14.4772
-6.80286 14.4772
-6.80959 14.4772
-6.81632 14.4772
-6.82306 14.4772
-6.79779 14.4772
-6.80453 14.4772
-6.81126 14.4772
-6.818 14.4772
-6.82473 14.4772
-6.79947 14.4772
-6.8062 14.4772
-6.81293 14.4772
-6.81967 14.4772
-6.8264 14.4772
-6.80114 14.4772
-6.80787 14.4772
-6.81461 14.4772
-6.82134 14.4772
-6.82808 14.4772
-6.80281 14.4772
-6.80954 14.4772
-6.81628 14.4772
-6.82301 14.4772
-6.79775 14.4772
-6.80448 14.4772
-6.81122 14.4772
-6.81795 14.4772
-6.82469 14.4772
-6.79942 14.4772
-6.80615 14.4772
-6.81289 14.4772
-6.81962 14.4772
-6.82636 14.4772
-6.80109 14.4772
-6.80783 14.4772
-6.81456 14.4772
-6.8213 14.4772
-6.82803 14.4772
-6.80276 14.4772
-6.8095 14.4772
-6.81623 14.4772
-6.82297 14.4772
-6.7977 14.4772
-6.80444 14.4772
-6.81117 14.4772
-6.81791 14.4772
-6.82464 14.4772
-6.79938 14.4772
-6.80611 14.4772
-6.81284 14.4772
-6.81958 14.4772
-6.82631 14.4772
-6.80105 14.4772
-6.80778 14.4772
-6.81452 14.4772
-6.82125 14.4772
-6.82798 14.4772
-6.80272 14.4772
-6.80945 14.4772
-6.81619 14.4772
-6.82292 14.4772
-6.79766 14.4772
-6.80439 14.4772
-6.81113 14.4772
-6.81786 14.4772
-6.82459 14.4772
-6.79933 14.4772
-6.80606 14.4772
-6.8128 14.4772
-6.81953 14.4772
-6.82627 14.4772
-6.801 14.4772
-6.80774 14.4772
-6.81447 14.4772
-6.82121 14.4772
-6.82794 14.4772
-6.80267 14.4772
-6.80941 14.4772
-6.81614 14.4772
-6.82288 14.4772
-6.79761 14.4772
-6.80435 14.4772
-6.81108 14.4772
-6.81782 14.4772
-6.82455 14.4772
-6.79928 14.4772
-6.80602 14.4772
-6.81275 14.4772
-6.81949 14.4772
-6.82622 14.4772
-6.80096 14.4772
-6.80769 14.4772
-6.81443 14.4772
-6.82116 14.4772
-6.82789 14.4772
-6.80263 14.4772
-6.80936 14.4772
-6.8161 14.4772
-6.82283 14.4772
-6.79757 14.4772
-6.8043 14.4772
-6.81104 14.4772
-6.81777 14.4772
-6.8245 14.4772
-6.79924 14.4772
-6.80597 14.4772
-6.81271 14.4772
-6.81944 14.4772
-6.82618 14.4772
-6.80091 14.4772
-6.80765 14.4772
-6.81438 14.4772
-6.82111 14.4772
-6.82785 14.4772
-6.80258 14.4772
-6.80932 14.4772
-6.81605 14.4772
-6.82279 14.4772
-6.79752 14.4772
-6.80426 14.4772
-6.81099 14.4772
-6.81772 14.4772
-6.82446 14.4772
-6.79919 14.4772
-6.80593 14.4772
-6.81266 14.4772
-6.8194 14.4772
-6.82613 14.4772
-6.80087 14.4772
-6.8076 14.4772
-6.81433 14.4772
-6.82107 14.4772
-6.8278 14.4772
-6.80254 14.4772
-6.80927 14.4772
-6.81601 14.4772
-6.82274 14.4772
-6.79748 14.4772
-6.80421 14.4772
-6.81095 14.4772
-6.81768 14.4772
-6.82441 14.4772
-6.79915 14.4772
-6.80588 14.4772
-6.81262 14.4772
-6.81935 14.4772
-6.82609 14.4772
-6.80082 14.4772
-6.80756 14.4772
-6.81429 14.4772
-6.82102 14.4772
-6.82776 14.4772
-6.80249 14.4772
-6.80923 14.4772
-6.81596 14.4772
-6.8227 14.4772
-6.79743 14.4772
-6.80417 14.4772
-6.8109 14.4772
-6.81763 14.4772
-6.82437 14.4772
-6.7991 14.4772
-6.80584 14.4772
-6.81257 14.4772
-6.81931 14.4772
-6.82604 14.4772
-6.80078 14.4772
-6.80751 14.4772
-6.81424 14.4772
-6.82098 14.4772
-6.82771 14.4772
-6.80245 14.4772
-6.80918 14.4772
-6.81592 14.4772
-6.82265 14.4772
-6.79739 14.4772
-6.80412 14.4772
-6.81085 14.4772
-6.81759 14.4772
-6.82432 14.4772
-6.79906 14.4772
-6.80579 14.4772
-6.81253 14.4772
-6.81926 14.4772
-6.826 14.4772
-6.80073 14.4772
-6.80746 14.4772
-6.8142 14.4772
-6.82093 14.4772
-6.82767 14.4772
-6.8024 14.4772
-6.80914 14.4772
-6.81587 14.4772
-6.82261 14.4772
-6.79734 14.4772
-6.80407 14.4772
-6.81081 14.4772
-6.81754 14.4772
-6.82428 14.4772
-6.79901 14.4772
-6.80575 14.4772
-6.81248 14.4772
-6.81922 14.4772
-6.82595 14.4772
-6.80068 14.4772
-6.80742 14.4772
-6.81415 14.4772
-6.82089 14.4772
-6.82762 14.4772
-6.80236 14.4772
-6.80909 14.4772
-6.81583 14.4772
-6.82256 14.4772
-6.7973 14.4772
-6.80403 14.4772
-6.81076 14.4772
-6.8175 14.4772
-6.82423 14.4772
-6.79897 14.4772
-6.8057 14.4772
-6.81244 14.4772
-6.81917 14.4772
-6.8259 14.4772
-6.80064 14.4772
-6.80737 14.4772
-6.81411 14.4772
-6.82084 14.4772
-6.82758 14.4772
-6.80231 14.4772
-6.80905 14.4772
-6.81578 14.4772
-6.82252 14.4772
-6.79725 14.4772
-6.80398 14.4772
-6.81072 14.4772
-6.81745 14.4772
-6.82419 14.4772
-6.79892 14.4772
-6.80566 14.4772
-6.81239 14.4772
-6.81913 14.4772
-6.82586 14.4772
-6.80059 14.4772
-6.80733 14.4772
-6.81406 14.4772
-6.8208 14.4772
-6.82753 14.4772
-6.80227 14.4772
-6.809 14.4772
-6.81574 14.4772
-6.82247 14.4772
-6.7972 14.4772
-6.80394 14.4772
-6.81067 14.4772
-6.81741 14.4772
-6.82414 14.4772
-6.79888 14.4772
-6.80561 14.4772
-6.81235 14.4772
-6.81908 14.4772
-6.82581 14.4772
-6.80055 14.4772
-6.80728 14.4772
-6.81402 14.4772
-6.82075 14.4772
-6.82749 14.4772
-6.80222 14.4772
-6.80896 14.4772
-6.81569 14.4772
-6.82242 14.4772
-6.79716 14.4772
-6.80389 14.4772
-6.81063 14.4772
-6.81736 14.4772
-6.8241 14.4772
-6.79883 14.4772
-6.80557 14.4772
-6.8123 14.4772
-6.81903 14.4772
-6.82577 14.4772
-6.8005 14.4772
-6.80724 14.4772
-6.81397 14.4772
-6.82071 14.4772
-6.82744 14.4772
-6.80218 14.4772
-6.80891 14.4772
-6.81564 14.4772
-6.82238 14.4772
-6.79711 14.4772
-6.80385 14.4772
-6.81058 14.4772
-6.81732 14.4772
-6.82405 14.4772
-6.79879 14.4772
-6.80552 14.4772
-6.81225 14.4772
-6.81899 14.4772
-6.82572 14.4772
-6.80046 14.4772
-6.80719 14.4772
-6.81393 14.4772
-6.82066 14.4772
-6.8274 14.4772
-6.80213 14.4772
-6.80887 14.4772
-6.8156 14.4772
-6.82233 14.4772
-6.79707 14.4772
-6.8038 14.4772
-6.81054 14.4772
-6.81727 14.4772
-6.82401 14.4772
-6.79874 14.4772
-6.80548 14.4772
-6.81221 14.4772
-6.81894 14.4772
-6.82568 14.4772
-6.80041 14.4772
-6.80715 14.4772
-6.81388 14.4772
-6.82062 14.4772
-6.82735 14.4772
-6.80209 14.4772
-6.80882 14.4772
-6.81555 14.4772
-6.82229 14.4772
-6.79702 14.4772
-6.80376 14.4772
-6.81049 14.4772
-6.81723 14.4772
-6.82396 14.4772
-6.7987 14.4772
-6.80543 14.4772
-6.81216 14.4772
-6.8189 14.4772
-6.82563 14.4772
-6.80037 14.4772
-6.8071 14.4772
-6.81384 14.4772
-6.82057 14.4772
-6.82731 14.4772
-6.80204 14.4772
-6.80877 14.4772
-6.81551 14.4772
-6.82224 14.4772
-6.79698 14.4772
-6.80371 14.4772
-6.81045 14.4772
-6.81718 14.4772
-6.82392 14.4772
-6.79865 14.4772
-6.80538 14.4772
-6.81212 14.4772
-6.81885 14.4772
-6.82559 14.4772
-6.80032 14.4772
-6.80706 14.4772
-6.81379 14.4772
-6.82053 14.4772
-6.82726 14.4772
-6.80199 14.4772
-6.80873 14.4772
-6.81546 14.4772
-6.8222 14.4772
-6.79693 14.4772
-6.80367 14.4772
-6.8104 14.4772
-6.81714 14.4772
-6.82387 14.4772
-6.7986 14.4772
-6.80534 14.4772
-6.81207 14.4772
-6.81881 14.4772
-6.82554 14.4772
-6.80028 14.4772
-6.80701 14.4772
-6.81375 14.4772
-6.82048 14.4772
-6.82721 14.4772
-6.80195 14.4772
-6.80868 14.4772
-6.81542 14.4772
-6.82215 14.4772
-6.79689 14.4772
-6.80362 14.4772
-6.81036 14.4772
-6.81709 14.4772
-6.82382 14.4772
-6.79856 14.4772
-6.80529 14.4772
-6.81203 14.4772
-6.81876 14.4772
-6.8255 14.4772
-6.80023 14.4772
-6.80697 14.4772
-6.8137 14.4772
-6.82044 14.4772
-6.82717 14.4772
-6.8019 14.4772
-6.80864 14.4772
-6.81537 14.4772
-6.82211 14.4772
-6.79684 14.4772
-6.80358 14.4772
-6.81031 14.4772
-6.81704 14.4772
-6.82378 14.4772
-6.79851 14.4772
-6.80525 14.4772
-6.81198 14.4772
-6.81872 14.4772
-6.82545 14.4772
-6.80019 14.4772
-6.80692 14.4772
-6.81365 14.4772
-6.82039 14.4772
-6.82712 14.4772
-6.80186 14.4772
-6.80859 14.4772
-6.81533 14.4772
-6.82206 14.4772
-6.7968 14.4772
-6.80353 14.4772
-6.81027 14.4772
-6.817 14.4772
-6.82373 14.4772
-6.79847 14.4772
-6.8052 14.4772
-6.81194 14.4772
-6.81867 14.4772
-6.82541 14.4772
-6.80014 14.4772
-6.80688 14.4772
-6.81361 14.4772
-6.82034 14.4772
-6.82708 14.4772
-6.80181 14.4772
-6.80855 14.4772
-6.81528 14.4772
-6.82202 14.4772
-6.79675 14.4772
-6.80349 14.4772
-6.81022 14.4772
-6.81695 14.4772
-6.82369 14.4772
-6.79842 14.4772
-6.80516 14.4772
-6.81189 14.4772
-6.81863 14.4772
-6.82536 14.4772
-6.8001 14.4772
-6.80683 14.4772
-6.81356 14.4772
-6.8203 14.4772
-6.82703 14.4772
-6.80177 14.4772
-6.8085 14.4772
-6.81524 14.4772
-6.82197 14.4772
-6.79671 14.4772
-6.80344 14.4772
-6.81017 14.4772
-6.81691 14.4772
-6.82364 14.4772
-6.79838 14.4772
-6.80511 14.4772
-6.81185 14.4772
-6.81858 14.4772
-6.82532 14.4772
-6.80005 14.4772
-6.80678 14.4772
-6.81352 14.4772
-6.82025 14.4772
-6.82699 14.4772
-6.80172 14.4772
-6.80846 14.4772
-6.81519 14.4772
-6.82193 14.4772
-6.79666 14.4772
-6.80339 14.4772
-6.81013 14.4772
-6.81686 14.4772
-6.8236 14.4772
-6.79833 14.4772
-6.80507 14.4772
-6.8118 14.4772
-6.81854 14.4772
-6.82527 14.4772
-6.8 14.4772
-6.80674 14.4772
-6.81347 14.4772
-6.82021 14.4772
-6.82694 14.4772
-6.80168 14.4772
-6.80841 14.4772
-6.81515 14.4772
-6.82188 14.4772
-6.79661 14.4772
-6.80335 14.4772
-6.81008 14.4772
-6.81682 14.4772
-6.82355 14.4772
-6.79829 14.4772
-6.80502 14.4772
-6.81176 14.4772
-6.81849 14.4772
-6.82522 14.4772
-6.79996 14.4772
-6.80669 14.4772
-6.81343 14.4772
-6.82016 14.4772
-6.8269 14.4772
-6.80163 14.4772
-6.80837 14.4772
-6.8151 14.4772
-6.82183 14.4772
-6.79657 14.4772
-6.8033 14.4772
-6.81004 14.4772
-6.81677 14.4772
-6.82351 14.4772
-6.79824 14.4772
-6.80498 14.4772
-6.81171 14.4772
-6.81844 14.4772
-6.82518 14.4772
-6.79991 14.4772
-6.80665 14.4772
-6.81338 14.4772
-6.82012 14.4772
-6.82685 14.4772
-6.80159 14.4772
-6.80832 14.4772
-6.81505 14.4772
-6.82179 14.4772
-6.79652 14.4772
-6.80326 14.4772
-6.80999 14.4772
-6.81673 14.4772
-6.82346 14.4772
-6.7982 14.4772
-6.80493 14.4772
-6.81166 14.4772
-6.8184 14.4772
-6.82513 14.4772
-6.79987 14.4772
-6.8066 14.4772
-6.81334 14.4772
-6.82007 14.4772
-6.82681 14.4772
-6.80154 14.4772
-6.80827 14.4772
-6.81501 14.4772
-6.82174 14.4772
-6.79648 14.4772
-6.80321 14.4772
-6.80995 14.4772
-6.81668 14.4772
-6.82342 14.4772
-6.79815 14.4772
-6.80488 14.4772
-6.81162 14.4772
-6.81835 14.4772
-6.82509 14.4772
-6.79982 14.4772
-6.80656 14.4772
-6.81329 14.4772
-6.82003 14.4772
-6.82676 14.4772
-6.80149 14.4772
-6.80823 14.4772
-6.81496 14.4772
-6.8217 14.4772
-6.82843 14.4772
-6.80317 14.4772
-6.8099 14.4772
-6.81664 14.4772
-6.82337 14.4772
-6.79811 14.4772
-6.80484 14.4772
-6.81157 14.4772
-6.81831 14.4772
-6.82504 14.4772
-6.79978 14.4772
-6.80651 14.4772
-6.81325 14.4772
-6.81998 14.4772
-6.82672 14.4772
-6.80145 14.4772
-6.80818 14.4772
-6.81492 14.4772
-6.82165 14.4772
-6.82839 14.4772
-6.80312 14.4772
-6.80986 14.4772
-6.81659 14.4772
-6.82333 14.4772
-6.79806 14.4772
-6.80479 14.4772
-6.81153 14.4772
-6.81826 14.4772
-6.825 14.4772
-6.79973 14.4772
-6.80647 14.4772
-6.8132 14.4772
-6.81994 14.4772
-6.82667 14.4772
-6.8014 14.4772
-6.80814 14.4772
-6.81487 14.4772
-6.82161 14.4772
-6.82834 14.4772
-6.80308 14.4772
-6.80981 14.4772
-6.81655 14.4772
-6.82328 14.4772
-6.79802 14.4772
-6.80475 14.4772
-6.81148 14.4772
-6.81822 14.4772
-6.82495 14.4772
-6.79969 14.4772
-6.80642 14.4772
-6.81316 14.4772
-6.81989 14.4772
-6.82663 14.4772
-6.80136 14.4772
-6.80809 14.4772
-6.81483 14.4772
-6.82156 14.4772
-6.8283 14.4772
-6.80303 14.4772
-6.80977 14.4772
-6.8165 14.4772
-6.82324 14.4772
-6.79797 14.4772
-6.8047 14.4772
-6.81144 14.4772
-6.81817 14.4772
-6.82491 14.4772
-6.79964 14.4772
-6.80638 14.4772
-6.81311 14.4772
-6.81985 14.4772
-6.82658 14.4772
-6.80131 14.4772
-6.80805 14.4772
-6.81478 14.4772
-6.82152 14.4772
-6.82825 14.4772
-6.80299 14.4772
-6.80972 14.4772
-6.81646 14.4772
-6.82319 14.4772
-6.79792 14.4772
-6.80466 14.4772
-6.81139 14.4772
-6.81813 14.4772
-6.82486 14.4772
-6.7996 14.4772
-6.80633 14.4772
-6.81307 14.4772
-6.8198 14.4772
-6.82653 14.4772
-6.80127 14.4772
-6.808 14.4772
-6.81474 14.4772
-6.82147 14.4772
-6.82821 14.4772
-6.80294 14.4772
-6.80968 14.4772
-6.81641 14.4772
-6.82314 14.4772
-6.79788 14.4772
-6.80461 14.4772
-6.81135 14.4772
-6.81808 14.4772
-6.82482 14.4772
-6.79955 14.4772
-6.80629 14.4772
-6.81302 14.4772
-6.81976 14.4772
-6.82649 14.4772
-6.80122 14.4772
-6.80796 14.4772
-6.81469 14.4772
-6.82143 14.4772
-6.82816 14.4772
-6.8029 14.4772
-6.80963 14.4772
-6.81637 14.4772
-6.8231 14.4772
-6.79783 14.4772
-6.80457 14.4772
-6.8113 14.4772
-6.81804 14.4772
-6.82477 14.4772
-6.79951 14.4772
-6.80624 14.4772
-6.81298 14.4772
-6.81971 14.4772
-6.82644 14.4772
-6.80118 14.4772
-6.80791 14.4772
-6.81465 14.4772
-6.82138 14.4772
-6.82812 14.4772
-6.80285 14.4772
-6.80959 14.4772
-6.81632 14.4772
-6.82305 14.4772
-6.79779 14.4772
-6.80452 14.4772
-6.81126 14.4772
-6.81799 14.4772
-6.82473 14.4772
-6.79946 14.4772
-6.8062 14.4772
-6.81293 14.4772
-6.81966 14.4772
-6.8264 14.4772
-6.80113 14.4772
-6.80787 14.4772
-6.8146 14.4772
-6.82134 14.4772
-6.82807 14.4772
-6.80281 14.4772
-6.80954 14.4772
-6.81627 14.4772
-6.82301 14.4772
-6.79774 14.4772
-6.80448 14.4772
-6.81121 14.4772
-6.81795 14.4772
-6.82468 14.4772
-6.79942 14.4772
-6.80615 14.4772
-6.81288 14.4772
-6.81962 14.4772
-6.82635 14.4772
-6.80109 14.4772
-6.80782 14.4772
-6.81456 14.4772
-6.82129 14.4772
-6.82803 14.4772
-6.80276 14.4772
-6.80949 14.4772
-6.81623 14.4772
-6.82296 14.4772
-6.7977 14.4772
-6.80443 14.4772
-6.81117 14.4772
-6.8179 14.4772
-6.82464 14.4772
-6.79937 14.4772
-6.80611 14.4772
-6.81284 14.4772
-6.81957 14.4772
-6.82631 14.4772
-6.80104 14.4772
-6.80778 14.4772
-6.81451 14.4772
-6.82125 14.4772
-6.82798 14.4772
-6.80272 14.4772
-6.80945 14.4772
-6.81618 14.4772
-6.82292 14.4772
-6.79765 14.4772
-6.80439 14.4772
-6.81112 14.4772
-6.81786 14.4772
-6.82459 14.4772
-6.79933 14.4772
-6.80606 14.4772
-6.81279 14.4772
-6.81953 14.4772
-6.82626 14.4772
-6.801 14.4772
-6.80773 14.4772
-6.81447 14.4772
-6.8212 14.4772
-6.82794 14.4772
-6.80267 14.4772
-6.8094 14.4772
-6.81614 14.4772
-6.82287 14.4772
-6.79761 14.4772
-6.80434 14.4772
-6.81108 14.4772
-6.81781 14.4772
-6.82455 14.4772
-6.79928 14.4772
-6.80601 14.4772
-6.81275 14.4772
-6.81948 14.4772
-6.82622 14.4772
-6.80095 14.4772
-6.80769 14.4772
-6.81442 14.4772
-6.82116 14.4772
-6.82789 14.4772
-6.80262 14.4772
-6.80936 14.4772
-6.81609 14.4772
-6.82283 14.4772
-6.79756 14.4772
-6.8043 14.4772
-6.81103 14.4772
-6.81777 14.4772
-6.8245 14.4772
-6.79923 14.4772
-6.80597 14.4772
-6.8127 14.4772
-6.81944 14.4772
-6.82617 14.4772
-6.80091 14.4772
-6.80764 14.4772
-6.81438 14.4772
-6.82111 14.4772
-6.82784 14.4772
-6.80258 14.4772
-6.80931 14.4772
-6.81605 14.4772
-6.82278 14.4772
-6.79752 14.4772
-6.80425 14.4772
-6.81099 14.4772
-6.81772 14.4772
-6.82445 14.4772
-6.79919 14.4772
-6.80592 14.4772
-6.81266 14.4772
-6.81939 14.4772
-6.82613 14.4772
-6.80086 14.4772
-6.8076 14.4772
-6.81433 14.4772
-6.82106 14.4772
-6.8278 14.4772
-6.80253 14.4772
-6.80927 14.4772
-6.816 14.4772
-6.82274 14.4772
-6.79747 14.4772
-6.80421 14.4772
-6.81094 14.4772
-6.81768 14.4772
-6.82441 14.4772
-6.79914 14.4772
-6.80588 14.4772
-6.81261 14.4772
-6.81935 14.4772
-6.82608 14.4772
-6.80082 14.4772
-6.80755 14.4772
-6.81429 14.4772
-6.82102 14.4772
-6.82775 14.4772
-6.80249 14.4772
-6.80922 14.4772
-6.81596 14.4772
-6.82269 14.4772
-6.79743 14.4772
-6.80416 14.4772
-6.8109 14.4772
-6.81763 14.4772
-6.82436 14.4772
-6.7991 14.4772
-6.80583 14.4772
-6.81257 14.4772
-6.8193 14.4772
-6.82604 14.4772
-6.80077 14.4772
-6.80751 14.4772
-6.81424 14.4772
-6.82097 14.4772
-6.82771 14.4772
-6.80244 14.4772
-6.80918 14.4772
-6.81591 14.4772
-6.82265 14.4772
-6.79738 14.4772
-6.80412 14.4772
-6.81085 14.4772
-6.81758 14.4772
-6.82432 14.4772
-6.79905 14.4772
-6.80579 14.4772
-6.81252 14.4772
-6.81926 14.4772
-6.82599 14.4772
-6.80073 14.4772
-6.80746 14.4772
-6.81419 14.4772
-6.82093 14.4772
-6.82766 14.4772
-6.8024 14.4772
-6.80913 14.4772
-6.81587 14.4772
-6.8226 14.4772
-6.79734 14.4772
-6.80407 14.4772
-6.8108 14.4772
-6.81754 14.4772
-6.82427 14.4772
-6.79901 14.4772
-6.80574 14.4772
-6.81248 14.4772
-6.81921 14.4772
-6.82595 14.4772
-6.80068 14.4772
-6.80742 14.4772
-6.81415 14.4772
-6.82088 14.4772
-6.82762 14.4772
-6.80235 14.4772
-6.80909 14.4772
-6.81582 14.4772
-6.82256 14.4772
-6.79729 14.4772
-6.80403 14.4772
-6.81076 14.4772
-6.81749 14.4772
-6.82423 14.4772
-6.79896 14.4772
-6.8057 14.4772
-6.81243 14.4772
-6.81917 14.4772
-6.8259 14.4772
-6.80064 14.4772
-6.80737 14.4772
-6.8141 14.4772
-6.82084 14.4772
-6.82757 14.4772
-6.80231 14.4772
-6.80904 14.4772
-6.81578 14.4772
-6.82251 14.4772
-6.79725 14.4772
-6.80398 14.4772
-6.81071 14.4772
-6.81745 14.4772
-6.82418 14.4772
-6.79892 14.4772
-6.80565 14.4772
-6.81239 14.4772
-6.81912 14.4772
-6.82586 14.4772
-6.80059 14.4772
-6.80732 14.4772
-6.81406 14.4772
-6.82079 14.4772
-6.82753 14.4772
-6.80226 14.4772
-6.809 14.4772
-6.81573 14.4772
-6.82247 14.4772
-6.7972 14.4772
-6.80393 14.4772
-6.81067 14.4772
-6.8174 14.4772
-6.82414 14.4772
-6.79887 14.4772
-6.80561 14.4772
-6.81234 14.4772
-6.81908 14.4772
-6.82581 14.4772
-6.80054 14.4772
-6.80728 14.4772
-6.81401 14.4772
-6.82075 14.4772
-6.82748 14.4772
-6.80222 14.4772
-6.80895 14.4772
-6.81569 14.4772
-6.82242 14.4772
-6.79715 14.4772
-6.80389 14.4772
-6.81062 14.4772
-6.81736 14.4772
-6.82409 14.4772
-6.79883 14.4772
-6.80556 14.4772
-6.8123 14.4772
-6.81903 14.4772
-6.82576 14.4772
-6.8005 14.4772
-6.80723 14.4772
-6.81397 14.4772
-6.8207 14.4772
-6.82744 14.4772
-6.80217 14.4772
-6.80891 14.4772
-6.81564 14.4772
-6.82237 14.4772
-6.79711 14.4772
-6.80384 14.4772
-6.81058 14.4772
-6.81731 14.4772
-6.82405 14.4772
-6.79878 14.4772
-6.80552 14.4772
-6.81225 14.4772
-6.81898 14.4772
-6.82572 14.4772
-6.80045 14.4772
-6.80719 14.4772
-6.81392 14.4772
-6.82066 14.4772
-6.82739 14.4772
-6.80213 14.4772
-6.80886 14.4772
-6.8156 14.4772
-6.82233 14.4772
-6.79706 14.4772
-6.8038 14.4772
-6.81053 14.4772
-6.81727 14.4772
-6.824 14.4772
-6.79874 14.4772
-6.80547 14.4772
-6.8122 14.4772
-6.81894 14.4772
-6.82567 14.4772
-6.80041 14.4772
-6.80714 14.4772
-6.81388 14.4772
-6.82061 14.4772
-6.82735 14.4772
-6.80208 14.4772
-6.80882 14.4772
-6.81555 14.4772
-6.82228 14.4772
-6.79702 14.4772
-6.80375 14.4772
-6.81049 14.4772
-6.81722 14.4772
-6.82396 14.4772
-6.79869 14.4772
-6.80543 14.4772
-6.81216 14.4772
-6.81889 14.4772
-6.82563 14.4772
-6.80036 14.4772
-6.8071 14.4772
-6.81383 14.4772
-6.82057 14.4772
-6.8273 14.4772
-6.80204 14.4772
-6.80877 14.4772
-6.8155 14.4772
-6.82224 14.4772
-6.79697 14.4772
-6.80371 14.4772
-6.81044 14.4772
-6.81718 14.4772
-6.82391 14.4772
-6.79865 14.4772
-6.80538 14.4772
-6.81211 14.4772
-6.81885 14.4772
-6.82558 14.4772
-6.80032 14.4772
-6.80705 14.4772
-6.81379 14.4772
-6.82052 14.4772
-6.82726 14.4772
-6.80199 14.4772
-6.80872 14.4772
-6.81546 14.4772
-6.82219 14.4772
-6.79693 14.4772
-6.80366 14.4772
-6.8104 14.4772
-6.81713 14.4772
-6.82387 14.4772
-6.7986 14.4772
-6.80533 14.4772
-6.81207 14.4772
-6.8188 14.4772
-6.82554 14.4772
-6.80027 14.4772
-6.80701 14.4772
-6.81374 14.4772
-6.82048 14.4772
-6.82721 14.4772
-6.80194 14.4772
-6.80868 14.4772
-6.81541 14.4772
-6.82215 14.4772
-6.79688 14.4772
-6.80362 14.4772
-6.81035 14.4772
-6.81709 14.4772
-6.82382 14.4772
-6.79855 14.4772
-6.80529 14.4772
-6.81202 14.4772
-6.81876 14.4772
-6.82549 14.4772
-6.80023 14.4772
-6.80696 14.4772
-6.8137 14.4772
-6.82043 14.4772
-6.82716 14.4772
-6.8019 14.4772
-6.80863 14.4772
-6.81537 14.4772
-6.8221 14.4772
-6.79684 14.4772
-6.80357 14.4772
-6.81031 14.4772
-6.81704 14.4772
-6.82377 14.4772
-6.79851 14.4772
-6.80524 14.4772
-6.81198 14.4772
-6.81871 14.4772
-6.82545 14.4772
-6.80018 14.4772
-6.80692 14.4772
-6.81365 14.4772
-6.82038 14.4772
-6.82712 14.4772
-6.80185 14.4772
-6.80859 14.4772
-6.81532 14.4772
-6.82206 14.4772
-6.79679 14.4772
-6.80353 14.4772
-6.81026 14.4772
-6.817 14.4772
-6.82373 14.4772
-6.79846 14.4772
-6.8052 14.4772
-6.81193 14.4772
-6.81867 14.4772
-6.8254 14.4772
-6.80014 14.4772
-6.80687 14.4772
-6.81361 14.4772
-6.82034 14.4772
-6.82707 14.4772
-6.80181 14.4772
-6.80854 14.4772
-6.81528 14.4772
-6.82201 14.4772
-6.79675 14.4772
-6.80348 14.4772
-6.81022 14.4772
-6.81695 14.4772
-6.82368 14.4772
-6.79842 14.4772
-6.80515 14.4772
-6.81189 14.4772
-6.81862 14.4772
-6.82536 14.4772
-6.80009 14.4772
-6.80683 14.4772
-6.81356 14.4772
-6.82029 14.4772
-6.82703 14.4772
-6.80176 14.4772
-6.8085 14.4772
-6.81523 14.4772
-6.82197 14.4772
-6.7967 14.4772
-6.80344 14.4772
-6.81017 14.4772
-6.8169 14.4772
-6.82364 14.4772
-6.79837 14.4772
-6.80511 14.4772
-6.81184 14.4772
-6.81858 14.4772
-6.82531 14.4772
-6.80005 14.4772
-6.80678 14.4772
-6.81351 14.4772
-6.82025 14.4772
-6.82698 14.4772
-6.80172 14.4772
-6.80845 14.4772
-6.81519 14.4772
-6.82192 14.4772
-6.79666 14.4772
-6.80339 14.4772
-6.81012 14.4772
-6.81686 14.4772
-6.82359 14.4772
-6.79833 14.4772
-6.80506 14.4772
-6.8118 14.4772
-6.81853 14.4772
-6.82527 14.4772
-6.8 14.4772
-6.80673 14.4772
-6.81347 14.4772
-6.8202 14.4772
-6.82694 14.4772
-6.80167 14.4772
-6.80841 14.4772
-6.81514 14.4772
-6.82188 14.4772
-6.79661 14.4772
-6.80334 14.4772
-6.81008 14.4772
-6.81681 14.4772
-6.82355 14.4772
-6.79828 14.4772
-6.80502 14.4772
-6.81175 14.4772
-6.81849 14.4772
-6.82522 14.4772
-6.79995 14.4772
-6.80669 14.4772
-6.81342 14.4772
-6.82016 14.4772
-6.82689 14.4772
-6.80163 14.4772
-6.80836 14.4772
-6.8151 14.4772
-6.82183 14.4772
-6.79656 14.4772
-6.8033 14.4772
-6.81003 14.4772
-6.81677 14.4772
-6.8235 14.4772
-6.79824 14.4772
-6.80497 14.4772
-6.81171 14.4772
-6.81844 14.4772
-6.82517 14.4772
-6.79991 14.4772
-6.80664 14.4772
-6.81338 14.4772
-6.82011 14.4772
-6.82685 14.4772
-6.80158 14.4772
-6.80832 14.4772
-6.81505 14.4772
-6.82178 14.4772
-6.79652 14.4772
-6.80325 14.4772
-6.80999 14.4772
-6.81672 14.4772
-6.82346 14.4772
-6.79819 14.4772
-6.80493 14.4772
-6.81166 14.4772
-6.81839 14.4772
-6.82513 14.4772
-6.79986 14.4772
-6.8066 14.4772
-6.81333 14.4772
-6.82007 14.4772
-6.8268 14.4772
-6.80154 14.4772
-6.80827 14.4772
-6.815 14.4772
-6.82174 14.4772
-6.79647 14.4772
-6.80321 14.4772
-6.80994 14.4772
-6.81668 14.4772
-6.82341 14.4772
-6.79815 14.4772
-6.80488 14.4772
-6.81161 14.4772
-6.81835 14.4772
-6.82508 14.4772
-6.79982 14.4772
-6.80655 14.4772
-6.81329 14.4772
-6.82002 14.4772
-6.82676 14.4772
-6.80149 14.4772
-6.80822 14.4772
-6.81496 14.4772
-6.82169 14.4772
-6.82843 14.4772
-6.80316 14.4772
-6.8099 14.4772
-6.81663 14.4772
-6.82337 14.4772
-6.7981 14.4772
-6.80483 14.4772
-6.81157 14.4772
-6.8183 14.4772
-6.82504 14.4772
-6.79977 14.4772
-6.80651 14.4772
-6.81324 14.4772
-6.81998 14.4772
-6.82671 14.4772
-6.80144 14.4772
-6.80818 14.4772
-6.81491 14.4772
-6.82165 14.4772
-6.82838 14.4772
-6.80312 14.4772
-6.80985 14.4772
-6.81659 14.4772
-6.82332 14.4772
-6.79806 14.4772
-6.80479 14.4772
-6.81152 14.4772
-6.81826 14.4772
-6.82499 14.4772
-6.79973 14.4772
-6.80646 14.4772
-6.8132 14.4772
-6.81993 14.4772
-6.82666 14.4772
-6.8014 14.4772
-6.80813 14.4772
-6.81487 14.4772
-6.8216 14.4772
-6.82834 14.4772
-6.80307 14.4772
-6.80981 14.4772
-6.81654 14.4772
-6.82328 14.4772
-6.79801 14.4772
-6.80474 14.4772
-6.81148 14.4772
-6.81821 14.4772
-6.82495 14.4772
-6.79968 14.4772
-6.80642 14.4772
-6.81315 14.4772
-6.81989 14.4772
-6.82662 14.4772
-6.80135 14.4772
-6.80809 14.4772
-6.81482 14.4772
-6.82156 14.4772
-6.82829 14.4772
-6.80303 14.4772
-6.80976 14.4772
-6.8165 14.4772
-6.82323 14.4772
-6.79796 14.4772
-6.8047 14.4772
-6.81143 14.4772
-6.81817 14.4772
-6.8249 14.4772
-6.79964 14.4772
-6.80637 14.4772
-6.81311 14.4772
-6.81984 14.4772
-6.82657 14.4772
-6.80131 14.4772
-6.80804 14.4772
-6.81478 14.4772
-6.82151 14.4772
-6.82825 14.4772
-6.80298 14.4772
-6.80972 14.4772
-6.81645 14.4772
-6.82318 14.4772
-6.79792 14.4772
-6.80465 14.4772
-6.81139 14.4772
-6.81812 14.4772
-6.82486 14.4772
-6.79959 14.4772
-6.80633 14.4772
-6.81306 14.4772
-6.8198 14.4772
-6.82653 14.4772
-6.80126 14.4772
-6.808 14.4772
-6.81473 14.4772
-6.82147 14.4772
-6.8282 14.4772
-6.80294 14.4772
-6.80967 14.4772
-6.81641 14.4772
-6.82314 14.4772
-6.79787 14.4772
-6.80461 14.4772
-6.81134 14.4772
-6.81808 14.4772
-6.82481 14.4772
-6.79955 14.4772
-6.80628 14.4772
-6.81302 14.4772
-6.81975 14.4772
-6.82648 14.4772
-6.80122 14.4772
-6.80795 14.4772
-6.81469 14.4772
-6.82142 14.4772
-6.82816 14.4772
-6.80289 14.4772
-6.80963 14.4772
-6.81636 14.4772
-6.82309 14.4772
-6.79783 14.4772
-6.80456 14.4772
-6.8113 14.4772
-6.81803 14.4772
-6.82477 14.4772
-6.7995 14.4772
-6.80624 14.4772
-6.81297 14.4772
-6.8197 14.4772
-6.82644 14.4772
-6.80117 14.4772
-6.80791 14.4772
-6.81464 14.4772
-6.82138 14.4772
-6.82811 14.4772
-6.80285 14.4772
-6.80958 14.4772
-6.81631 14.4772
-6.82305 14.4772
-6.79778 14.4772
-6.80452 14.4772
-6.81125 14.4772
-6.81799 14.4772
-6.82472 14.4772
-6.79946 14.4772
-6.80619 14.4772
-6.81292 14.4772
-6.81966 14.4772
-6.82639 14.4772
-6.80113 14.4772
-6.80786 14.4772
-6.8146 14.4772
-6.82133 14.4772
-6.82807 14.4772
-6.8028 14.4772
-6.80954 14.4772
-6.81627 14.4772
-6.823 14.4772
-6.79774 14.4772
-6.80447 14.4772
-6.81121 14.4772
-6.81794 14.4772
-6.82468 14.4772
-6.79941 14.4772
-6.80615 14.4772
-6.81288 14.4772
-6.81961 14.4772
-6.82635 14.4772
-6.80108 14.4772
-6.80782 14.4772
-6.81455 14.4772
-6.82129 14.4772
-6.82802 14.4772
-6.80276 14.4772
-6.80949 14.4772
-6.81622 14.4772
-6.82296 14.4772
-6.79769 14.4772
-6.80443 14.4772
-6.81116 14.4772
-6.8179 14.4772
-6.82463 14.4772
-6.79937 14.4772
-6.8061 14.4772
-6.81283 14.4772
-6.81957 14.4772
-6.8263 14.4772
-6.80104 14.4772
-6.80777 14.4772
-6.81451 14.4772
-6.82124 14.4772
-6.82798 14.4772
-6.80271 14.4772
-6.80944 14.4772
-6.81618 14.4772
-6.82291 14.4772
-6.79765 14.4772
-6.80438 14.4772
-6.81112 14.4772
-6.81785 14.4772
-6.82459 14.4772
-6.79932 14.4772
-6.80605 14.4772
-6.81279 14.4772
-6.81952 14.4772
-6.82626 14.4772
-6.80099 14.4772
-6.80773 14.4772
-6.81446 14.4772
-6.8212 14.4772
-6.82793 14.4772
-6.80266 14.4772
-6.8094 14.4772
-6.81613 14.4772
-6.82287 14.4772
-6.7976 14.4772
-6.80434 14.4772
-6.81107 14.4772
-6.81781 14.4772
-6.82454 14.4772
-6.79927 14.4772
-6.80601 14.4772
-6.81274 14.4772
-6.81948 14.4772
-6.82621 14.4772
-6.80095 14.4772
-6.80768 14.4772
-6.81442 14.4772
-6.82115 14.4772
-6.82788 14.4772
-6.80262 14.4772
-6.80935 14.4772
-6.81609 14.4772
-6.82282 14.4772
-6.79756 14.4772
-6.80429 14.4772
-6.81103 14.4772
-6.81776 14.4772
-6.82449 14.4772
-6.79923 14.4772
-6.80596 14.4772
-6.8127 14.4772
-6.81943 14.4772
-6.82617 14.4772
-6.8009 14.4772
-6.80764 14.4772
-6.81437 14.4772
-6.82111 14.4772
-6.82784 14.4772
-6.80257 14.4772
-6.80931 14.4772
-6.81604 14.4772
-6.82278 14.4772
-6.79751 14.4772
-6.80425 14.4772
-6.81098 14.4772
-6.81772 14.4772
-6.82445 14.4772
-6.79918 14.4772
-6.80592 14.4772
-6.81265 14.4772
-6.81939 14.4772
-6.82612 14.4772
-6.80086 14.4772
-6.80759 14.4772
-6.81433 14.4772
-6.82106 14.4772
-6.82779 14.4772
-6.80253 14.4772
-6.80926 14.4772
-6.816 14.4772
-6.82273 14.4772
-6.79747 14.4772
-6.8042 14.4772
-6.81094 14.4772
-6.81767 14.4772
-6.8244 14.4772
-6.79914 14.4772
-6.80587 14.4772
-6.81261 14.4772
-6.81934 14.4772
-6.82608 14.4772
-6.80081 14.4772
-6.80755 14.4772
-6.81428 14.4772
-6.82101 14.4772
-6.82775 14.4772
-6.80248 14.4772
-6.80922 14.4772
-6.81595 14.4772
-6.82269 14.4772
-6.79742 14.4772
-6.80416 14.4772
-6.81089 14.4772
-6.81762 14.4772
-6.82436 14.4772
-6.79909 14.4772
-6.80583 14.4772
-6.81256 14.4772
-6.8193 14.4772
-6.82603 14.4772
-6.80077 14.4772
-6.8075 14.4772
-6.81423 14.4772
-6.82097 14.4772
-6.8277 14.4772
-6.80244 14.4772
-6.80917 14.4772
-6.81591 14.4772
-6.82264 14.4772
-6.79738 14.4772
-6.80411 14.4772
-6.81084 14.4772
-6.81758 14.4772
-6.82431 14.4772
-6.79905 14.4772
-6.80578 14.4772
-6.81252 14.4772
-6.81925 14.4772
-6.82599 14.4772
-6.80072 14.4772
-6.80746 14.4772
-6.81419 14.4772
-6.82092 14.4772
-6.82766 14.4772
-6.80239 14.4772
-6.80913 14.4772
-6.81586 14.4772
-6.8226 14.4772
-6.79733 14.4772
-6.80407 14.4772
-6.8108 14.4772
-6.81753 14.4772
-6.82427 14.4772
-6.799 14.4772
-6.80574 14.4772
-6.81247 14.4772
-6.81921 14.4772
-6.82594 14.4772
-6.80068 14.4772
-6.80741 14.4772
-6.81414 14.4772
-6.82088 14.4772
-6.82761 14.4772
-6.80235 14.4772
-6.80908 14.4772
-6.81582 14.4772
-6.82255 14.4772
-6.79729 14.4772
-6.80402 14.4772
-6.81075 14.4772
-6.81749 14.4772
-6.82422 14.4772
-6.79896 14.4772
-6.80569 14.4772
-6.81243 14.4772
-6.81916 14.4772
-6.8259 14.4772
-6.80063 14.4772
-6.80736 14.4772
-6.8141 14.4772
-6.82083 14.4772
-6.82757 14.4772
-6.8023 14.4772
-6.80904 14.4772
-6.81577 14.4772
-6.82251 14.4772
-6.79724 14.4772
-6.80397 14.4772
-6.81071 14.4772
-6.81744 14.4772
-6.82418 14.4772
-6.79891 14.4772
-6.80565 14.4772
-6.81238 14.4772
-6.81912 14.4772
-6.82585 14.4772
-6.80058 14.4772
-6.80732 14.4772
-6.81405 14.4772
-6.82079 14.4772
-6.82752 14.4772
-6.80226 14.4772
-6.80899 14.4772
-6.81573 14.4772
-6.82246 14.4772
-6.79719 14.4772
-6.80393 14.4772
-6.81066 14.4772
-6.8174 14.4772
-6.82413 14.4772
-6.79887 14.4772
-6.8056 14.4772
-6.81234 14.4772
-6.81907 14.4772
-6.8258 14.4772
-6.80054 14.4772
-6.80727 14.4772
-6.81401 14.4772
-6.82074 14.4772
-6.82748 14.4772
-6.80221 14.4772
-6.80895 14.4772
-6.81568 14.4772
-6.82241 14.4772
-6.79715 14.4772
-6.80388 14.4772
-6.81062 14.4772
-6.81735 14.4772
-6.82409 14.4772
-6.79882 14.4772
-6.80556 14.4772
-6.81229 14.4772
-6.81903 14.4772
-6.82576 14.4772
-6.80049 14.4772
-6.80723 14.4772
-6.81396 14.4772
-6.8207 14.4772
-6.82743 14.4772
-6.80217 14.4772
-6.8089 14.4772
-6.81564 14.4772
-6.82237 14.4772
-6.7971 14.4772
-6.80384 14.4772
-6.81057 14.4772
-6.81731 14.4772
-6.82404 14.4772
-6.79878 14.4772
-6.80551 14.4772
-6.81225 14.4772
-6.81898 14.4772
-6.82571 14.4772
-6.80045 14.4772
-6.80718 14.4772
-6.81392 14.4772
-6.82065 14.4772
-6.82739 14.4772
-6.80212 14.4772
-6.80886 14.4772
-6.81559 14.4772
-6.82232 14.4772
-6.79706 14.4772
-6.80379 14.4772
-6.81053 14.4772
-6.81726 14.4772
-6.824 14.4772
-6.79873 14.4772
-6.80547 14.4772
-6.8122 14.4772
-6.81893 14.4772
-6.82567 14.4772
-6.8004 14.4772
-6.80714 14.4772
-6.81387 14.4772
-6.82061 14.4772
-6.82734 14.4772
-6.80208 14.4772
-6.80881 14.4772
-6.81554 14.4772
-6.82228 14.4772
-6.79701 14.4772
-6.80375 14.4772
-6.81048 14.4772
-6.81722 14.4772
-6.82395 14.4772
-6.79869 14.4772
-6.80542 14.4772
-6.81215 14.4772
-6.81889 14.4772
-6.82562 14.4772
-6.80036 14.4772
-6.80709 14.4772
-6.81383 14.4772
-6.82056 14.4772
-6.8273 14.4772
-6.80203 14.4772
-6.80876 14.4772
-6.8155 14.4772
-6.82223 14.4772
-6.79697 14.4772
-6.8037 14.4772
-6.81044 14.4772
-6.81717 14.4772
-6.82391 14.4772
-6.79864 14.4772
-6.80538 14.4772
-6.81211 14.4772
-6.81884 14.4772
-6.82558 14.4772
-6.80031 14.4772
-6.80705 14.4772
-6.81378 14.4772
-6.82052 14.4772
-6.82725 14.4772
-6.80199 14.4772
-6.80872 14.4772
-6.81545 14.4772
-6.82219 14.4772
-6.79692 14.4772
-6.80366 14.4772
-6.81039 14.4772
-6.81713 14.4772
-6.82386 14.4772
-6.7986 14.4772
-6.80533 14.4772
-6.81206 14.4772
-6.8188 14.4772
-6.82553 14.4772
-6.80027 14.4772
-6.807 14.4772
-6.81374 14.4772
-6.82047 14.4772
-6.82721 14.4772
-6.80194 14.4772
-6.80867 14.4772
-6.81541 14.4772
-6.82214 14.4772
-6.79688 14.4772
-6.80361 14.4772
-6.81035 14.4772
-6.81708 14.4772
-6.82382 14.4772
-6.79855 14.4772
-6.80528 14.4772
-6.81202 14.4772
-6.81875 14.4772
-6.82549 14.4772
-6.80022 14.4772
-6.80696 14.4772
-6.81369 14.4772
-6.82043 14.4772
-6.82716 14.4772
-6.80189 14.4772
-6.80863 14.4772
-6.81536 14.4772
-6.8221 14.4772
-6.79683 14.4772
-6.80357 14.4772
-6.8103 14.4772
-6.81704 14.4772
-6.82377 14.4772
-6.7985 14.4772
-6.80524 14.4772
-6.81197 14.4772
-6.81871 14.4772
-6.82544 14.4772
-6.80018 14.4772
-6.80691 14.4772
-6.81365 14.4772
-6.82038 14.4772
-6.82711 14.4772
-6.80185 14.4772
-6.80858 14.4772
-6.81532 14.4772
-6.82205 14.4772
-6.79679 14.4772
-6.80352 14.4772
-6.81026 14.4772
-6.81699 14.4772
-6.82372 14.4772
-6.79846 14.4772
-6.80519 14.4772
-6.81193 14.4772
-6.81866 14.4772
-6.8254 14.4772
-6.80013 14.4772
-6.80687 14.4772
-6.8136 14.4772
-6.82033 14.4772
-6.82707 14.4772
-6.8018 14.4772
-6.80854 14.4772
-6.81527 14.4772
-6.82201 14.4772
-6.79674 14.4772
-6.80348 14.4772
-6.81021 14.4772
-6.81694 14.4772
-6.82368 14.4772
-6.79841 14.4772
-6.80515 14.4772
-6.81188 14.4772
-6.81862 14.4772
-6.82535 14.4772
-6.80009 14.4772
-6.80682 14.4772
-6.81355 14.4772
-6.82029 14.4772
-6.82702 14.4772
-6.80176 14.4772
-6.80849 14.4772
-6.81523 14.4772
-6.82196 14.4772
-6.7967 14.4772
-6.80343 14.4772
-6.81016 14.4772
-6.8169 14.4772
-6.82363 14.4772
-6.79837 14.4772
-6.8051 14.4772
-6.81184 14.4772
-6.81857 14.4772
-6.82531 14.4772
-6.80004 14.4772
-6.80677 14.4772
-6.81351 14.4772
-6.82024 14.4772
-6.82698 14.4772
-6.80171 14.4772
-6.80845 14.4772
-6.81518 14.4772
-6.82192 14.4772
-6.79665 14.4772
-6.80338 14.4772
-6.81012 14.4772
-6.81685 14.4772
-6.82359 14.4772
-6.79832 14.4772
-6.80506 14.4772
-6.81179 14.4772
-6.81853 14.4772
-6.82526 14.4772
-6.79999 14.4772
-6.80673 14.4772
-6.81346 14.4772
-6.8202 14.4772
-6.82693 14.4772
-6.80167 14.4772
-6.8084 14.4772
-6.81514 14.4772
-6.82187 14.4772
-6.7966 14.4772
-6.80334 14.4772
-6.81007 14.4772
-6.81681 14.4772
-6.82354 14.4772
-6.79828 14.4772
-6.80501 14.4772
-6.81175 14.4772
-6.81848 14.4772
-6.82521 14.4772
-6.79995 14.4772
-6.80668 14.4772
-6.81342 14.4772
-6.82015 14.4772
-6.82689 14.4772
-6.80162 14.4772
-6.80836 14.4772
-6.81509 14.4772
-6.82182 14.4772
-6.79656 14.4772
-6.80329 14.4772
-6.81003 14.4772
-6.81676 14.4772
-6.8235 14.4772
-6.79823 14.4772
-6.80497 14.4772
-6.8117 14.4772
-6.81843 14.4772
-6.82517 14.4772
-6.7999 14.4772
-6.80664 14.4772
-6.81337 14.4772
-6.82011 14.4772
-6.82684 14.4772
-6.80158 14.4772
-6.80831 14.4772
-6.81504 14.4772
-6.82178 14.4772
-6.79651 14.4772
-6.80325 14.4772
-6.80998 14.4772
-6.81672 14.4772
-6.82345 14.4772
-6.79819 14.4772
-6.80492 14.4772
-6.81165 14.4772
-6.81839 14.4772
-6.82512 14.4772
-6.79986 14.4772
-6.80659 14.4772
-6.81333 14.4772
-6.82006 14.4772
-6.8268 14.4772
-6.80153 14.4772
-6.80826 14.4772
-6.815 14.4772
-6.82173 14.4772
-6.79647 14.4772
-6.8032 14.4772
-6.80994 14.4772
-6.81667 14.4772
-6.8234 14.4772
-6.79814 14.4772
-6.80487 14.4772
-6.81161 14.4772
-6.81834 14.4772
-6.82508 14.4772
-6.79981 14.4772
-6.80655 14.4772
-6.81328 14.4772
-6.82001 14.4772
-6.82675 14.4772
-6.80148 14.4772
-6.80822 14.4772
-6.81495 14.4772
-6.82169 14.4772
-6.82842 14.4772
-6.80316 14.4772
-6.80989 14.4772
-6.81662 14.4772
-6.82336 14.4772
-6.79809 14.4772
-6.80483 14.4772
-6.81156 14.4772
-6.8183 14.4772
-6.82503 14.4772
-6.79977 14.4772
-6.8065 14.4772
-6.81323 14.4772
-6.81997 14.4772
-6.8267 14.4772
-6.80144 14.4772
-6.80817 14.4772
-6.81491 14.4772
-6.82164 14.4772
-6.82838 14.4772
-6.80311 14.4772
-6.80985 14.4772
-6.81658 14.4772
-6.82331 14.4772
-6.79805 14.4772
-6.80478 14.4772
-6.81152 14.4772
-6.81825 14.4772
-6.82499 14.4772
-6.79972 14.4772
-6.80646 14.4772
-6.81319 14.4772
-6.81992 14.4772
-6.82666 14.4772
-6.80139 14.4772
-6.80813 14.4772
-6.81486 14.4772
-6.8216 14.4772
-6.82833 14.4772
-6.80307 14.4772
-6.8098 14.4772
-6.81653 14.4772
-6.82327 14.4772
-6.798 14.4772
-6.80474 14.4772
-6.81147 14.4772
-6.81821 14.4772
-6.82494 14.4772
-6.79968 14.4772
-6.80641 14.4772
-6.81314 14.4772
-6.81988 14.4772
-6.82661 14.4772
-6.80135 14.4772
-6.80808 14.4772
-6.81482 14.4772
-6.82155 14.4772
-6.82829 14.4772
-6.80302 14.4772
-6.80975 14.4772
-6.81649 14.4772
-6.82322 14.4772
-6.79796 14.4772
-6.80469 14.4772
-6.81143 14.4772
-6.81816 14.4772
-6.8249 14.4772
-6.79963 14.4772
-6.80637 14.4772
-6.8131 14.4772
-6.81983 14.4772
-6.82657 14.4772
-6.8013 14.4772
-6.80804 14.4772
-6.81477 14.4772
-6.82151 14.4772
-6.82824 14.4772
-6.80298 14.4772
-6.80971 14.4772
-6.81644 14.4772
-6.82318 14.4772
-6.79791 14.4772
-6.80465 14.4772
-6.81138 14.4772
-6.81812 14.4772
-6.82485 14.4772
-6.79959 14.4772
-6.80632 14.4772
-6.81305 14.4772
-6.81979 14.4772
-6.82652 14.4772
-6.80126 14.4772
-6.80799 14.4772
-6.81473 14.4772
-6.82146 14.4772
-6.8282 14.4772
-6.80293 14.4772
-6.80966 14.4772
-6.8164 14.4772
-6.82313 14.4772
-6.79787 14.4772
-6.8046 14.4772
-6.81134 14.4772
-6.81807 14.4772
-6.82481 14.4772
-6.79954 14.4772
-6.80627 14.4772
-6.81301 14.4772
-6.81974 14.4772
-6.82648 14.4772
-6.80121 14.4772
-6.80795 14.4772
-6.81468 14.4772
-6.82142 14.4772
-6.82815 14.4772
-6.80288 14.4772
-6.80962 14.4772
-6.81635 14.4772
-6.82309 14.4772
-6.79782 14.4772
-6.80456 14.4772
-6.81129 14.4772
-6.81803 14.4772
-6.82476 14.4772
-6.79949 14.4772
-6.80623 14.4772
-6.81296 14.4772
-6.8197 14.4772
-6.82643 14.4772
-6.80117 14.4772
-6.8079 14.4772
-6.81464 14.4772
-6.82137 14.4772
-6.8281 14.4772
-6.80284 14.4772
-6.80957 14.4772
-6.81631 14.4772
-6.82304 14.4772
-6.79778 14.4772
-6.80451 14.4772
-6.81125 14.4772
-6.81798 14.4772
-6.82471 14.4772
-6.79945 14.4772
-6.80618 14.4772
-6.81292 14.4772
-6.81965 14.4772
-6.82639 14.4772
-6.80112 14.4772
-6.80786 14.4772
-6.81459 14.4772
-6.82132 14.4772
-6.82806 14.4772
-6.80279 14.4772
-6.80953 14.4772
-6.81626 14.4772
-6.823 14.4772
-6.79773 14.4772
-6.80447 14.4772
-6.8112 14.4772
-6.81793 14.4772
-6.82467 14.4772
-6.7994 14.4772
-6.80614 14.4772
-6.81287 14.4772
-6.81961 14.4772
-6.82634 14.4772
-6.80108 14.4772
-6.80781 14.4772
-6.81455 14.4772
-6.82128 14.4772
-6.82801 14.4772
-6.80275 14.4772
-6.80948 14.4772
-6.81622 14.4772
-6.82295 14.4772
-6.79769 14.4772
-6.80442 14.4772
-6.81116 14.4772
-6.81789 14.4772
-6.82462 14.4772
-6.79936 14.4772
-6.80609 14.4772
-6.81283 14.4772
-6.81956 14.4772
-6.8263 14.4772
-6.80103 14.4772
-6.80777 14.4772
-6.8145 14.4772
-6.82123 14.4772
-6.82797 14.4772
-6.8027 14.4772
-6.80944 14.4772
-6.81617 14.4772
-6.82291 14.4772
-6.79764 14.4772
-6.80438 14.4772
-6.81111 14.4772
-6.81784 14.4772
-6.82458 14.4772
-6.79931 14.4772
-6.80605 14.4772
-6.81278 14.4772
-6.81952 14.4772
-6.82625 14.4772
-6.80099 14.4772
-6.80772 14.4772
-6.81445 14.4772
-6.82119 14.4772
-6.82792 14.4772
-6.80266 14.4772
-6.80939 14.4772
-6.81613 14.4772
-6.82286 14.4772
-6.7976 14.4772
-6.80433 14.4772
-6.81106 14.4772
-6.8178 14.4772
-6.82453 14.4772
-6.79927 14.4772
-6.806 14.4772
-6.81274 14.4772
-6.81947 14.4772
-6.82621 14.4772
-6.80094 14.4772
-6.80767 14.4772
-6.81441 14.4772
-6.82114 14.4772
-6.82788 14.4772
-6.80261 14.4772
-6.80935 14.4772
-6.81608 14.4772
-6.82282 14.4772
-6.79755 14.4772
-6.80429 14.4772
-6.81102 14.4772
-6.81775 14.4772
-6.82449 14.4772
-6.79922 14.4772
-6.80596 14.4772
-6.81269 14.4772
-6.81943 14.4772
-6.82616 14.4772
-6.8009 14.4772
-6.80763 14.4772
-6.81436 14.4772
-6.8211 14.4772
-6.82783 14.4772
-6.80257 14.4772
-6.8093 14.4772
-6.81604 14.4772
-6.82277 14.4772
-6.79751 14.4772
-6.80424 14.4772
-6.81097 14.4772
-6.81771 14.4772
-6.82444 14.4772
-6.79918 14.4772
-6.80591 14.4772
-6.81265 14.4772
-6.81938 14.4772
-6.82612 14.4772
-6.80085 14.4772
-6.80758 14.4772
-6.81432 14.4772
-6.82105 14.4772
-6.82779 14.4772
-6.80252 14.4772
-6.80926 14.4772
-6.81599 14.4772
-6.82273 14.4772
-6.79746 14.4772
-6.80419 14.4772
-6.81093 14.4772
-6.81766 14.4772
-6.8244 14.4772
-6.79913 14.4772
-6.80587 14.4772
-6.8126 14.4772
-6.81934 14.4772
-6.82607 14.4772
-6.8008 14.4772
-6.80754 14.4772
-6.81427 14.4772
-6.82101 14.4772
-6.82774 14.4772
-6.80248 14.4772
-6.80921 14.4772
-6.81595 14.4772
-6.82268 14.4772
-6.79741 14.4772
-6.80415 14.4772
-6.81088 14.4772
-6.81762 14.4772
-6.82435 14.4772
-6.79909 14.4772
-6.80582 14.4772
-6.81256 14.4772
-6.81929 14.4772
-6.82602 14.4772
-6.80076 14.4772
-6.80749 14.4772
-6.81423 14.4772
-6.82096 14.4772
-6.8277 14.4772
-6.80243 14.4772
-6.80917 14.4772
-6.8159 14.4772
-6.82263 14.4772
-6.79737 14.4772
-6.8041 14.4772
-6.81084 14.4772
-6.81757 14.4772
-6.82431 14.4772
-6.79904 14.4772
-6.80578 14.4772
-6.81251 14.4772
-6.81924 14.4772
-6.82598 14.4772
-6.80071 14.4772
-6.80745 14.4772
-6.81418 14.4772
-6.82092 14.4772
-6.82765 14.4772
-6.80239 14.4772
-6.80912 14.4772
-6.81586 14.4772
-6.82259 14.4772
-6.79732 14.4772
-6.80406 14.4772
-6.81079 14.4772
-6.81753 14.4772
-6.82426 14.4772
-6.799 14.4772
-6.80573 14.4772
-6.81247 14.4772
-6.8192 14.4772
-6.82593 14.4772
-6.80067 14.4772
-6.8074 14.4772
-6.81414 14.4772
-6.82087 14.4772
-6.82761 14.4772
-6.80234 14.4772
-6.80908 14.4772
-6.81581 14.4772
-6.82254 14.4772
-6.79728 14.4772
-6.80401 14.4772
-6.81075 14.4772
-6.81748 14.4772
-6.82422 14.4772
-6.79895 14.4772
-6.80569 14.4772
-6.81242 14.4772
-6.81915 14.4772
-6.82589 14.4772
-6.80062 14.4772
-6.80736 14.4772
-6.81409 14.4772
-6.82083 14.4772
-6.82756 14.4772
-6.8023 14.4772
-6.80903 14.4772
-6.81576 14.4772
-6.8225 14.4772
-6.79723 14.4772
-6.80397 14.4772
-6.8107 14.4772
-6.81744 14.4772
-6.82417 14.4772
-6.79891 14.4772
-6.80564 14.4772
-6.81237 14.4772
-6.81911 14.4772
-6.82584 14.4772
-6.80058 14.4772
-6.80731 14.4772
-6.81405 14.4772
-6.82078 14.4772
-6.82752 14.4772
-6.80225 14.4772
-6.80898 14.4772
-6.81572 14.4772
-6.82245 14.4772
-6.79719 14.4772
-6.80392 14.4772
-6.81066 14.4772
-6.81739 14.4772
-6.82413 14.4772
-6.79886 14.4772
-6.80559 14.4772
-6.81233 14.4772
-6.81906 14.4772
-6.8258 14.4772
-6.80053 14.4772
-6.80727 14.4772
-6.814 14.4772
-6.82074 14.4772
-6.82747 14.4772
-6.80221 14.4772
-6.80894 14.4772
-6.81567 14.4772
-6.82241 14.4772
-6.79714 14.4772
-6.80388 14.4772
-6.81061 14.4772
-6.81735 14.4772
-6.82408 14.4772
-6.79882 14.4772
-6.80555 14.4772
-6.81228 14.4772
-6.81902 14.4772
-6.82575 14.4772
-6.80049 14.4772
-6.80722 14.4772
-6.81396 14.4772
-6.82069 14.4772
-6.82743 14.4772
-6.80216 14.4772
-6.80889 14.4772
-6.81563 14.4772
-6.82236 14.4772
-6.7971 14.4772
-6.80383 14.4772
-6.81057 14.4772
-6.8173 14.4772
-6.82404 14.4772
-6.79877 14.4772
-6.8055 14.4772
-6.81224 14.4772
-6.81897 14.4772
-6.82571 14.4772
-6.80044 14.4772
-6.80718 14.4772
-6.81391 14.4772
-6.82065 14.4772
-6.82738 14.4772
-6.80211 14.4772
-6.80885 14.4772
-6.81558 14.4772
-6.82232 14.4772
-6.79705 14.4772
-6.80379 14.4772
-6.81052 14.4772
-6.81726 14.4772
-6.82399 14.4772
-6.79872 14.4772
-6.80546 14.4772
-6.81219 14.4772
-6.81893 14.4772
-6.82566 14.4772
-6.8004 14.4772
-6.80713 14.4772
-6.81387 14.4772
-6.8206 14.4772
-6.82733 14.4772
-6.80207 14.4772
-6.8088 14.4772
-6.81554 14.4772
-6.82227 14.4772
-6.79701 14.4772
-6.80374 14.4772
-6.81048 14.4772
-6.81721 14.4772
-6.82394 14.4772
-6.79868 14.4772
-6.80541 14.4772
-6.81215 14.4772
-6.81888 14.4772
-6.82562 14.4772
-6.80035 14.4772
-6.80709 14.4772
-6.81382 14.4772
-6.82055 14.4772
-6.82729 14.4772
-6.80202 14.4772
-6.80876 14.4772
-6.81549 14.4772
-6.82223 14.4772
-6.79696 14.4772
-6.8037 14.4772
-6.81043 14.4772
-6.81716 14.4772
-6.8239 14.4772
-6.79863 14.4772
-6.80537 14.4772
-6.8121 14.4772
-6.81884 14.4772
-6.82557 14.4772
-6.80031 14.4772
-6.80704 14.4772
-6.81378 14.4772
-6.82051 14.4772
-6.82724 14.4772
-6.80198 14.4772
-6.80871 14.4772
-6.81545 14.4772
-6.82218 14.4772
-6.79692 14.4772
-6.80365 14.4772
-6.81039 14.4772
-6.81712 14.4772
-6.82385 14.4772
-6.79859 14.4772
-6.80532 14.4772
-6.81206 14.4772
-6.81879 14.4772
-6.82553 14.4772
-6.80026 14.4772
-6.807 14.4772
-6.81373 14.4772
-6.82046 14.4772
-6.8272 14.4772
-6.80193 14.4772
-6.80867 14.4772
-6.8154 14.4772
-6.82214 14.4772
-6.79687 14.4772
-6.80361 14.4772
-6.81034 14.4772
-6.81707 14.4772
-6.82381 14.4772
-6.79854 14.4772
-6.80528 14.4772
-6.81201 14.4772
-6.81875 14.4772
-6.82548 14.4772
-6.80022 14.4772
-6.80695 14.4772
-6.81368 14.4772
-6.82042 14.4772
-6.82715 14.4772
-6.80189 14.4772
-6.80862 14.4772
-6.81536 14.4772
-6.82209 14.4772
-6.79683 14.4772
-6.80356 14.4772
-6.81029 14.4772
-6.81703 14.4772
-6.82376 14.4772
-6.7985 14.4772
-6.80523 14.4772
-6.81197 14.4772
-6.8187 14.4772
-6.82544 14.4772
-6.80017 14.4772
-6.8069 14.4772
-6.81364 14.4772
-6.82037 14.4772
-6.82711 14.4772
-6.80184 14.4772
-6.80858 14.4772
-6.81531 14.4772
-6.82205 14.4772
-6.79678 14.4772
-6.80351 14.4772
-6.81025 14.4772
-6.81698 14.4772
-6.82372 14.4772
-6.79845 14.4772
-6.80519 14.4772
-6.81192 14.4772
-6.81866 14.4772
-6.82539 14.4772
-6.80012 14.4772
-6.80686 14.4772
-6.81359 14.4772
-6.82033 14.4772
-6.82706 14.4772
-6.8018 14.4772
-6.80853 14.4772
-6.81527 14.4772
-6.822 14.4772
-6.79673 14.4772
-6.80347 14.4772
-6.8102 14.4772
-6.81694 14.4772
-6.82367 14.4772
-6.79841 14.4772
-6.80514 14.4772
-6.81188 14.4772
-6.81861 14.4772
-6.82534 14.4772
-6.80008 14.4772
-6.80681 14.4772
-6.81355 14.4772
-6.82028 14.4772
-6.82702 14.4772
-6.80175 14.4772
-6.80849 14.4772
-6.81522 14.4772
-6.82195 14.4772
-6.79669 14.4772
-6.80342 14.4772
-6.81016 14.4772
-6.81689 14.4772
-6.82363 14.4772
-6.79836 14.4772
-6.8051 14.4772
-6.81183 14.4772
-6.81856 14.4772
-6.8253 14.4772
-6.80003 14.4772
-6.80677 14.4772
-6.8135 14.4772
-6.82024 14.4772
-6.82697 14.4772
-6.80171 14.4772
-6.80844 14.4772
-6.81517 14.4772
-6.82191 14.4772
-6.79664 14.4772
-6.80338 14.4772
-6.81011 14.4772
-6.81685 14.4772
-6.82358 14.4772
-6.79832 14.4772
-6.80505 14.4772
-6.81178 14.4772
-6.81852 14.4772
-6.82525 14.4772
-6.79999 14.4772
-6.80672 14.4772
-6.81346 14.4772
-6.82019 14.4772
-6.82693 14.4772
-6.80166 14.4772
-6.80839 14.4772
-6.81513 14.4772
-6.82186 14.4772
-6.7966 14.4772
-6.80333 14.4772
-6.81007 14.4772
-6.8168 14.4772
-6.82354 14.4772
-6.79827 14.4772
-6.805 14.4772
-6.81174 14.4772
-6.81847 14.4772
-6.82521 14.4772
-6.79994 14.4772
-6.80668 14.4772
-6.81341 14.4772
-6.82015 14.4772
-6.82688 14.4772
-6.80161 14.4772
-6.80835 14.4772
-6.81508 14.4772
-6.82182 14.4772
-6.79655 14.4772
-6.80329 14.4772
-6.81002 14.4772
-6.81676 14.4772
-6.82349 14.4772
-6.79822 14.4772
-6.80496 14.4772
-6.81169 14.4772
-6.81843 14.4772
-6.82516 14.4772
-6.7999 14.4772
-6.80663 14.4772
-6.81337 14.4772
-6.8201 14.4772
-6.82683 14.4772
-6.80157 14.4772
-6.8083 14.4772
-6.81504 14.4772
-6.82177 14.4772
-6.79651 14.4772
-6.80324 14.4772
-6.80998 14.4772
-6.81671 14.4772
-6.82344 14.4772
-6.79818 14.4772
-6.80491 14.4772
-6.81165 14.4772
-6.81838 14.4772
-6.82512 14.4772
-6.79985 14.4772
-6.80659 14.4772
-6.81332 14.4772
-6.82005 14.4772
-6.82679 14.4772
-6.80152 14.4772
-6.80826 14.4772
-6.81499 14.4772
-6.82173 14.4772
-6.79646 14.4772
-6.80319 14.4772
-6.80993 14.4772
-6.81666 14.4772
-6.8234 14.4772
-6.79813 14.4772
-6.80487 14.4772
-6.8116 14.4772
-6.81834 14.4772
-6.82507 14.4772
-6.79981 14.4772
-6.80654 14.4772
-6.81327 14.4772
-6.82001 14.4772
-6.82674 14.4772
-6.80148 14.4772
-6.80821 14.4772
-6.81495 14.4772
-6.82168 14.4772
-6.82841 14.4772
-6.80315 14.4772
-6.80988 14.4772
-6.81662 14.4772
-6.82335 14.4772
-6.79809 14.4772
-6.80482 14.4772
-6.81156 14.4772
-6.81829 14.4772
-6.82502 14.4772
-6.79976 14.4772
-6.80649 14.4772
-6.81323 14.4772
-6.81996 14.4772
-6.8267 14.4772
-6.80143 14.4772
-6.80817 14.4772
-6.8149 14.4772
-6.82163 14.4772
-6.82837 14.4772
-6.8031 14.4772
-6.80984 14.4772
-6.81657 14.4772
-6.82331 14.4772
-6.79804 14.4772
-6.80478 14.4772
-6.81151 14.4772
-6.81825 14.4772
-6.82498 14.4772
-6.79971 14.4772
-6.80645 14.4772
-6.81318 14.4772
-6.81992 14.4772
-6.82665 14.4772
-6.80139 14.4772
-6.80812 14.4772
-6.81486 14.4772
-6.82159 14.4772
-6.82832 14.4772
-6.80306 14.4772
-6.80979 14.4772
-6.81653 14.4772
-6.82326 14.4772
-6.798 14.4772
-6.80473 14.4772
-6.81147 14.4772
-6.8182 14.4772
-6.82493 14.4772
-6.79967 14.4772
-6.8064 14.4772
-6.81314 14.4772
-6.81987 14.4772
-6.82661 14.4772
-6.80134 14.4772
-6.80808 14.4772
-6.81481 14.4772
-6.82154 14.4772
-6.82828 14.4772
-6.80301 14.4772
-6.80975 14.4772
-6.81648 14.4772
-6.82322 14.4772
-6.79795 14.4772
-6.80469 14.4772
-6.81142 14.4772
-6.81815 14.4772
-6.82489 14.4772
-6.79962 14.4772
-6.80636 14.4772
-6.81309 14.4772
-6.81983 14.4772
-6.82656 14.4772
-6.8013 14.4772
-6.80803 14.4772
-6.81476 14.4772
-6.8215 14.4772
-6.82823 14.4772
-6.80297 14.4772
-6.8097 14.4772
-6.81644 14.4772
-6.82317 14.4772
-6.79791 14.4772
-6.80464 14.4772
-6.81138 14.4772
-6.81811 14.4772
-6.82484 14.4772
-6.79958 14.4772
-6.80631 14.4772
-6.81305 14.4772
-6.81978 14.4772
-6.82652 14.4772
-6.80125 14.4772
-6.80799 14.4772
-6.81472 14.4772
-6.82145 14.4772
-6.82819 14.4772
-6.80292 14.4772
-6.80966 14.4772
-6.81639 14.4772
-6.82313 14.4772
-6.79786 14.4772
-6.8046 14.4772
-6.81133 14.4772
-6.81806 14.4772
-6.8248 14.4772
-6.79953 14.4772
-6.80627 14.4772
-6.813 14.4772
