0 0
0.0206012 0.0634038
0.0454037 0.126816
0.0743819 0.190245
0.10751 0.253699
0.144764 0.317187
0.186118 0.380717
0.231547 0.444298
0.281025 0.507938
0.334527 0.571646
0.392028 0.635431
0.453502 0.699299
0.518923 0.76326
0.588265 0.82732
0.661501 0.891488
0.738603 0.95577
0.819545 1.02017
0.904297 1.0847
0.992831 1.14937
1.08512 1.21417
1.18112 1.27911
1.28082 1.3442
1.38417 1.40944
1.49114 1.47482
1.6017 1.54035
1.71581 1.60604
1.83344 1.67186
1.95453 1.73783
2.07906 1.80393
2.20698 1.87015
2.33824 1.93649
2.4728 2.00294
2.61062 2.06946
2.75164 2.13606
2.89582 2.2027
3.0431 2.26937
3.19343 2.33603
3.34676 2.40265
3.50304 2.4692
3.6622 2.53565
3.8242 2.60194
3.98898 2.66804
4.15649 2.7339
4.32667 2.79946
4.49947 2.86468
4.67484 2.92949
4.85273 2.99385
5.0331 3.05768
5.2159 3.12094
5.40109 3.18356
5.58864 3.24548
5.7785 3.30665
5.97064 3.36702
6.16504 3.42652
6.36166 3.4851
6.56049 3.54273
6.7615 3.59937
6.96467 3.65497
7.16998 3.7095
7.37742 3.76293
7.58697 3.81526
7.79861 3.86645
8.01234 3.9165
8.22813 3.9654
8.44597 4.01315
8.66584 4.05976
8.88773 4.10522
9.11162 4.14955
9.33749 4.19276
9.56532 4.23487
9.7951 4.2759
10.0268 4.31586
10.2604 4.35478
10.4959 4.39268
10.7332 4.42959
10.9724 4.46553
11.2133 4.50052
11.456 4.5346
11.7005 4.56779
11.9468 4.60012
12.1947 4.63161
12.4443 4.66229
12.6955 4.69218
12.9483 4.72131
13.2028 4.74971
13.4588 4.77739
13.7163 4.80439
13.9754 4.83072
14.2359 4.85641
14.4979 4.88148
14.7613 4.90594
15.0261 4.92983
15.2923 4.95316
15.5599 4.97594
15.8288 4.9982
16.099 5.01995
16.3704 5.04122
16.6432 5.06201
16.9171 5.08234
17.1923 5.10223
17.4687 5.1217
17.7463 5.14074
18.025 5.15939
18.3048 5.17765
18.5858 5.19554
18.8678 5.21306
19.151 5.23022
19.4351 5.24705
19.7203 5.26355
20.0066 5.27972
20.2938 5.29559
20.582 5.31115
20.8712 5.32642
21.1613 5.34141
21.4524 5.35612
21.7444 5.37056
22.0373 5.38475
22.3311 5.39868
22.6257 5.41237
22.9213 5.42582
23.2177 5.43903
23.5149 5.45203
23.8129 5.4648
24.1118 5.47736
24.4114 5.48972
24.7118 5.50187
25.013 5.51383
25.315 5.52559
25.6177 5.53717
25.9212 5.54857
26.2254 5.55979
26.5303 5.57085
26.8359 5.58173
27.1422 5.59245
27.4492 5.60301
27.7569 5.61341
28.0653 5.62366
28.3743 5.63377
28.6839 5.64372
28.9942 5.65354
29.3052 5.66322
29.6168 5.67277
29.9289 5.68218
30.2417 5.69147
30.5551 5.70063
30.8691 5.70967
31.1837 5.71858
31.4989 5.72738
31.8146 5.73607
32.1309 5.74464
32.4477 5.75311
32.7651 5.76146
33.0831 5.76971
33.4015 5.77786
33.7206 5.78591
34.0401 5.79386
34.3601 5.80171
34.6807 5.80947
35.0018 5.81713
35.3234 5.82471
35.6454 5.83219
35.968 5.83959
36.291 5.8469
36.6146 5.85413
36.9385 5.86128
37.263 5.86834
37.5879 5.87533
37.9133 5.88224
38.2391 5.88907
38.5654 5.89583
38.8922 5.90251
39.2193 5.90913
39.5469 5.91567
39.8749 5.92214
40.2034 5.92854
40.5323 5.93488
40.8615 5.94115
41.1912 5.94736
41.5214 5.95351
41.8519 5.95959
42.1828 5.96561
42.5141 5.97157
42.8458 5.97747
43.1779 5.98331
43.5104 5.9891
43.8432 5.99483
44.1764 6.0005
44.51 6.00613
44.844 6.01169
45.1784 6.01721
45.5131 6.02267
45.8481 6.02808
46.1835 6.03344
46.5193 6.03876
46.8554 6.04402
47.1919 6.04924
47.5287 6.0544
47.8659 6.05953
48.2034 6.06461
48.5412 6.06964
48.8794 6.07463
49.2179 6.07957
49.5567 6.08447
49.8958 6.08933
50.2353 6.09415
50.5751 6.09893
50.9152 6.10367
51.2556 6.10836
51.5963 6.11302
51.9373 6.11764
52.2787 6.12222
52.6203 6.12677
52.9622 6.13127
53.3045 6.13574
53.647 6.14018
53.9898 6.14458
54.3329 6.14894
54.6763 6.15327
55.02 6.15757
55.364 6.16183
55.7083 6.16606
56.0528 6.17025
56.3976 6.17442
56.7427 6.17855
57.0881 6.18265
57.4337 6.18672
57.7796 6.19076
58.1258 6.19477
58.4722 6.19875
58.8189 6.2027
59.1659 6.20662
59.5131 6.21051
59.8606 6.21438
60.2083 6.21821
60.5563 6.22202
60.9045 6.2258
61.253 6.22956
61.6018 6.23329
61.9508 6.23699
62.3 6.24066
62.6495 6.24432
62.9992 6.24794
63.3492 6.25154
63.6994 6.25512
64.0498 6.25867
64.4005 6.2622
64.7514 6.2657
65.1025 6.26918
65.4539 6.27264
65.8055 6.27607
66.1573 6.27948
66.5093 6.28287
66.8616 6.28623
67.2141 6.28958
67.5668 6.2929
67.9198 6.2962
68.273 6.29948
68.6263 6.30274
68.9799 6.30598
69.3337 6.3092
69.6878 6.3124
70.042 6.31558
70.3964 6.31873
70.7511 6.32187
71.106 6.32499
71.461 6.32809
71.8163 6.33117
72.1718 6.33423
72.5275 6.33728
72.8834 6.3403
73.2395 6.34331
73.5957 6.3463
73.9522 6.34927
74.3089 6.35222
74.6658 6.35516
75.0229 6.35808
75.3801 6.36098
75.7376 6.36386
76.0952 6.36673
76.4531 6.36958
76.8111 6.37242
77.1693 6.37524
77.5277 6.37804
77.8863 6.38083
78.2451 6.3836
78.6041 6.38636
78.9632 6.3891
79.3226 6.39182
79.6821 6.39453
80.0418 6.39723
80.4016 6.39991
80.7617 6.40257
81.1219 6.40522
81.4823 6.40786
81.8429 6.41048
82.2036 6.41309
82.5645 6.41568
82.9256 6.41826
83.2869 6.42083
83.6483 6.42338
84.0099 6.42592
84.3717 6.42845
84.7337 6.43096
85.0958 6.43346
85.4581 6.43595
85.8205 6.43842
86.1831 6.44088
86.5459 6.44333
86.9088 6.44577
87.2719 6.44819
87.6352 6.4506
87.9986 6.453
88.3622 6.45539
88.7259 6.45776
89.0898 6.46013
89.4538 6.46248
89.818 6.46482
90.1824 6.46715
90.5469 6.46946
90.9116 6.47177
91.2764 6.47406
91.6414 6.47635
92.0065 6.47862
92.3718 6.48088
92.7372 6.48313
93.1028 6.48537
93.4685 6.4876
93.8344 6.48982
94.2004 6.49202
94.5666 6.49422
94.9329 6.49641
95.2994 6.49858
95.666 6.50075
96.0328 6.50291
96.3997 6.50505
96.7667 6.50719
97.1339 6.50932
97.5012 6.51143
97.8687 6.51354
98.2363 6.51564
98.604 6.51772
98.9719 6.5198
99.3399 6.52187
99.7081 6.52393
100.076 6.52598
100.445 6.52802
100.813 6.53006
101.182 6.53208
101.551 6.53409
101.92 6.5361
102.289 6.5381
102.658 6.54008
103.028 6.54206
103.397 6.54403
103.767 6.546
104.136 6.54795
104.506 6.5499
104.876 6.55183
105.247 6.55376
105.617 6.55568
105.987 6.55759
106.358 6.5595
106.728 6.5614
107.099 6.56328
107.47 6.56516
107.841 6.56704
108.212 6.5689
108.584 6.57076
108.955 6.57261
109.327 6.57445
109.698 6.57629
110.07 6.57811
110.442 6.57993
110.814 6.58174
111.186 6.58355
111.558 6.58534
111.931 6.58713
112.303 6.58892
112.676 6.59069
113.049 6.59246
113.421 6.59422
113.794 6.59598
114.167 6.59773
114.541 6.59947
114.914 6.6012
115.287 6.60293
115.661 6.60465
116.035 6.60636
116.408 6.60807
116.782 6.60977
117.156 6.61146
117.53 6.61315
117.905 6.61483
118.279 6.61651
118.653 6.61817
119.028 6.61984
119.403 6.62149
119.777 6.62314
120.152 6.62478
120.527 6.62642
120.902 6.62805
121.278 6.62968
121.653 6.63129
122.028 6.63291
122.404 6.63451
122.78 6.63611
123.155 6.63771
123.531 6.6393
123.907 6.64088
124.283 6.64246
124.66 6.64403
125.036 6.6456
125.412 6.64716
125.789 6.64871
126.165 6.65026
126.542 6.6518
126.919 6.65334
127.296 6.65487
127.673 6.6564
128.05 6.65792
128.427 6.65944
128.804 6.66095
129.182 6.66245
129.559 6.66395
129.937 6.66545
130.315 6.66694
130.692 6.66842
131.07 6.6699
131.448 6.67138
131.826 6.67285
132.205 6.67431
132.583 6.67577
132.961 6.67722
133.34 6.67867
133.718 6.68012
134.097 6.68156
134.476 6.68299
134.855 6.68442
135.234 6.68584
135.613 6.68726
135.992 6.68868
136.371 6.69009
136.751 6.6915
137.13 6.6929
137.51 6.69429
137.889 6.69568
138.269 6.69707
138.649 6.69845
139.029 6.69983
139.409 6.70121
139.789 6.70258
140.169 6.70394
140.549 6.7053
140.93 6.70666
141.31 6.70801
141.691 6.70935
142.071 6.7107
142.452 6.71204
142.833 6.71337
143.214 6.7147
143.595 6.71603
143.976 6.71735
144.357 6.71866
144.738 6.71998
145.12 6.72129
145.501 6.72259
145.883 6.72389
146.264 6.72519
146.646 6.72648
147.028 6.72777
147.41 6.72905
147.791 6.73034
148.174 6.73161
148.556 6.73288
148.938 6.73415
149.32 6.73542
149.702 6.73668
150.085 6.73794
150.467 6.73919
150.85 6.74044
151.233 6.74169
151.616 6.74293
151.999 6.74417
152.381 6.7454
152.764 6.74663
153.148 6.74786
153.531 6.74908
153.914 6.7503
154.297 6.75152
154.681 6.75273
155.064 6.75394
155.448 6.75515
155.832 6.75635
156.215 6.75755
156.599 6.75874
156.983 6.75993
157.367 6.76112
157.751 6.76231
158.136 6.76349
158.52 6.76467
158.904 6.76584
159.288 6.76701
159.673 6.76818
160.058 6.76934
160.442 6.7705
160.827 6.77166
161.212 6.77281
161.596 6.77396
161.981 6.77511
162.366 6.77626
162.752 6.7774
163.137 6.77853
163.522 6.77967
163.907 6.7808
164.293 6.78193
164.678 6.78305
165.064 6.78418
165.449 6.7853
165.835 6.78641
166.221 6.78752
166.607 6.78863
166.993 6.78974
167.378 6.79084
167.765 6.79194
168.151 6.79304
168.537 6.79414
168.923 6.79523
169.31 6.79632
169.696 6.7974
170.082 6.79848
170.469 6.79956
170.856 6.80064
171.242 6.80171
171.629 6.80278
172.016 6.80385
172.403 6.80492
172.79 6.80598
173.177 6.80704
173.564 6.8081
173.951 6.80915
174.339 6.8102
174.726 6.81125
175.114 6.81229
175.501 6.81334
175.889 6.81438
176.276 6.81541
176.664 6.81645
177.052 6.81748
177.44 6.81851
177.827 6.81954
178.215 6.82056
178.603 6.82158
178.992 6.8226
179.38 6.82362
179.768 6.82463
180.156 6.82564
180.545 6.82665
180.933 6.82765
181.322 6.82866
181.71 6.82966
182.099 6.83066
182.488 6.83165
182.876 6.83264
183.265 6.83364
183.654 6.83462
184.043 6.83561
184.432 6.83659
184.821 6.83757
185.21 6.83855
185.6 6.83953
185.989 6.8405
186.378 6.84147
186.768 6.84244
187.157 6.8434
187.547 6.84437
187.937 6.84533
188.326 6.84629
188.716 6.84724
189.106 6.8482
189.496 6.84915
189.886 6.8501
190.276 6.85105
190.666 6.85199
191.056 6.85293
191.446 6.85387
191.836 6.85481
192.227 6.85575
192.617 6.85668
193.008 6.85761
193.398 6.85854
193.789 6.85947
194.179 6.86039
194.57 6.86132
194.961 6.86224
195.352 6.86315
195.742 6.86407
196.133 6.86498
196.524 6.86589
196.915 6.8668
197.307 6.86771
197.698 6.86862
198.089 6.86952
198.48 6.87042
198.872 6.87132
199.263 6.87221
199.655 6.87311
200.046 6.874
200.438 6.87489
200.829 6.87578
201.221 6.87667
201.613 6.87755
202.005 6.87843
202.397 6.87931
202.789 6.88019
203.181 6.88107
203.573 6.88194
203.965 6.88281
204.357 6.88368
204.749 6.88455
205.142 6.88542
205.534 6.88628
205.926 6.88714
206.319 6.888
206.711 6.88886
207.104 6.88972
207.497 6.89057
207.889 6.89142
208.282 6.89227
208.675 6.89312
209.068 6.89397
209.461 6.89481
209.854 6.89566
210.247 6.8965
210.64 6.89734
211.033 6.89818
211.426 6.89901
211.82 6.89985
212.213 6.90068
212.606 6.90151
213 6.90234
213.393 6.90316
213.787 6.90399
214.18 6.90481
214.574 6.90563
214.968 6.90645
215.362 6.90727
215.755 6.90808
216.149 6.9089
216.543 6.90971
216.937 6.91052
217.331 6.91133
217.725 6.91214
218.119 6.91294
218.514 6.91374
218.908 6.91455
219.302 6.91535
219.697 6.91614
220.091 6.91694
220.485 6.91774
220.88 6.91853
221.275 6.91932
221.669 6.92011
222.064 6.9209
222.459 6.92169
222.853 6.92247
223.248 6.92325
223.643 6.92404
224.038 6.92482
224.433 6.9256
224.828 6.92637
225.223 6.92715
225.618 6.92792
226.013 6.92869
226.409 6.92946
226.804 6.93023
227.199 6.931
227.595 6.93177
227.99 6.93253
228.386 6.93329
228.781 6.93405
229.177 6.93481
229.573 6.93557
229.968 6.93633
230.364 6.93708
230.76 6.93784
231.156 6.93859
231.552 6.93934
231.948 6.94009
232.344 6.94083
232.74 6.94158
233.136 6.94232
233.532 6.94307
233.928 6.94381
234.324 6.94455
234.721 6.94529
235.117 6.94602
235.513 6.94676
235.91 6.94749
236.306 6.94822
236.703 6.94895
237.1 6.94968
237.496 6.95041
237.893 6.95114
238.29 6.95186
238.686 6.95259
239.083 6.95331
239.48 6.95403
239.877 6.95475
240.274 6.95547
240.671 6.95619
241.068 6.9569
241.465 6.95761
241.863 6.95833
242.26 6.95904
242.657 6.95975
243.054 6.96046
243.452 6.96116
243.849 6.96187
244.247 6.96257
244.644 6.96328
245.042 6.96398
245.439 6.96468
245.837 6.96538
246.235 6.96608
246.632 6.96677
247.03 6.96747
247.428 6.96816
247.826 6.96885
248.224 6.96954
248.622 6.97023
249.02 6.97092
249.418 6.97161
249.816 6.97229
250.214 6.97298
250.612 6.97366
251.011 6.97434
251.409 6.97503
251.807 6.9757
252.206 6.97638
252.604 6.97706
253.003 6.97774
253.401 6.97841
253.8 6.97908
254.198 6.97975
254.597 6.98043
254.996 6.98109
255.394 6.98176
255.793 6.98243
256.192 6.9831
256.591 6.98376
256.99 6.98442
257.389 6.98509
257.788 6.98575
258.187 6.98641
258.586 6.98706
258.985 6.98772
259.384 6.98838
259.783 6.98903
260.183 6.98969
260.582 6.99034
260.981 6.99099
261.381 6.99164
261.78 6.99229
262.18 6.99294
262.579 6.99358
262.979 6.99423
263.378 6.99487
263.778 6.99552
264.178 6.99616
264.577 6.9968
264.977 6.99744
265.377 6.99808
265.777 6.99871
266.177 6.99935
266.577 6.99999
266.977 7.00062
267.377 7.00125
267.777 7.00188
268.177 7.00252
268.577 7.00314
268.977 7.00377
269.378 7.0044
269.778 7.00503
270.178 7.00565
270.579 7.00628
270.979 7.0069
271.38 7.00752
271.78 7.00814
272.181 7.00876
272.581 7.00938
272.982 7.01
273.383 7.01061
273.783 7.01123
274.184 7.01185
274.585 7.01246
274.986 7.01307
275.387 7.01368
275.787 7.01429
276.188 7.0149
276.589 7.01551
276.99 7.01612
277.392 7.01672
277.793 7.01733
278.194 7.01793
278.595 7.01854
278.996 7.01914
279.397 7.01974
279.799 7.02034
280.2 7.02094
280.602 7.02153
281.003 7.02213
281.404 7.02273
281.806 7.02332
282.208 7.02392
282.609 7.02451
283.011 7.0251
283.412 7.02569
283.814 7.02628
284.216 7.02687
284.618 7.02746
285.02 7.02805
285.421 7.02863
285.823 7.02922
286.225 7.0298
286.627 7.03038
287.029 7.03097
287.431 7.03155
287.833 7.03213
288.236 7.03271
288.638 7.03329
289.04 7.03386
289.442 7.03444
289.845 7.03502
290.247 7.03559
290.649 7.03616
291.052 7.03674
291.454 7.03731
291.857 7.03788
292.259 7.03845
292.662 7.03902
293.064 7.03959
293.467 7.04015
293.87 7.04072
294.272 7.04128
294.675 7.04185
295.078 7.04241
295.481 7.04297
295.884 7.04354
296.287 7.0441
296.69 7.04466
297.092 7.04522
297.496 7.04577
297.899 7.04633
298.302 7.04689
298.705 7.04744
299.108 7.048
299.511 7.04855
299.914 7.0491
300.318 7.04966
300.721 7.05021
301.124 7.05076
301.528 7.05131
301.931 7.05186
302.335 7.0524
302.738 7.05295
303.142 7.0535
303.545 7.05404
303.949 7.05458
304.352 7.05513
304.756 7.05567
305.16 7.05621
305.564 7.05675
305.967 7.05729
306.371 7.05783
306.775 7.05837
307.179 7.05891
307.583 7.05944
307.987 7.05998
308.391 7.06051
308.795 7.06105
309.199 7.06158
309.603 7.06211
310.007 7.06265
310.411 7.06318
310.816 7.06371
311.22 7.06424
311.624 7.06476
312.028 7.06529
312.433 7.06582
312.837 7.06635
313.242 7.06687
313.646 7.0674
314.051 7.06792
314.455 7.06844
314.86 7.06896
315.264 7.06949
315.669 7.07001
316.074 7.07053
316.478 7.07104
316.883 7.07156
317.288 7.07208
317.693 7.0726
318.097 7.07311
318.502 7.07363
318.907 7.07414
319.312 7.07466
319.717 7.07517
320.122 7.07568
320.527 7.07619
320.932 7.0767
321.337 7.07721
321.743 7.07772
322.148 7.07823
322.553 7.07874
322.958 7.07924
323.363 7.07975
323.769 7.08026
324.174 7.08076
324.579 7.08126
324.985 7.08177
325.39 7.08227
325.796 7.08277
326.201 7.08327
326.607 7.08377
327.013 7.08427
327.418 7.08477
327.824 7.08527
328.229 7.08576
328.635 7.08626
329.041 7.08676
329.447 7.08725
329.853 7.08775
330.258 7.08824
330.664 7.08873
331.07 7.08922
331.476 7.08972
331.882 7.09021
332.288 7.0907
332.694 7.09119
333.1 7.09167
333.506 7.09216
333.913 7.09265
334.319 7.09314
334.725 7.09362
335.131 7.09411
335.537 7.09459
335.944 7.09508
336.35 7.09556
336.757 7.09604
337.163 7.09652
337.569 7.097
337.976 7.09748
338.382 7.09796
338.789 7.09844
339.195 7.09892
339.602 7.0994
340.009 7.09988
340.415 7.10035
340.822 7.10083
341.229 7.1013
341.635 7.10178
342.042 7.10225
342.449 7.10272
342.856 7.1032
343.263 7.10367
343.67 7.10414
344.077 7.10461
344.484 7.10508
344.891 7.10555
345.298 7.10602
345.705 7.10648
346.112 7.10695
346.519 7.10742
346.926 7.10788
347.333 7.10835
347.741 7.10881
348.148 7.10928
348.555 7.10974
348.962 7.1102
349.37 7.11067
349.777 7.11113
350.185 7.11159
350.592 7.11205
351 7.11251
351.407 7.11297
351.815 7.11342
352.222 7.11388
352.63 7.11434
353.037 7.1148
353.445 7.11525
353.853 7.11571
354.26 7.11616
354.668 7.11662
355.076 7.11707
355.484 7.11752
355.892 7.11797
356.299 7.11842
356.707 7.11888
357.115 7.11933
357.523 7.11978
357.931 7.12022
358.339 7.12067
358.747 7.12112
359.155 7.12157
359.563 7.12202
359.972 7.12246
360.38 7.12291
360.788 7.12335
361.196 7.1238
361.604 7.12424
362.013 7.12468
362.421 7.12513
362.829 7.12557
363.238 7.12601
363.646 7.12645
364.055 7.12689
364.463 7.12733
364.872 7.12777
365.28 7.12821
365.689 7.12865
366.097 7.12908
366.506 7.12952
366.914 7.12996
367.323 7.13039
367.732 7.13083
368.141 7.13126
368.549 7.13169
368.958 7.13213
369.367 7.13256
369.776 7.13299
370.185 7.13343
370.593 7.13386
371.002 7.13429
371.411 7.13472
371.82 7.13515
372.229 7.13558
372.638 7.136
373.047 7.13643
373.457 7.13686
373.866 7.13729
374.275 7.13771
374.684 7.13814
375.093 7.13856
375.502 7.13899
375.912 7.13941
376.321 7.13983
376.73 7.14026
377.14 7.14068
377.549 7.1411
377.958 7.14152
378.368 7.14194
378.777 7.14236
379.187 7.14278
379.596 7.1432
380.006 7.14362
380.415 7.14404
380.825 7.14446
381.235 7.14487
381.644 7.14529
382.054 7.14571
382.464 7.14612
382.874 7.14654
383.283 7.14695
383.693 7.14737
384.103 7.14778
384.513 7.14819
384.923 7.1486
385.333 7.14902
385.743 7.14943
386.152 7.14984
386.563 7.15025
386.973 7.15066
387.383 7.15107
387.793 7.15148
388.203 7.15188
388.613 7.15229
389.023 7.1527
389.433 7.15311
389.843 7.15351
390.254 7.15392
390.664 7.15432
391.074 7.15473
391.484 7.15513
391.895 7.15554
392.305 7.15594
392.716 7.15634
393.126 7.15675
393.536 7.15715
393.947 7.15755
394.357 7.15795
394.768 7.15835
395.179 7.15875
395.589 7.15915
396 7.15955
396.41 7.15995
396.821 7.16035
397.232 7.16074
397.642 7.16114
398.053 7.16154
398.464 7.16193
398.875 7.16233
399.286 7.16272
399.696 7.16312
400.107 7.16351
400.518 7.16391
400.929 7.1643
401.34 7.16469
401.751 7.16508
402.162 7.16548
402.573 7.16587
402.984 7.16626
403.395 7.16665
403.806 7.16704
404.217 7.16743
404.629 7.16782
405.04 7.16821
405.451 7.16859
405.862 7.16898
406.274 7.16937
406.685 7.16976
407.096 7.17014
407.508 7.17053
407.919 7.17091
408.33 7.1713
408.742 7.17168
409.153 7.17207
409.565 7.17245
409.976 7.17283
410.388 7.17322
410.799 7.1736
411.211 7.17398
411.622 7.17436
412.034 7.17474
412.446 7.17512
412.857 7.1755
413.269 7.17588
413.681 7.17626
414.092 7.17664
414.504 7.17702
414.916 7.17739
415.328 7.17777
415.74 7.17815
416.152 7.17852
416.564 7.1789
416.975 7.17928
417.387 7.17965
417.799 7.18003
418.211 7.1804
418.623 7.18077
419.035 7.18115
419.448 7.18152
419.86 7.18189
420.272 7.18226
420.684 7.18264
421.096 7.18301
421.508 7.18338
421.921 7.18375
422.333 7.18412
422.745 7.18449
423.157 7.18486
423.57 7.18523
423.982 7.18559
424.394 7.18596
424.807 7.18633
425.219 7.1867
425.632 7.18706
426.044 7.18743
426.457 7.18779
426.869 7.18816
427.282 7.18852
427.694 7.18889
428.107 7.18925
428.52 7.18962
428.932 7.18998
429.345 7.19034
429.757 7.19071
430.17 7.19107
430.583 7.19143
430.996 7.19179
431.408 7.19215
431.821 7.19251
432.234 7.19287
432.647 7.19323
433.06 7.19359
433.473 7.19395
433.886 7.19431
434.299 7.19467
434.712 7.19502
435.125 7.19538
435.538 7.19574
435.951 7.19609
436.364 7.19645
436.777 7.19681
437.19 7.19716
437.603 7.19752
438.016 7.19787
438.43 7.19823
438.843 7.19858
439.256 7.19893
439.669 7.19929
440.083 7.19964
440.496 7.19999
440.909 7.20034
441.323 7.20069
441.736 7.20104
442.149 7.20139
442.563 7.20174
442.976 7.20209
443.39 7.20244
443.803 7.20279
444.217 7.20314
444.63 7.20349
445.044 7.20384
445.457 7.20419
445.871 7.20453
446.285 7.20488
446.698 7.20523
447.112 7.20557
447.526 7.20592
447.939 7.20626
448.353 7.20661
448.767 7.20695
449.181 7.2073
449.595 7.20764
450.008 7.20798
450.422 7.20833
450.836 7.20867
451.25 7.20901
451.664 7.20935
452.078 7.2097
452.492 7.21004
452.906 7.21038
453.32 7.21072
453.734 7.21106
454.148 7.2114
454.562 7.21174
454.976 7.21208
455.39 7.21242
455.805 7.21275
456.219 7.21309
456.633 7.21343
457.047 7.21377
457.461 7.2141
457.876 7.21444
458.29 7.21478
458.704 7.21511
459.119 7.21545
459.533 7.21578
459.947 7.21612
460.362 7.21645
460.776 7.21679
461.191 7.21712
461.605 7.21745
462.02 7.21779
462.434 7.21812
462.849 7.21845
463.263 7.21878
463.678 7.21912
464.093 7.21945
464.507 7.21978
464.922 7.22011
465.337 7.22044
465.751 7.22077
466.166 7.2211
466.581 7.22143
466.995 7.22176
467.41 7.22209
467.825 7.22241
468.24 7.22274
468.655 7.22307
469.07 7.2234
469.484 7.22372
469.899 7.22405
470.314 7.22438
470.729 7.2247
471.144 7.22503
471.559 7.22535
471.974 7.22568
472.389 7.226
472.804 7.22633
473.22 7.22665
473.635 7.22697
474.05 7.2273
474.465 7.22762
474.88 7.22794
475.295 7.22827
475.711 7.22859
476.126 7.22891
476.541 7.22923
476.956 7.22955
477.372 7.22987
477.787 7.23019
478.202 7.23051
478.618 7.23083
479.033 7.23115
479.448 7.23147
479.864 7.23179
480.279 7.23211
480.695 7.23242
481.11 7.23274
481.526 7.23306
481.941 7.23338
482.357 7.23369
482.772 7.23401
483.188 7.23433
483.604 7.23464
484.019 7.23496
484.435 7.23527
484.851 7.23559
485.266 7.2359
485.682 7.23622
486.098 7.23653
486.514 7.23684
486.929 7.23716
487.345 7.23747
487.761 7.23778
488.177 7.2381
488.593 7.23841
489.009 7.23872
489.425 7.23903
489.841 7.23934
490.257 7.23965
490.672 7.23996
491.088 7.24027
491.504 7.24058
491.921 7.24089
492.337 7.2412
492.753 7.24151
493.169 7.24182
493.585 7.24213
494.001 7.24243
494.417 7.24274
494.833 7.24305
495.25 7.24336
495.666 7.24366
496.082 7.24397
496.498 7.24428
496.915 7.24458
497.331 7.24489
497.747 7.24519
498.164 7.2455
498.58 7.2458
498.996 7.24611
499.413 7.24641
499.829 7.24672
500.246 7.24702
500.662 7.24732
501.079 7.24763
501.495 7.24793
501.912 7.24823
502.328 7.24853
502.745 7.24883
503.161 7.24914
503.578 7.24944
503.995 7.24974
504.411 7.25004
504.828 7.25034
505.245 7.25064
505.661 7.25094
506.078 7.25124
506.495 7.25154
506.912 7.25184
507.328 7.25213
507.745 7.25243
508.162 7.25273
508.579 7.25303
508.996 7.25333
509.413 7.25362
509.829 7.25392
510.246 7.25422
510.663 7.25451
511.08 7.25481
511.497 7.2551
511.914 7.2554
512.331 7.2557
512.748 7.25599
513.166 7.25628
513.583 7.25658
514 7.25687
514.417 7.25717
514.834 7.25746
515.251 7.25775
515.668 7.25805
516.086 7.25834
516.503 7.25863
516.92 7.25892
517.337 7.25922
517.755 7.25951
518.172 7.2598
518.589 7.26009
519.007 7.26038
519.424 7.26067
519.841 7.26096
520.259 7.26125
520.676 7.26154
521.094 7.26183
521.511 7.26212
521.928 7.26241
522.346 7.2627
522.763 7.26299
523.181 7.26327
523.599 7.26356
524.016 7.26385
524.434 7.26414
524.851 7.26442
525.269 7.26471
525.687 7.265
526.104 7.26528
526.522 7.26557
526.94 7.26585
527.357 7.26614
527.775 7.26642
528.193 7.26671
528.611 7.26699
529.028 7.26728
529.446 7.26756
529.864 7.26785
530.282 7.26813
530.7 7.26841
531.118 7.2687
531.536 7.26898
531.954 7.26926
532.372 7.26954
532.789 7.26983
533.207 7.27011
533.625 7.27039
534.044 7.27067
534.462 7.27095
534.88 7.27123
535.298 7.27151
535.716 7.27179
536.134 7.27207
536.552 7.27235
536.97 7.27263
537.388 7.27291
537.807 7.27319
538.225 7.27347
538.643 7.27375
539.061 7.27403
539.48 7.2743
539.898 7.27458
540.316 7.27486
540.734 7.27514
541.153 7.27541
541.571 7.27569
541.99 7.27597
542.408 7.27624
542.826 7.27652
543.245 7.27679
543.663 7.27707
544.082 7.27734
544.5 7.27762
544.919 7.27789
545.337 7.27817
545.756 7.27844
546.174 7.27872
546.593 7.27899
547.012 7.27926
547.43 7.27954
547.849 7.27981
548.267 7.28008
548.686 7.28036
549.105 7.28063
549.524 7.2809
549.942 7.28117
550.361 7.28144
550.78 7.28171
551.199 7.28199
551.617 7.28226
552.036 7.28253
552.455 7.2828
552.874 7.28307
553.293 7.28334
553.712 7.28361
554.13 7.28388
554.549 7.28414
554.968 7.28441
555.387 7.28468
555.806 7.28495
556.225 7.28522
556.644 7.28549
557.063 7.28575
557.482 7.28602
557.901 7.28629
558.321 7.28656
558.74 7.28682
559.159 7.28709
559.578 7.28736
559.997 7.28762
560.416 7.28789
560.835 7.28815
561.255 7.28842
561.674 7.28868
562.093 7.28895
562.512 7.28921
562.932 7.28948
563.351 7.28974
563.77 7.29001
564.19 7.29027
564.609 7.29053
565.028 7.2908
565.448 7.29106
565.867 7.29132
566.287 7.29159
566.706 7.29185
567.125 7.29211
567.545 7.29237
567.964 7.29263
568.384 7.2929
568.804 7.29316
569.223 7.29342
569.643 7.29368
570.062 7.29394
570.482 7.2942
570.901 7.29446
571.321 7.29472
571.741 7.29498
572.16 7.29524
572.58 7.2955
573 7.29576
573.419 7.29602
573.839 7.29628
574.259 7.29653
574.679 7.29679
575.099 7.29705
575.518 7.29731
575.938 7.29757
576.358 7.29782
576.778 7.29808
577.198 7.29834
577.618 7.29859
578.038 7.29885
578.457 7.29911
578.877 7.29936
579.297 7.29962
579.717 7.29987
580.137 7.30013
580.557 7.30038
580.977 7.30064
581.397 7.30089
581.817 7.30115
582.238 7.3014
582.658 7.30166
583.078 7.30191
583.498 7.30216
583.918 7.30242
584.338 7.30267
584.758 7.30292
585.179 7.30318
585.599 7.30343
586.019 7.30368
586.439 7.30393
586.859 7.30419
587.28 7.30444
587.7 7.30469
588.12 7.30494
588.541 7.30519
588.961 7.30544
589.381 7.30569
589.802 7.30594
590.222 7.30619
590.643 7.30644
591.063 7.30669
591.484 7.30694
591.904 7.30719
592.324 7.30744
592.745 7.30769
593.165 7.30794
593.586 7.30819
594.007 7.30844
594.427 7.30869
594.848 7.30893
595.268 7.30918
595.689 7.30943
596.11 7.30968
596.53 7.30992
596.951 7.31017
597.372 7.31042
597.792 7.31066
598.213 7.31091
598.634 7.31116
599.054 7.3114
599.475 7.31165
599.896 7.31189
600.317 7.31214
600.738 7.31238
601.158 7.31263
601.579 7.31287
602 7.31312
602.421 7.31336
602.842 7.31361
603.263 7.31385
603.684 7.3141
604.105 7.31434
604.526 7.31458
604.947 7.31483
605.367 7.31507
605.789 7.31531
606.21 7.31555
606.631 7.3158
607.052 7.31604
607.473 7.31628
607.894 7.31652
608.315 7.31676
608.736 7.31701
609.157 7.31725
609.578 7.31749
609.999 7.31773
610.421 7.31797
610.842 7.31821
611.263 7.31845
611.684 7.31869
612.106 7.31893
612.527 7.31917
612.948 7.31941
613.369 7.31965
613.791 7.31989
614.212 7.32013
614.633 7.32037
615.055 7.3206
615.476 7.32084
615.897 7.32108
616.319 7.32132
616.74 7.32156
617.162 7.32179
617.583 7.32203
618.005 7.32227
618.426 7.32251
618.848 7.32274
619.269 7.32298
619.691 7.32322
620.112 7.32345
620.534 7.32369
620.955 7.32393
621.377 7.32416
621.799 7.3244
622.22 7.32463
622.642 7.32487
623.063 7.3251
623.485 7.32534
623.907 7.32557
624.329 7.32581
624.75 7.32604
625.172 7.32627
625.594 7.32651
626.016 7.32674
626.437 7.32698
626.859 7.32721
627.281 7.32744
627.703 7.32768
628.125 7.32791
628.546 7.32814
628.968 7.32837
629.39 7.32861
629.812 7.32884
630.234 7.32907
630.656 7.3293
631.078 7.32953
631.5 7.32976
631.922 7.33
632.344 7.33023
632.766 7.33046
633.188 7.33069
633.61 7.33092
634.032 7.33115
634.454 7.33138
634.876 7.33161
635.298 7.33184
635.721 7.33207
636.143 7.3323
636.565 7.33253
636.987 7.33276
637.409 7.33298
637.831 7.33321
638.254 7.33344
638.676 7.33367
639.098 7.3339
639.52 7.33413
639.943 7.33435
640.365 7.33458
640.787 7.33481
641.21 7.33504
641.632 7.33526
642.054 7.33549
642.477 7.33572
642.899 7.33594
643.321 7.33617
643.744 7.3364
644.166 7.33662
644.589 7.33685
645.011 7.33707
645.434 7.3373
645.856 7.33752
646.279 7.33775
646.701 7.33797
647.124 7.3382
647.546 7.33842
647.969 7.33865
648.391 7.33887
648.814 7.3391
649.237 7.33932
649.659 7.33955
650.082 7.33977
650.505 7.33999
650.927 7.34022
651.35 7.34044
651.773 7.34066
652.195 7.34088
652.618 7.34111
653.041 7.34133
653.463 7.34155
653.886 7.34177
654.309 7.342
654.732 7.34222
655.155 7.34244
655.577 7.34266
656 7.34288
656.423 7.3431
656.846 7.34333
657.269 7.34355
657.692 7.34377
658.115 7.34399
658.538 7.34421
658.961 7.34443
659.384 7.34465
659.807 7.34487
660.23 7.34509
660.653 7.34531
661.076 7.34553
661.499 7.34575
661.922 7.34596
662.345 7.34618
662.768 7.3464
663.191 7.34662
663.614 7.34684
664.037 7.34706
664.46 7.34727
664.883 7.34749
665.307 7.34771
665.73 7.34793
666.153 7.34815
666.576 7.34836
666.999 7.34858
667.423 7.3488
667.846 7.34901
668.269 7.34923
668.692 7.34945
669.116 7.34966
669.539 7.34988
669.962 7.3501
670.386 7.35031
670.809 7.35053
671.232 7.35074
671.656 7.35096
672.079 7.35117
672.503 7.35139
672.926 7.3516
673.349 7.35182
673.773 7.35203
674.196 7.35225
674.62 7.35246
675.043 7.35267
675.467 7.35289
675.89 7.3531
676.314 7.35332
676.738 7.35353
677.161 7.35374
677.585 7.35396
678.008 7.35417
678.432 7.35438
678.856 7.35459
679.279 7.35481
679.703 7.35502
680.126 7.35523
680.55 7.35544
680.974 7.35566
681.398 7.35587
681.821 7.35608
682.245 7.35629
682.669 7.3565
683.093 7.35671
683.516 7.35692
683.94 7.35713
684.364 7.35735
684.788 7.35756
685.212 7.35777
685.635 7.35798
686.059 7.35819
686.483 7.3584
686.907 7.35861
687.331 7.35882
687.755 7.35903
688.179 7.35924
688.603 7.35944
689.027 7.35965
689.451 7.35986
689.875 7.36007
690.299 7.36028
690.723 7.36049
691.147 7.3607
691.571 7.3609
691.995 7.36111
692.419 7.36132
692.843 7.36153
693.267 7.36174
693.691 7.36194
694.115 7.36215
694.54 7.36236
694.964 7.36256
695.388 7.36277
695.812 7.36298
696.236 7.36318
696.66 7.36339
697.085 7.3636
697.509 7.3638
697.933 7.36401
698.357 7.36422
698.782 7.36442
699.206 7.36463
699.63 7.36483
700.055 7.36504
700.479 7.36524
700.903 7.36545
701.328 7.36565
701.752 7.36586
702.177 7.36606
702.601 7.36627
703.025 7.36647
703.45 7.36667
703.874 7.36688
704.299 7.36708
704.723 7.36728
705.148 7.36749
705.572 7.36769
705.997 7.36789
706.421 7.3681
706.846 7.3683
707.27 7.3685
707.695 7.36871
708.119 7.36891
708.544 7.36911
708.969 7.36931
709.393 7.36952
709.818 7.36972
710.242 7.36992
710.667 7.37012
711.092 7.37032
711.517 7.37052
711.941 7.37073
712.366 7.37093
712.791 7.37113
713.215 7.37133
713.64 7.37153
714.065 7.37173
714.49 7.37193
714.915 7.37213
715.339 7.37233
715.764 7.37253
716.189 7.37273
716.614 7.37293
717.039 7.37313
717.464 7.37333
717.888 7.37353
718.313 7.37373
718.738 7.37393
719.163 7.37413
719.588 7.37432
720.013 7.37452
720.438 7.37472
720.863 7.37492
721.288 7.37512
721.713 7.37532
722.138 7.37551
722.563 7.37571
722.988 7.37591
723.413 7.37611
723.838 7.3763
724.263 7.3765
724.689 7.3767
725.114 7.3769
725.539 7.37709
725.964 7.37729
726.389 7.37749
726.814 7.37768
727.239 7.37788
727.665 7.37807
728.09 7.37827
728.515 7.37847
728.94 7.37866
729.365 7.37886
729.791 7.37905
730.216 7.37925
730.641 7.37944
731.067 7.37964
731.492 7.37983
731.917 7.38003
732.343 7.38022
732.768 7.38042
733.193 7.38061
733.619 7.38081
734.044 7.381
734.469 7.3812
734.895 7.38139
735.32 7.38158
735.746 7.38178
736.171 7.38197
736.597 7.38216
737.022 7.38236
737.448 7.38255
737.873 7.38274
738.299 7.38294
738.724 7.38313
739.15 7.38332
739.575 7.38351
740.001 7.38371
740.426 7.3839
740.852 7.38409
741.278 7.38428
741.703 7.38448
742.129 7.38467
742.555 7.38486
742.98 7.38505
743.406 7.38524
743.831 7.38543
744.257 7.38562
744.683 7.38582
745.109 7.38601
745.534 7.3862
745.96 7.38639
746.386 7.38658
746.812 7.38677
747.237 7.38696
747.663 7.38715
748.089 7.38734
748.515 7.38753
748.941 7.38772
749.367 7.38791
749.792 7.3881
750.218 7.38829
750.644 7.38848
751.07 7.38867
751.496 7.38885
751.922 7.38904
752.348 7.38923
752.774 7.38942
753.2 7.38961
753.626 7.3898
754.052 7.38999
754.478 7.39017
754.904 7.39036
755.33 7.39055
755.756 7.39074
756.182 7.39093
756.608 7.39111
757.034 7.3913
757.46 7.39149
757.886 7.39167
758.312 7.39186
758.738 7.39205
759.165 7.39224
759.591 7.39242
760.017 7.39261
760.443 7.3928
760.869 7.39298
761.295 7.39317
761.722 7.39335
762.148 7.39354
762.574 7.39373
763 7.39391
763.427 7.3941
763.853 7.39428
764.279 7.39447
764.705 7.39465
765.132 7.39484
765.558 7.39502
765.984 7.39521
766.411 7.39539
766.837 7.39558
767.263 7.39576
767.69 7.39595
768.116 7.39613
768.543 7.39631
768.969 7.3965
769.395 7.39668
769.822 7.39687
770.248 7.39705
770.675 7.39723
771.101 7.39742
771.528 7.3976
771.954 7.39778
772.381 7.39797
772.807 7.39815
773.234 7.39833
773.66 7.39851
774.087 7.3987
774.514 7.39888
774.94 7.39906
775.367 7.39924
775.793 7.39943
776.22 7.39961
776.647 7.39979
777.073 7.39997
777.5 7.40015
777.927 7.40033
778.353 7.40052
778.78 7.4007
779.207 7.40088
779.633 7.40106
780.06 7.40124
780.487 7.40142
780.914 7.4016
781.34 7.40178
781.767 7.40196
782.194 7.40214
782.621 7.40232
783.048 7.4025
783.474 7.40268
783.901 7.40286
784.328 7.40304
784.755 7.40322
785.182 7.4034
785.609 7.40358
786.036 7.40376
786.463 7.40394
786.89 7.40412
787.316 7.4043
787.743 7.40448
788.17 7.40466
788.597 7.40484
789.024 7.40501
789.451 7.40519
789.878 7.40537
790.305 7.40555
790.732 7.40573
791.159 7.40591
791.587 7.40608
792.014 7.40626
792.441 7.40644
792.868 7.40662
793.295 7.40679
793.722 7.40697
794.149 7.40715
794.576 7.40733
795.003 7.4075
795.431 7.40768
795.858 7.40786
796.285 7.40803
796.712 7.40821
797.139 7.40839
797.567 7.40856
797.994 7.40874
798.421 7.40892
798.848 7.40909
799.276 7.40927
799.703 7.40944
800.13 7.40962
800.558 7.4098
800.985 7.40997
801.412 7.41015
801.84 7.41032
802.267 7.4105
802.694 7.41067
803.122 7.41085
803.549 7.41102
803.976 7.4112
804.404 7.41137
804.831 7.41155
805.259 7.41172
805.686 7.41189
806.114 7.41207
806.541 7.41224
806.969 7.41242
807.396 7.41259
807.824 7.41276
808.251 7.41294
808.679 7.41311
809.106 7.41328
809.534 7.41346
809.961 7.41363
810.389 7.4138
810.816 7.41398
811.244 7.41415
811.672 7.41432
812.099 7.4145
812.527 7.41467
812.955 7.41484
813.382 7.41501
813.81 7.41519
814.238 7.41536
814.665 7.41553
815.093 7.4157
815.521 7.41587
815.948 7.41605
816.376 7.41622
816.804 7.41639
817.232 7.41656
817.659 7.41673
818.087 7.4169
818.515 7.41707
818.943 7.41725
819.371 7.41742
819.798 7.41759
820.226 7.41776
820.654 7.41793
821.082 7.4181
821.51 7.41827
821.938 7.41844
822.366 7.41861
822.794 7.41878
823.221 7.41895
823.649 7.41912
824.077 7.41929
824.505 7.41946
824.933 7.41963
825.361 7.4198
825.789 7.41997
826.217 7.42014
826.645 7.42031
827.073 7.42048
827.501 7.42064
827.929 7.42081
828.357 7.42098
828.785 7.42115
829.214 7.42132
829.642 7.42149
830.07 7.42166
830.498 7.42182
830.926 7.42199
831.354 7.42216
831.782 7.42233
832.21 7.4225
832.639 7.42267
833.067 7.42283
833.495 7.423
833.923 7.42317
834.351 7.42334
834.78 7.4235
835.208 7.42367
835.636 7.42384
836.064 7.424
836.493 7.42417
836.921 7.42434
837.349 7.4245
837.777 7.42467
838.206 7.42484
838.634 7.425
839.062 7.42517
839.491 7.42534
839.919 7.4255
840.347 7.42567
840.776 7.42583
841.204 7.426
841.633 7.42617
842.061 7.42633
842.49 7.4265
842.918 7.42666
843.346 7.42683
843.775 7.42699
844.203 7.42716
844.632 7.42732
845.06 7.42749
845.489 7.42765
845.917 7.42782
846.346 7.42798
846.774 7.42815
847.203 7.42831
847.631 7.42848
848.06 7.42864
848.489 7.4288
848.917 7.42897
849.346 7.42913
849.774 7.4293
850.203 7.42946
850.632 7.42962
851.06 7.42979
851.489 7.42995
851.918 7.43011
852.346 7.43028
852.775 7.43044
853.204 7.4306
853.632 7.43077
854.061 7.43093
854.49 7.43109
854.919 7.43125
855.347 7.43142
855.776 7.43158
856.205 7.43174
856.634 7.4319
857.062 7.43207
857.491 7.43223
857.92 7.43239
858.349 7.43255
858.778 7.43271
859.207 7.43288
859.635 7.43304
860.064 7.4332
860.493 7.43336
860.922 7.43352
861.351 7.43368
861.78 7.43385
862.209 7.43401
862.638 7.43417
863.067 7.43433
863.496 7.43449
863.925 7.43465
864.354 7.43481
864.783 7.43497
865.212 7.43513
865.641 7.43529
866.07 7.43545
866.499 7.43561
866.928 7.43577
867.357 7.43593
867.786 7.43609
868.215 7.43625
868.644 7.43641
869.073 7.43657
869.502 7.43673
869.931 7.43689
870.36 7.43705
870.789 7.43721
871.219 7.43737
871.648 7.43753
872.077 7.43769
872.506 7.43785
872.935 7.438
873.365 7.43816
873.794 7.43832
874.223 7.43848
874.652 7.43864
875.081 7.4388
875.511 7.43896
875.94 7.43911
876.369 7.43927
876.799 7.43943
877.228 7.43959
877.657 7.43975
878.086 7.4399
878.516 7.44006
878.945 7.44022
879.374 7.44038
879.804 7.44053
880.233 7.44069
880.663 7.44085
881.092 7.44101
881.521 7.44116
881.951 7.44132
882.38 7.44148
882.81 7.44163
883.239 7.44179
883.669 7.44195
884.098 7.4421
884.527 7.44226
884.957 7.44242
885.386 7.44257
885.816 7.44273
886.245 7.44288
886.675 7.44304
887.104 7.4432
887.534 7.44335
887.964 7.44351
888.393 7.44366
888.823 7.44382
889.252 7.44397
889.682 7.44413
890.112 7.44429
890.541 7.44444
890.971 7.4446
891.4 7.44475
891.83 7.44491
892.26 7.44506
892.689 7.44522
893.119 7.44537
893.549 7.44552
893.979 7.44568
894.408 7.44583
894.838 7.44599
895.268 7.44614
895.697 7.4463
896.127 7.44645
896.557 7.4466
896.987 7.44676
897.417 7.44691
897.846 7.44707
898.276 7.44722
898.706 7.44737
899.136 7.44753
899.566 7.44768
899.995 7.44783
900.425 7.44799
900.855 7.44814
901.285 7.44829
901.715 7.44845
902.145 7.4486
902.575 7.44875
903.005 7.4489
903.435 7.44906
903.865 7.44921
904.294 7.44936
904.724 7.44951
905.154 7.44967
905.584 7.44982
906.014 7.44997
906.444 7.45012
906.874 7.45028
907.304 7.45043
907.734 7.45058
908.164 7.45073
908.594 7.45088
909.025 7.45103
909.455 7.45119
909.885 7.45134
910.315 7.45149
910.745 7.45164
911.175 7.45179
911.605 7.45194
912.035 7.45209
912.465 7.45224
912.896 7.45239
913.326 7.45254
913.756 7.4527
914.186 7.45285
914.616 7.453
915.046 7.45315
915.477 7.4533
915.907 7.45345
916.337 7.4536
916.767 7.45375
917.198 7.4539
917.628 7.45405
918.058 7.4542
918.488 7.45435
918.919 7.4545
919.349 7.45465
919.779 7.4548
920.21 7.45495
920.64 7.45509
921.07 7.45524
921.501 7.45539
921.931 7.45554
922.361 7.45569
922.792 7.45584
923.222 7.45599
923.653 7.45614
924.083 7.45629
924.513 7.45644
924.944 7.45658
925.374 7.45673
925.805 7.45688
926.235 7.45703
926.666 7.45718
927.096 7.45733
927.527 7.45747
927.957 7.45762
928.388 7.45777
928.818 7.45792
929.249 7.45807
929.679 7.45821
930.11 7.45836
930.54 7.45851
930.971 7.45866
931.401 7.4588
931.832 7.45895
932.263 7.4591
932.693 7.45925
933.124 7.45939
933.554 7.45954
933.985 7.45969
934.416 7.45983
934.846 7.45998
935.277 7.46013
935.708 7.46027
936.138 7.46042
936.569 7.46057
937 7.46071
937.431 7.46086
937.861 7.461
938.292 7.46115
938.723 7.4613
939.154 7.46144
939.584 7.46159
940.015 7.46173
940.446 7.46188
940.877 7.46203
941.307 7.46217
941.738 7.46232
942.169 7.46246
942.6 7.46261
943.031 7.46275
943.462 7.4629
943.892 7.46304
944.323 7.46319
944.754 7.46333
945.185 7.46348
945.616 7.46362
946.047 7.46377
946.478 7.46391
946.909 7.46406
947.34 7.4642
947.771 7.46434
948.202 7.46449
948.633 7.46463
949.064 7.46478
949.495 7.46492
949.925 7.46507
950.357 7.46521
950.788 7.46535
951.219 7.4655
951.65 7.46564
952.081 7.46579
952.512 7.46593
952.943 7.46607
953.374 7.46622
953.805 7.46636
954.236 7.4665
954.667 7.46665
955.098 7.46679
955.529 7.46693
955.96 7.46707
956.392 7.46722
956.823 7.46736
957.254 7.4675
957.685 7.46765
958.116 7.46779
958.547 7.46793
958.979 7.46807
959.41 7.46822
959.841 7.46836
960.272 7.4685
960.703 7.46864
961.135 7.46878
961.566 7.46893
961.997 7.46907
962.429 7.46921
962.86 7.46935
963.291 7.46949
963.722 7.46964
964.154 7.46978
964.585 7.46992
965.016 7.47006
965.448 7.4702
965.879 7.47034
966.31 7.47048
966.742 7.47062
967.173 7.47077
967.604 7.47091
968.036 7.47105
968.467 7.47119
968.899 7.47133
969.33 7.47147
969.762 7.47161
970.193 7.47175
970.624 7.47189
971.056 7.47203
971.487 7.47217
971.919 7.47231
972.35 7.47245
972.782 7.47259
973.213 7.47273
973.645 7.47287
974.076 7.47301
974.508 7.47315
974.939 7.47329
975.371 7.47343
975.803 7.47357
976.234 7.47371
976.666 7.47385
977.097 7.47399
977.529 7.47413
977.96 7.47427
978.392 7.47441
978.824 7.47455
979.255 7.47469
979.687 7.47482
980.119 7.47496
980.55 7.4751
980.982 7.47524
981.414 7.47538
981.845 7.47552
982.277 7.47566
982.709 7.4758
983.141 7.47593
983.572 7.47607
984.004 7.47621
984.436 7.47635
984.867 7.47649
985.299 7.47663
985.731 7.47676
986.163 7.4769
986.595 7.47704
987.026 7.47718
987.458 7.47731
987.89 7.47745
988.322 7.47759
988.754 7.47773
989.186 7.47786
989.617 7.478
990.049 7.47814
990.481 7.47828
990.913 7.47841
991.345 7.47855
991.777 7.47869
992.209 7.47882
992.641 7.47896
993.073 7.4791
993.505 7.47923
993.937 7.47937
994.368 7.47951
994.8 7.47964
995.232 7.47978
995.664 7.47992
996.096 7.48005
996.528 7.48019
996.96 7.48033
997.392 7.48046
997.824 7.4806
998.257 7.48073
998.689 7.48087
999.121 7.48101
999.553 7.48114
999.985 7.48128
1000.42 7.48141
1000.85 7.48155
1001.28 7.48168
1001.71 7.48182
1002.15 7.48195
1002.58 7.48209
1003.01 7.48223
1003.44 7.48236
1003.87 7.4825
1004.31 7.48263
1004.74 7.48277
1005.17 7.4829
1005.6 7.48304
1006.03 7.48317
1006.47 7.4833
1006.9 7.48344
1007.33 7.48357
1007.76 7.48371
1008.2 7.48384
1008.63 7.48398
1009.06 7.48411
1009.49 7.48425
1009.92 7.48438
1010.36 7.48451
1010.79 7.48465
1011.22 7.48478
1011.65 7.48492
1012.09 7.48505
1012.52 7.48518
1012.95 7.48532
1013.38 7.48545
1013.82 7.48558
1014.25 7.48572
1014.68 7.48585
1015.11 7.48598
1015.55 7.48612
1015.98 7.48625
1016.41 7.48638
1016.84 7.48652
1017.28 7.48665
1017.71 7.48678
1018.14 7.48692
1018.57 7.48705
1019.01 7.48718
1019.44 7.48731
1019.87 7.48745
1020.3 7.48758
1020.73 7.48771
1021.17 7.48784
1021.6 7.48798
1022.03 7.48811
1022.47 7.48824
1022.9 7.48837
1023.33 7.48851
1023.76 7.48864
1024.2 7.48877
1024.63 7.4889
1025.06 7.48903
1025.49 7.48917
1025.93 7.4893
1026.36 7.48943
1026.79 7.48956
1027.22 7.48969
1027.66 7.48982
1028.09 7.48996
1028.52 7.49009
1028.95 7.49022
1029.39 7.49035
1029.82 7.49048
1030.25 7.49061
1030.69 7.49074
1031.12 7.49087
1031.55 7.491
1031.98 7.49114
1032.42 7.49127
1032.85 7.4914
1033.28 7.49153
1033.71 7.49166
1034.15 7.49179
1034.58 7.49192
1035.01 7.49205
1035.45 7.49218
1035.88 7.49231
1036.31 7.49244
1036.74 7.49257
1037.18 7.4927
1037.61 7.49283
1038.04 7.49296
1038.48 7.49309
1038.91 7.49322
1039.34 7.49335
1039.77 7.49348
1040.21 7.49361
1040.64 7.49374
1041.07 7.49387
1041.51 7.494
1041.94 7.49413
1042.37 7.49426
1042.8 7.49439
1043.24 7.49451
1043.67 7.49464
1044.1 7.49477
1044.54 7.4949
1044.97 7.49503
1045.4 7.49516
1045.84 7.49529
1046.27 7.49542
1046.7 7.49555
1047.13 7.49568
1047.57 7.4958
1048 7.49593
1048.43 7.49606
1048.87 7.49619
1049.3 7.49632
1049.73 7.49645
1050.17 7.49657
1050.6 7.4967
1051.03 7.49683
1051.47 7.49696
1051.9 7.49709
1052.33 7.49721
1052.76 7.49734
1053.2 7.49747
1053.63 7.4976
1054.06 7.49773
1054.5 7.49785
1054.93 7.49798
1055.36 7.49811
1055.8 7.49824
1056.23 7.49836
1056.66 7.49849
1057.1 7.49862
1057.53 7.49874
1057.96 7.49887
1058.4 7.499
1058.83 7.49913
1059.26 7.49925
1059.7 7.49938
1060.13 7.49951
1060.56 7.49963
1061 7.49976
1061.43 7.49989
1061.86 7.50001
1062.3 7.50014
1062.73 7.50027
1063.16 7.50039
1063.6 7.50052
1064.03 7.50065
1064.46 7.50077
1064.9 7.5009
1065.33 7.50102
1065.76 7.50115
1066.2 7.50128
1066.63 7.5014
1067.06 7.50153
1067.5 7.50165
1067.93 7.50178
1068.36 7.5019
1068.8 7.50203
1069.23 7.50216
1069.66 7.50228
1070.1 7.50241
1070.53 7.50253
1070.96 7.50266
1071.4 7.50278
1071.83 7.50291
1072.26 7.50303
1072.7 7.50316
1073.13 7.50328
1073.57 7.50341
1074 7.50353
1074.43 7.50366
1074.87 7.50378
1075.3 7.50391
1075.73 7.50403
1076.17 7.50416
1076.6 7.50428
1077.03 7.50441
1077.47 7.50453
1077.9 7.50466
1078.34 7.50478
1078.77 7.5049
1079.2 7.50503
1079.64 7.50515
1080.07 7.50528
1080.5 7.5054
1080.94 7.50552
1081.37 7.50565
1081.8 7.50577
1082.24 7.5059
1082.67 7.50602
1083.11 7.50614
1083.54 7.50627
1083.97 7.50639
1084.41 7.50651
1084.84 7.50664
1085.27 7.50676
1085.71 7.50689
1086.14 7.50701
1086.58 7.50713
1087.01 7.50726
1087.44 7.50738
1087.88 7.5075
1088.31 7.50762
1088.75 7.50775
1089.18 7.50787
1089.61 7.50799
1090.05 7.50812
1090.48 7.50824
1090.91 7.50836
1091.35 7.50848
1091.78 7.50861
1092.22 7.50873
1092.65 7.50885
1093.08 7.50897
1093.52 7.5091
1093.95 7.50922
1094.39 7.50934
1094.82 7.50946
1095.25 7.50959
1095.69 7.50971
1096.12 7.50983
1096.56 7.50995
1096.99 7.51007
1097.42 7.5102
1097.86 7.51032
1098.29 7.51044
1098.73 7.51056
1099.16 7.51068
1099.59 7.5108
1100.03 7.51093
1100.46 7.51105
1100.9 7.51117
1101.33 7.51129
1101.76 7.51141
1102.2 7.51153
1102.63 7.51165
1103.07 7.51177
1103.5 7.5119
1103.93 7.51202
1104.37 7.51214
1104.8 7.51226
1105.24 7.51238
1105.67 7.5125
1106.11 7.51262
1106.54 7.51274
1106.97 7.51286
1107.41 7.51298
1107.84 7.5131
1108.28 7.51322
1108.71 7.51334
1109.15 7.51346
1109.58 7.51359
1110.01 7.51371
1110.45 7.51383
1110.88 7.51395
1111.32 7.51407
1111.75 7.51419
1112.18 7.51431
1112.62 7.51443
1113.05 7.51455
1113.49 7.51467
1113.92 7.51479
1114.36 7.5149
1114.79 7.51502
1115.22 7.51514
1115.66 7.51526
1116.09 7.51538
1116.53 7.5155
1116.96 7.51562
1117.4 7.51574
1117.83 7.51586
1118.27 7.51598
1118.7 7.5161
1119.13 7.51622
1119.57 7.51634
1120 7.51646
1120.44 7.51658
1120.87 7.5167
1121.31 7.51681
1121.74 7.51693
1122.18 7.51705
1122.61 7.51717
1123.04 7.51729
1123.48 7.51741
1123.91 7.51753
1124.35 7.51764
1124.78 7.51776
1125.22 7.51788
1125.65 7.518
1126.09 7.51812
1126.52 7.51824
1126.96 7.51835
1127.39 7.51847
1127.82 7.51859
1128.26 7.51871
1128.69 7.51883
1129.13 7.51894
1129.56 7.51906
1130 7.51918
1130.43 7.5193
1130.87 7.51942
1131.3 7.51953
1131.74 7.51965
1132.17 7.51977
1132.6 7.51989
1133.04 7.52
1133.47 7.52012
1133.91 7.52024
1134.34 7.52036
1134.78 7.52047
1135.21 7.52059
1135.65 7.52071
1136.08 7.52082
1136.52 7.52094
1136.95 7.52106
1137.39 7.52117
1137.82 7.52129
1138.26 7.52141
1138.69 7.52153
1139.13 7.52164
1139.56 7.52176
1140 7.52188
1140.43 7.52199
1140.86 7.52211
1141.3 7.52222
1141.73 7.52234
1142.17 7.52246
1142.6 7.52257
1143.04 7.52269
1143.47 7.52281
1143.91 7.52292
1144.34 7.52304
1144.78 7.52315
1145.21 7.52327
1145.65 7.52339
1146.08 7.5235
1146.52 7.52362
1146.95 7.52373
1147.39 7.52385
1147.82 7.52397
1148.26 7.52408
1148.69 7.5242
1149.13 7.52431
1149.56 7.52443
1150 7.52454
1150.43 7.52466
1150.87 7.52477
1151.3 7.52489
1151.74 7.525
1152.17 7.52512
1152.61 7.52524
1153.04 7.52535
1153.48 7.52547
1153.91 7.52558
1154.35 7.52569
1154.78 7.52581
1155.22 7.52592
1155.65 7.52604
1156.09 7.52615
1156.52 7.52627
1156.96 7.52638
1157.39 7.5265
1157.83 7.52661
1158.26 7.52673
1158.7 7.52684
1159.13 7.52696
1159.57 7.52707
1160 7.52718
1160.44 7.5273
1160.87 7.52741
1161.31 7.52753
1161.74 7.52764
1162.18 7.52776
1162.61 7.52787
1163.05 7.52798
1163.48 7.5281
1163.92 7.52821
1164.36 7.52833
1164.79 7.52844
1165.23 7.52855
1165.66 7.52867
1166.1 7.52878
1166.53 7.52889
1166.97 7.52901
1167.4 7.52912
1167.84 7.52923
1168.27 7.52935
1168.71 7.52946
1169.14 7.52957
1169.58 7.52969
1170.01 7.5298
1170.45 7.52991
1170.88 7.53003
1171.32 7.53014
1171.76 7.53025
1172.19 7.53036
1172.63 7.53048
1173.06 7.53059
1173.5 7.5307
1173.93 7.53082
1174.37 7.53093
1174.8 7.53104
1175.24 7.53115
1175.67 7.53127
1176.11 7.53138
1176.54 7.53149
1176.98 7.5316
1177.42 7.53172
1177.85 7.53183
1178.29 7.53194
1178.72 7.53205
1179.16 7.53217
1179.59 7.53228
1180.03 7.53239
1180.46 7.5325
1180.9 7.53261
1181.33 7.53273
1181.77 7.53284
1182.21 7.53295
1182.64 7.53306
1183.08 7.53317
1183.51 7.53328
1183.95 7.5334
1184.38 7.53351
1184.82 7.53362
1185.25 7.53373
1185.69 7.53384
1186.13 7.53395
1186.56 7.53406
1187 7.53418
1187.43 7.53429
1187.87 7.5344
1188.3 7.53451
1188.74 7.53462
1189.18 7.53473
1189.61 7.53484
1190.05 7.53495
1190.48 7.53506
1190.92 7.53518
1191.35 7.53529
1191.79 7.5354
1192.22 7.53551
1192.66 7.53562
1193.1 7.53573
1193.53 7.53584
1193.97 7.53595
1194.4 7.53606
1194.84 7.53617
1195.27 7.53628
1195.71 7.53639
1196.15 7.5365
1196.58 7.53661
1197.02 7.53672
1197.45 7.53683
1197.89 7.53694
1198.33 7.53705
1198.76 7.53716
1199.2 7.53727
1199.63 7.53738
1200.07 7.53749
1200.5 7.5376
1200.94 7.53771
1201.38 7.53782
1201.81 7.53793
1202.25 7.53804
1202.68 7.53815
1203.12 7.53826
1203.56 7.53837
1203.99 7.53848
1204.43 7.53859
1204.86 7.5387
1205.3 7.53881
1205.73 7.53892
1206.17 7.53903
1206.61 7.53913
1207.04 7.53924
1207.48 7.53935
1207.91 7.53946
1208.35 7.53957
1208.79 7.53968
1209.22 7.53979
1209.66 7.5399
1210.09 7.54001
1210.53 7.54012
1210.97 7.54022
1211.4 7.54033
1211.84 7.54044
1212.27 7.54055
1212.71 7.54066
1213.15 7.54077
1213.58 7.54088
1214.02 7.54098
1214.45 7.54109
1214.89 7.5412
1215.33 7.54131
1215.76 7.54142
1216.2 7.54153
1216.64 7.54163
1217.07 7.54174
1217.51 7.54185
1217.94 7.54196
1218.38 7.54207
1218.82 7.54217
1219.25 7.54228
1219.69 7.54239
1220.12 7.5425
1220.56 7.54261
1221 7.54271
1221.43 7.54282
1221.87 7.54293
1222.31 7.54304
1222.74 7.54314
1223.18 7.54325
1223.61 7.54336
1224.05 7.54347
1224.49 7.54357
1224.92 7.54368
1225.36 7.54379
1225.8 7.5439
1226.23 7.544
1226.67 7.54411
1227.1 7.54422
1227.54 7.54432
1227.98 7.54443
1228.41 7.54454
1228.85 7.54464
1229.29 7.54475
1229.72 7.54486
1230.16 7.54497
1230.59 7.54507
1231.03 7.54518
1231.47 7.54529
1231.9 7.54539
1232.34 7.5455
1232.78 7.54561
1233.21 7.54571
1233.65 7.54582
1234.09 7.54592
1234.52 7.54603
1234.96 7.54614
1235.39 7.54624
1235.83 7.54635
1236.27 7.54646
1236.7 7.54656
1237.14 7.54667
1237.58 7.54677
1238.01 7.54688
1238.45 7.54699
1238.89 7.54709
1239.32 7.5472
1239.76 7.5473
1240.2 7.54741
1240.63 7.54751
1241.07 7.54762
1241.5 7.54773
1241.94 7.54783
1242.38 7.54794
1242.81 7.54804
1243.25 7.54815
1243.69 7.54825
1244.12 7.54836
1244.56 7.54846
1245 7.54857
1245.43 7.54868
1245.87 7.54878
1246.31 7.54889
1246.74 7.54899
1247.18 7.5491
1247.62 7.5492
1248.05 7.54931
1248.49 7.54941
1248.93 7.54952
1249.36 7.54962
1249.8 7.54973
1250.24 7.54983
1250.67 7.54994
1251.11 7.55004
1251.55 7.55015
1251.98 7.55025
1252.42 7.55035
1252.86 7.55046
1253.29 7.55056
1253.73 7.55067
1254.17 7.55077
1254.6 7.55088
1255.04 7.55098
1255.48 7.55109
1255.91 7.55119
1256.35 7.55129
1256.79 7.5514
1257.22 7.5515
1257.66 7.55161
1258.1 7.55171
1258.53 7.55181
1258.97 7.55192
1259.41 7.55202
1259.84 7.55213
1260.28 7.55223
1260.72 7.55233
1261.15 7.55244
1261.59 7.55254
1262.03 7.55265
1262.47 7.55275
1262.9 7.55285
1263.34 7.55296
1263.78 7.55306
1264.21 7.55316
1264.65 7.55327
1265.09 7.55337
1265.52 7.55347
1265.96 7.55358
1266.4 7.55368
1266.83 7.55378
1267.27 7.55389
1267.71 7.55399
1268.15 7.55409
1268.58 7.55419
1269.02 7.5543
1269.46 7.5544
1269.89 7.5545
1270.33 7.55461
1270.77 7.55471
1271.2 7.55481
1271.64 7.55492
1272.08 7.55502
1272.51 7.55512
1272.95 7.55522
1273.39 7.55533
1273.83 7.55543
1274.26 7.55553
1274.7 7.55563
1275.14 7.55574
1275.57 7.55584
1276.01 7.55594
1276.45 7.55604
1276.89 7.55615
1277.32 7.55625
1277.76 7.55635
1278.2 7.55645
1278.63 7.55655
1279.07 7.55666
1279.51 7.55676
1279.94 7.55686
1280.38 7.55696
1280.82 7.55706
1281.26 7.55717
1281.69 7.55727
1282.13 7.55737
1282.57 7.55747
1283 7.55757
1283.44 7.55768
1283.88 7.55778
1284.32 7.55788
1284.75 7.55798
1285.19 7.55808
1285.63 7.55818
1286.07 7.55828
1286.5 7.55839
1286.94 7.55849
1287.38 7.55859
1287.81 7.55869
1288.25 7.55879
1288.69 7.55889
1289.13 7.55899
1289.56 7.55909
1290 7.5592
1290.44 7.5593
1290.88 7.5594
1291.31 7.5595
1291.75 7.5596
1292.19 7.5597
1292.62 7.5598
1293.06 7.5599
1293.5 7.56
1293.94 7.5601
1294.37 7.5602
1294.81 7.5603
1295.25 7.56041
1295.69 7.56051
1296.12 7.56061
1296.56 7.56071
1297 7.56081
1297.44 7.56091
1297.87 7.56101
1298.31 7.56111
1298.75 7.56121
1299.18 7.56131
1299.62 7.56141
1300.06 7.56151
1300.5 7.56161
1300.93 7.56171
1301.37 7.56181
1301.81 7.56191
1302.25 7.56201
1302.68 7.56211
1303.12 7.56221
1303.56 7.56231
1304 7.56241
1304.43 7.56251
1304.87 7.56261
1305.31 7.56271
1305.75 7.56281
1306.18 7.56291
1306.62 7.56301
1307.06 7.56311
1307.5 7.56321
1307.93 7.56331
1308.37 7.56341
1308.81 7.56351
1309.25 7.5636
1309.68 7.5637
1310.12 7.5638
1310.56 7.5639
1311 7.564
1311.44 7.5641
1311.87 7.5642
1312.31 7.5643
1312.75 7.5644
1313.19 7.5645
1313.62 7.5646
1314.06 7.5647
1314.5 7.56479
1314.94 7.56489
1315.37 7.56499
1315.81 7.56509
1316.25 7.56519
1316.69 7.56529
1317.12 7.56539
1317.56 7.56549
1318 7.56558
1318.44 7.56568
1318.88 7.56578
1319.31 7.56588
1319.75 7.56598
1320.19 7.56608
1320.63 7.56617
1321.06 7.56627
1321.5 7.56637
1321.94 7.56647
1322.38 7.56657
1322.81 7.56667
1323.25 7.56676
1323.69 7.56686
1324.13 7.56696
1324.57 7.56706
1325 7.56716
1325.44 7.56726
1325.88 7.56735
1326.32 7.56745
1326.76 7.56755
1327.19 7.56765
1327.63 7.56774
1328.07 7.56784
1328.51 7.56794
1328.94 7.56804
1329.38 7.56813
1329.82 7.56823
1330.26 7.56833
1330.7 7.56843
1331.13 7.56853
1331.57 7.56862
1332.01 7.56872
1332.45 7.56882
1332.89 7.56891
1333.32 7.56901
1333.76 7.56911
1334.2 7.56921
1334.64 7.5693
1335.08 7.5694
1335.51 7.5695
1335.95 7.5696
1336.39 7.56969
1336.83 7.56979
1337.27 7.56989
1337.7 7.56998
1338.14 7.57008
1338.58 7.57018
1339.02 7.57027
1339.46 7.57037
1339.89 7.57047
1340.33 7.57056
1340.77 7.57066
1341.21 7.57076
1341.65 7.57085
1342.08 7.57095
1342.52 7.57105
1342.96 7.57114
1343.4 7.57124
1343.84 7.57134
1344.27 7.57143
1344.71 7.57153
1345.15 7.57163
1345.59 7.57172
1346.03 7.57182
1346.46 7.57191
1346.9 7.57201
1347.34 7.57211
1347.78 7.5722
1348.22 7.5723
1348.65 7.57239
1349.09 7.57249
1349.53 7.57259
1349.97 7.57268
1350.41 7.57278
1350.85 7.57287
1351.28 7.57297
1351.72 7.57307
1352.16 7.57316
1352.6 7.57326
1353.04 7.57335
1353.48 7.57345
1353.91 7.57354
1354.35 7.57364
1354.79 7.57374
1355.23 7.57383
1355.67 7.57393
1356.1 7.57402
1356.54 7.57412
1356.98 7.57421
1357.42 7.57431
1357.86 7.5744
1358.3 7.5745
1358.73 7.57459
1359.17 7.57469
1359.61 7.57478
1360.05 7.57488
1360.49 7.57497
1360.93 7.57507
1361.36 7.57516
1361.8 7.57526
1362.24 7.57535
1362.68 7.57545
1363.12 7.57554
1363.56 7.57564
1363.99 7.57573
1364.43 7.57583
1364.87 7.57592
1365.31 7.57602
1365.75 7.57611
1366.19 7.57621
1366.62 7.5763
1367.06 7.5764
1367.5 7.57649
1367.94 7.57658
1368.38 7.57668
1368.82 7.57677
1369.26 7.57687
1369.69 7.57696
1370.13 7.57706
1370.57 7.57715
1371.01 7.57725
1371.45 7.57734
1371.89 7.57743
1372.32 7.57753
1372.76 7.57762
1373.2 7.57772
1373.64 7.57781
1374.08 7.5779
1374.52 7.578
1374.96 7.57809
1375.39 7.57819
1375.83 7.57828
1376.27 7.57837
1376.71 7.57847
1377.15 7.57856
1377.59 7.57865
1378.03 7.57875
1378.46 7.57884
1378.9 7.57894
1379.34 7.57903
1379.78 7.57912
1380.22 7.57922
1380.66 7.57931
1381.1 7.5794
1381.53 7.5795
1381.97 7.57959
1382.41 7.57968
1382.85 7.57978
1383.29 7.57987
1383.73 7.57996
1384.17 7.58006
1384.61 7.58015
1385.04 7.58024
1385.48 7.58034
1385.92 7.58043
1386.36 7.58052
1386.8 7.58061
1387.24 7.58071
1387.68 7.5808
1388.11 7.58089
1388.55 7.58099
1388.99 7.58108
1389.43 7.58117
1389.87 7.58126
1390.31 7.58136
1390.75 7.58145
1391.19 7.58154
1391.62 7.58163
1392.06 7.58173
1392.5 7.58182
1392.94 7.58191
1393.38 7.58201
1393.82 7.5821
1394.26 7.58219
1394.7 7.58228
1395.14 7.58238
1395.57 7.58247
1396.01 7.58256
1396.45 7.58265
1396.89 7.58274
1397.33 7.58284
1397.77 7.58293
1398.21 7.58302
1398.65 7.58311
1399.08 7.5832
1399.52 7.5833
1399.96 7.58339
1400.4 7.58348
1400.84 7.58357
1401.28 7.58366
1401.72 7.58376
1402.16 7.58385
1402.6 7.58394
1403.04 7.58403
1403.47 7.58412
1403.91 7.58421
1404.35 7.58431
1404.79 7.5844
1405.23 7.58449
1405.67 7.58458
1406.11 7.58467
1406.55 7.58476
1406.99 7.58486
1407.42 7.58495
1407.86 7.58504
1408.3 7.58513
1408.74 7.58522
1409.18 7.58531
1409.62 7.5854
1410.06 7.58549
1410.5 7.58559
1410.94 7.58568
1411.38 7.58577
1411.81 7.58586
1412.25 7.58595
1412.69 7.58604
1413.13 7.58613
1413.57 7.58622
1414.01 7.58631
1414.45 7.58641
1414.89 7.5865
1415.33 7.58659
1415.77 7.58668
1416.21 7.58677
1416.64 7.58686
1417.08 7.58695
1417.52 7.58704
1417.96 7.58713
1418.4 7.58722
1418.84 7.58731
1419.28 7.5874
1419.72 7.58749
1420.16 7.58758
1420.6 7.58767
1421.04 7.58776
1421.48 7.58786
1421.91 7.58795
1422.35 7.58804
1422.79 7.58813
1423.23 7.58822
1423.67 7.58831
1424.11 7.5884
1424.55 7.58849
1424.99 7.58858
1425.43 7.58867
1425.87 7.58876
1426.31 7.58885
1426.75 7.58894
1427.19 7.58903
1427.62 7.58912
1428.06 7.58921
1428.5 7.5893
1428.94 7.58939
1429.38 7.58948
1429.82 7.58957
1430.26 7.58966
1430.7 7.58975
1431.14 7.58983
1431.58 7.58992
1432.02 7.59001
1432.46 7.5901
1432.9 7.59019
1433.34 7.59028
1433.78 7.59037
1434.21 7.59046
1434.65 7.59055
1435.09 7.59064
1435.53 7.59073
1435.97 7.59082
1436.41 7.59091
1436.85 7.591
1437.29 7.59109
1437.73 7.59118
1438.17 7.59127
1438.61 7.59135
1439.05 7.59144
1439.49 7.59153
1439.93 7.59162
1440.37 7.59171
1440.81 7.5918
1441.25 7.59189
1441.68 7.59198
1442.12 7.59207
1442.56 7.59216
1443 7.59224
1443.44 7.59233
1443.88 7.59242
1444.32 7.59251
1444.76 7.5926
1445.2 7.59269
1445.64 7.59278
1446.08 7.59286
1446.52 7.59295
1446.96 7.59304
1447.4 7.59313
1447.84 7.59322
1448.28 7.59331
1448.72 7.5934
1449.16 7.59348
1449.6 7.59357
1450.04 7.59366
1450.48 7.59375
1450.91 7.59384
1451.35 7.59393
1451.79 7.59401
1452.23 7.5941
1452.67 7.59419
1453.11 7.59428
1453.55 7.59437
1453.99 7.59445
1454.43 7.59454
1454.87 7.59463
1455.31 7.59472
1455.75 7.59481
1456.19 7.59489
1456.63 7.59498
1457.07 7.59507
1457.51 7.59516
1457.95 7.59525
1458.39 7.59533
1458.83 7.59542
1459.27 7.59551
1459.71 7.5956
1460.15 7.59568
1460.59 7.59577
1461.03 7.59586
1461.47 7.59595
1461.91 7.59603
1462.35 7.59612
1462.79 7.59621
1463.23 7.5963
1463.66 7.59638
1464.1 7.59647
1464.54 7.59656
1464.98 7.59665
1465.42 7.59673
1465.86 7.59682
1466.3 7.59691
1466.74 7.59699
1467.18 7.59708
1467.62 7.59717
1468.06 7.59726
1468.5 7.59734
1468.94 7.59743
1469.38 7.59752
1469.82 7.5976
1470.26 7.59769
1470.7 7.59778
1471.14 7.59786
1471.58 7.59795
1472.02 7.59804
1472.46 7.59812
1472.9 7.59821
1473.34 7.5983
1473.78 7.59838
1474.22 7.59847
1474.66 7.59856
1475.1 7.59865
1475.54 7.59873
1475.98 7.59882
1476.42 7.5989
1476.86 7.59899
1477.3 7.59908
1477.74 7.59916
1478.18 7.59925
1478.62 7.59934
1479.06 7.59942
1479.5 7.59951
1479.94 7.5996
1480.38 7.59968
1480.82 7.59977
1481.26 7.59985
1481.7 7.59994
1482.14 7.60003
1482.58 7.60011
1483.02 7.6002
1483.46 7.60028
1483.9 7.60037
1484.34 7.60046
1484.78 7.60054
1485.22 7.60063
1485.66 7.60071
1486.1 7.6008
1486.54 7.60089
1486.98 7.60097
1487.42 7.60106
1487.86 7.60114
1488.3 7.60123
1488.74 7.60131
1489.18 7.6014
1489.62 7.60149
1490.06 7.60157
1490.5 7.60166
1490.94 7.60174
1491.38 7.60183
1491.82 7.60191
1492.26 7.602
1492.7 7.60208
1493.14 7.60217
1493.58 7.60225
1494.02 7.60234
1494.46 7.60243
1494.9 7.60251
1495.34 7.6026
1495.78 7.60268
1496.22 7.60277
1496.66 7.60285
1497.1 7.60294
1497.54 7.60302
1497.98 7.60311
1498.42 7.60319
1498.86 7.60328
1499.3 7.60336
1499.74 7.60345
1500.18 7.60353
1500.62 7.60362
1501.06 7.6037
1501.51 7.60379
1501.95 7.60387
1502.39 7.60396
1502.83 7.60404
1503.27 7.60413
1503.71 7.60421
1504.15 7.6043
1504.59 7.60438
1505.03 7.60446
1505.47 7.60455
1505.91 7.60463
1506.35 7.60472
1506.79 7.6048
1507.23 7.60489
1507.67 7.60497
1508.11 7.60505
1508.55 7.60514
1508.99 7.60522
1509.43 7.60531
1509.87 7.60539
1510.31 7.60548
1510.75 7.60556
1511.19 7.60565
1511.63 7.60573
1512.07 7.60581
1512.51 7.6059
1512.95 7.60598
1513.39 7.60607
1513.83 7.60615
1514.28 7.60623
1514.72 7.60632
1515.16 7.6064
1515.6 7.60649
1516.04 7.60657
1516.48 7.60665
1516.92 7.60674
1517.36 7.60682
1517.8 7.6069
1518.24 7.60699
1518.68 7.60707
1519.12 7.60716
1519.56 7.60724
1520 7.60732
1520.44 7.60741
1520.88 7.60749
1521.32 7.60757
1521.76 7.60766
1522.2 7.60774
1522.64 7.60782
1523.08 7.60791
1523.53 7.60799
1523.97 7.60807
1524.41 7.60816
1524.85 7.60824
1525.29 7.60833
1525.73 7.60841
1526.17 7.60849
1526.61 7.60858
1527.05 7.60866
1527.49 7.60874
1527.93 7.60882
1528.37 7.60891
1528.81 7.60899
1529.25 7.60907
1529.69 7.60916
1530.13 7.60924
1530.57 7.60932
1531.01 7.60941
1531.46 7.60949
1531.9 7.60957
1532.34 7.60965
1532.78 7.60974
1533.22 7.60982
1533.66 7.6099
1534.1 7.60999
1534.54 7.61007
1534.98 7.61015
1535.42 7.61023
1535.86 7.61032
1536.3 7.6104
1536.74 7.61048
1537.18 7.61056
1537.62 7.61065
1538.07 7.61073
1538.51 7.61081
1538.95 7.61089
1539.39 7.61098
1539.83 7.61106
1540.27 7.61114
1540.71 7.61122
1541.15 7.61131
1541.59 7.61139
1542.03 7.61147
1542.47 7.61155
1542.91 7.61164
1543.35 7.61172
1543.8 7.6118
1544.24 7.61188
1544.68 7.61196
1545.12 7.61205
1545.56 7.61213
1546 7.61221
1546.44 7.61229
1546.88 7.61237
1547.32 7.61246
1547.76 7.61254
1548.2 7.61262
1548.64 7.6127
1549.08 7.61278
1549.53 7.61287
1549.97 7.61295
1550.41 7.61303
1550.85 7.61311
1551.29 7.61319
1551.73 7.61327
1552.17 7.61336
1552.61 7.61344
1553.05 7.61352
1553.49 7.6136
1553.93 7.61368
1554.38 7.61376
1554.82 7.61384
1555.26 7.61393
1555.7 7.61401
1556.14 7.61409
1556.58 7.61417
1557.02 7.61425
1557.46 7.61433
1557.9 7.61442
1558.34 7.6145
1558.78 7.61458
1559.23 7.61466
1559.67 7.61474
1560.11 7.61482
1560.55 7.6149
1560.99 7.61498
1561.43 7.61506
1561.87 7.61514
1562.31 7.61523
1562.75 7.61531
1563.2 7.61539
1563.64 7.61547
1564.08 7.61555
1564.52 7.61563
1564.96 7.61571
1565.4 7.61579
1565.84 7.61587
1566.28 7.61595
1566.72 7.61604
1567.16 7.61612
1567.61 7.6162
1568.05 7.61628
1568.49 7.61636
1568.93 7.61644
1569.37 7.61652
1569.81 7.6166
1570.25 7.61668
1570.69 7.61676
1571.13 7.61684
1571.58 7.61692
1572.02 7.617
1572.46 7.61708
1572.9 7.61716
1573.34 7.61724
1573.78 7.61732
1574.22 7.6174
1574.66 7.61749
1575.1 7.61757
1575.55 7.61765
1575.99 7.61773
1576.43 7.61781
1576.87 7.61789
1577.31 7.61797
1577.75 7.61805
1578.19 7.61813
1578.63 7.61821
1579.08 7.61829
1579.52 7.61837
1579.96 7.61845
1580.4 7.61853
1580.84 7.61861
1581.28 7.61869
1581.72 7.61877
1582.16 7.61885
1582.61 7.61893
1583.05 7.61901
1583.49 7.61909
1583.93 7.61916
1584.37 7.61924
1584.81 7.61932
1585.25 7.6194
1585.69 7.61948
1586.14 7.61956
1586.58 7.61964
1587.02 7.61972
1587.46 7.6198
1587.9 7.61988
1588.34 7.61996
1588.78 7.62004
1589.22 7.62012
1589.67 7.6202
1590.11 7.62028
1590.55 7.62036
1590.99 7.62044
1591.43 7.62052
1591.87 7.6206
1592.31 7.62068
1592.76 7.62075
1593.2 7.62083
1593.64 7.62091
1594.08 7.62099
1594.52 7.62107
1594.96 7.62115
1595.4 7.62123
1595.85 7.62131
1596.29 7.62139
1596.73 7.62147
1597.17 7.62155
1597.61 7.62163
1598.05 7.6217
1598.49 7.62178
1598.94 7.62186
1599.38 7.62194
1599.82 7.62202
1600.26 7.6221
1600.7 7.62218
1601.14 7.62226
1601.58 7.62233
1602.03 7.62241
1602.47 7.62249
1602.91 7.62257
1603.35 7.62265
1603.79 7.62273
1604.23 7.62281
1604.68 7.62289
1605.12 7.62296
1605.56 7.62304
1606 7.62312
1606.44 7.6232
1606.88 7.62328
1607.32 7.62336
1607.77 7.62344
1608.21 7.62351
1608.65 7.62359
1609.09 7.62367
1609.53 7.62375
1609.97 7.62383
1610.41 7.6239
1610.86 7.62398
1611.3 7.62406
1611.74 7.62414
1612.18 7.62422
1612.62 7.6243
1613.06 7.62437
1613.51 7.62445
1613.95 7.62453
1614.39 7.62461
1614.83 7.62469
1615.27 7.62476
1615.71 7.62484
1616.16 7.62492
1616.6 7.625
1617.04 7.62508
1617.48 7.62515
1617.92 7.62523
1618.36 7.62531
1618.81 7.62539
1619.25 7.62546
1619.69 7.62554
1620.13 7.62562
1620.57 7.6257
1621.01 7.62577
1621.46 7.62585
1621.9 7.62593
1622.34 7.62601
1622.78 7.62609
1623.22 7.62616
1623.67 7.62624
1624.11 7.62632
1624.55 7.6264
1624.99 7.62647
1625.43 7.62655
1625.87 7.62663
1626.32 7.62671
1626.76 7.62678
1627.2 7.62686
1627.64 7.62694
1628.08 7.62701
1628.52 7.62709
1628.97 7.62717
1629.41 7.62725
1629.85 7.62732
1630.29 7.6274
1630.73 7.62748
1631.18 7.62755
1631.62 7.62763
1632.06 7.62771
1632.5 7.62779
1632.94 7.62786
1633.38 7.62794
1633.83 7.62802
1634.27 7.62809
1634.71 7.62817
1635.15 7.62825
1635.59 7.62832
1636.04 7.6284
1636.48 7.62848
1636.92 7.62855
1637.36 7.62863
1637.8 7.62871
1638.25 7.62878
1638.69 7.62886
1639.13 7.62894
1639.57 7.62901
1640.01 7.62909
1640.46 7.62917
1640.9 7.62925
1641.34 7.62932
1641.78 7.6294
1642.22 7.62947
1642.66 7.62955
1643.11 7.62963
1643.55 7.6297
1643.99 7.62978
1644.43 7.62986
1644.88 7.62993
1645.32 7.63001
1645.76 7.63008
1646.2 7.63016
1646.64 7.63024
1647.09 7.63031
1647.53 7.63039
1647.97 7.63047
1648.41 7.63054
1648.85 7.63062
1649.3 7.6307
1649.74 7.63077
1650.18 7.63085
1650.62 7.63092
1651.06 7.631
1651.51 7.63108
1651.95 7.63115
1652.39 7.63123
1652.83 7.6313
1653.27 7.63138
1653.72 7.63145
1654.16 7.63153
1654.6 7.63161
1655.04 7.63168
1655.48 7.63176
1655.93 7.63183
1656.37 7.63191
1656.81 7.63199
1657.25 7.63206
1657.69 7.63214
1658.14 7.63221
1658.58 7.63229
1659.02 7.63236
1659.46 7.63244
1659.91 7.63252
1660.35 7.63259
1660.79 7.63267
1661.23 7.63274
1661.67 7.63282
1662.12 7.63289
1662.56 7.63297
1663 7.63304
1663.44 7.63312
1663.89 7.63319
1664.33 7.63327
1664.77 7.63334
1665.21 7.63342
1665.65 7.6335
1666.1 7.63357
1666.54 7.63365
1666.98 7.63372
1667.42 7.6338
1667.87 7.63387
1668.31 7.63395
1668.75 7.63402
1669.19 7.6341
1669.63 7.63417
1670.08 7.63425
1670.52 7.63432
1670.96 7.6344
1671.4 7.63447
1671.85 7.63455
1672.29 7.63462
1672.73 7.6347
1673.17 7.63477
1673.61 7.63485
1674.06 7.63492
1674.5 7.635
1674.94 7.63507
1675.38 7.63515
1675.83 7.63522
1676.27 7.6353
1676.71 7.63537
1677.15 7.63545
1677.6 7.63552
1678.04 7.63559
1678.48 7.63567
1678.92 7.63574
1679.37 7.63582
1679.81 7.63589
1680.25 7.63597
1680.69 7.63604
1681.14 7.63612
1681.58 7.63619
1682.02 7.63626
1682.46 7.63634
1682.9 7.63641
1683.35 7.63649
1683.79 7.63656
1684.23 7.63664
1684.67 7.63671
1685.12 7.63679
1685.56 7.63686
1686 7.63693
1686.44 7.63701
1686.89 7.63708
1687.33 7.63716
1687.77 7.63723
1688.21 7.6373
1688.66 7.63738
1689.1 7.63745
1689.54 7.63753
1689.98 7.6376
1690.43 7.63767
1690.87 7.63775
1691.31 7.63782
1691.75 7.6379
1692.2 7.63797
1692.64 7.63804
1693.08 7.63812
1693.52 7.63819
1693.97 7.63827
1694.41 7.63834
1694.85 7.63841
1695.29 7.63849
1695.74 7.63856
1696.18 7.63864
1696.62 7.63871
1697.06 7.63878
1697.51 7.63886
1697.95 7.63893
1698.39 7.639
1698.84 7.63908
1699.28 7.63915
1699.72 7.63922
1700.16 7.6393
1700.61 7.63937
1701.05 7.63944
1701.49 7.63952
1701.93 7.63959
1702.38 7.63966
1702.82 7.63974
1703.26 7.63981
1703.7 7.63988
1704.15 7.63996
1704.59 7.64003
1705.03 7.6401
1705.47 7.64018
1705.92 7.64025
1706.36 7.64032
1706.8 7.6404
1707.25 7.64047
1707.69 7.64054
1708.13 7.64062
1708.57 7.64069
1709.02 7.64076
1709.46 7.64084
1709.9 7.64091
1710.34 7.64098
1710.79 7.64105
1711.23 7.64113
1711.67 7.6412
1712.12 7.64127
1712.56 7.64135
1713 7.64142
1713.44 7.64149
1713.89 7.64156
1714.33 7.64164
1714.77 7.64171
1715.22 7.64178
1715.66 7.64186
1716.1 7.64193
1716.54 7.642
1716.99 7.64207
1717.43 7.64215
1717.87 7.64222
1718.31 7.64229
1718.76 7.64236
1719.2 7.64244
1719.64 7.64251
1720.09 7.64258
1720.53 7.64265
1720.97 7.64273
1721.41 7.6428
1721.86 7.64287
1722.3 7.64294
1722.74 7.64302
1723.19 7.64309
1723.63 7.64316
1724.07 7.64323
1724.51 7.64331
1724.96 7.64338
1725.4 7.64345
1725.84 7.64352
1726.29 7.6436
1726.73 7.64367
1727.17 7.64374
1727.61 7.64381
1728.06 7.64388
1728.5 7.64396
1728.94 7.64403
1729.39 7.6441
1729.83 7.64417
1730.27 7.64424
1730.72 7.64432
1731.16 7.64439
1731.6 7.64446
1732.04 7.64453
1732.49 7.6446
1732.93 7.64468
1733.37 7.64475
1733.82 7.64482
1734.26 7.64489
1734.7 7.64496
1735.15 7.64504
1735.59 7.64511
1736.03 7.64518
1736.47 7.64525
1736.92 7.64532
1737.36 7.64539
1737.8 7.64547
1738.25 7.64554
1738.69 7.64561
1739.13 7.64568
1739.58 7.64575
1740.02 7.64582
1740.46 7.6459
1740.9 7.64597
1741.35 7.64604
1741.79 7.64611
1742.23 7.64618
1742.68 7.64625
1743.12 7.64632
1743.56 7.6464
1744.01 7.64647
1744.45 7.64654
1744.89 7.64661
1745.34 7.64668
1745.78 7.64675
1746.22 7.64682
1746.66 7.6469
1747.11 7.64697
1747.55 7.64704
1747.99 7.64711
1748.44 7.64718
1748.88 7.64725
1749.32 7.64732
1749.77 7.64739
1750.21 7.64746
1750.65 7.64753
1751.1 7.64761
1751.54 7.64768
1751.98 7.64775
1752.43 7.64782
1752.87 7.64789
1753.31 7.64796
1753.76 7.64803
1754.2 7.6481
1754.64 7.64817
1755.09 7.64825
1755.53 7.64832
1755.97 7.64839
1756.41 7.64846
1756.86 7.64853
1757.3 7.6486
1757.74 7.64867
1758.19 7.64874
1758.63 7.64881
1759.07 7.64888
1759.52 7.64895
1759.96 7.64902
1760.4 7.64909
1760.85 7.64916
1761.29 7.64923
1761.73 7.6493
1762.18 7.64938
1762.62 7.64945
1763.06 7.64952
1763.51 7.64959
1763.95 7.64966
1764.39 7.64973
1764.84 7.6498
1765.28 7.64987
1765.72 7.64994
1766.17 7.65001
1766.61 7.65008
1767.05 7.65015
1767.5 7.65022
1767.94 7.65029
1768.38 7.65036
1768.83 7.65043
1769.27 7.6505
1769.71 7.65057
1770.16 7.65064
1770.6 7.65071
1771.04 7.65078
1771.49 7.65085
1771.93 7.65092
1772.37 7.65099
1772.82 7.65106
1773.26 7.65113
1773.7 7.6512
1774.15 7.65127
1774.59 7.65134
1775.03 7.65141
1775.48 7.65148
1775.92 7.65155
1776.36 7.65162
1776.81 7.65169
1777.25 7.65176
1777.7 7.65183
1778.14 7.6519
1778.58 7.65197
1779.03 7.65204
1779.47 7.65211
1779.91 7.65218
1780.36 7.65225
1780.8 7.65232
1781.24 7.65239
1781.69 7.65246
1782.13 7.65253
1782.57 7.6526
1783.02 7.65267
1783.46 7.65274
1783.9 7.65281
1784.35 7.65288
1784.79 7.65295
1785.23 7.65302
1785.68 7.65309
1786.12 7.65315
1786.56 7.65322
1787.01 7.65329
1787.45 7.65336
1787.9 7.65343
1788.34 7.6535
1788.78 7.65357
1789.23 7.65364
1789.67 7.65371
1790.11 7.65378
1790.56 7.65385
1791 7.65392
1791.44 7.65399
1791.89 7.65406
1792.33 7.65412
1792.78 7.65419
1793.22 7.65426
1793.66 7.65433
1794.11 7.6544
1794.55 7.65447
1794.99 7.65454
1795.44 7.65461
1795.88 7.65468
1796.32 7.65475
1796.77 7.65482
1797.21 7.65488
1797.65 7.65495
1798.1 7.65502
1798.54 7.65509
1798.99 7.65516
1799.43 7.65523
1799.87 7.6553
1800.32 7.65537
1800.76 7.65544
1801.2 7.6555
1801.65 7.65557
1802.09 7.65564
1802.54 7.65571
1802.98 7.65578
1803.42 7.65585
1803.87 7.65592
1804.31 7.65598
1804.75 7.65605
1805.2 7.65612
1805.64 7.65619
1806.09 7.65626
1806.53 7.65633
1806.97 7.6564
1807.42 7.65647
1807.86 7.65653
1808.3 7.6566
1808.75 7.65667
1809.19 7.65674
1809.64 7.65681
1810.08 7.65688
1810.52 7.65694
1810.97 7.65701
1811.41 7.65708
1811.85 7.65715
1812.3 7.65722
1812.74 7.65729
1813.19 7.65735
1813.63 7.65742
1814.07 7.65749
1814.52 7.65756
1814.96 7.65763
1815.41 7.65769
1815.85 7.65776
1816.29 7.65783
1816.74 7.6579
1817.18 7.65797
1817.62 7.65804
1818.07 7.6581
1818.51 7.65817
1818.96 7.65824
1819.4 7.65831
1819.84 7.65838
1820.29 7.65844
1820.73 7.65851
1821.18 7.65858
1821.62 7.65865
1822.06 7.65871
1822.51 7.65878
1822.95 7.65885
1823.4 7.65892
1823.84 7.65899
1824.28 7.65905
1824.73 7.65912
1825.17 7.65919
1825.61 7.65926
1826.06 7.65932
1826.5 7.65939
1826.95 7.65946
1827.39 7.65953
1827.83 7.6596
1828.28 7.65966
1828.72 7.65973
1829.17 7.6598
1829.61 7.65987
1830.05 7.65993
1830.5 7.66
1830.94 7.66007
1831.39 7.66014
1831.83 7.6602
1832.27 7.66027
1832.72 7.66034
1833.16 7.66041
1833.61 7.66047
1834.05 7.66054
1834.49 7.66061
1834.94 7.66067
1835.38 7.66074
1835.83 7.66081
1836.27 7.66088
1836.72 7.66094
1837.16 7.66101
1837.6 7.66108
1838.05 7.66115
1838.49 7.66121
1838.94 7.66128
1839.38 7.66135
1839.82 7.66141
1840.27 7.66148
1840.71 7.66155
1841.16 7.66162
1841.6 7.66168
1842.04 7.66175
1842.49 7.66182
1842.93 7.66188
1843.38 7.66195
1843.82 7.66202
1844.26 7.66208
1844.71 7.66215
1845.15 7.66222
1845.6 7.66228
1846.04 7.66235
1846.49 7.66242
1846.93 7.66249
1847.37 7.66255
1847.82 7.66262
1848.26 7.66269
1848.71 7.66275
1849.15 7.66282
1849.59 7.66289
1850.04 7.66295
1850.48 7.66302
1850.93 7.66309
1851.37 7.66315
1851.82 7.66322
1852.26 7.66329
1852.7 7.66335
1853.15 7.66342
1853.59 7.66349
1854.04 7.66355
1854.48 7.66362
1854.93 7.66369
1855.37 7.66375
1855.81 7.66382
1856.26 7.66388
1856.7 7.66395
1857.15 7.66402
1857.59 7.66408
1858.03 7.66415
1858.48 7.66422
1858.92 7.66428
1859.37 7.66435
1859.81 7.66441
1860.26 7.66448
1860.7 7.66455
1861.15 7.66461
1861.59 7.66468
1862.03 7.66475
1862.48 7.66481
1862.92 7.66488
1863.37 7.66495
1863.81 7.66501
1864.26 7.66508
1864.7 7.66514
1865.14 7.66521
1865.59 7.66528
1866.03 7.66534
1866.48 7.66541
1866.92 7.66547
1867.37 7.66554
1867.81 7.66561
1868.25 7.66567
1868.7 7.66574
1869.14 7.6658
1869.59 7.66587
1870.03 7.66593
1870.48 7.666
1870.92 7.66607
1871.37 7.66613
1871.81 7.6662
1872.25 7.66626
1872.7 7.66633
1873.14 7.6664
1873.59 7.66646
1874.03 7.66653
1874.48 7.66659
1874.92 7.66666
1875.37 7.66672
1875.81 7.66679
1876.25 7.66686
1876.7 7.66692
1877.14 7.66699
1877.59 7.66705
1878.03 7.66712
1878.48 7.66718
1878.92 7.66725
1879.37 7.66731
1879.81 7.66738
1880.25 7.66744
1880.7 7.66751
1881.14 7.66758
1881.59 7.66764
1882.03 7.66771
1882.48 7.66777
1882.92 7.66784
1883.37 7.6679
1883.81 7.66797
1884.25 7.66803
1884.7 7.6681
1885.14 7.66816
1885.59 7.66823
1886.03 7.66829
1886.48 7.66836
1886.92 7.66842
1887.37 7.66849
1887.81 7.66856
1888.26 7.66862
1888.7 7.66869
1889.15 7.66875
1889.59 7.66882
1890.03 7.66888
1890.48 7.66895
1890.92 7.66901
1891.37 7.66908
1891.81 7.66914
1892.26 7.66921
1892.7 7.66927
1893.15 7.66933
1893.59 7.6694
1894.04 7.66946
1894.48 7.66953
1894.92 7.66959
1895.37 7.66966
1895.81 7.66972
1896.26 7.66979
1896.7 7.66985
1897.15 7.66992
1897.59 7.66998
1898.04 7.67005
1898.48 7.67011
1898.93 7.67018
1899.37 7.67024
1899.82 7.67031
1900.26 7.67037
1900.71 7.67044
1901.15 7.6705
1901.6 7.67057
1902.04 7.67063
1902.48 7.6707
1902.93 7.67076
1903.37 7.67082
1903.82 7.67089
1904.26 7.67095
1904.71 7.67102
1905.15 7.67108
1905.6 7.67115
1906.04 7.67121
1906.49 7.67128
1906.93 7.67134
1907.38 7.6714
1907.82 7.67147
1908.27 7.67153
1908.71 7.6716
1909.16 7.67166
1909.6 7.67173
1910.05 7.67179
1910.49 7.67185
1910.93 7.67192
1911.38 7.67198
1911.82 7.67205
1912.27 7.67211
1912.71 7.67218
1913.16 7.67224
1913.6 7.67231
1914.05 7.67237
1914.49 7.67243
1914.94 7.6725
1915.38 7.67256
1915.83 7.67262
1916.27 7.67269
1916.72 7.67275
1917.16 7.67282
1917.61 7.67288
1918.05 7.67294
1918.5 7.67301
1918.94 7.67307
1919.39 7.67314
1919.83 7.6732
1920.28 7.67326
1920.72 7.67333
1921.17 7.67339
1921.61 7.67346
1922.06 7.67352
1922.5 7.67358
1922.95 7.67365
1923.39 7.67371
1923.84 7.67377
1924.28 7.67384
1924.73 7.6739
1925.17 7.67397
1925.62 7.67403
1926.06 7.67409
1926.51 7.67416
1926.95 7.67422
1927.4 7.67428
1927.84 7.67435
1928.28 7.67441
1928.73 7.67447
1929.17 7.67454
1929.62 7.6746
1930.06 7.67466
1930.51 7.67473
1930.95 7.67479
1931.4 7.67486
1931.84 7.67492
1932.29 7.67498
1932.73 7.67505
1933.18 7.67511
1933.62 7.67517
1934.07 7.67524
1934.51 7.6753
1934.96 7.67536
1935.4 7.67543
1935.85 7.67549
1936.29 7.67555
1936.74 7.67562
1937.18 7.67568
1937.63 7.67574
1938.07 7.67581
1938.52 7.67587
1938.97 7.67593
1939.41 7.676
1939.86 7.67606
1940.3 7.67612
1940.75 7.67618
1941.19 7.67625
1941.64 7.67631
1942.08 7.67637
1942.53 7.67644
1942.97 7.6765
1943.42 7.67656
1943.86 7.67663
1944.31 7.67669
1944.75 7.67675
1945.2 7.67681
1945.64 7.67688
1946.09 7.67694
1946.53 7.677
1946.98 7.67707
1947.42 7.67713
1947.87 7.67719
1948.31 7.67725
1948.76 7.67732
1949.2 7.67738
1949.65 7.67744
1950.09 7.67751
1950.54 7.67757
1950.98 7.67763
1951.43 7.6777
1951.87 7.67776
1952.32 7.67782
1952.76 7.67788
1953.21 7.67795
1953.65 7.67801
1954.1 7.67807
1954.54 7.67813
1954.99 7.67819
1955.44 7.67826
1955.88 7.67832
1956.33 7.67838
1956.77 7.67844
1957.22 7.67851
1957.66 7.67857
1958.11 7.67863
1958.55 7.67869
1959 7.67876
1959.44 7.67882
1959.89 7.67888
1960.33 7.67894
1960.78 7.67901
1961.22 7.67907
1961.67 7.67913
1962.11 7.67919
1962.56 7.67926
1963 7.67932
1963.45 7.67938
1963.89 7.67944
1964.34 7.67951
1964.79 7.67957
1965.23 7.67963
1965.68 7.67969
1966.12 7.67975
1966.57 7.67982
1967.01 7.67988
1967.46 7.67994
1967.9 7.68
1968.35 7.68006
1968.79 7.68013
1969.24 7.68019
1969.68 7.68025
1970.13 7.68031
1970.57 7.68037
1971.02 7.68044
1971.47 7.6805
1971.91 7.68056
1972.36 7.68062
1972.8 7.68068
1973.25 7.68075
1973.69 7.68081
1974.14 7.68087
1974.58 7.68093
1975.03 7.68099
1975.47 7.68106
1975.92 7.68112
1976.36 7.68118
1976.81 7.68124
1977.26 7.6813
1977.7 7.68137
1978.15 7.68143
1978.59 7.68149
1979.04 7.68155
1979.48 7.68161
1979.93 7.68167
1980.37 7.68174
1980.82 7.6818
1981.26 7.68186
1981.71 7.68192
1982.16 7.68198
1982.6 7.68204
1983.05 7.6821
1983.49 7.68217
1983.94 7.68223
1984.38 7.68229
1984.83 7.68235
1985.27 7.68241
1985.72 7.68247
1986.16 7.68254
1986.61 7.6826
1987.06 7.68266
1987.5 7.68272
1987.95 7.68278
1988.39 7.68284
1988.84 7.6829
1989.28 7.68297
1989.73 7.68303
1990.17 7.68309
1990.62 7.68315
1991.07 7.68321
1991.51 7.68327
1991.96 7.68333
1992.4 7.68339
1992.85 7.68346
1993.29 7.68352
1993.74 7.68358
1994.18 7.68364
1994.63 7.6837
1995.08 7.68376
1995.52 7.68382
1995.97 7.68388
1996.41 7.68394
1996.86 7.68401
1997.3 7.68407
1997.75 7.68413
1998.19 7.68419
1998.64 7.68425
1999.09 7.68431
1999.53 7.68437
1999.98 7.68443
2000.42 7.68449
2000.87 7.68455
2001.31 7.68462
2001.76 7.68468
2002.21 7.68474
2002.65 7.6848
2003.1 7.68486
2003.54 7.68492
2003.99 7.68498
2004.43 7.68504
2004.88 7.6851
2005.33 7.68516
2005.77 7.68522
2006.22 7.68529
2006.66 7.68535
2007.11 7.68541
2007.55 7.68547
2008 7.68553
2008.44 7.68559
2008.89 7.68565
2009.34 7.68571
2009.78 7.68577
2010.23 7.68583
2010.67 7.68589
2011.12 7.68595
2011.56 7.68601
2012.01 7.68607
2012.46 7.68613
2012.9 7.68619
2013.35 7.68625
2013.79 7.68631
2014.24 7.68638
2014.68 7.68644
2015.13 7.6865
2015.58 7.68656
2016.02 7.68662
2016.47 7.68668
2016.91 7.68674
2017.36 7.6868
2017.81 7.68686
2018.25 7.68692
2018.7 7.68698
2019.14 7.68704
2019.59 7.6871
2020.03 7.68716
2020.48 7.68722
2020.93 7.68728
2021.37 7.68734
2021.82 7.6874
2022.26 7.68746
2022.71 7.68752
2023.16 7.68758
2023.6 7.68764
2024.05 7.6877
2024.49 7.68776
2024.94 7.68782
2025.38 7.68788
2025.83 7.68794
2026.28 7.688
2026.72 7.68806
2027.17 7.68812
2027.61 7.68818
2028.06 7.68824
2028.51 7.6883
2028.95 7.68836
2029.4 7.68842
2029.84 7.68848
2030.29 7.68854
2030.74 7.6886
2031.18 7.68866
2031.63 7.68872
2032.07 7.68878
2032.52 7.68884
2032.96 7.6889
2033.41 7.68896
2033.86 7.68902
2034.3 7.68908
2034.75 7.68914
2035.19 7.6892
2035.64 7.68926
2036.09 7.68932
2036.53 7.68938
2036.98 7.68944
2037.42 7.6895
2037.87 7.68956
2038.32 7.68962
2038.76 7.68968
2039.21 7.68974
2039.65 7.6898
2040.1 7.68986
2040.55 7.68992
2040.99 7.68998
2041.44 7.69003
2041.88 7.69009
2042.33 7.69015
2042.78 7.69021
2043.22 7.69027
2043.67 7.69033
2044.11 7.69039
2044.56 7.69045
2045.01 7.69051
2045.45 7.69057
2045.9 7.69063
2046.34 7.69069
2046.79 7.69075
2047.24 7.69081
2047.68 7.69087
2048.13 7.69093
2048.57 7.69099
2049.02 7.69105
2049.47 7.6911
2049.91 7.69116
2050.36 7.69122
2050.8 7.69128
2051.25 7.69134
2051.7 7.6914
2052.14 7.69146
2052.59 7.69152
2053.03 7.69158
2053.48 7.69164
2053.93 7.6917
2054.37 7.69175
2054.82 7.69181
2055.27 7.69187
2055.71 7.69193
2056.16 7.69199
2056.6 7.69205
2057.05 7.69211
2057.5 7.69217
2057.94 7.69223
2058.39 7.69229
2058.83 7.69235
2059.28 7.69241
2059.73 7.69246
2060.17 7.69252
2060.62 7.69258
2061.06 7.69264
2061.51 7.6927
2061.96 7.69276
2062.4 7.69282
2062.85 7.69288
2063.3 7.69293
2063.74 7.69299
2064.19 7.69305
2064.63 7.69311
2065.08 7.69317
2065.53 7.69323
2065.97 7.69329
2066.42 7.69335
2066.87 7.6934
2067.31 7.69346
2067.76 7.69352
2068.2 7.69358
2068.65 7.69364
2069.1 7.6937
2069.54 7.69376
2069.99 7.69381
2070.44 7.69387
2070.88 7.69393
2071.33 7.69399
2071.78 7.69405
2072.22 7.69411
2072.67 7.69417
2073.11 7.69423
2073.56 7.69428
2074.01 7.69434
2074.45 7.6944
2074.9 7.69446
2075.35 7.69452
2075.79 7.69458
2076.24 7.69463
2076.68 7.69469
2077.13 7.69475
2077.58 7.69481
2078.02 7.69487
2078.47 7.69493
2078.92 7.69498
2079.36 7.69504
2079.81 7.6951
2080.25 7.69516
2080.7 7.69522
2081.15 7.69527
2081.59 7.69533
2082.04 7.69539
2082.49 7.69545
2082.93 7.69551
2083.38 7.69557
2083.82 7.69562
2084.27 7.69568
2084.72 7.69574
2085.16 7.6958
2085.61 7.69586
2086.06 7.69591
2086.5 7.69597
2086.95 7.69603
2087.4 7.69609
2087.84 7.69615
2088.29 7.69621
2088.73 7.69626
2089.18 7.69632
2089.63 7.69638
2090.07 7.69644
2090.52 7.6965
2090.97 7.69655
2091.41 7.69661
