0 0
0.0309018 0.0951056
0.0806508 0.190268
0.14908 0.285543
0.236027 0.380987
0.341335 0.476656
0.464848 0.572603
0.606413 0.668877
0.765875 0.765521
0.943076 0.862575
1.13785 0.960066
1.35003 1.05801
1.57943 1.15642
1.82585 1.25526
2.08908 1.35452
2.3689 1.45412
2.66506 1.55398
2.9773 1.65397
3.30532 1.75393
3.64882 1.85366
4.00751 1.95293
4.38104 2.05147
4.7691 2.14897
5.17136 2.2451
5.58749 2.33954
6.01719 2.43195
6.46014 2.52202
6.91606 2.60948
7.38465 2.69409
7.86563 2.77567
8.3587 2.85408
8.86357 2.92925
9.37993 3.00116
9.90747 3.06984
10.4459 3.13533
10.9948 3.19774
11.5539 3.25716
12.1229 3.31373
12.7014 3.36759
13.289 3.41887
13.8856 3.46771
14.4906 3.51426
15.1038 3.55866
15.725 3.60102
16.3538 3.64149
16.9898 3.68017
17.633 3.71718
18.2829 3.75262
18.9394 3.78658
19.6021 3.81917
20.271 3.85046
20.9457 3.88053
21.6261 3.90946
22.3119 3.93731
23.0031 3.96414
23.6993 3.99001
24.4005 4.01498
25.1064 4.0391
25.817 4.06241
26.5321 4.08496
27.2515 4.10679
27.9751 4.12793
28.7028 4.14842
29.4345 4.1683
30.17 4.18758
30.9093 4.20631
31.6522 4.22451
32.3987 4.2422
33.1486 4.25941
33.9019 4.27616
34.6585 4.29247
35.4183 4.30836
36.1811 4.32384
36.9471 4.33894
37.7159 4.35367
38.4877 4.36805
39.2623 4.38209
40.0397 4.3958
40.8197 4.4092
41.6024 4.4223
42.3877 4.43511
43.1755 4.44764
43.9658 4.4599
44.7585 4.4719
45.5536 4.48366
46.351 4.49518
47.1507 4.50646
47.9526 4.51752
48.7567 4.52837
49.5629 4.53901
50.3712 4.54944
51.1817 4.55968
51.9941 4.56973
52.8085 4.5796
53.6249 4.5893
54.4432 4.59882
55.2634 4.60817
56.0855 4.61737
56.9094 4.6264
57.7351 4.63529
58.5625 4.64403
59.3917 4.65263
60.2226 4.66108
61.0551 4.66941
61.8893 4.6776
62.7252 4.68566
63.5626 4.6936
64.4017 4.70142
65.2422 4.70912
66.0844 4.71671
66.928 4.72419
67.7731 4.73156
68.6197 4.73882
69.4677 4.74598
70.3171 4.75304
71.168 4.76
72.0202 4.76687
72.8738 4.77364
73.7288 4.78032
74.585 4.78691
75.4426 4.79342
76.3015 4.79984
77.1617 4.80618
78.0231 4.81244
78.8858 4.81861
79.7497 4.82472
80.6148 4.83074
81.4812 4.83669
82.3487 4.84257
83.2174 4.84838
84.0872 4.85412
84.9582 4.85979
85.8303 4.8654
86.7035 4.87094
87.5779 4.87641
88.4533 4.88183
89.3298 4.88718
90.2074 4.89248
91.086 4.89771
91.9657 4.90289
92.8464 4.90801
93.7281 4.91307
94.6109 4.91809
95.4946 4.92305
96.3793 4.92795
97.2651 4.93281
98.1517 4.93761
99.0394 4.94237
99.928 4.94707
100.817 4.95173
101.708 4.95635
102.599 4.96091
103.492 4.96544
104.385 4.96991
105.279 4.97435
106.174 4.97874
107.07 4.98309
107.966 4.9874
108.864 4.99167
109.762 4.9959
110.662 5.00009
111.562 5.00424
112.463 5.00835
113.364 5.01243
114.267 5.01646
115.17 5.02047
116.075 5.02443
116.98 5.02837
117.885 5.03227
118.792 5.03613
119.699 5.03996
120.607 5.04376
121.516 5.04752
122.426 5.05126
123.336 5.05496
124.247 5.05863
125.159 5.06227
126.071 5.06589
126.984 5.06947
127.898 5.07302
128.813 5.07655
129.728 5.08004
130.645 5.08351
131.561 5.08695
132.479 5.09037
133.397 5.09376
134.316 5.09712
135.235 5.10045
136.155 5.10376
137.076 5.10705
137.998 5.11031
138.92 5.11354
139.842 5.11675
140.766 5.11994
141.69 5.12311
142.615 5.12625
143.54 5.12936
144.466 5.13246
145.392 5.13553
146.319 5.13858
147.247 5.14161
148.176 5.14462
149.105 5.14761
150.034 5.15057
150.964 5.15352
151.895 5.15644
152.826 5.15935
153.758 5.16223
154.691 5.1651
155.624 5.16794
156.557 5.17077
157.492 5.17358
158.426 5.17637
159.362 5.17914
160.298 5.18189
161.234 5.18462
162.171 5.18734
163.109 5.19004
164.047 5.19272
164.985 5.19539
165.924 5.19803
166.864 5.20066
167.804 5.20328
168.745 5.20588
169.686 5.20846
170.628 5.21102
171.57 5.21357
172.513 5.21611
173.456 5.21863
174.4 5.22113
175.344 5.22362
176.289 5.22609
177.234 5.22855
178.18 5.23099
179.126 5.23342
180.073 5.23583
181.02 5.23823
181.967 5.24062
182.916 5.24299
183.864 5.24535
184.813 5.2477
185.763 5.25003
186.713 5.25235
187.663 5.25465
188.614 5.25695
189.566 5.25922
190.518 5.26149
191.47 5.26375
192.423 5.26599
193.376 5.26822
194.33 5.27043
195.284 5.27264
196.238 5.27483
197.193 5.27701
198.149 5.27918
199.105 5.28134
200.061 5.28348
201.018 5.28562
201.975 5.28774
202.932 5.28985
203.89 5.29195
204.849 5.29404
205.808 5.29612
206.767 5.29819
207.726 5.30024
208.687 5.30229
209.647 5.30433
210.608 5.30635
211.569 5.30837
212.531 5.31037
213.493 5.31237
214.455 5.31435
215.418 5.31633
216.382 5.31829
217.345 5.32025
218.309 5.32219
219.274 5.32413
220.239 5.32606
221.204 5.32797
222.17 5.32988
223.136 5.33178
224.102 5.33367
225.069 5.33555
226.036 5.33742
227.003 5.33928
227.971 5.34114
228.939 5.34298
229.908 5.34482
230.877 5.34665
231.846 5.34847
232.816 5.35028
233.786 5.35208
234.757 5.35387
235.727 5.35566
236.699 5.35744
237.67 5.35921
238.642 5.36097
239.614 5.36272
240.587 5.36447
241.56 5.3662
242.533 5.36793
243.506 5.36966
244.48 5.37137
245.455 5.37308
246.429 5.37478
247.404 5.37647
248.38 5.37815
249.355 5.37983
250.331 5.3815
251.308 5.38316
252.284 5.38482
253.261 5.38647
254.238 5.38811
255.216 5.38974
256.194 5.39137
257.172 5.39299
258.151 5.3946
259.13 5.39621
260.109 5.39781
261.089 5.3994
262.069 5.40099
263.049 5.40257
264.029 5.40414
265.01 5.40571
265.991 5.40727
266.973 5.40883
267.955 5.41037
268.937 5.41192
269.919 5.41345
270.902 5.41498
271.885 5.4165
272.868 5.41802
273.852 5.41953
274.836 5.42104
275.82 5.42253
276.804 5.42403
277.789 5.42551
278.774 5.42699
279.76 5.42847
280.745 5.42994
281.731 5.4314
282.718 5.43286
283.704 5.43431
284.691 5.43576
285.678 5.4372
286.666 5.43864
287.653 5.44007
288.642 5.44149
289.63 5.44291
290.618 5.44433
291.607 5.44574
292.596 5.44714
293.586 5.44854
294.576 5.44993
295.566 5.45132
296.556 5.4527
297.546 5.45408
298.537 5.45545
299.528 5.45682
300.52 5.45818
301.511 5.45954
302.503 5.46089
303.495 5.46224
304.488 5.46358
305.481 5.46492
306.474 5.46625
307.467 5.46758
308.46 5.4689
309.454 5.47022
310.448 5.47154
311.443 5.47284
312.437 5.47415
313.432 5.47545
314.427 5.47675
315.422 5.47804
316.418 5.47932
317.414 5.4806
318.41 5.48188
319.406 5.48316
320.403 5.48442
321.4 5.48569
322.397 5.48695
323.394 5.4882
324.392 5.48946
325.39 5.4907
326.388 5.49195
327.387 5.49318
328.385 5.49442
329.384 5.49565
330.383 5.49688
331.383 5.4981
332.382 5.49932
333.382 5.50053
334.382 5.50174
335.383 5.50294
336.383 5.50415
337.384 5.50534
338.385 5.50654
339.386 5.50773
340.388 5.50892
341.39 5.5101
342.392 5.51128
343.394 5.51245
344.397 5.51362
345.399 5.51479
346.402 5.51595
347.405 5.51711
348.409 5.51827
349.413 5.51942
350.416 5.52057
351.421 5.52172
352.425 5.52286
353.429 5.52399
354.434 5.52513
355.439 5.52626
356.445 5.52739
357.45 5.52851
358.456 5.52963
359.462 5.53075
360.468 5.53186
361.474 5.53297
362.481 5.53408
363.488 5.53518
364.495 5.53628
365.502 5.53737
366.509 5.53847
367.517 5.53956
368.525 5.54064
369.533 5.54173
370.542 5.54281
371.55 5.54388
372.559 5.54496
373.568 5.54603
374.577 5.54709
375.587 5.54816
376.596 5.54922
377.606 5.55027
378.616 5.55133
379.626 5.55238
380.637 5.55343
381.648 5.55447
382.658 5.55551
383.67 5.55655
384.681 5.55759
385.692 5.55862
386.704 5.55965
387.716 5.56068
388.728 5.5617
389.741 5.56272
390.753 5.56374
391.766 5.56476
392.779 5.56577
393.792 5.56678
394.805 5.56779
395.819 5.56879
396.833 5.56979
397.847 5.57079
398.861 5.57178
399.875 5.57278
400.89 5.57376
401.905 5.57475
402.919 5.57574
403.935 5.57672
404.95 5.5777
405.966 5.57867
406.981 5.57965
407.997 5.58062
409.013 5.58158
410.03 5.58255
411.046 5.58351
412.063 5.58447
413.08 5.58543
414.097 5.58638
415.114 5.58734
416.132 5.58828
417.149 5.58923
418.167 5.59018
419.185 5.59112
420.203 5.59206
421.222 5.59299
422.24 5.59393
423.259 5.59486
424.278 5.59579
425.297 5.59672
426.317 5.59764
427.336 5.59856
428.356 5.59948
429.376 5.6004
430.396 5.60132
431.416 5.60223
432.437 5.60314
433.457 5.60405
434.478 5.60495
435.499 5.60586
436.52 5.60676
437.542 5.60766
438.563 5.60855
439.585 5.60944
440.607 5.61034
441.629 5.61123
442.651 5.61211
443.673 5.613
444.696 5.61388
445.719 5.61476
446.742 5.61564
447.765 5.61651
448.788 5.61739
449.812 5.61826
450.835 5.61913
451.859 5.61999
452.883 5.62086
453.907 5.62172
454.932 5.62258
455.956 5.62344
456.981 5.6243
458.006 5.62515
459.031 5.626
460.056 5.62685
461.081 5.6277
462.107 5.62854
463.133 5.62939
464.159 5.63023
465.185 5.63107
466.211 5.63191
467.237 5.63274
468.264 5.63358
469.291 5.63441
470.317 5.63524
471.344 5.63606
472.372 5.63689
473.399 5.63771
474.427 5.63853
475.454 5.63935
476.482 5.64017
477.51 5.64099
478.538 5.6418
479.567 5.64261
480.595 5.64342
481.624 5.64423
482.653 5.64504
483.682 5.64584
484.711 5.64664
485.74 5.64744
486.77 5.64824
487.799 5.64904
488.829 5.64983
489.859 5.65063
490.889 5.65142
491.92 5.65221
492.95 5.65299
493.981 5.65378
495.012 5.65456
496.042 5.65534
497.073 5.65613
498.105 5.6569
499.136 5.65768
500.168 5.65846
501.199 5.65923
502.231 5.66
503.263 5.66077
504.295 5.66154
505.328 5.6623
506.36 5.66307
507.393 5.66383
508.426 5.66459
509.458 5.66535
510.492 5.66611
511.525 5.66686
512.558 5.66762
513.592 5.66837
514.625 5.66912
515.659 5.66987
516.693 5.67062
517.727 5.67136
518.762 5.67211
519.796 5.67285
520.831 5.67359
521.865 5.67433
522.9 5.67507
523.935 5.67581
524.97 5.67654
526.006 5.67727
527.041 5.67801
528.077 5.67874
529.112 5.67946
530.148 5.68019
531.184 5.68092
532.221 5.68164
533.257 5.68236
534.293 5.68308
535.33 5.6838
536.367 5.68452
537.404 5.68523
538.441 5.68595
539.478 5.68666
540.515 5.68737
541.553 5.68808
542.59 5.68879
543.628 5.6895
544.666 5.6902
545.704 5.69091
546.742 5.69161
547.781 5.69231
548.819 5.69301
549.858 5.69371
550.896 5.69441
551.935 5.6951
552.974 5.69579
554.013 5.69649
555.053 5.69718
556.092 5.69787
557.132 5.69855
558.171 5.69924
559.211 5.69993
560.251 5.70061
561.291 5.70129
562.332 5.70197
563.372 5.70265
564.413 5.70333
565.453 5.70401
566.494 5.70468
567.535 5.70536
568.576 5.70603
569.617 5.7067
570.659 5.70737
571.7 5.70804
572.742 5.70871
573.784 5.70937
574.825 5.71004
575.867 5.7107
576.909 5.71136
577.952 5.71203
578.994 5.71268
580.037 5.71334
581.079 5.714
582.122 5.71465
583.165 5.71531
584.208 5.71596
585.251 5.71661
586.295 5.71726
587.338 5.71791
588.382 5.71856
589.425 5.71921
590.469 5.71985
591.513 5.7205
592.557 5.72114
593.602 5.72178
594.646 5.72242
595.69 5.72306
596.735 5.7237
597.78 5.72434
598.825 5.72497
599.87 5.72561
600.915 5.72624
601.96 5.72687
603.005 5.7275
604.051 5.72813
605.097 5.72876
606.142 5.72939
607.188 5.73001
608.234 5.73064
609.28 5.73126
610.327 5.73188
611.373 5.7325
612.42 5.73312
613.466 5.73374
614.513 5.73436
615.56 5.73498
616.607 5.73559
617.654 5.7362
618.701 5.73682
619.749 5.73743
620.796 5.73804
621.844 5.73865
622.891 5.73926
623.939 5.73987
624.987 5.74047
626.035 5.74108
627.083 5.74168
628.132 5.74228
629.18 5.74289
630.229 5.74349
631.278 5.74409
632.326 5.74468
633.375 5.74528
634.424 5.74588
635.474 5.74647
636.523 5.74707
637.572 5.74766
638.622 5.74825
639.672 5.74884
640.721 5.74943
641.771 5.75002
642.821 5.75061
643.871 5.7512
644.922 5.75178
645.972 5.75237
647.022 5.75295
648.073 5.75353
649.124 5.75411
650.175 5.75469
651.226 5.75527
652.277 5.75585
653.328 5.75643
654.379 5.75701
655.43 5.75758
656.482 5.75816
657.534 5.75873
658.585 5.7593
659.637 5.75987
660.689 5.76044
661.741 5.76101
662.793 5.76158
663.846 5.76215
664.898 5.76271
665.951 5.76328
667.003 5.76384
668.056 5.76441
669.109 5.76497
670.162 5.76553
671.215 5.76609
672.268 5.76665
673.322 5.76721
674.375 5.76777
675.429 5.76832
676.482 5.76888
677.536 5.76943
678.59 5.76999
679.644 5.77054
680.698 5.77109
681.752 5.77164
682.807 5.77219
683.861 5.77274
684.916 5.77329
685.97 5.77383
687.025 5.77438
688.08 5.77493
689.135 5.77547
690.19 5.77601
691.245 5.77656
692.301 5.7771
693.356 5.77764
694.412 5.77818
695.467 5.77872
696.523 5.77926
697.579 5.77979
698.635 5.78033
699.691 5.78087
700.747 5.7814
701.803 5.78193
702.86 5.78247
703.916 5.783
704.973 5.78353
706.029 5.78406
707.086 5.78459
708.143 5.78512
709.2 5.78564
710.257 5.78617
711.315 5.7867
712.372 5.78722
713.429 5.78775
714.487 5.78827
715.545 5.78879
716.602 5.78931
717.66 5.78983
718.718 5.79035
719.776 5.79087
720.834 5.79139
721.893 5.79191
722.951 5.79242
724.01 5.79294
725.068 5.79346
726.127 5.79397
727.186 5.79448
728.245 5.79499
729.304 5.79551
730.363 5.79602
731.422 5.79653
732.481 5.79704
733.541 5.79754
734.6 5.79805
735.66 5.79856
736.719 5.79906
737.779 5.79957
738.839 5.80007
739.899 5.80058
740.959 5.80108
742.02 5.80158
743.08 5.80208
744.14 5.80258
745.201 5.80308
746.261 5.80358
747.322 5.80408
748.383 5.80458
749.444 5.80507
750.505 5.80557
751.566 5.80606
752.627 5.80656
753.689 5.80705
754.75 5.80754
755.811 5.80804
756.873 5.80853
757.935 5.80902
758.997 5.80951
760.058 5.81
761.12 5.81048
762.183 5.81097
763.245 5.81146
764.307 5.81194
765.369 5.81243
766.432 5.81291
767.495 5.8134
768.557 5.81388
769.62 5.81436
770.683 5.81484
771.746 5.81533
772.809 5.81581
773.872 5.81628
774.935 5.81676
775.999 5.81724
777.062 5.81772
778.126 5.81819
779.189 5.81867
780.253 5.81915
781.317 5.81962
782.381 5.82009
783.445 5.82057
784.509 5.82104
785.573 5.82151
786.637 5.82198
787.702 5.82245
788.766 5.82292
789.831 5.82339
790.896 5.82386
791.96 5.82432
793.025 5.82479
794.09 5.82526
795.155 5.82572
796.22 5.82619
797.286 5.82665
798.351 5.82711
799.416 5.82758
800.482 5.82804
801.547 5.8285
802.613 5.82896
803.679 5.82942
804.745 5.82988
805.811 5.83034
806.877 5.83079
807.943 5.83125
809.009 5.83171
810.076 5.83216
811.142 5.83262
812.208 5.83307
813.275 5.83353
814.342 5.83398
815.409 5.83443
816.475 5.83489
817.542 5.83534
818.609 5.83579
819.677 5.83624
820.744 5.83669
821.811 5.83713
822.879 5.83758
823.946 5.83803
825.014 5.83848
826.081 5.83892
827.149 5.83937
828.217 5.83981
829.285 5.84026
830.353 5.8407
831.421 5.84114
832.49 5.84159
833.558 5.84203
834.626 5.84247
835.695 5.84291
836.763 5.84335
837.832 5.84379
838.901 5.84423
839.97 5.84467
841.039 5.8451
842.108 5.84554
843.177 5.84598
844.246 5.84641
845.315 5.84685
846.385 5.84728
847.454 5.84772
848.524 5.84815
849.593 5.84858
850.663 5.84901
851.733 5.84944
852.803 5.84987
853.873 5.85031
854.943 5.85073
856.013 5.85116
857.083 5.85159
858.153 5.85202
859.224 5.85245
860.294 5.85287
861.365 5.8533
862.435 5.85373
863.506 5.85415
864.577 5.85458
865.648 5.855
866.719 5.85542
867.79 5.85584
868.861 5.85627
869.932 5.85669
871.004 5.85711
872.075 5.85753
873.147 5.85795
874.218 5.85837
875.29 5.85879
876.362 5.85921
877.434 5.85962
878.505 5.86004
879.578 5.86046
880.65 5.86087
881.722 5.86129
882.794 5.8617
883.866 5.86212
884.939 5.86253
886.011 5.86294
887.084 5.86336
888.157 5.86377
889.229 5.86418
890.302 5.86459
891.375 5.865
892.448 5.86541
893.521 5.86582
894.594 5.86623
895.668 5.86664
896.741 5.86705
897.814 5.86745
898.888 5.86786
899.961 5.86827
901.035 5.86867
902.109 5.86908
903.183 5.86948
904.256 5.86988
905.33 5.87029
906.404 5.87069
907.479 5.87109
908.553 5.8715
909.627 5.8719
910.702 5.8723
911.776 5.8727
912.851 5.8731
913.925 5.8735
915 5.8739
916.075 5.87429
917.149 5.87469
918.224 5.87509
919.299 5.87549
920.375 5.87588
921.45 5.87628
922.525 5.87667
923.6 5.87707
924.676 5.87746
925.751 5.87786
926.827 5.87825
927.902 5.87864
928.978 5.87903
930.054 5.87943
931.13 5.87982
932.206 5.88021
933.282 5.8806
934.358 5.88099
935.434 5.88138
936.51 5.88176
937.587 5.88215
938.663 5.88254
939.74 5.88293
940.816 5.88331
941.893 5.8837
942.97 5.88409
944.047 5.88447
945.123 5.88486
946.2 5.88524
947.277 5.88562
948.355 5.88601
949.432 5.88639
950.509 5.88677
951.586 5.88716
952.664 5.88754
953.741 5.88792
954.819 5.8883
955.897 5.88868
956.974 5.88906
958.052 5.88944
959.13 5.88982
960.208 5.89019
961.286 5.89057
962.364 5.89095
963.442 5.89133
964.521 5.8917
965.599 5.89208
966.677 5.89245
967.756 5.89283
968.834 5.8932
969.913 5.89358
970.992 5.89395
972.071 5.89432
973.149 5.8947
974.228 5.89507
975.307 5.89544
976.387 5.89581
977.466 5.89618
978.545 5.89655
979.624 5.89692
980.704 5.89729
981.783 5.89766
982.863 5.89803
983.942 5.8984
985.022 5.89877
986.102 5.89913
987.181 5.8995
988.261 5.89987
989.341 5.90023
990.421 5.9006
991.501 5.90097
992.582 5.90133
993.662 5.90169
994.742 5.90206
995.823 5.90242
996.903 5.90278
997.984 5.90315
999.064 5.90351
1000.15 5.90387
1001.23 5.90423
1002.31 5.90459
1003.39 5.90495
1004.47 5.90531
1005.55 5.90567
1006.63 5.90603
1007.71 5.90639
1008.79 5.90675
1009.87 5.90711
1010.96 5.90746
1012.04 5.90782
1013.12 5.90818
1014.2 5.90854
1015.28 5.90889
1016.36 5.90925
1017.45 5.9096
1018.53 5.90996
1019.61 5.91031
1020.69 5.91066
1021.77 5.91102
1022.86 5.91137
1023.94 5.91172
1025.02 5.91207
1026.1 5.91243
1027.19 5.91278
1028.27 5.91313
1029.35 5.91348
1030.43 5.91383
1031.52 5.91418
1032.6 5.91453
1033.68 5.91488
1034.77 5.91523
1035.85 5.91557
1036.93 5.91592
1038.01 5.91627
1039.1 5.91662
1040.18 5.91696
1041.26 5.91731
1042.35 5.91765
1043.43 5.918
1044.52 5.91834
1045.6 5.91869
1046.68 5.91903
1047.77 5.91938
1048.85 5.91972
1049.93 5.92006
1051.02 5.92041
1052.1 5.92075
1053.19 5.92109
1054.27 5.92143
1055.35 5.92177
1056.44 5.92211
1057.52 5.92245
1058.61 5.92279
1059.69 5.92313
1060.78 5.92347
1061.86 5.92381
1062.95 5.92415
1064.03 5.92449
1065.12 5.92482
1066.2 5.92516
1067.29 5.9255
1068.37 5.92583
1069.46 5.92617
1070.54 5.92651
1071.63 5.92684
1072.71 5.92718
1073.8 5.92751
1074.88 5.92785
1075.97 5.92818
1077.05 5.92851
1078.14 5.92885
1079.23 5.92918
1080.31 5.92951
1081.4 5.92984
1082.48 5.93018
1083.57 5.93051
1084.66 5.93084
1085.74 5.93117
1086.83 5.9315
1087.91 5.93183
1089 5.93216
1090.09 5.93249
1091.17 5.93282
1092.26 5.93314
1093.35 5.93347
1094.43 5.9338
1095.52 5.93413
1096.61 5.93445
1097.69 5.93478
1098.78 5.93511
1099.87 5.93543
1100.96 5.93576
1102.04 5.93608
1103.13 5.93641
1104.22 5.93673
1105.3 5.93706
1106.39 5.93738
1107.48 5.93771
1108.57 5.93803
1109.65 5.93835
1110.74 5.93867
1111.83 5.939
1112.92 5.93932
1114.01 5.93964
1115.09 5.93996
1116.18 5.94028
1117.27 5.9406
1118.36 5.94092
1119.45 5.94124
1120.53 5.94156
1121.62 5.94188
1122.71 5.9422
1123.8 5.94252
1124.89 5.94284
1125.98 5.94315
1127.07 5.94347
1128.15 5.94379
1129.24 5.9441
1130.33 5.94442
1131.42 5.94474
1132.51 5.94505
1133.6 5.94537
1134.69 5.94568
1135.78 5.946
1136.87 5.94631
1137.95 5.94663
1139.04 5.94694
1140.13 5.94725
1141.22 5.94757
1142.31 5.94788
1143.4 5.94819
1144.49 5.9485
1145.58 5.94881
1146.67 5.94913
1147.76 5.94944
1148.85 5.94975
1149.94 5.95006
1151.03 5.95037
1152.12 5.95068
1153.21 5.95099
1154.3 5.9513
1155.39 5.95161
1156.48 5.95191
1157.57 5.95222
1158.66 5.95253
1159.75 5.95284
1160.84 5.95315
1161.93 5.95345
1163.02 5.95376
1164.12 5.95406
1165.21 5.95437
1166.3 5.95468
1167.39 5.95498
1168.48 5.95529
1169.57 5.95559
1170.66 5.9559
1171.75 5.9562
1172.84 5.9565
1173.93 5.95681
1175.03 5.95711
1176.12 5.95741
1177.21 5.95772
1178.3 5.95802
1179.39 5.95832
1180.48 5.95862
1181.58 5.95892
1182.67 5.95922
1183.76 5.95953
1184.85 5.95983
1185.94 5.96013
1187.04 5.96043
1188.13 5.96073
1189.22 5.96102
1190.31 5.96132
1191.4 5.96162
1192.5 5.96192
1193.59 5.96222
1194.68 5.96252
1195.77 5.96281
1196.87 5.96311
1197.96 5.96341
1199.05 5.9637
1200.14 5.964
1201.24 5.9643
1202.33 5.96459
1203.42 5.96489
1204.52 5.96518
1205.61 5.96548
1206.7 5.96577
1207.79 5.96607
1208.89 5.96636
1209.98 5.96665
1211.07 5.96695
1212.17 5.96724
1213.26 5.96753
1214.36 5.96783
1215.45 5.96812
1216.54 5.96841
1217.64 5.9687
1218.73 5.96899
1219.82 5.96928
1220.92 5.96957
1222.01 5.96986
1223.11 5.97016
1224.2 5.97045
1225.29 5.97073
1226.39 5.97102
1227.48 5.97131
1228.58 5.9716
1229.67 5.97189
1230.76 5.97218
1231.86 5.97247
1232.95 5.97275
1234.05 5.97304
1235.14 5.97333
1236.24 5.97362
1237.33 5.9739
1238.43 5.97419
1239.52 5.97447
1240.62 5.97476
1241.71 5.97505
1242.81 5.97533
1243.9 5.97562
1245 5.9759
1246.09 5.97618
1247.19 5.97647
1248.28 5.97675
1249.38 5.97704
1250.47 5.97732
1251.57 5.9776
1252.66 5.97788
1253.76 5.97817
1254.86 5.97845
1255.95 5.97873
1257.05 5.97901
1258.14 5.97929
1259.24 5.97958
1260.33 5.97986
1261.43 5.98014
1262.53 5.98042
1263.62 5.9807
1264.72 5.98098
1265.81 5.98126
1266.91 5.98154
1268.01 5.98181
1269.1 5.98209
1270.2 5.98237
1271.3 5.98265
1272.39 5.98293
1273.49 5.9832
1274.59 5.98348
1275.68 5.98376
1276.78 5.98404
1277.88 5.98431
1278.97 5.98459
1280.07 5.98487
1281.17 5.98514
1282.26 5.98542
1283.36 5.98569
1284.46 5.98597
1285.56 5.98624
1286.65 5.98652
1287.75 5.98679
1288.85 5.98706
1289.95 5.98734
1291.04 5.98761
1292.14 5.98789
1293.24 5.98816
1294.34 5.98843
1295.43 5.9887
1296.53 5.98898
1297.63 5.98925
1298.73 5.98952
1299.82 5.98979
1300.92 5.99006
1302.02 5.99033
1303.12 5.9906
1304.22 5.99087
1305.31 5.99115
1306.41 5.99142
1307.51 5.99168
1308.61 5.99195
1309.71 5.99222
1310.81 5.99249
1311.9 5.99276
1313 5.99303
1314.1 5.9933
1315.2 5.99357
1316.3 5.99383
1317.4 5.9941
1318.5 5.99437
1319.6 5.99464
1320.69 5.9949
1321.79 5.99517
1322.89 5.99544
1323.99 5.9957
1325.09 5.99597
1326.19 5.99623
1327.29 5.9965
1328.39 5.99677
1329.49 5.99703
1330.59 5.99729
1331.69 5.99756
1332.79 5.99782
1333.89 5.99809
1334.99 5.99835
1336.09 5.99862
1337.19 5.99888
1338.28 5.99914
1339.38 5.9994
1340.48 5.99967
1341.58 5.99993
1342.68 6.00019
1343.78 6.00045
1344.88 6.00072
1345.98 6.00098
1347.09 6.00124
1348.19 6.0015
1349.29 6.00176
1350.39 6.00202
1351.49 6.00228
1352.59 6.00254
1353.69 6.0028
1354.79 6.00306
1355.89 6.00332
1356.99 6.00358
1358.09 6.00384
1359.19 6.0041
1360.29 6.00435
1361.39 6.00461
1362.49 6.00487
1363.59 6.00513
1364.7 6.00538
1365.8 6.00564
1366.9 6.0059
1368 6.00616
1369.1 6.00641
1370.2 6.00667
1371.3 6.00692
1372.4 6.00718
1373.51 6.00744
1374.61 6.00769
1375.71 6.00795
1376.81 6.0082
1377.91 6.00846
1379.01 6.00871
1380.11 6.00896
1381.22 6.00922
1382.32 6.00947
1383.42 6.00973
1384.52 6.00998
1385.62 6.01023
1386.73 6.01049
1387.83 6.01074
1388.93 6.01099
1390.03 6.01124
1391.14 6.0115
1392.24 6.01175
1393.34 6.012
1394.44 6.01225
1395.54 6.0125
1396.65 6.01275
1397.75 6.013
1398.85 6.01325
1399.96 6.0135
1401.06 6.01375
1402.16 6.014
1403.26 6.01425
1404.37 6.0145
1405.47 6.01475
1406.57 6.015
1407.68 6.01525
1408.78 6.0155
1409.88 6.01575
1410.98 6.016
1412.09 6.01624
1413.19 6.01649
1414.29 6.01674
1415.4 6.01699
1416.5 6.01723
1417.6 6.01748
1418.71 6.01773
1419.81 6.01797
1420.91 6.01822
1422.02 6.01847
1423.12 6.01871
1424.23 6.01896
1425.33 6.0192
1426.43 6.01945
1427.54 6.01969
1428.64 6.01994
1429.75 6.02018
1430.85 6.02043
1431.95 6.02067
1433.06 6.02092
1434.16 6.02116
1435.27 6.0214
1436.37 6.02165
1437.47 6.02189
1438.58 6.02213
1439.68 6.02238
1440.79 6.02262
1441.89 6.02286
1443 6.0231
1444.1 6.02334
1445.21 6.02359
1446.31 6.02383
1447.42 6.02407
1448.52 6.02431
1449.63 6.02455
1450.73 6.02479
1451.84 6.02503
1452.94 6.02527
1454.05 6.02551
1455.15 6.02575
1456.26 6.02599
1457.36 6.02623
1458.47 6.02647
1459.57 6.02671
1460.68 6.02695
1461.78 6.02719
1462.89 6.02743
1463.99 6.02767
1465.1 6.0279
1466.2 6.02814
1467.31 6.02838
1468.42 6.02862
1469.52 6.02886
1470.63 6.02909
1471.73 6.02933
1472.84 6.02957
1473.94 6.0298
1475.05 6.03004
1476.16 6.03028
1477.26 6.03051
1478.37 6.03075
1479.47 6.03098
1480.58 6.03122
1481.69 6.03145
1482.79 6.03169
1483.9 6.03192
1485.01 6.03216
1486.11 6.03239
1487.22 6.03263
1488.33 6.03286
1489.43 6.0331
1490.54 6.03333
1491.65 6.03356
1492.75 6.0338
1493.86 6.03403
1494.97 6.03426
1496.07 6.0345
1497.18 6.03473
1498.29 6.03496
1499.39 6.03519
1500.5 6.03543
1501.61 6.03566
1502.71 6.03589
1503.82 6.03612
1504.93 6.03635
1506.04 6.03658
1507.14 6.03681
1508.25 6.03704
1509.36 6.03728
1510.47 6.03751
1511.57 6.03774
1512.68 6.03797
1513.79 6.0382
1514.9 6.03843
1516 6.03865
1517.11 6.03888
1518.22 6.03911
1519.33 6.03934
1520.44 6.03957
1521.54 6.0398
1522.65 6.04003
1523.76 6.04026
1524.87 6.04048
1525.98 6.04071
1527.08 6.04094
1528.19 6.04117
1529.3 6.04139
1530.41 6.04162
1531.52 6.04185
1532.62 6.04208
1533.73 6.0423
1534.84 6.04253
1535.95 6.04275
1537.06 6.04298
1538.17 6.04321
1539.28 6.04343
1540.38 6.04366
1541.49 6.04388
1542.6 6.04411
1543.71 6.04433
1544.82 6.04456
1545.93 6.04478
1547.04 6.04501
1548.15 6.04523
1549.26 6.04545
1550.36 6.04568
1551.47 6.0459
1552.58 6.04613
1553.69 6.04635
1554.8 6.04657
1555.91 6.0468
1557.02 6.04702
1558.13 6.04724
1559.24 6.04746
1560.35 6.04769
1561.46 6.04791
1562.57 6.04813
1563.68 6.04835
1564.79 6.04857
1565.9 6.0488
1567.01 6.04902
1568.12 6.04924
1569.23 6.04946
1570.34 6.04968
1571.45 6.0499
1572.56 6.05012
1573.67 6.05034
1574.78 6.05056
1575.89 6.05078
1577 6.051
1578.11 6.05122
1579.22 6.05144
1580.33 6.05166
1581.44 6.05188
1582.55 6.0521
1583.66 6.05232
1584.77 6.05254
1585.88 6.05275
1586.99 6.05297
1588.1 6.05319
1589.21 6.05341
1590.32 6.05363
1591.43 6.05384
1592.54 6.05406
1593.65 6.05428
1594.76 6.0545
1595.88 6.05471
1596.99 6.05493
1598.1 6.05515
1599.21 6.05536
1600.32 6.05558
1601.43 6.05579
1602.54 6.05601
1603.65 6.05623
1604.76 6.05644
1605.88 6.05666
1606.99 6.05687
1608.1 6.05709
1609.21 6.0573
1610.32 6.05752
1611.43 6.05773
1612.54 6.05795
1613.66 6.05816
1614.77 6.05838
1615.88 6.05859
1616.99 6.0588
1618.1 6.05902
1619.21 6.05923
1620.33 6.05945
1621.44 6.05966
1622.55 6.05987
1623.66 6.06008
1624.77 6.0603
1625.89 6.06051
1627 6.06072
1628.11 6.06094
1629.22 6.06115
1630.33 6.06136
1631.45 6.06157
1632.56 6.06178
1633.67 6.06199
1634.78 6.06221
1635.9 6.06242
1637.01 6.06263
1638.12 6.06284
1639.23 6.06305
1640.35 6.06326
1641.46 6.06347
1642.57 6.06368
1643.69 6.06389
1644.8 6.0641
1645.91 6.06431
1647.02 6.06452
1648.14 6.06473
1649.25 6.06494
1650.36 6.06515
1651.48 6.06536
1652.59 6.06557
1653.7 6.06578
1654.81 6.06598
1655.93 6.06619
1657.04 6.0664
1658.15 6.06661
1659.27 6.06682
1660.38 6.06702
1661.49 6.06723
1662.61 6.06744
1663.72 6.06765
1664.84 6.06785
1665.95 6.06806
1667.06 6.06827
1668.18 6.06847
1669.29 6.06868
1670.4 6.06889
1671.52 6.06909
1672.63 6.0693
1673.74 6.06951
1674.86 6.06971
1675.97 6.06992
1677.09 6.07012
1678.2 6.07033
1679.31 6.07053
1680.43 6.07074
1681.54 6.07094
1682.66 6.07115
1683.77 6.07135
1684.89 6.07156
1686 6.07176
1687.11 6.07197
1688.23 6.07217
1689.34 6.07237
1690.46 6.07258
1691.57 6.07278
1692.69 6.07298
1693.8 6.07319
1694.92 6.07339
1696.03 6.07359
1697.15 6.0738
1698.26 6.074
1699.37 6.0742
1700.49 6.0744
1701.6 6.07461
1702.72 6.07481
1703.83 6.07501
1704.95 6.07521
1706.06 6.07541
1707.18 6.07562
1708.29 6.07582
1709.41 6.07602
1710.52 6.07622
1711.64 6.07642
1712.76 6.07662
1713.87 6.07682
1714.99 6.07702
1716.1 6.07722
1717.22 6.07742
1718.33 6.07762
1719.45 6.07782
1720.56 6.07802
1721.68 6.07822
1722.79 6.07842
1723.91 6.07862
1725.03 6.07882
1726.14 6.07902
1727.26 6.07922
1728.37 6.07942
1729.49 6.07962
1730.61 6.07982
1731.72 6.08001
1732.84 6.08021
1733.95 6.08041
1735.07 6.08061
1736.19 6.08081
1737.3 6.08101
1738.42 6.0812
1739.53 6.0814
1740.65 6.0816
1741.77 6.08179
1742.88 6.08199
1744 6.08219
1745.12 6.08239
1746.23 6.08258
1747.35 6.08278
1748.47 6.08297
1749.58 6.08317
1750.7 6.08337
1751.82 6.08356
1752.93 6.08376
1754.05 6.08395
1755.17 6.08415
1756.28 6.08435
1757.4 6.08454
1758.52 6.08474
1759.63 6.08493
1760.75 6.08513
1761.87 6.08532
1762.98 6.08552
1764.1 6.08571
1765.22 6.0859
1766.34 6.0861
1767.45 6.08629
1768.57 6.08649
1769.69 6.08668
1770.8 6.08687
1771.92 6.08707
1773.04 6.08726
1774.16 6.08745
1775.27 6.08765
1776.39 6.08784
1777.51 6.08803
1778.63 6.08823
1779.74 6.08842
1780.86 6.08861
1781.98 6.0888
1783.1 6.089
1784.22 6.08919
1785.33 6.08938
1786.45 6.08957
1787.57 6.08976
1788.69 6.08996
1789.81 6.09015
1790.92 6.09034
1792.04 6.09053
1793.16 6.09072
1794.28 6.09091
1795.4 6.0911
1796.51 6.09129
1797.63 6.09148
1798.75 6.09167
1799.87 6.09186
1800.99 6.09205
1802.11 6.09224
1803.22 6.09243
1804.34 6.09262
1805.46 6.09281
1806.58 6.093
1807.7 6.09319
1808.82 6.09338
1809.94 6.09357
1811.05 6.09376
1812.17 6.09395
1813.29 6.09414
1814.41 6.09433
1815.53 6.09451
1816.65 6.0947
1817.77 6.09489
1818.89 6.09508
1820.01 6.09527
1821.12 6.09545
1822.24 6.09564
1823.36 6.09583
1824.48 6.09602
1825.6 6.0962
1826.72 6.09639
1827.84 6.09658
1828.96 6.09677
1830.08 6.09695
1831.2 6.09714
1832.32 6.09733
1833.44 6.09751
1834.56 6.0977
1835.68 6.09789
1836.8 6.09807
1837.91 6.09826
1839.03 6.09844
1840.15 6.09863
1841.27 6.09881
1842.39 6.099
1843.51 6.09918
1844.63 6.09937
1845.75 6.09956
1846.87 6.09974
1847.99 6.09993
1849.11 6.10011
1850.23 6.10029
1851.35 6.10048
1852.47 6.10066
1853.59 6.10085
1854.71 6.10103
1855.83 6.10122
1856.95 6.1014
1858.07 6.10158
1859.19 6.10177
1860.31 6.10195
1861.44 6.10213
1862.56 6.10232
1863.68 6.1025
1864.8 6.10268
1865.92 6.10287
1867.04 6.10305
1868.16 6.10323
1869.28 6.10341
1870.4 6.1036
1871.52 6.10378
1872.64 6.10396
1873.76 6.10414
1874.88 6.10433
1876 6.10451
1877.12 6.10469
1878.25 6.10487
1879.37 6.10505
1880.49 6.10523
1881.61 6.10541
1882.73 6.1056
1883.85 6.10578
1884.97 6.10596
1886.09 6.10614
1887.21 6.10632
1888.34 6.1065
1889.46 6.10668
1890.58 6.10686
1891.7 6.10704
1892.82 6.10722
1893.94 6.1074
1895.06 6.10758
1896.19 6.10776
1897.31 6.10794
1898.43 6.10812
1899.55 6.1083
1900.67 6.10848
1901.79 6.10866
1902.92 6.10884
1904.04 6.10901
1905.16 6.10919
1906.28 6.10937
1907.4 6.10955
1908.52 6.10973
1909.65 6.10991
1910.77 6.11009
1911.89 6.11026
1913.01 6.11044
1914.13 6.11062
1915.26 6.1108
1916.38 6.11098
1917.5 6.11115
1918.62 6.11133
1919.75 6.11151
1920.87 6.11169
1921.99 6.11186
1923.11 6.11204
1924.24 6.11222
1925.36 6.11239
1926.48 6.11257
1927.6 6.11275
1928.73 6.11292
1929.85 6.1131
1930.97 6.11328
1932.09 6.11345
1933.22 6.11363
1934.34 6.1138
1935.46 6.11398
1936.58 6.11415
1937.71 6.11433
1938.83 6.11451
1939.95 6.11468
1941.08 6.11486
1942.2 6.11503
1943.32 6.11521
1944.44 6.11538
1945.57 6.11556
1946.69 6.11573
1947.81 6.11591
1948.94 6.11608
1950.06 6.11625
1951.18 6.11643
1952.31 6.1166
1953.43 6.11678
1954.55 6.11695
1955.68 6.11712
1956.8 6.1173
1957.92 6.11747
1959.05 6.11764
1960.17 6.11782
1961.29 6.11799
1962.42 6.11816
1963.54 6.11834
1964.67 6.11851
1965.79 6.11868
1966.91 6.11886
1968.04 6.11903
1969.16 6.1192
1970.28 6.11937
1971.41 6.11955
1972.53 6.11972
1973.66 6.11989
1974.78 6.12006
1975.9 6.12023
1977.03 6.12041
1978.15 6.12058
1979.28 6.12075
1980.4 6.12092
1981.52 6.12109
1982.65 6.12126
1983.77 6.12143
1984.9 6.12161
1986.02 6.12178
1987.15 6.12195
1988.27 6.12212
1989.39 6.12229
1990.52 6.12246
1991.64 6.12263
1992.77 6.1228
1993.89 6.12297
1995.02 6.12314
1996.14 6.12331
1997.27 6.12348
1998.39 6.12365
1999.52 6.12382
2000.64 6.12399
2001.77 6.12416
2002.89 6.12433
2004.02 6.1245
2005.14 6.12467
2006.27 6.12483
2007.39 6.125
2008.52 6.12517
2009.64 6.12534
2010.77 6.12551
2011.89 6.12568
2013.02 6.12585
2014.14 6.12601
2015.27 6.12618
2016.39 6.12635
2017.52 6.12652
2018.64 6.12669
2019.77 6.12685
2020.89 6.12702
2022.02 6.12719
2023.14 6.12736
2024.27 6.12752
2025.39 6.12769
2026.52 6.12786
2027.65 6.12803
2028.77 6.12819
2029.9 6.12836
2031.02 6.12853
2032.15 6.12869
2033.27 6.12886
2034.4 6.12903
2035.53 6.12919
2036.65 6.12936
2037.78 6.12953
2038.9 6.12969
2040.03 6.12986
2041.15 6.13002
2042.28 6.13019
2043.41 6.13035
2044.53 6.13052
2045.66 6.13069
2046.79 6.13085
2047.91 6.13102
2049.04 6.13118
2050.16 6.13135
2051.29 6.13151
2052.42 6.13168
2053.54 6.13184
2054.67 6.13201
2055.8 6.13217
2056.92 6.13234
2058.05 6.1325
2059.17 6.13266
2060.3 6.13283
2061.43 6.13299
2062.55 6.13316
2063.68 6.13332
2064.81 6.13348
2065.93 6.13365
2067.06 6.13381
2068.19 6.13398
2069.31 6.13414
2070.44 6.1343
2071.57 6.13446
2072.7 6.13463
2073.82 6.13479
2074.95 6.13495
