0 0
-0.0673351 -0.0739323
-0.149375 -0.147939
-0.24605 -0.222096
-0.357303 -0.296482
-0.483087 -0.371178
-0.623366 -0.446266
-0.778113 -0.521834
-0.947311 -0.597971
-1.13095 -0.674772
-1.32903 -0.752333
-1.54154 -0.830757
-1.76849 -0.910149
-2.00989 -0.990619
-2.26573 -1.07228
-2.53602 -1.15525
-2.82072 -1.23963
-3.11982 -1.32555
-3.43324 -1.4131
-3.76091 -1.50238
-4.1027 -1.59345
-4.45842 -1.68634
-4.82784 -1.78103
-5.21066 -1.87742
-5.60651 -1.97533
-6.01496 -2.07442
-6.43555 -2.17426
-6.86778 -2.27423
-7.31119 -2.37357
-7.76539 -2.47144
-8.23006 -2.56696
-8.705 -2.65927
-9.19011 -2.74767
-9.68532 -2.83163
-10.1906 -2.91081
-10.7058 -2.9851
-11.2308 -3.05453
-11.7655 -3.11927
-12.3096 -3.17956
-12.8628 -3.23569
-13.4247 -3.28799
-13.995 -3.33676
-14.5733 -3.3823
-15.1593 -3.42491
-15.7526 -3.46484
-16.3528 -3.50234
-16.9597 -3.53762
-17.573 -3.57088
-18.1922 -3.60229
-18.8172 -3.63201
-19.4476 -3.66018
-20.0833 -3.68693
-20.724 -3.71237
-21.3694 -3.73661
-22.0195 -3.75974
-22.6739 -3.78183
-23.3325 -3.80297
-23.9952 -3.82323
-24.6617 -3.84265
-25.332 -3.86131
-26.0059 -3.87925
-26.6832 -3.89651
-27.3639 -3.91315
-28.0479 -3.92919
-28.7349 -3.94467
-29.425 -3.95964
-30.118 -3.9741
-30.8138 -3.9881
-31.5123 -4.00166
-32.2135 -4.01481
-32.9173 -4.02756
-33.6236 -4.03993
-34.3323 -4.05195
-35.0433 -4.06363
-35.7567 -4.07499
-36.4723 -4.08604
-37.1901 -4.0968
-37.91 -4.10729
-38.632 -4.1175
-39.356 -4.12746
-40.082 -4.13718
-40.8099 -4.14666
-41.5396 -4.15592
-42.2712 -4.16497
-43.0046 -4.17381
-43.7397 -4.18246
-44.4766 -4.19091
-45.2151 -4.19918
-45.9553 -4.20728
-46.6971 -4.21521
-47.4404 -4.22297
-48.1853 -4.23058
-48.9317 -4.23803
-49.6796 -4.24534
-50.4289 -4.25251
-51.1796 -4.25955
-51.9318 -4.26645
-52.6853 -4.27322
-53.4402 -4.27987
-54.1964 -4.2864
-54.9538 -4.29282
-55.7126 -4.29913
-56.4726 -4.30532
-57.2339 -4.31141
-57.9963 -4.3174
-58.76 -4.32329
-59.5248 -4.32909
-60.2908 -4.33479
-61.0579 -4.3404
-61.8262 -4.34592
-62.5955 -4.35136
-63.3659 -4.35671
-64.1374 -4.36199
-64.9099 -4.36718
-65.6835 -4.3723
-66.4581 -4.37734
-67.2337 -4.38231
-68.0102 -4.38721
-68.7878 -4.39204
-69.5663 -4.39681
-70.3458 -4.40151
-71.1262 -4.40614
-71.9075 -4.41071
-72.6898 -4.41522
-73.4729 -4.41967
-74.257 -4.42407
-75.0419 -4.4284
-75.8276 -4.43268
-76.6143 -4.43691
-77.4017 -4.44108
-78.19 -4.44521
-78.9791 -4.44928
-79.7691 -4.4533
-80.5598 -4.45727
-81.3514 -4.4612
-82.1437 -4.46508
-82.9368 -4.46891
-83.7306 -4.4727
-84.5252 -4.47645
-85.3206 -4.48016
-86.1167 -4.48382
-86.9135 -4.48744
-87.7111 -4.49102
-88.5093 -4.49456
-89.3083 -4.49807
-90.108 -4.50153
-90.9083 -4.50496
-91.7094 -4.50836
-92.5111 -4.51171
-93.3135 -4.51504
-94.1166 -4.51832
-94.9203 -4.52158
-95.7247 -4.5248
-96.5297 -4.52799
-97.3353 -4.53115
-98.1416 -4.53427
-98.9485 -4.53737
-99.756 -4.54043
-100.564 -4.54347
-101.373 -4.54648
-102.182 -4.54945
-102.992 -4.5524
-103.803 -4.55533
-104.614 -4.55822
-105.425 -4.56109
-106.238 -4.56393
-107.051 -4.56675
-107.864 -4.56954
-108.678 -4.57231
-109.492 -4.57505
-110.307 -4.57776
-111.123 -4.58046
-111.939 -4.58313
-112.756 -4.58578
-113.573 -4.5884
-114.391 -4.591
-115.209 -4.59358
-116.028 -4.59614
-116.847 -4.59868
-117.667 -4.60119
-118.487 -4.60369
-119.308 -4.60616
-120.129 -4.60862
-120.951 -4.61105
-121.773 -4.61347
-122.596 -4.61587
-123.419 -4.61824
-124.243 -4.6206
-125.067 -4.62294
-125.891 -4.62527
-126.716 -4.62757
-127.542 -4.62986
-128.368 -4.63213
-129.194 -4.63438
-130.021 -4.63661
-130.849 -4.63883
-131.677 -4.64103
-132.505 -4.64322
-133.333 -4.64539
-134.163 -4.64754
-134.992 -4.64968
-135.822 -4.65181
-136.652 -4.65391
-137.483 -4.65601
-138.314 -4.65809
-139.146 -4.66015
-139.978 -4.6622
-140.811 -4.66423
-141.643 -4.66625
-142.477 -4.66826
-143.31 -4.67025
-144.144 -4.67223
-144.979 -4.6742
-145.814 -4.67615
-146.649 -4.67809
-147.485 -4.68002
-148.321 -4.68194
-149.157 -4.68384
-149.994 -4.68573
-150.831 -4.68761
-151.669 -4.68947
-152.507 -4.69132
-153.345 -4.69317
-154.183 -4.69499
-155.022 -4.69681
-155.862 -4.69862
-156.702 -4.70042
-157.542 -4.7022
-158.382 -4.70397
-159.223 -4.70573
-160.064 -4.70749
-160.906 -4.70923
-161.747 -4.71096
-162.59 -4.71268
-163.432 -4.71439
-164.275 -4.71608
-165.118 -4.71777
-165.962 -4.71945
-166.806 -4.72112
-167.65 -4.72278
-168.495 -4.72443
-169.34 -4.72607
-170.185 -4.7277
-171.03 -4.72932
-171.876 -4.73093
-172.722 -4.73254
-173.569 -4.73413
-174.416 -4.73571
-175.263 -4.73729
-176.11 -4.73886
-176.958 -4.74042
-177.806 -4.74196
-178.655 -4.74351
-179.503 -4.74504
-180.352 -4.74656
-181.202 -4.74808
-182.051 -4.74959
-182.901 -4.75109
-183.751 -4.75258
-184.602 -4.75406
-185.453 -4.75554
-186.304 -4.757
-187.155 -4.75846
-188.007 -4.75992
-188.859 -4.76136
-189.711 -4.7628
-190.564 -4.76423
-191.417 -4.76565
-192.27 -4.76707
-193.123 -4.76848
-193.977 -4.76988
-194.831 -4.77127
-195.685 -4.77266
-196.54 -4.77404
-197.395 -4.77541
-198.25 -4.77678
-199.105 -4.77813
-199.961 -4.77949
-200.817 -4.78083
-201.673 -4.78217
-202.529 -4.78351
-203.386 -4.78483
-204.243 -4.78615
-205.1 -4.78747
-205.958 -4.78877
-206.815 -4.79007
-207.673 -4.79137
-208.532 -4.79266
-209.39 -4.79394
-210.249 -4.79522
-211.108 -4.79649
-211.967 -4.79775
-212.827 -4.79901
-213.687 -4.80026
-214.547 -4.80151
-215.407 -4.80275
-216.268 -4.80399
-217.128 -4.80522
-217.99 -4.80644
-218.851 -4.80766
-219.712 -4.80887
-220.574 -4.81008
-221.436 -4.81128
-222.298 -4.81248
-223.161 -4.81367
-224.024 -4.81486
-224.887 -4.81604
-225.75 -4.81721
-226.613 -4.81839
-227.477 -4.81955
-228.341 -4.82071
-229.205 -4.82187
-230.069 -4.82302
-230.934 -4.82416
-231.799 -4.82531
-232.664 -4.82644
-233.529 -4.82757
-234.395 -4.8287
-235.261 -4.82982
-236.127 -4.83094
-236.993 -4.83205
-237.859 -4.83316
-238.726 -4.83426
-239.593 -4.83536
-240.46 -4.83645
-241.327 -4.83754
-242.195 -4.83863
-243.062 -4.83971
-243.93 -4.84078
-244.798 -4.84186
-245.667 -4.84292
-246.535 -4.84399
-247.404 -4.84504
-248.273 -4.8461
-249.142 -4.84715
-250.012 -4.8482
-250.881 -4.84924
-251.751 -4.85027
-252.621 -4.85131
-253.492 -4.85234
-254.362 -4.85336
-255.233 -4.85438
-256.104 -4.8554
-256.975 -4.85642
-257.846 -4.85743
-258.718 -4.85843
-259.589 -4.85943
-260.461 -4.86043
-261.333 -4.86143
-262.206 -4.86242
-263.078 -4.8634
-263.951 -4.86439
-264.824 -4.86537
-265.697 -4.86634
-266.57 -4.86731
-267.443 -4.86828
-268.317 -4.86925
-269.191 -4.87021
-270.065 -4.87117
-270.939 -4.87212
-271.814 -4.87307
-272.688 -4.87402
-273.563 -4.87496
-274.438 -4.8759
-275.313 -4.87684
-276.189 -4.87777
-277.064 -4.8787
-277.94 -4.87963
-278.816 -4.88055
-279.692 -4.88147
-280.568 -4.88239
-281.445 -4.8833
-282.321 -4.88421
-283.198 -4.88512
-284.075 -4.88603
-284.953 -4.88693
-285.83 -4.88782
-286.707 -4.88872
-287.585 -4.88961
-288.463 -4.8905
-289.341 -4.89138
-290.22 -4.89227
-291.098 -4.89314
-291.977 -4.89402
-292.855 -4.89489
-293.734 -4.89576
-294.614 -4.89663
-295.493 -4.8975
-296.372 -4.89836
-297.252 -4.89921
-298.132 -4.90007
-299.012 -4.90092
-299.892 -4.90177
-300.772 -4.90262
-301.653 -4.90346
-302.534 -4.9043
-303.415 -4.90514
-304.296 -4.90598
-305.177 -4.90681
-306.058 -4.90764
-306.94 -4.90847
-307.821 -4.9093
-308.703 -4.91012
-309.585 -4.91094
-310.467 -4.91175
-311.35 -4.91257
-312.232 -4.91338
-313.115 -4.91419
-313.998 -4.915
-314.881 -4.9158
-315.764 -4.9166
-316.647 -4.9174
-317.531 -4.9182
-318.414 -4.91899
-319.298 -4.91978
-320.182 -4.92057
-321.066 -4.92136
-321.951 -4.92214
-322.835 -4.92292
-323.72 -4.9237
-324.604 -4.92448
-325.489 -4.92525
-326.374 -4.92602
-327.259 -4.92679
-328.145 -4.92756
-329.03 -4.92833
-329.916 -4.92909
-330.802 -4.92985
-331.688 -4.93061
-332.574 -4.93136
-333.46 -4.93212
-334.347 -4.93287
-335.233 -4.93361
-336.12 -4.93436
-337.007 -4.93511
-337.894 -4.93585
-338.781 -4.93659
-339.668 -4.93733
-340.556 -4.93806
-341.443 -4.93879
-342.331 -4.93952
-343.219 -4.94025
-344.107 -4.94098
-344.995 -4.94171
-345.884 -4.94243
-346.772 -4.94315
-347.661 -4.94387
-348.55 -4.94458
-349.439 -4.9453
-350.328 -4.94601
-351.217 -4.94672
-352.106 -4.94743
-352.996 -4.94813
-353.885 -4.94884
-354.775 -4.94954
-355.665 -4.95024
-356.555 -4.95094
-357.445 -4.95163
-358.336 -4.95233
-359.226 -4.95302
-360.117 -4.95371
-361.007 -4.9544
-361.898 -4.95509
-362.789 -4.95577
-363.68 -4.95645
-364.572 -4.95714
-365.463 -4.95781
-366.355 -4.95849
-367.246 -4.95917
-368.138 -4.95984
-369.03 -4.96051
-369.922 -4.96118
-370.814 -4.96185
-371.707 -4.96251
-372.599 -4.96318
-373.492 -4.96384
-374.385 -4.9645
-375.278 -4.96516
-376.171 -4.96582
-377.064 -4.96647
-377.957 -4.96713
-378.851 -4.96778
-379.744 -4.96843
-380.638 -4.96908
-381.532 -4.96972
-382.426 -4.97037
-383.32 -4.97101
-384.214 -4.97165
-385.108 -4.97229
-386.003 -4.97293
-386.897 -4.97357
-387.792 -4.9742
-388.687 -4.97483
-389.582 -4.97547
-390.477 -4.9761
-391.372 -4.97672
-392.267 -4.97735
-393.163 -4.97798
-394.059 -4.9786
-394.954 -4.97922
-395.85 -4.97984
-396.746 -4.98046
-397.642 -4.98108
-398.538 -4.98169
-399.435 -4.98231
-400.331 -4.98292
-401.228 -4.98353
-402.124 -4.98414
-403.021 -4.98475
-403.918 -4.98535
-404.815 -4.98596
-405.712 -4.98656
-406.61 -4.98716
-407.507 -4.98776
-408.405 -4.98836
-409.302 -4.98896
-410.2 -4.98955
-411.098 -4.99015
-411.996 -4.99074
-412.894 -4.99133
-413.793 -4.99192
-414.691 -4.99251
-415.589 -4.9931
-416.488 -4.99368
-417.387 -4.99427
-418.286 -4.99485
-419.185 -4.99543
-420.084 -4.99601
-420.983 -4.99659
-421.882 -4.99717
-422.782 -4.99774
-423.681 -4.99832
-424.581 -4.99889
-425.481 -4.99946
-426.381 -5.00003
-427.281 -5.0006
-428.181 -5.00117
-429.081 -5.00173
-429.981 -5.0023
-430.882 -5.00286
-431.782 -5.00343
-432.683 -5.00399
-433.584 -5.00455
-434.485 -5.0051
-435.386 -5.00566
-436.287 -5.00622
-437.188 -5.00677
-438.089 -5.00732
-438.991 -5.00788
-439.893 -5.00843
-440.794 -5.00898
-441.696 -5.00952
-442.598 -5.01007
-443.5 -5.01062
-444.402 -5.01116
-445.304 -5.0117
-446.207 -5.01225
-447.109 -5.01279
-448.012 -5.01333
-448.914 -5.01386
-449.817 -5.0144
-450.72 -5.01494
-451.623 -5.01547
-452.526 -5.016
-453.429 -5.01654
-454.333 -5.01707
-455.236 -5.0176
-456.139 -5.01812
-457.043 -5.01865
-457.947 -5.01918
-458.851 -5.0197
-459.755 -5.02023
-460.659 -5.02075
-461.563 -5.02127
-462.467 -5.02179
-463.371 -5.02231
-464.276 -5.02283
-465.18 -5.02334
-466.085 -5.02386
-466.99 -5.02438
-467.895 -5.02489
-468.8 -5.0254
-469.705 -5.02591
-470.61 -5.02642
-471.515 -5.02693
-472.421 -5.02744
-473.326 -5.02795
-474.232 -5.02845
-475.137 -5.02896
-476.043 -5.02946
-476.949 -5.02996
-477.855 -5.03047
-478.761 -5.03097
-479.667 -5.03147
-480.574 -5.03196
-481.48 -5.03246
-482.387 -5.03296
-483.293 -5.03345
-484.2 -5.03395
-485.107 -5.03444
-486.014 -5.03493
-486.921 -5.03542
-487.828 -5.03591
-488.735 -5.0364
-489.642 -5.03689
-490.549 -5.03738
-491.457 -5.03786
-492.365 -5.03835
-493.272 -5.03883
-494.18 -5.03931
-495.088 -5.0398
-495.996 -5.04028
-496.904 -5.04076
-497.812 -5.04124
-498.72 -5.04171
-499.629 -5.04219
-500.537 -5.04267
-501.446 -5.04314
-502.354 -5.04362
-503.263 -5.04409
-504.172 -5.04456
-505.081 -5.04503
-505.99 -5.0455
-506.899 -5.04597
-507.808 -5.04644
-508.717 -5.04691
-509.627 -5.04737
-510.536 -5.04784
-511.446 -5.0483
-512.355 -5.04877
-513.265 -5.04923
-514.175 -5.04969
-515.085 -5.05015
-515.995 -5.05061
-516.905 -5.05107
-517.815 -5.05153
-518.725 -5.05199
-519.636 -5.05244
-520.546 -5.0529
-521.457 -5.05335
-522.368 -5.05381
-523.278 -5.05426
-524.189 -5.05471
-525.1 -5.05516
-526.011 -5.05561
-526.922 -5.05606
-527.833 -5.05651
-528.745 -5.05696
-529.656 -5.0574
-530.568 -5.05785
-531.479 -5.0583
-532.391 -5.05874
-533.303 -5.05918
-534.214 -5.05963
-535.126 -5.06007
-536.038 -5.06051
-536.951 -5.06095
-537.863 -5.06139
-538.775 -5.06182
-539.687 -5.06226
-540.6 -5.0627
-541.512 -5.06313
-542.425 -5.06357
-543.338 -5.064
-544.25 -5.06444
-545.163 -5.06487
-546.076 -5.0653
-546.989 -5.06573
-547.903 -5.06616
-548.816 -5.06659
-549.729 -5.06702
-550.642 -5.06745
-551.556 -5.06787
-552.47 -5.0683
-553.383 -5.06872
-554.297 -5.06915
-555.211 -5.06957
-556.125 -5.06999
-557.039 -5.07042
-557.953 -5.07084
-558.867 -5.07126
-559.781 -5.07168
-560.695 -5.0721
-561.61 -5.07252
-562.524 -5.07293
-563.439 -5.07335
-564.354 -5.07377
-565.268 -5.07418
-566.183 -5.0746
-567.098 -5.07501
-568.013 -5.07542
-568.928 -5.07583
-569.843 -5.07625
-570.759 -5.07666
-571.674 -5.07707
-572.589 -5.07748
-573.505 -5.07788
-574.42 -5.07829
-575.336 -5.0787
-576.252 -5.07911
-577.168 -5.07951
-578.084 -5.07992
-579 -5.08032
-579.916 -5.08072
-580.832 -5.08113
-581.748 -5.08153
-582.664 -5.08193
-583.581 -5.08233
-584.497 -5.08273
-585.414 -5.08313
-586.33 -5.08353
-587.247 -5.08393
-588.164 -5.08432
-589.081 -5.08472
-589.998 -5.08512
-590.915 -5.08551
-591.832 -5.0859
-592.749 -5.0863
-593.666 -5.08669
-594.583 -5.08708
-595.501 -5.08748
-596.418 -5.08787
-597.336 -5.08826
-598.254 -5.08865
-599.171 -5.08904
-600.089 -5.08942
-601.007 -5.08981
-601.925 -5.0902
-602.843 -5.09058
-603.761 -5.09097
-604.679 -5.09135
-605.598 -5.09174
-606.516 -5.09212
-607.434 -5.09251
-608.353 -5.09289
-609.271 -5.09327
-610.19 -5.09365
-611.109 -5.09403
-612.028 -5.09441
-612.947 -5.09479
-613.865 -5.09517
-614.784 -5.09555
-615.704 -5.09592
-616.623 -5.0963
-617.542 -5.09668
-618.461 -5.09705
-619.381 -5.09743
-620.3 -5.0978
-621.22 -5.09817
-622.139 -5.09855
-623.059 -5.09892
-623.979 -5.09929
-624.899 -5.09966
-625.819 -5.10003
-626.739 -5.1004
-627.659 -5.10077
-628.579 -5.10114
-629.499 -5.10151
-630.42 -5.10187
-631.34 -5.10224
-632.26 -5.10261
-633.181 -5.10297
-634.102 -5.10334
-635.022 -5.1037
-635.943 -5.10407
-636.864 -5.10443
-637.785 -5.10479
-638.706 -5.10515
-639.627 -5.10552
-640.548 -5.10588
-641.469 -5.10624
-642.39 -5.1066
-643.311 -5.10696
-644.233 -5.10731
-645.154 -5.10767
-646.076 -5.10803
-646.997 -5.10839
-647.919 -5.10874
-648.841 -5.1091
-649.763 -5.10945
-650.685 -5.10981
-651.607 -5.11016
-652.529 -5.11052
-653.451 -5.11087
-654.373 -5.11122
-655.295 -5.11157
-656.217 -5.11192
-657.14 -5.11228
-658.062 -5.11263
-658.985 -5.11297
-659.907 -5.11332
-660.83 -5.11367
-661.753 -5.11402
-662.676 -5.11437
-663.598 -5.11471
-664.521 -5.11506
-665.444 -5.11541
-666.368 -5.11575
-667.291 -5.1161
-668.214 -5.11644
-669.137 -5.11678
-670.061 -5.11713
-670.984 -5.11747
-671.907 -5.11781
-672.831 -5.11815
-673.755 -5.11849
-674.678 -5.11883
-675.602 -5.11917
-676.526 -5.11951
-677.45 -5.11985
-678.374 -5.12019
-679.298 -5.12053
-680.222 -5.12087
-681.146 -5.1212
-682.07 -5.12154
-682.995 -5.12188
-683.919 -5.12221
-684.844 -5.12255
-685.768 -5.12288
-686.693 -5.12321
-687.617 -5.12355
-688.542 -5.12388
-689.467 -5.12421
-690.392 -5.12455
-691.317 -5.12488
-692.242 -5.12521
-693.167 -5.12554
-694.092 -5.12587
-695.017 -5.1262
-695.942 -5.12653
-696.867 -5.12685
-697.793 -5.12718
-698.718 -5.12751
-699.644 -5.12784
-700.569 -5.12816
-701.495 -5.12849
-702.421 -5.12882
-703.346 -5.12914
-704.272 -5.12947
-705.198 -5.12979
-706.124 -5.13011
-707.05 -5.13044
-707.976 -5.13076
-708.902 -5.13108
-709.829 -5.1314
-710.755 -5.13173
-711.681 -5.13205
-712.608 -5.13237
-713.534 -5.13269
-714.461 -5.13301
-715.387 -5.13333
-716.314 -5.13364
-717.24 -5.13396
-718.167 -5.13428
-719.094 -5.1346
-720.021 -5.13491
-720.948 -5.13523
-721.875 -5.13555
-722.802 -5.13586
-723.729 -5.13618
-724.657 -5.13649
-725.584 -5.1368
-726.511 -5.13712
-727.439 -5.13743
-728.366 -5.13774
-729.294 -5.13805
-730.221 -5.13837
-731.149 -5.13868
-732.077 -5.13899
-733.005 -5.1393
-733.933 -5.13961
-734.86 -5.13992
-735.788 -5.14023
-736.716 -5.14054
-737.645 -5.14084
-738.573 -5.14115
-739.501 -5.14146
-740.429 -5.14177
-741.358 -5.14207
-742.286 -5.14238
-743.214 -5.14268
-744.143 -5.14299
-745.072 -5.14329
-746 -5.1436
-746.929 -5.1439
-747.858 -5.1442
-748.787 -5.14451
-749.715 -5.14481
-750.644 -5.14511
-751.573 -5.14541
-752.503 -5.14572
-753.432 -5.14602
-754.361 -5.14632
-755.29 -5.14662
-756.219 -5.14692
-757.149 -5.14722
-758.078 -5.14752
-759.008 -5.14781
-759.937 -5.14811
-760.867 -5.14841
-761.797 -5.14871
-762.726 -5.149
-763.656 -5.1493
-764.586 -5.1496
-765.516 -5.14989
-766.446 -5.15019
-767.376 -5.15048
-768.306 -5.15078
-769.236 -5.15107
-770.167 -5.15136
-771.097 -5.15166
-772.027 -5.15195
-772.958 -5.15224
-773.888 -5.15254
-774.819 -5.15283
-775.749 -5.15312
-776.68 -5.15341
-777.61 -5.1537
-778.541 -5.15399
-779.472 -5.15428
-780.403 -5.15457
-781.334 -5.15486
-782.265 -5.15515
-783.196 -5.15543
-784.127 -5.15572
-785.058 -5.15601
-785.989 -5.1563
-786.92 -5.15658
-787.852 -5.15687
-788.783 -5.15716
-789.715 -5.15744
-790.646 -5.15773
-791.578 -5.15801
-792.509 -5.1583
-793.441 -5.15858
-794.372 -5.15886
-795.304 -5.15915
-796.236 -5.15943
-797.168 -5.15971
-798.1 -5.15999
-799.032 -5.16028
-799.964 -5.16056
-800.896 -5.16084
-801.828 -5.16112
-802.761 -5.1614
-803.693 -5.16168
-804.625 -5.16196
-805.557 -5.16224
-806.49 -5.16252
-807.422 -5.1628
-808.355 -5.16307
-809.288 -5.16335
-810.22 -5.16363
-811.153 -5.16391
-812.086 -5.16418
-813.019 -5.16446
-813.952 -5.16474
-814.885 -5.16501
-815.818 -5.16529
-816.751 -5.16556
-817.684 -5.16584
-818.617 -5.16611
-819.55 -5.16639
-820.483 -5.16666
-821.417 -5.16693
-822.35 -5.1672
-823.284 -5.16748
-824.217 -5.16775
-825.151 -5.16802
-826.084 -5.16829
-827.018 -5.16856
-827.952 -5.16884
-828.885 -5.16911
-829.819 -5.16938
-830.753 -5.16965
-831.687 -5.16992
-832.621 -5.17018
-833.555 -5.17045
-834.489 -5.17072
-835.423 -5.17099
-836.357 -5.17126
-837.292 -5.17153
-838.226 -5.17179
-839.16 -5.17206
-840.095 -5.17233
-841.029 -5.17259
-841.964 -5.17286
-842.898 -5.17312
-843.833 -5.17339
-844.768 -5.17365
-845.702 -5.17392
-846.637 -5.17418
-847.572 -5.17445
-848.507 -5.17471
-849.442 -5.17497
-850.377 -5.17524
-851.312 -5.1755
-852.247 -5.17576
-853.182 -5.17602
-854.117 -5.17628
-855.053 -5.17655
-855.988 -5.17681
-856.923 -5.17707
-857.859 -5.17733
-858.794 -5.17759
-859.73 -5.17785
-860.665 -5.17811
-861.601 -5.17837
-862.537 -5.17862
-863.472 -5.17888
-864.408 -5.17914
-865.344 -5.1794
-866.28 -5.17966
-867.216 -5.17991
-868.152 -5.18017
-869.088 -5.18043
-870.024 -5.18068
-870.96 -5.18094
-871.896 -5.18119
-872.832 -5.18145
-873.769 -5.1817
-874.705 -5.18196
-875.641 -5.18221
-876.578 -5.18247
-877.514 -5.18272
-878.451 -5.18298
-879.388 -5.18323
-880.324 -5.18348
-881.261 -5.18373
-882.198 -5.18399
-883.134 -5.18424
-884.071 -5.18449
-885.008 -5.18474
-885.945 -5.18499
-886.882 -5.18524
-887.819 -5.18549
-888.756 -5.18574
-889.693 -5.18599
-890.631 -5.18624
-891.568 -5.18649
-892.505 -5.18674
-893.443 -5.18699
-894.38 -5.18724
-895.317 -5.18749
-896.255 -5.18774
-897.192 -5.18798
-898.13 -5.18823
-899.068 -5.18848
-900.005 -5.18873
-900.943 -5.18897
-901.881 -5.18922
-902.819 -5.18946
-903.757 -5.18971
-904.695 -5.18996
-905.633 -5.1902
-906.571 -5.19044
-907.509 -5.19069
-908.447 -5.19093
-909.385 -5.19118
-910.323 -5.19142
-911.261 -5.19166
-912.2 -5.19191
-913.138 -5.19215
-914.077 -5.19239
-915.015 -5.19264
-915.954 -5.19288
-916.892 -5.19312
-917.831 -5.19336
-918.769 -5.1936
-919.708 -5.19384
-920.647 -5.19408
-921.586 -5.19432
-922.525 -5.19456
-923.464 -5.1948
-924.403 -5.19504
-925.342 -5.19528
-926.281 -5.19552
-927.22 -5.19576
-928.159 -5.196
-929.098 -5.19624
-930.037 -5.19648
-930.977 -5.19671
-931.916 -5.19695
-932.855 -5.19719
-933.795 -5.19742
-934.734 -5.19766
-935.674 -5.1979
-936.613 -5.19813
-937.553 -5.19837
-938.493 -5.1986
-939.432 -5.19884
-940.372 -5.19907
-941.312 -5.19931
-942.252 -5.19954
-943.192 -5.19978
-944.132 -5.20001
-945.072 -5.20025
-946.012 -5.20048
-946.952 -5.20071
-947.892 -5.20095
-948.832 -5.20118
-949.772 -5.20141
-950.713 -5.20164
-951.653 -5.20187
-952.593 -5.20211
-953.534 -5.20234
-954.474 -5.20257
-955.415 -5.2028
-956.355 -5.20303
-957.296 -5.20326
-958.237 -5.20349
-959.177 -5.20372
-960.118 -5.20395
-961.059 -5.20418
-962 -5.20441
-962.941 -5.20464
-963.882 -5.20487
-964.823 -5.20509
-965.764 -5.20532
-966.705 -5.20555
-967.646 -5.20578
-968.587 -5.20601
-969.528 -5.20623
-970.469 -5.20646
-971.411 -5.20669
-972.352 -5.20691
-973.293 -5.20714
-974.235 -5.20736
-975.176 -5.20759
-976.118 -5.20782
-977.059 -5.20804
-978.001 -5.20827
-978.943 -5.20849
-979.884 -5.20871
-980.826 -5.20894
-981.768 -5.20916
-982.71 -5.20939
-983.652 -5.20961
-984.593 -5.20983
-985.535 -5.21006
-986.477 -5.21028
-987.419 -5.2105
-988.362 -5.21072
-989.304 -5.21095
-990.246 -5.21117
-991.188 -5.21139
-992.13 -5.21161
-993.073 -5.21183
-994.015 -5.21205
-994.958 -5.21227
-995.9 -5.21249
-996.842 -5.21271
-997.785 -5.21293
-998.728 -5.21315
-999.67 -5.21337
-1000.61 -5.21359
-1001.56 -5.21381
-1002.5 -5.21403
-1003.44 -5.21425
-1004.38 -5.21447
-1005.33 -5.21469
-1006.27 -5.2149
-1007.21 -5.21512
-1008.16 -5.21534
-1009.1 -5.21556
-1010.04 -5.21577
-1010.99 -5.21599
-1011.93 -5.21621
-1012.87 -5.21642
-1013.82 -5.21664
-1014.76 -5.21686
-1015.7 -5.21707
-1016.65 -5.21729
-1017.59 -5.2175
-1018.53 -5.21772
-1019.48 -5.21793
-1020.42 -5.21815
-1021.36 -5.21836
-1022.31 -5.21857
-1023.25 -5.21879
-1024.19 -5.219
-1025.14 -5.21922
-1026.08 -5.21943
-1027.03 -5.21964
-1027.97 -5.21985
-1028.91 -5.22007
-1029.86 -5.22028
-1030.8 -5.22049
-1031.75 -5.2207
-1032.69 -5.22092
-1033.63 -5.22113
-1034.58 -5.22134
-1035.52 -5.22155
-1036.47 -5.22176
-1037.41 -5.22197
-1038.36 -5.22218
-1039.3 -5.22239
-1040.24 -5.2226
-1041.19 -5.22281
-1042.13 -5.22302
-1043.08 -5.22323
-1044.02 -5.22344
-1044.97 -5.22365
-1045.91 -5.22386
-1046.86 -5.22407
-1047.8 -5.22427
-1048.75 -5.22448
-1049.69 -5.22469
-1050.64 -5.2249
-1051.58 -5.22511
-1052.53 -5.22531
-1053.47 -5.22552
-1054.42 -5.22573
-1055.36 -5.22593
-1056.31 -5.22614
-1057.25 -5.22635
-1058.2 -5.22655
-1059.14 -5.22676
-1060.09 -5.22696
-1061.03 -5.22717
-1061.98 -5.22737
-1062.92 -5.22758
-1063.87 -5.22778
-1064.82 -5.22799
-1065.76 -5.22819
-1066.71 -5.2284
-1067.65 -5.2286
-1068.6 -5.22881
-1069.54 -5.22901
-1070.49 -5.22921
-1071.44 -5.22942
-1072.38 -5.22962
-1073.33 -5.22982
-1074.27 -5.23002
-1075.22 -5.23023
-1076.17 -5.23043
-1077.11 -5.23063
-1078.06 -5.23083
-1079 -5.23103
-1079.95 -5.23124
-1080.9 -5.23144
-1081.84 -5.23164
-1082.79 -5.23184
-1083.74 -5.23204
-1084.68 -5.23224
-1085.63 -5.23244
-1086.57 -5.23264
-1087.52 -5.23284
-1088.47 -5.23304
-1089.41 -5.23324
-1090.36 -5.23344
-1091.31 -5.23364
-1092.25 -5.23384
-1093.2 -5.23404
-1094.15 -5.23423
-1095.09 -5.23443
-1096.04 -5.23463
-1096.99 -5.23483
-1097.94 -5.23503
-1098.88 -5.23522
-1099.83 -5.23542
-1100.78 -5.23562
-1101.72 -5.23582
-1102.67 -5.23601
-1103.62 -5.23621
-1104.57 -5.23641
-1105.51 -5.2366
-1106.46 -5.2368
-1107.41 -5.23699
-1108.35 -5.23719
-1109.3 -5.23738
-1110.25 -5.23758
-1111.2 -5.23778
-1112.14 -5.23797
-1113.09 -5.23817
-1114.04 -5.23836
-1114.99 -5.23855
-1115.94 -5.23875
-1116.88 -5.23894
-1117.83 -5.23914
-1118.78 -5.23933
-1119.73 -5.23952
-1120.67 -5.23972
-1121.62 -5.23991
-1122.57 -5.2401
-1123.52 -5.2403
-1124.47 -5.24049
-1125.41 -5.24068
-1126.36 -5.24087
-1127.31 -5.24107
-1128.26 -5.24126
-1129.21 -5.24145
-1130.16 -5.24164
-1131.1 -5.24183
-1132.05 -5.24202
-1133 -5.24221
-1133.95 -5.2424
-1134.9 -5.2426
-1135.85 -5.24279
-1136.79 -5.24298
-1137.74 -5.24317
-1138.69 -5.24336
-1139.64 -5.24355
-1140.59 -5.24374
-1141.54 -5.24393
-1142.49 -5.24411
-1143.44 -5.2443
-1144.38 -5.24449
-1145.33 -5.24468
-1146.28 -5.24487
-1147.23 -5.24506
-1148.18 -5.24525
-1149.13 -5.24543
-1150.08 -5.24562
-1151.03 -5.24581
-1151.98 -5.246
-1152.93 -5.24618
-1153.88 -5.24637
-1154.82 -5.24656
-1155.77 -5.24675
-1156.72 -5.24693
-1157.67 -5.24712
-1158.62 -5.2473
-1159.57 -5.24749
-1160.52 -5.24768
-1161.47 -5.24786
-1162.42 -5.24805
-1163.37 -5.24823
-1164.32 -5.24842
-1165.27 -5.2486
-1166.22 -5.24879
-1167.17 -5.24897
-1168.12 -5.24916
-1169.07 -5.24934
-1170.02 -5.24953
-1170.97 -5.24971
-1171.92 -5.2499
-1172.87 -5.25008
-1173.82 -5.25026
-1174.77 -5.25045
-1175.72 -5.25063
-1176.67 -5.25081
-1177.62 -5.251
-1178.57 -5.25118
-1179.52 -5.25136
-1180.47 -5.25154
-1181.42 -5.25173
-1182.37 -5.25191
-1183.32 -5.25209
-1184.27 -5.25227
-1185.22 -5.25245
-1186.17 -5.25263
-1187.12 -5.25282
-1188.07 -5.253
-1189.02 -5.25318
-1189.97 -5.25336
-1190.92 -5.25354
-1191.88 -5.25372
-1192.83 -5.2539
-1193.78 -5.25408
-1194.73 -5.25426
-1195.68 -5.25444
-1196.63 -5.25462
-1197.58 -5.2548
-1198.53 -5.25498
-1199.48 -5.25516
-1200.43 -5.25534
-1201.38 -5.25552
-1202.34 -5.2557
-1203.29 -5.25587
-1204.24 -5.25605
-1205.19 -5.25623
-1206.14 -5.25641
-1207.09 -5.25659
-1208.04 -5.25677
-1208.99 -5.25694
-1209.95 -5.25712
-1210.9 -5.2573
-1211.85 -5.25748
-1212.8 -5.25765
-1213.75 -5.25783
-1214.7 -5.25801
-1215.65 -5.25818
-1216.61 -5.25836
-1217.56 -5.25854
-1218.51 -5.25871
-1219.46 -5.25889
-1220.41 -5.25906
-1221.36 -5.25924
-1222.32 -5.25941
-1223.27 -5.25959
-1224.22 -5.25976
-1225.17 -5.25994
-1226.12 -5.26011
-1227.08 -5.26029
-1228.03 -5.26046
-1228.98 -5.26064
-1229.93 -5.26081
-1230.89 -5.26099
-1231.84 -5.26116
-1232.79 -5.26134
-1233.74 -5.26151
-1234.69 -5.26168
-1235.65 -5.26186
-1236.6 -5.26203
-1237.55 -5.2622
-1238.5 -5.26238
-1239.46 -5.26255
-1240.41 -5.26272
-1241.36 -5.26289
-1242.31 -5.26307
-1243.27 -5.26324
-1244.22 -5.26341
-1245.17 -5.26358
-1246.12 -5.26375
-1247.08 -5.26393
-1248.03 -5.2641
-1248.98 -5.26427
-1249.94 -5.26444
-1250.89 -5.26461
-1251.84 -5.26478
-1252.79 -5.26495
-1253.75 -5.26512
-1254.7 -5.26529
-1255.65 -5.26546
-1256.61 -5.26563
-1257.56 -5.2658
-1258.51 -5.26597
-1259.47 -5.26614
-1260.42 -5.26631
-1261.37 -5.26648
-1262.33 -5.26665
-1263.28 -5.26682
-1264.23 -5.26699
-1265.19 -5.26716
-1266.14 -5.26733
-1267.09 -5.2675
-1268.05 -5.26767
-1269 -5.26783
-1269.95 -5.268
-1270.91 -5.26817
-1271.86 -5.26834
-1272.81 -5.26851
-1273.77 -5.26867
-1274.72 -5.26884
-1275.68 -5.26901
-1276.63 -5.26918
-1277.58 -5.26934
-1278.54 -5.26951
-1279.49 -5.26968
-1280.44 -5.26984
-1281.4 -5.27001
-1282.35 -5.27018
-1283.31 -5.27034
-1284.26 -5.27051
-1285.22 -5.27067
-1286.17 -5.27084
-1287.12 -5.27101
-1288.08 -5.27117
-1289.03 -5.27134
-1289.99 -5.2715
-1290.94 -5.27167
-1291.89 -5.27183
-1292.85 -5.272
-1293.8 -5.27216
-1294.76 -5.27233
-1295.71 -5.27249
-1296.67 -5.27266
-1297.62 -5.27282
-1298.58 -5.27298
-1299.53 -5.27315
-1300.49 -5.27331
-1301.44 -5.27348
-1302.39 -5.27364
-1303.35 -5.2738
-1304.3 -5.27397
-1305.26 -5.27413
-1306.21 -5.27429
-1307.17 -5.27446
-1308.12 -5.27462
-1309.08 -5.27478
-1310.03 -5.27494
-1310.99 -5.27511
-1311.94 -5.27527
-1312.9 -5.27543
-1313.85 -5.27559
-1314.81 -5.27575
-1315.76 -5.27592
-1316.72 -5.27608
-1317.67 -5.27624
-1318.63 -5.2764
-1319.58 -5.27656
-1320.54 -5.27672
-1321.5 -5.27688
-1322.45 -5.27704
-1323.41 -5.27721
-1324.36 -5.27737
-1325.32 -5.27753
-1326.27 -5.27769
-1327.23 -5.27785
-1328.18 -5.27801
-1329.14 -5.27817
-1330.09 -5.27833
-1331.05 -5.27849
-1332.01 -5.27865
-1332.96 -5.27881
-1333.92 -5.27896
-1334.87 -5.27912
-1335.83 -5.27928
-1336.79 -5.27944
-1337.74 -5.2796
-1338.7 -5.27976
-1339.65 -5.27992
-1340.61 -5.28008
-1341.56 -5.28023
-1342.52 -5.28039
-1343.48 -5.28055
-1344.43 -5.28071
-1345.39 -5.28087
-1346.35 -5.28102
-1347.3 -5.28118
-1348.26 -5.28134
-1349.21 -5.2815
-1350.17 -5.28165
-1351.13 -5.28181
-1352.08 -5.28197
-1353.04 -5.28212
-1354 -5.28228
-1354.95 -5.28244
-1355.91 -5.28259
-1356.87 -5.28275
-1357.82 -5.28291
-1358.78 -5.28306
-1359.74 -5.28322
-1360.69 -5.28337
-1361.65 -5.28353
-1362.61 -5.28369
-1363.56 -5.28384
-1364.52 -5.284
-1365.48 -5.28415
-1366.43 -5.28431
-1367.39 -5.28446
-1368.35 -5.28462
-1369.3 -5.28477
-1370.26 -5.28493
-1371.22 -5.28508
-1372.17 -5.28524
-1373.13 -5.28539
-1374.09 -5.28554
-1375.05 -5.2857
-1376 -5.28585
-1376.96 -5.28601
-1377.92 -5.28616
-1378.87 -5.28631
-1379.83 -5.28647
-1380.79 -5.28662
-1381.75 -5.28677
-1382.7 -5.28693
-1383.66 -5.28708
-1384.62 -5.28723
-1385.58 -5.28738
-1386.53 -5.28754
-1387.49 -5.28769
-1388.45 -5.28784
-1389.41 -5.28799
-1390.36 -5.28815
-1391.32 -5.2883
-1392.28 -5.28845
-1393.24 -5.2886
-1394.19 -5.28875
-1395.15 -5.28891
-1396.11 -5.28906
-1397.07 -5.28921
-1398.03 -5.28936
-1398.98 -5.28951
-1399.94 -5.28966
-1400.9 -5.28981
-1401.86 -5.28996
-1402.81 -5.29011
-1403.77 -5.29027
-1404.73 -5.29042
-1405.69 -5.29057
-1406.65 -5.29072
-1407.61 -5.29087
-1408.56 -5.29102
-1409.52 -5.29117
-1410.48 -5.29132
-1411.44 -5.29146
-1412.4 -5.29161
-1413.35 -5.29176
-1414.31 -5.29191
-1415.27 -5.29206
-1416.23 -5.29221
-1417.19 -5.29236
-1418.15 -5.29251
-1419.11 -5.29266
-1420.06 -5.29281
-1421.02 -5.29295
-1421.98 -5.2931
-1422.94 -5.29325
-1423.9 -5.2934
-1424.86 -5.29355
-1425.82 -5.2937
-1426.77 -5.29384
-1427.73 -5.29399
-1428.69 -5.29414
-1429.65 -5.29429
-1430.61 -5.29443
-1431.57 -5.29458
-1432.53 -5.29473
-1433.49 -5.29488
-1434.45 -5.29502
-1435.4 -5.29517
-1436.36 -5.29532
-1437.32 -5.29546
-1438.28 -5.29561
-1439.24 -5.29576
-1440.2 -5.2959
-1441.16 -5.29605
-1442.12 -5.29619
-1443.08 -5.29634
-1444.04 -5.29649
-1445 -5.29663
-1445.96 -5.29678
-1446.91 -5.29692
-1447.87 -5.29707
-1448.83 -5.29721
-1449.79 -5.29736
-1450.75 -5.2975
-1451.71 -5.29765
-1452.67 -5.29779
-1453.63 -5.29794
-1454.59 -5.29808
-1455.55 -5.29823
-1456.51 -5.29837
-1457.47 -5.29852
-1458.43 -5.29866
-1459.39 -5.29881
-1460.35 -5.29895
-1461.31 -5.29909
-1462.27 -5.29924
-1463.23 -5.29938
-1464.19 -5.29952
-1465.15 -5.29967
-1466.11 -5.29981
-1467.07 -5.29996
-1468.03 -5.3001
-1468.99 -5.30024
-1469.95 -5.30038
-1470.91 -5.30053
-1471.87 -5.30067
-1472.83 -5.30081
-1473.79 -5.30096
-1474.75 -5.3011
-1475.71 -5.30124
-1476.67 -5.30138
-1477.63 -5.30153
-1478.59 -5.30167
-1479.55 -5.30181
-1480.51 -5.30195
-1481.47 -5.30209
-1482.43 -5.30223
-1483.39 -5.30238
-1484.35 -5.30252
-1485.31 -5.30266
-1486.27 -5.3028
-1487.23 -5.30294
-1488.19 -5.30308
-1489.15 -5.30322
-1490.12 -5.30336
-1491.08 -5.30351
-1492.04 -5.30365
-1493 -5.30379
-1493.96 -5.30393
-1494.92 -5.30407
-1495.88 -5.30421
-1496.84 -5.30435
-1497.8 -5.30449
-1498.76 -5.30463
-1499.72 -5.30477
-1500.68 -5.30491
-1501.65 -5.30505
-1502.61 -5.30519
-1503.57 -5.30533
-1504.53 -5.30547
-1505.49 -5.30561
-1506.45 -5.30574
-1507.41 -5.30588
-1508.37 -5.30602
-1509.33 -5.30616
-1510.3 -5.3063
-1511.26 -5.30644
-1512.22 -5.30658
-1513.18 -5.30672
-1514.14 -5.30685
-1515.1 -5.30699
-1516.06 -5.30713
-1517.03 -5.30727
-1517.99 -5.30741
-1518.95 -5.30754
-1519.91 -5.30768
-1520.87 -5.30782
-1521.83 -5.30796
-1522.79 -5.3081
-1523.76 -5.30823
-1524.72 -5.30837
-1525.68 -5.30851
-1526.64 -5.30864
-1527.6 -5.30878
-1528.56 -5.30892
-1529.53 -5.30906
-1530.49 -5.30919
-1531.45 -5.30933
-1532.41 -5.30947
-1533.37 -5.3096
-1534.34 -5.30974
-1535.3 -5.30987
-1536.26 -5.31001
-1537.22 -5.31015
-1538.18 -5.31028
-1539.15 -5.31042
-1540.11 -5.31055
-1541.07 -5.31069
-1542.03 -5.31083
-1542.99 -5.31096
-1543.96 -5.3111
-1544.92 -5.31123
-1545.88 -5.31137
-1546.84 -5.3115
-1547.81 -5.31164
-1548.77 -5.31177
-1549.73 -5.31191
-1550.69 -5.31204
-1551.65 -5.31218
-1552.62 -5.31231
-1553.58 -5.31245
-1554.54 -5.31258
-1555.5 -5.31271
-1556.47 -5.31285
-1557.43 -5.31298
-1558.39 -5.31312
-1559.35 -5.31325
-1560.32 -5.31339
-1561.28 -5.31352
-1562.24 -5.31365
-1563.21 -5.31379
-1564.17 -5.31392
-1565.13 -5.31405
-1566.09 -5.31419
-1567.06 -5.31432
-1568.02 -5.31445
-1568.98 -5.31459
-1569.95 -5.31472
-1570.91 -5.31485
-1571.87 -5.31498
-1572.83 -5.31512
-1573.8 -5.31525
-1574.76 -5.31538
-1575.72 -5.31551
-1576.69 -5.31565
-1577.65 -5.31578
-1578.61 -5.31591
-1579.58 -5.31604
-1580.54 -5.31618
-1581.5 -5.31631
-1582.47 -5.31644
-1583.43 -5.31657
-1584.39 -5.3167
-1585.36 -5.31683
-1586.32 -5.31697
-1587.28 -5.3171
-1588.25 -5.31723
-1589.21 -5.31736
-1590.17 -5.31749
-1591.14 -5.31762
-1592.1 -5.31775
-1593.06 -5.31788
-1594.03 -5.31801
-1594.99 -5.31814
-1595.95 -5.31827
-1596.92 -5.31841
-1597.88 -5.31854
-1598.85 -5.31867
-1599.81 -5.3188
-1600.77 -5.31893
-1601.74 -5.31906
-1602.7 -5.31919
-1603.66 -5.31932
-1604.63 -5.31945
-1605.59 -5.31958
-1606.56 -5.31971
-1607.52 -5.31984
-1608.48 -5.31996
-1609.45 -5.32009
-1610.41 -5.32022
-1611.38 -5.32035
-1612.34 -5.32048
-1613.3 -5.32061
-1614.27 -5.32074
-1615.23 -5.32087
-1616.2 -5.321
-1617.16 -5.32113
-1618.12 -5.32125
-1619.09 -5.32138
-1620.05 -5.32151
-1621.02 -5.32164
-1621.98 -5.32177
-1622.95 -5.3219
-1623.91 -5.32202
-1624.88 -5.32215
-1625.84 -5.32228
-1626.8 -5.32241
-1627.77 -5.32254
-1628.73 -5.32266
-1629.7 -5.32279
-1630.66 -5.32292
-1631.63 -5.32305
-1632.59 -5.32317
-1633.56 -5.3233
-1634.52 -5.32343
-1635.49 -5.32355
-1636.45 -5.32368
-1637.41 -5.32381
-1638.38 -5.32393
-1639.34 -5.32406
-1640.31 -5.32419
-1641.27 -5.32431
-1642.24 -5.32444
-1643.2 -5.32457
-1644.17 -5.32469
-1645.13 -5.32482
-1646.1 -5.32495
-1647.06 -5.32507
-1648.03 -5.3252
-1648.99 -5.32532
-1649.96 -5.32545
-1650.92 -5.32558
-1651.89 -5.3257
-1652.85 -5.32583
-1653.82 -5.32595
-1654.78 -5.32608
-1655.75 -5.3262
-1656.71 -5.32633
-1657.68 -5.32645
-1658.65 -5.32658
-1659.61 -5.3267
-1660.58 -5.32683
-1661.54 -5.32695
-1662.51 -5.32708
-1663.47 -5.3272
-1664.44 -5.32733
-1665.4 -5.32745
-1666.37 -5.32758
-1667.33 -5.3277
-1668.3 -5.32783
-1669.27 -5.32795
-1670.23 -5.32807
-1671.2 -5.3282
-1672.16 -5.32832
-1673.13 -5.32845
-1674.09 -5.32857
-1675.06 -5.32869
-1676.02 -5.32882
-1676.99 -5.32894
-1677.96 -5.32906
-1678.92 -5.32919
-1679.89 -5.32931
-1680.85 -5.32944
-1681.82 -5.32956
-1682.79 -5.32968
-1683.75 -5.3298
-1684.72 -5.32993
-1685.68 -5.33005
-1686.65 -5.33017
-1687.62 -5.3303
-1688.58 -5.33042
-1689.55 -5.33054
-1690.51 -5.33066
-1691.48 -5.33079
-1692.45 -5.33091
-1693.41 -5.33103
-1694.38 -5.33115
-1695.34 -5.33127
-1696.31 -5.3314
-1697.28 -5.33152
-1698.24 -5.33164
-1699.21 -5.33176
-1700.18 -5.33188
-1701.14 -5.33201
-1702.11 -5.33213
-1703.08 -5.33225
-1704.04 -5.33237
-1705.01 -5.33249
-1705.97 -5.33261
-1706.94 -5.33273
-1707.91 -5.33286
-1708.87 -5.33298
-1709.84 -5.3331
-1710.81 -5.33322
-1711.77 -5.33334
-1712.74 -5.33346
-1713.71 -5.33358
-1714.67 -5.3337
-1715.64 -5.33382
-1716.61 -5.33394
-1717.57 -5.33406
-1718.54 -5.33418
-1719.51 -5.3343
-1720.48 -5.33442
-1721.44 -5.33454
-1722.41 -5.33466
-1723.38 -5.33478
-1724.34 -5.3349
-1725.31 -5.33502
-1726.28 -5.33514
-1727.24 -5.33526
-1728.21 -5.33538
-1729.18 -5.3355
-1730.15 -5.33562
-1731.11 -5.33574
-1732.08 -5.33586
-1733.05 -5.33598
-1734.01 -5.3361
-1734.98 -5.33622
-1735.95 -5.33634
-1736.92 -5.33645
-1737.88 -5.33657
-1738.85 -5.33669
-1739.82 -5.33681
-1740.79 -5.33693
-1741.75 -5.33705
-1742.72 -5.33717
-1743.69 -5.33728
-1744.65 -5.3374
-1745.62 -5.33752
-1746.59 -5.33764
-1747.56 -5.33776
-1748.52 -5.33787
-1749.49 -5.33799
-1750.46 -5.33811
-1751.43 -5.33823
-1752.4 -5.33835
-1753.36 -5.33846
-1754.33 -5.33858
-1755.3 -5.3387
-1756.27 -5.33882
-1757.23 -5.33893
-1758.2 -5.33905
-1759.17 -5.33917
-1760.14 -5.33929
-1761.11 -5.3394
-1762.07 -5.33952
-1763.04 -5.33964
-1764.01 -5.33975
-1764.98 -5.33987
-1765.94 -5.33999
-1766.91 -5.3401
-1767.88 -5.34022
-1768.85 -5.34034
-1769.82 -5.34045
-1770.78 -5.34057
-1771.75 -5.34069
-1772.72 -5.3408
-1773.69 -5.34092
-1774.66 -5.34103
-1775.63 -5.34115
-1776.59 -5.34127
-1777.56 -5.34138
-1778.53 -5.3415
-1779.5 -5.34161
-1780.47 -5.34173
-1781.44 -5.34184
-1782.4 -5.34196
-1783.37 -5.34208
-1784.34 -5.34219
-1785.31 -5.34231
-1786.28 -5.34242
-1787.25 -5.34254
-1788.21 -5.34265
-1789.18 -5.34277
-1790.15 -5.34288
-1791.12 -5.343
-1792.09 -5.34311
-1793.06 -5.34323
-1794.03 -5.34334
-1794.99 -5.34346
-1795.96 -5.34357
-1796.93 -5.34368
-1797.9 -5.3438
-1798.87 -5.34391
-1799.84 -5.34403
-1800.81 -5.34414
-1801.78 -5.34426
-1802.74 -5.34437
-1803.71 -5.34448
-1804.68 -5.3446
-1805.65 -5.34471
-1806.62 -5.34483
-1807.59 -5.34494
-1808.56 -5.34505
