0 0
-0.00681245 0.0144772
-0.0121784 0.0289539
-0.016099 0.0434295
-0.0185756 0.0579034
-0.0196096 0.072375
-0.0192023 0.0868439
-0.0173554 0.101309
-0.0140702 0.115771
-0.00934835 0.130228
-0.00319153 0.14468
0.00439859 0.159126
0.0134203 0.173566
0.0238717 0.187999
0.035751 0.202425
0.0490562 0.216843
0.0637855 0.231252
0.0799367 0.245652
0.0975078 0.260043
0.116497 0.274423
0.136901 0.288792
0.158719 0.303149
0.181948 0.317495
0.206586 0.331827
0.232629 0.346146
0.260077 0.360451
0.288926 0.374742
0.319174 0.389017
0.350818 0.403276
0.383856 0.417519
0.418285 0.431745
0.454101 0.445952
0.491303 0.460142
0.529887 0.474312
0.569851 0.488462
0.611191 0.502592
0.653904 0.516701
0.697988 0.530789
0.743439 0.544853
0.790254 0.558895
0.838431 0.572913
0.887964 0.586907
0.938852 0.600875
0.991091 0.614818
1.04468 0.628734
1.09961 0.642623
1.15588 0.656484
1.21349 0.670317
1.27243 0.68412
1.3327 0.697894
1.39429 0.711637
1.45721 0.725349
1.52145 0.739029
1.587 0.752676
1.65386 0.766289
1.72203 0.779869
1.7915 0.793414
1.86227 0.806924
1.93433 0.820397
2.00768 0.833834
2.08232 0.847233
2.15824 0.860594
2.23544 0.873916
2.31391 0.887199
2.39365 0.900442
2.47466 0.913644
2.55692 0.926804
2.64044 0.939922
2.72521 0.952998
2.81123 0.96603
2.89849 0.979018
2.98699 0.991962
3.07672 1.00486
3.16767 1.01771
3.25985 1.03052
3.35325 1.04328
3.44786 1.05599
3.54368 1.06865
3.6407 1.08126
3.73892 1.09383
3.83833 1.10634
3.93894 1.11881
4.04072 1.13122
4.14369 1.14358
4.24782 1.15589
4.35313 1.16815
4.4596 1.18036
4.56723 1.19251
4.67601 1.20461
4.78593 1.21665
4.897 1.22864
5.00921 1.24057
5.12255 1.25245
5.23701 1.26427
5.35259 1.27604
5.46929 1.28775
5.5871 1.2994
5.70602 1.311
5.82603 1.32253
5.94714 1.33401
6.06934 1.34543
6.19262 1.3568
6.31698 1.3681
6.44241 1.37935
6.5689 1.39054
6.69646 1.40166
6.82507 1.41273
6.95473 1.42374
7.08544 1.43469
7.21719 1.44558
7.34997 1.45641
7.48377 1.46718
7.6186 1.47789
7.75445 1.48853
7.89131 1.49912
8.02917 1.50965
8.16804 1.52012
8.30789 1.53052
8.44874 1.54087
8.59057 1.55115
8.73338 1.56138
8.87716 1.57154
9.02191 1.58165
9.16762 1.59169
9.31428 1.60167
9.4619 1.6116
9.61046 1.62146
9.75996 1.63126
9.91039 1.641
10.0618 1.65068
10.214 1.66031
10.3672 1.66987
10.5214 1.67937
10.6764 1.68882
10.8323 1.6982
10.9891 1.70753
11.1468 1.7168
11.3054 1.726
11.4649 1.73516
11.6253 1.74425
11.7865 1.75328
11.9486 1.76226
12.1115 1.77118
12.2753 1.78004
12.4399 1.78884
12.6054 1.79759
12.7718 1.80628
12.9389 1.81492
13.1069 1.8235
13.2757 1.83202
13.4453 1.84049
13.6158 1.8489
13.787 1.85726
13.9591 1.86556
14.1319 1.87381
14.3056 1.88201
14.48 1.89015
14.6552 1.89824
14.8312 1.90628
15.0079 1.91426
15.1855 1.92219
15.3638 1.93007
15.5428 1.9379
15.7226 1.94567
15.9032 1.9534
16.0845 1.96107
16.2665 1.9687
16.4493 1.97627
16.6328 1.9838
16.817 1.99127
17.002 1.9987
17.1877 2.00607
17.3741 2.0134
17.5611 2.02068
17.7489 2.02792
17.9374 2.0351
18.1266 2.04224
18.3165 2.04934
18.5071 2.05638
18.6983 2.06338
18.8903 2.07034
19.0829 2.07725
19.2761 2.08412
19.4701 2.09094
19.6647 2.09771
19.8599 2.10445
20.0558 2.11114
20.2524 2.11778
20.4496 2.12439
20.6475 2.13095
20.8459 2.13747
21.0451 2.14394
21.2448 2.15038
21.4452 2.15677
21.6462 2.16313
21.8478 2.16944
22.05 2.17571
22.2528 2.18195
22.4563 2.18814
22.6603 2.1943
22.865 2.20041
23.0702 2.20649
23.276 2.21253
23.4825 2.21853
23.6895 2.2245
23.8971 2.23042
24.1052 2.23631
24.314 2.24217
24.5233 2.24798
24.7332 2.25376
24.9436 2.25951
25.1546 2.26522
25.3662 2.27089
25.5783 2.27653
25.7909 2.28214
26.0042 2.28771
26.2179 2.29325
26.4322 2.29875
26.6471 2.30422
26.8624 2.30966
27.0783 2.31506
27.2948 2.32044
27.5117 2.32577
27.7292 2.33108
27.9472 2.33636
28.1657 2.3416
28.3848 2.34682
28.6043 2.352
28.8244 2.35715
29.0449 2.36227
29.266 2.36736
29.4875 2.37242
29.7096 2.37746
29.9321 2.38246
30.1552 2.38743
30.3787 2.39238
30.6027 2.39729
30.8272 2.40218
31.0522 2.40704
31.2776 2.41187
31.5036 2.41668
31.73 2.42145
31.9568 2.4262
32.1842 2.43092
32.412 2.43562
32.6402 2.44029
32.8689 2.44493
33.0981 2.44955
33.3277 2.45414
33.5578 2.4587
33.7884 2.46324
34.0193 2.46776
34.2507 2.47225
34.4826 2.47671
34.7149 2.48115
34.9476 2.48557
35.1808 2.48996
35.4144 2.49433
35.6485 2.49867
35.8829 2.50299
36.1178 2.50729
36.3531 2.51157
36.5889 2.51582
36.825 2.52005
37.0616 2.52425
37.2985 2.52843
37.5359 2.5326
37.7737 2.53673
38.012 2.54085
38.2506 2.54495
38.4896 2.54902
38.729 2.55307
38.9688 2.55711
39.2091 2.56112
39.4497 2.56511
39.6907 2.56907
39.9321 2.57302
40.1739 2.57695
40.4161 2.58086
40.6586 2.58475
40.9016 2.58862
41.1449 2.59246
41.3886 2.59629
41.6327 2.6001
41.8772 2.60389
42.122 2.60767
42.3672 2.61142
42.6128 2.61515
42.8588 2.61887
43.1051 2.62257
43.3518 2.62624
43.5988 2.6299
43.8462 2.63355
44.094 2.63717
44.3421 2.64078
44.5906 2.64437
44.8395 2.64794
45.0887 2.65149
45.3382 2.65503
45.5881 2.65855
45.8383 2.66205
46.0889 2.66554
46.3399 2.66901
46.5911 2.67246
46.8428 2.6759
47.0947 2.67932
47.347 2.68273
47.5997 2.68612
47.8526 2.68949
48.1059 2.69285
48.3596 2.69619
48.6135 2.69951
48.8678 2.70282
49.1225 2.70612
49.3774 2.7094
49.6327 2.71266
49.8883 2.71591
50.1442 2.71915
50.4005 2.72237
50.657 2.72557
50.9139 2.72876
51.1711 2.73194
51.4286 2.7351
51.6864 2.73825
51.9446 2.74138
52.203 2.7445
52.4618 2.74761
52.7208 2.7507
52.9802 2.75378
53.2399 2.75684
53.4998 2.7599
53.7601 2.76293
54.0207 2.76596
54.2816 2.76897
54.5428 2.77197
54.8042 2.77495
55.066 2.77793
55.3281 2.78089
55.5905 2.78383
55.8531 2.78677
56.1161 2.78969
56.3793 2.7926
56.6428 2.79549
56.9066 2.79838
57.1707 2.80125
57.4351 2.80411
57.6998 2.80696
57.9647 2.8098
58.23 2.81262
58.4955 2.81543
58.7613 2.81823
59.0273 2.82102
59.2937 2.8238
59.5603 2.82657
59.8272 2.82932
60.0944 2.83207
60.3618 2.8348
60.6295 2.83752
60.8975 2.84023
61.1657 2.84293
61.4343 2.84562
61.7031 2.84829
61.9721 2.85096
62.2414 2.85362
62.511 2.85626
62.7808 2.8589
63.051 2.86152
63.3213 2.86413
63.5919 2.86674
63.8628 2.86933
64.134 2.87191
64.4054 2.87449
64.677 2.87705
64.9489 2.8796
65.2211 2.88215
65.4935 2.88468
65.7662 2.8872
66.0391 2.88971
66.3123 2.89222
66.5857 2.89471
66.8594 2.8972
67.1333 2.89967
67.4074 2.90214
67.6818 2.90459
67.9565 2.90704
68.2314 2.90948
68.5065 2.91191
68.7819 2.91433
69.0575 2.91674
69.3333 2.91914
69.6094 2.92153
69.8858 2.92391
70.1623 2.92629
70.4391 2.92865
70.7162 2.93101
70.9934 2.93336
71.271 2.9357
71.5487 2.93803
71.8267 2.94035
72.1049 2.94266
72.3833 2.94497
72.662 2.94727
72.9409 2.94956
73.22 2.95184
73.4993 2.95411
73.7789 2.95637
74.0587 2.95863
74.3387 2.96088
74.619 2.96312
74.8994 2.96535
75.1801 2.96757
75.461 2.96979
75.7422 2.972
76.0235 2.9742
76.3051 2.97639
76.5869 2.97858
76.8689 2.98076
77.1511 2.98293
77.4336 2.98509
77.7162 2.98724
77.9991 2.98939
78.2822 2.99153
78.5655 2.99366
78.849 2.99579
79.1327 2.99791
79.4166 3.00002
79.7008 3.00212
79.9851 3.00422
80.2697 3.00631
80.5544 3.00839
80.8394 3.01047
81.1246 3.01254
81.41 3.0146
81.6956 3.01665
81.9814 3.0187
82.2674 3.02074
82.5536 3.02277
82.84 3.0248
83.1266 3.02682
83.4134 3.02884
83.7004 3.03084
83.9876 3.03284
84.275 3.03484
84.5626 3.03683
84.8504 3.03881
85.1384 3.04078
85.4266 3.04275
85.715 3.04471
86.0036 3.04667
86.2924 3.04862
86.5814 3.05056
86.8706 3.0525
87.1599 3.05443
87.4495 3.05635
87.7392 3.05827
88.0292 3.06018
88.3193 3.06209
88.6096 3.06399
88.9001 3.06588
89.1908 3.06777
89.4817 3.06965
89.7728 3.07153
90.0641 3.0734
90.3555 3.07527
90.6471 3.07713
90.939 3.07898
91.231 3.08083
91.5232 3.08267
91.8155 3.0845
92.1081 3.08633
92.4008 3.08816
92.6937 3.08998
92.9868 3.09179
93.2801 3.0936
93.5736 3.0954
93.8672 3.0972
94.1611 3.09899
94.4551 3.10078
94.7492 3.10256
95.0436 3.10433
95.3381 3.1061
95.6328 3.10787
95.9277 3.10963
96.2228 3.11138
96.518 3.11313
96.8134 3.11488
97.109 3.11661
97.4048 3.11835
97.7007 3.12008
97.9968 3.1218
98.2931 3.12352
98.5895 3.12523
98.8861 3.12694
99.1829 3.12864
99.4799 3.13034
99.777 3.13203
100.074 3.13372
100.372 3.13541
100.669 3.13709
100.967 3.13876
101.265 3.14043
101.563 3.14209
101.862 3.14375
102.16 3.14541
102.459 3.14706
102.757 3.1487
103.056 3.15034
103.356 3.15198
103.655 3.15361
103.954 3.15524
104.254 3.15686
104.554 3.15848
104.854 3.16009
105.154 3.1617
105.454 3.16331
105.754 3.16491
106.055 3.1665
106.356 3.16809
106.656 3.16968
106.958 3.17126
107.259 3.17284
107.56 3.17441
107.862 3.17598
108.163 3.17755
108.465 3.17911
108.767 3.18066
109.069 3.18222
109.372 3.18376
109.674 3.18531
109.977 3.18685
110.279 3.18838
110.582 3.18991
110.885 3.19144
111.189 3.19296
111.492 3.19448
111.795 3.196
112.099 3.19751
112.403 3.19902
112.707 3.20052
113.011 3.20202
113.315 3.20351
113.62 3.205
113.924 3.20649
114.229 3.20797
114.534 3.20945
114.839 3.21093
115.144 3.2124
115.449 3.21387
115.755 3.21533
116.06 3.21679
116.366 3.21825
116.672 3.2197
116.978 3.22115
117.284 3.2226
117.591 3.22404
117.897 3.22547
118.204 3.22691
118.51 3.22834
118.817 3.22977
119.124 3.23119
119.432 3.23261
119.739 3.23402
120.046 3.23544
120.354 3.23685
120.662 3.23825
120.97 3.23965
121.278 3.24105
121.586 3.24245
121.894 3.24384
122.202 3.24522
122.511 3.24661
122.82 3.24799
123.129 3.24937
123.438 3.25074
123.747 3.25211
124.056 3.25348
124.365 3.25484
124.675 3.2562
124.985 3.25756
125.295 3.25891
125.604 3.26026
125.915 3.26161
126.225 3.26295
126.535 3.2643
126.846 3.26563
127.156 3.26697
127.467 3.2683
127.778 3.26963
128.089 3.27095
128.4 3.27227
128.711 3.27359
129.023 3.27491
129.334 3.27622
129.646 3.27753
129.958 3.27883
130.27 3.28013
130.582 3.28143
130.894 3.28273
131.206 3.28402
131.519 3.28531
131.831 3.2866
132.144 3.28788
132.457 3.28917
132.77 3.29044
133.083 3.29172
133.396 3.29299
133.71 3.29426
134.023 3.29553
134.337 3.29679
134.65 3.29805
134.964 3.29931
135.278 3.30056
135.592 3.30182
135.906 3.30306
136.221 3.30431
136.535 3.30555
136.85 3.30679
137.165 3.30803
137.48 3.30927
137.794 3.3105
138.11 3.31173
138.425 3.31295
138.74 3.31418
139.056 3.3154
139.371 3.31662
139.687 3.31783
140.003 3.31904
140.319 3.32025
140.635 3.32146
140.951 3.32266
141.267 3.32387
141.584 3.32506
141.9 3.32626
142.217 3.32746
142.534 3.32865
142.851 3.32983
143.168 3.33102
143.485 3.3322
143.802 3.33338
144.119 3.33456
144.437 3.33574
144.755 3.33691
145.072 3.33808
145.39 3.33925
145.708 3.34041
146.026 3.34158
146.344 3.34274
146.663 3.34389
146.981 3.34505
147.3 3.3462
147.618 3.34735
147.937 3.3485
148.256 3.34965
148.575 3.35079
148.894 3.35193
149.213 3.35307
149.533 3.3542
149.852 3.35533
150.172 3.35647
150.491 3.35759
150.811 3.35872
151.131 3.35984
151.451 3.36096
151.771 3.36208
152.092 3.3632
152.412 3.36431
152.732 3.36542
153.053 3.36653
153.374 3.36764
153.694 3.36875
154.015 3.36985
154.336 3.37095
154.658 3.37205
154.979 3.37314
155.3 3.37423
155.622 3.37533
155.943 3.37641
156.265 3.3775
156.587 3.37859
156.908 3.37967
157.23 3.38075
157.553 3.38182
157.875 3.3829
158.197 3.38397
158.52 3.38504
158.842 3.38611
159.165 3.38718
159.488 3.38824
159.81 3.38931
160.133 3.39037
160.456 3.39142
160.78 3.39248
161.103 3.39353
161.426 3.39459
161.75 3.39564
162.073 3.39668
162.397 3.39773
162.721 3.39877
163.045 3.39981
163.369 3.40085
163.693 3.40189
164.017 3.40292
164.341 3.40396
164.666 3.40499
164.99 3.40602
165.315 3.40704
165.64 3.40807
165.965 3.40909
166.29 3.41011
166.615 3.41113
166.94 3.41215
167.265 3.41316
167.59 3.41418
167.916 3.41519
168.241 3.4162
168.567 3.4172
168.893 3.41821
169.219 3.41921
169.545 3.42021
169.871 3.42121
170.197 3.42221
170.523 3.4232
170.849 3.4242
171.176 3.42519
171.502 3.42618
171.829 3.42717
172.156 3.42815
172.483 3.42914
172.81 3.43012
173.137 3.4311
173.464 3.43208
173.791 3.43305
174.118 3.43403
174.446 3.435
174.773 3.43597
175.101 3.43694
175.429 3.43791
175.756 3.43888
176.084 3.43984
176.412 3.4408
176.741 3.44176
177.069 3.44272
177.397 3.44368
177.725 3.44463
178.054 3.44559
178.382 3.44654
178.711 3.44749
179.04 3.44843
179.369 3.44938
179.698 3.45032
180.027 3.45127
180.356 3.45221
180.685 3.45315
181.015 3.45408
181.344 3.45502
181.674 3.45595
182.003 3.45689
182.333 3.45782
182.663 3.45875
182.993 3.45967
183.323 3.4606
183.653 3.46152
183.983 3.46244
184.313 3.46336
184.643 3.46428
184.974 3.4652
185.305 3.46612
185.635 3.46703
185.966 3.46794
186.297 3.46885
186.628 3.46976
186.959 3.47067
187.29 3.47158
187.621 3.47248
187.952 3.47338
188.284 3.47428
188.615 3.47518
188.947 3.47608
189.278 3.47698
189.61 3.47787
189.942 3.47876
190.274 3.47965
190.606 3.48054
190.938 3.48143
191.27 3.48232
191.602 3.4832
191.934 3.48409
192.267 3.48497
192.599 3.48585
192.932 3.48673
193.265 3.48761
193.597 3.48848
193.93 3.48936
194.263 3.49023
194.596 3.4911
194.929 3.49197
195.263 3.49284
195.596 3.49371
195.929 3.49457
196.263 3.49544
196.596 3.4963
196.93 3.49716
197.264 3.49802
197.598 3.49888
197.932 3.49974
198.266 3.50059
198.6 3.50144
198.934 3.5023
199.268 3.50315
199.602 3.504
199.937 3.50484
200.271 3.50569
200.606 3.50654
200.941 3.50738
201.275 3.50822
201.61 3.50906
201.945 3.5099
202.28 3.51074
202.615 3.51158
202.95 3.51241
203.286 3.51325
203.621 3.51408
203.956 3.51491
204.292 3.51574
204.628 3.51657
204.963 3.5174
205.299 3.51822
205.635 3.51905
205.971 3.51987
206.307 3.52069
206.643 3.52151
206.979 3.52233
207.315 3.52315
207.652 3.52396
207.988 3.52478
208.325 3.52559
208.661 3.5264
208.998 3.52721
209.335 3.52802
209.671 3.52883
210.008 3.52964
210.345 3.53044
210.682 3.53125
211.019 3.53205
211.357 3.53285
211.694 3.53365
212.031 3.53445
212.369 3.53525
212.706 3.53605
213.044 3.53684
213.382 3.53763
213.72 3.53843
214.057 3.53922
214.395 3.54001
214.733 3.5408
215.071 3.54159
215.41 3.54237
215.748 3.54316
216.086 3.54394
216.425 3.54472
216.763 3.5455
217.102 3.54628
217.44 3.54706
217.779 3.54784
218.118 3.54862
218.457 3.54939
218.796 3.55017
219.135 3.55094
219.474 3.55171
219.813 3.55248
220.152 3.55325
220.492 3.55402
220.831 3.55479
221.171 3.55555
221.51 3.55632
221.85 3.55708
222.189 3.55784
222.529 3.5586
222.869 3.55936
223.209 3.56012
223.549 3.56088
223.889 3.56163
224.229 3.56239
224.57 3.56314
224.91 3.56389
225.25 3.56465
225.591 3.5654
225.931 3.56615
226.272 3.56689
226.613 3.56764
226.954 3.56839
227.294 3.56913
227.635 3.56988
227.976 3.57062
228.317 3.57136
228.659 3.5721
229 3.57284
229.341 3.57358
229.682 3.57431
230.024 3.57505
230.365 3.57578
230.707 3.57652
231.049 3.57725
231.39 3.57798
231.732 3.57871
232.074 3.57944
232.416 3.58017
232.758 3.5809
233.1 3.58162
233.442 3.58235
233.785 3.58307
234.127 3.58379
234.469 3.58451
234.812 3.58523
235.154 3.58595
235.497 3.58667
235.84 3.58739
236.182 3.58811
236.525 3.58882
236.868 3.58954
237.211 3.59025
237.554 3.59096
237.897 3.59167
238.241 3.59238
238.584 3.59309
238.927 3.5938
239.27 3.59451
239.614 3.59521
239.957 3.59592
240.301 3.59662
240.645 3.59732
240.989 3.59802
241.332 3.59873
241.676 3.59943
242.02 3.60012
242.364 3.60082
242.708 3.60152
243.052 3.60221
243.397 3.60291
243.741 3.6036
244.085 3.6043
244.43 3.60499
244.774 3.60568
245.119 3.60637
245.464 3.60706
245.808 3.60774
246.153 3.60843
246.498 3.60912
246.843 3.6098
247.188 3.61049
247.533 3.61117
247.878 3.61185
248.223 3.61253
248.569 3.61321
248.914 3.61389
249.259 3.61457
249.605 3.61525
249.95 3.61592
250.296 3.6166
250.642 3.61727
250.987 3.61794
251.333 3.61862
251.679 3.61929
252.025 3.61996
252.371 3.62063
252.717 3.6213
253.063 3.62196
253.409 3.62263
253.756 3.6233
254.102 3.62396
254.448 3.62463
254.795 3.62529
255.141 3.62595
255.488 3.62661
255.835 3.62727
256.181 3.62793
256.528 3.62859
256.875 3.62925
257.222 3.62991
257.569 3.63056
257.916 3.63122
258.263 3.63187
258.611 3.63252
258.958 3.63318
259.305 3.63383
259.652 3.63448
260 3.63513
260.347 3.63578
260.695 3.63642
261.043 3.63707
261.39 3.63772
261.738 3.63836
262.086 3.63901
262.434 3.63965
262.782 3.64029
263.13 3.64094
263.478 3.64158
263.826 3.64222
264.175 3.64286
264.523 3.64349
264.871 3.64413
265.22 3.64477
265.568 3.6454
265.917 3.64604
266.265 3.64667
266.614 3.64731
266.963 3.64794
267.311 3.64857
267.66 3.6492
268.009 3.64983
268.358 3.65046
268.707 3.65109
269.056 3.65171
269.406 3.65234
269.755 3.65297
270.104 3.65359
270.454 3.65422
270.803 3.65484
271.152 3.65546
271.502 3.65608
271.852 3.6567
272.201 3.65732
272.551 3.65794
272.901 3.65856
273.251 3.65918
273.601 3.6598
273.951 3.66041
274.301 3.66103
274.651 3.66164
275.001 3.66226
275.351 3.66287
275.702 3.66348
276.052 3.66409
276.402 3.6647
276.753 3.66531
277.103 3.66592
277.454 3.66653
277.805 3.66714
278.155 3.66774
278.506 3.66835
278.857 3.66895
279.208 3.66956
279.559 3.67016
279.91 3.67076
280.261 3.67136
280.612 3.67197
280.963 3.67257
281.315 3.67317
281.666 3.67376
282.017 3.67436
282.369 3.67496
282.72 3.67556
283.072 3.67615
283.424 3.67675
283.775 3.67734
284.127 3.67793
284.479 3.67853
284.831 3.67912
285.183 3.67971
285.535 3.6803
285.887 3.68089
286.239 3.68148
286.591 3.68207
286.943 3.68266
287.295 3.68324
287.648 3.68383
288 3.68441
288.353 3.685
288.705 3.68558
289.058 3.68617
289.41 3.68675
289.763 3.68733
290.116 3.68791
290.468 3.68849
290.821 3.68907
291.174 3.68965
291.527 3.69023
291.88 3.69081
292.233 3.69138
292.586 3.69196
292.94 3.69253
293.293 3.69311
293.646 3.69368
294 3.69425
294.353 3.69483
294.707 3.6954
295.06 3.69597
295.414 3.69654
295.767 3.69711
296.121 3.69768
296.475 3.69825
296.829 3.69881
297.183 3.69938
297.537 3.69995
297.891 3.70051
298.245 3.70108
298.599 3.70164
298.953 3.70221
299.307 3.70277
299.661 3.70333
300.016 3.70389
300.37 3.70445
300.725 3.70501
301.079 3.70557
301.434 3.70613
301.788 3.70669
302.143 3.70725
302.498 3.7078
302.853 3.70836
303.207 3.70892
303.562 3.70947
303.917 3.71002
304.272 3.71058
304.627 3.71113
304.982 3.71168
305.338 3.71223
305.693 3.71278
306.048 3.71333
306.404 3.71388
306.759 3.71443
307.114 3.71498
307.47 3.71553
307.825 3.71608
308.181 3.71662
308.537 3.71717
308.892 3.71771
309.248 3.71826
309.604 3.7188
309.96 3.71934
310.316 3.71989
310.672 3.72043
311.028 3.72097
311.384 3.72151
311.74 3.72205
312.096 3.72259
312.453 3.72313
312.809 3.72367
313.165 3.7242
313.522 3.72474
313.878 3.72528
314.235 3.72581
314.591 3.72635
314.948 3.72688
315.305 3.72741
315.661 3.72795
316.018 3.72848
316.375 3.72901
316.732 3.72954
317.089 3.73007
317.446 3.7306
317.803 3.73113
318.16 3.73166
318.517 3.73219
318.875 3.73272
319.232 3.73324
319.589 3.73377
319.947 3.7343
320.304 3.73482
320.662 3.73535
321.019 3.73587
321.377 3.73639
321.734 3.73692
322.092 3.73744
322.45 3.73796
322.808 3.73848
323.165 3.739
323.523 3.73952
323.881 3.74004
324.239 3.74056
324.597 3.74108
324.956 3.74159
325.314 3.74211
325.672 3.74263
326.03 3.74314
326.388 3.74366
326.747 3.74417
327.105 3.74469
327.464 3.7452
327.822 3.74571
328.181 3.74623
328.54 3.74674
328.898 3.74725
329.257 3.74776
329.616 3.74827
329.975 3.74878
330.333 3.74929
330.692 3.7498
331.051 3.7503
331.41 3.75081
331.77 3.75132
332.129 3.75182
332.488 3.75233
332.847 3.75283
333.206 3.75334
333.566 3.75384
333.925 3.75434
334.285 3.75485
334.644 3.75535
335.004 3.75585
335.363 3.75635
335.723 3.75685
336.083 3.75735
336.442 3.75785
336.802 3.75835
337.162 3.75885
337.522 3.75935
337.882 3.75984
338.242 3.76034
338.602 3.76084
338.962 3.76133
339.322 3.76183
339.682 3.76232
340.042 3.76282
340.403 3.76331
340.763 3.7638
341.123 3.7643
341.484 3.76479
341.844 3.76528
342.205 3.76577
342.565 3.76626
342.926 3.76675
343.287 3.76724
343.648 3.76773
344.008 3.76822
344.369 3.7687
344.73 3.76919
345.091 3.76968
345.452 3.77016
345.813 3.77065
346.174 3.77113
346.535 3.77162
346.896 3.7721
347.258 3.77259
347.619 3.77307
347.98 3.77355
348.341 3.77403
348.703 3.77452
349.064 3.775
349.426 3.77548
349.787 3.77596
350.149 3.77644
350.511 3.77691
350.872 3.77739
351.234 3.77787
351.596 3.77835
351.958 3.77883
352.32 3.7793
352.682 3.77978
353.044 3.78025
353.406 3.78073
353.768 3.7812
354.13 3.78168
354.492 3.78215
354.854 3.78262
355.216 3.7831
355.579 3.78357
355.941 3.78404
356.304 3.78451
356.666 3.78498
357.029 3.78545
357.391 3.78592
357.754 3.78639
358.116 3.78686
358.479 3.78732
358.842 3.78779
359.205 3.78826
359.567 3.78873
359.93 3.78919
360.293 3.78966
360.656 3.79012
361.019 3.79059
361.382 3.79105
361.745 3.79152
362.108 3.79198
362.472 3.79244
362.835 3.7929
363.198 3.79337
363.562 3.79383
363.925 3.79429
364.288 3.79475
364.652 3.79521
365.015 3.79567
365.379 3.79613
365.743 3.79658
366.106 3.79704
366.47 3.7975
366.834 3.79796
367.198 3.79841
367.561 3.79887
367.925 3.79933
368.289 3.79978
368.653 3.80024
369.017 3.80069
369.381 3.80114
369.746 3.8016
370.11 3.80205
370.474 3.8025
370.838 3.80296
371.202 3.80341
371.567 3.80386
371.931 3.80431
372.296 3.80476
372.66 3.80521
373.025 3.80566
373.389 3.80611
373.754 3.80656
374.118 3.807
374.483 3.80745
374.848 3.8079
375.213 3.80834
375.578 3.80879
375.942 3.80924
376.307 3.80968
376.672 3.81013
377.037 3.81057
377.402 3.81102
377.768 3.81146
378.133 3.8119
378.498 3.81234
378.863 3.81279
379.228 3.81323
379.594 3.81367
379.959 3.81411
380.325 3.81455
380.69 3.81499
381.055 3.81543
381.421 3.81587
381.787 3.81631
382.152 3.81675
382.518 3.81719
382.884 3.81762
383.249 3.81806
383.615 3.8185
383.981 3.81893
384.347 3.81937
384.713 3.8198
385.079 3.82024
385.445 3.82067
385.811 3.82111
386.177 3.82154
386.543 3.82197
386.909 3.82241
387.276 3.82284
387.642 3.82327
388.008 3.8237
388.375 3.82413
388.741 3.82456
389.108 3.825
389.474 3.82543
389.841 3.82585
390.207 3.82628
390.574 3.82671
390.941 3.82714
391.307 3.82757
391.674 3.828
392.041 3.82842
392.408 3.82885
392.775 3.82928
393.142 3.8297
393.508 3.83013
393.875 3.83055
394.243 3.83098
394.61 3.8314
394.977 3.83182
395.344 3.83225
395.711 3.83267
396.078 3.83309
396.446 3.83352
396.813 3.83394
397.181 3.83436
397.548 3.83478
397.915 3.8352
398.283 3.83562
398.651 3.83604
399.018 3.83646
399.386 3.83688
399.754 3.8373
400.121 3.83772
400.489 3.83813
400.857 3.83855
401.225 3.83897
401.593 3.83938
401.961 3.8398
402.329 3.84022
402.697 3.84063
403.065 3.84105
403.433 3.84146
403.801 3.84188
404.169 3.84229
404.537 3.8427
404.906 3.84312
405.274 3.84353
405.642 3.84394
406.011 3.84435
406.379 3.84476
406.748 3.84518
407.116 3.84559
407.485 3.846
407.853 3.84641
408.222 3.84682
408.591 3.84723
408.959 3.84764
409.328 3.84804
409.697 3.84845
410.066 3.84886
410.435 3.84927
410.804 3.84967
411.173 3.85008
411.542 3.85049
411.911 3.85089
412.28 3.8513
412.649 3.8517
413.018 3.85211
413.387 3.85251
413.756 3.85292
414.126 3.85332
414.495 3.85372
414.864 3.85413
415.234 3.85453
415.603 3.85493
415.973 3.85533
416.342 3.85574
416.712 3.85614
417.082 3.85654
417.451 3.85694
417.821 3.85734
418.191 3.85774
418.56 3.85814
418.93 3.85854
419.3 3.85893
419.67 3.85933
420.04 3.85973
420.41 3.86013
420.78 3.86052
421.15 3.86092
421.52 3.86132
421.89 3.86171
422.26 3.86211
422.631 3.86251
423.001 3.8629
423.371 3.86329
423.742 3.86369
424.112 3.86408
424.482 3.86448
424.853 3.86487
425.223 3.86526
425.594 3.86566
425.964 3.86605
426.335 3.86644
426.706 3.86683
427.076 3.86722
427.447 3.86761
427.818 3.868
428.189 3.86839
428.559 3.86878
428.93 3.86917
429.301 3.86956
429.672 3.86995
430.043 3.87034
430.414 3.87073
430.785 3.87111
431.156 3.8715
431.528 3.87189
431.899 3.87228
432.27 3.87266
432.641 3.87305
433.013 3.87343
433.384 3.87382
433.755 3.8742
434.127 3.87459
434.498 3.87497
434.87 3.87536
435.241 3.87574
435.613 3.87612
435.984 3.87651
436.356 3.87689
436.728 3.87727
437.1 3.87765
437.471 3.87803
437.843 3.87842
438.215 3.8788
438.587 3.87918
438.959 3.87956
439.331 3.87994
439.703 3.88032
440.075 3.8807
440.447 3.88108
440.819 3.88145
441.191 3.88183
441.563 3.88221
441.936 3.88259
442.308 3.88297
442.68 3.88334
443.052 3.88372
443.425 3.88409
443.797 3.88447
444.17 3.88485
444.542 3.88522
444.915 3.8856
445.287 3.88597
445.66 3.88635
446.033 3.88672
446.405 3.88709
446.778 3.88747
447.151 3.88784
447.523 3.88821
447.896 3.88859
448.269 3.88896
448.642 3.88933
449.015 3.8897
449.388 3.89007
449.761 3.89044
450.134 3.89081
450.507 3.89118
450.88 3.89155
451.253 3.89192
451.627 3.89229
452 3.89266
452.373 3.89303
452.746 3.8934
453.12 3.89377
453.493 3.89414
453.867 3.8945
454.24 3.89487
454.613 3.89524
454.987 3.8956
455.361 3.89597
455.734 3.89634
456.108 3.8967
456.481 3.89707
456.855 3.89743
457.229 3.8978
457.603 3.89816
457.977 3.89852
458.35 3.89889
458.724 3.89925
459.098 3.89961
459.472 3.89998
459.846 3.90034
460.22 3.9007
460.594 3.90106
460.968 3.90143
461.343 3.90179
461.717 3.90215
462.091 3.90251
462.465 3.90287
462.84 3.90323
463.214 3.90359
463.588 3.90395
463.963 3.90431
464.337 3.90467
464.711 3.90503
465.086 3.90538
465.461 3.90574
465.835 3.9061
466.21 3.90646
466.584 3.90681
466.959 3.90717
467.334 3.90753
467.709 3.90788
468.083 3.90824
468.458 3.9086
468.833 3.90895
469.208 3.90931
469.583 3.90966
469.958 3.91002
470.333 3.91037
470.708 3.91072
471.083 3.91108
471.458 3.91143
471.833 3.91178
472.208 3.91214
472.584 3.91249
472.959 3.91284
473.334 3.91319
473.71 3.91355
474.085 3.9139
474.46 3.91425
474.836 3.9146
475.211 3.91495
475.587 3.9153
475.962 3.91565
476.338 3.916
476.713 3.91635
477.089 3.9167
477.465 3.91705
477.84 3.9174
478.216 3.91774
478.592 3.91809
478.968 3.91844
479.344 3.91879
479.719 3.91913
480.095 3.91948
480.471 3.91983
480.847 3.92017
481.223 3.92052
481.599 3.92086
481.975 3.92121
482.352 3.92156
482.728 3.9219
483.104 3.92225
483.48 3.92259
483.856 3.92293
484.233 3.92328
484.609 3.92362
484.985 3.92396
485.362 3.92431
485.738 3.92465
486.115 3.92499
486.491 3.92533
486.868 3.92568
487.244 3.92602
487.621 3.92636
487.998 3.9267
488.374 3.92704
488.751 3.92738
489.128 3.92772
489.504 3.92806
489.881 3.9284
490.258 3.92874
490.635 3.92908
491.012 3.92942
491.389 3.92976
491.766 3.9301
492.143 3.93043
492.52 3.93077
492.897 3.93111
493.274 3.93145
493.651 3.93178
494.028 3.93212
494.406 3.93246
494.783 3.93279
495.16 3.93313
495.537 3.93347
495.915 3.9338
496.292 3.93414
496.67 3.93447
497.047 3.93481
497.425 3.93514
497.802 3.93547
498.18 3.93581
498.557 3.93614
498.935 3.93648
499.312 3.93681
499.69 3.93714
500.068 3.93747
500.446 3.93781
500.823 3.93814
501.201 3.93847
501.579 3.9388
501.957 3.93913
502.335 3.93946
502.713 3.9398
503.091 3.94013
503.469 3.94046
503.847 3.94079
504.225 3.94112
504.603 3.94145
504.981 3.94177
505.359 3.9421
505.738 3.94243
506.116 3.94276
506.494 3.94309
506.872 3.94342
507.251 3.94375
507.629 3.94407
508.008 3.9444
508.386 3.94473
508.764 3.94505
509.143 3.94538
509.522 3.94571
509.9 3.94603
510.279 3.94636
510.657 3.94668
511.036 3.94701
511.415 3.94733
511.793 3.94766
512.172 3.94798
512.551 3.94831
512.93 3.94863
513.309 3.94896
513.688 3.94928
514.066 3.9496
514.445 3.94993
514.824 3.95025
515.203 3.95057
515.583 3.95089
515.962 3.95122
516.341 3.95154
516.72 3.95186
517.099 3.95218
517.478 3.9525
517.858 3.95282
518.237 3.95314
518.616 3.95346
518.996 3.95378
519.375 3.9541
519.754 3.95442
520.134 3.95474
520.513 3.95506
520.893 3.95538
521.272 3.9557
521.652 3.95602
522.031 3.95634
522.411 3.95665
522.791 3.95697
523.17 3.95729
523.55 3.95761
523.93 3.95792
524.31 3.95824
524.69 3.95856
525.069 3.95887
525.449 3.95919
525.829 3.95951
526.209 3.95982
526.589 3.96014
526.969 3.96045
527.349 3.96077
527.729 3.96108
528.109 3.9614
528.49 3.96171
528.87 3.96203
529.25 3.96234
529.63 3.96265
530.01 3.96297
530.391 3.96328
530.771 3.96359
531.151 3.9639
531.532 3.96422
531.912 3.96453
532.293 3.96484
532.673 3.96515
533.054 3.96546
533.434 3.96577
533.815 3.96609
534.195 3.9664
534.576 3.96671
534.957 3.96702
535.337 3.96733
535.718 3.96764
536.099 3.96795
536.48 3.96826
536.86 3.96857
537.241 3.96888
537.622 3.96918
538.003 3.96949
538.384 3.9698
538.765 3.97011
539.146 3.97042
539.527 3.97072
539.908 3.97103
540.289 3.97134
540.671 3.97165
541.052 3.97195
541.433 3.97226
541.814 3.97257
542.195 3.97287
542.577 3.97318
542.958 3.97348
543.339 3.97379
543.721 3.97409
544.102 3.9744
544.484 3.9747
544.865 3.97501
545.247 3.97531
545.628 3.97562
546.01 3.97592
546.391 3.97622
546.773 3.97653
547.155 3.97683
547.536 3.97713
547.918 3.97744
548.3 3.97774
548.682 3.97804
549.064 3.97834
549.445 3.97865
549.827 3.97895
550.209 3.97925
550.591 3.97955
550.973 3.97985
551.355 3.98015
551.737 3.98045
552.119 3.98075
552.501 3.98105
552.883 3.98135
553.265 3.98165
553.648 3.98195
554.03 3.98225
554.412 3.98255
554.794 3.98285
555.177 3.98315
555.559 3.98345
555.941 3.98375
556.324 3.98404
556.706 3.98434
557.088 3.98464
557.471 3.98494
557.853 3.98523
558.236 3.98553
558.618 3.98583
559.001 3.98612
559.384 3.98642
559.766 3.98672
560.149 3.98701
560.532 3.98731
560.914 3.9876
561.297 3.9879
561.68 3.98819
562.063 3.98849
562.446 3.98878
562.828 3.98908
563.211 3.98937
563.594 3.98967
563.977 3.98996
564.36 3.99025
564.743 3.99055
565.126 3.99084
565.51 3.99113
565.893 3.99143
566.276 3.99172
566.659 3.99201
567.042 3.99231
567.425 3.9926
567.809 3.99289
568.192 3.99318
568.575 3.99347
568.959 3.99376
569.342 3.99405
569.725 3.99435
570.109 3.99464
570.492 3.99493
570.876 3.99522
571.259 3.99551
571.643 3.9958
572.026 3.99609
572.41 3.99638
572.794 3.99667
573.177 3.99695
573.561 3.99724
573.945 3.99753
574.329 3.99782
574.712 3.99811
575.096 3.9984
575.48 3.99868
575.864 3.99897
576.248 3.99926
576.632 3.99955
577.016 3.99983
577.4 4.00012
577.784 4.00041
578.168 4.00069
578.552 4.00098
578.936 4.00127
579.32 4.00155
579.704 4.00184
580.088 4.00212
580.473 4.00241
580.857 4.00269
581.241 4.00298
581.625 4.00326
582.01 4.00355
582.394 4.00383
582.778 4.00412
583.163 4.0044
583.547 4.00468
583.932 4.00497
584.316 4.00525
584.701 4.00553
585.085 4.00582
585.47 4.0061
585.855 4.00638
586.239 4.00667
586.624 4.00695
587.009 4.00723
587.393 4.00751
587.778 4.00779
588.163 4.00808
588.548 4.00836
588.932 4.00864
589.317 4.00892
589.702 4.0092
590.087 4.00948
590.472 4.00976
590.857 4.01004
591.242 4.01032
591.627 4.0106
592.012 4.01088
592.397 4.01116
592.782 4.01144
593.167 4.01172
593.553 4.012
593.938 4.01228
594.323 4.01255
594.708 4.01283
595.094 4.01311
595.479 4.01339
595.864 4.01367
596.25 4.01394
596.635 4.01422
597.021 4.0145
597.406 4.01477
597.791 4.01505
598.177 4.01533
598.563 4.0156
598.948 4.01588
599.334 4.01616
599.719 4.01643
600.105 4.01671
600.491 4.01698
600.876 4.01726
601.262 4.01753
601.648 4.01781
602.034 4.01808
602.419 4.01836
602.805 4.01863
603.191 4.01891
603.577 4.01918
603.963 4.01946
604.349 4.01973
604.735 4.02
605.121 4.02028
605.507 4.02055
605.893 4.02082
606.279 4.0211
606.665 4.02137
607.051 4.02164
607.437 4.02191
607.824 4.02219
608.21 4.02246
608.596 4.02273
608.982 4.023
609.369 4.02327
609.755 4.02354
610.141 4.02381
610.528 4.02409
610.914 4.02436
611.301 4.02463
611.687 4.0249
612.074 4.02517
612.46 4.02544
612.847 4.02571
613.233 4.02598
613.62 4.02625
614.006 4.02652
614.393 4.02678
614.78 4.02705
615.166 4.02732
615.553 4.02759
615.94 4.02786
616.327 4.02813
616.714 4.0284
617.1 4.02866
617.487 4.02893
617.874 4.0292
618.261 4.02947
618.648 4.02973
619.035 4.03
619.422 4.03027
619.809 4.03053
620.196 4.0308
620.583 4.03107
620.97 4.03133
621.357 4.0316
621.745 4.03187
622.132 4.03213
622.519 4.0324
622.906 4.03266
623.294 4.03293
623.681 4.03319
624.068 4.03346
624.455 4.03372
624.843 4.03399
625.23 4.03425
625.618 4.03451
626.005 4.03478
626.393 4.03504
626.78 4.03531
627.168 4.03557
627.555 4.03583
627.943 4.0361
628.33 4.03636
628.718 4.03662
629.106 4.03688
629.493 4.03715
629.881 4.03741
630.269 4.03767
630.657 4.03793
631.044 4.03819
631.432 4.03846
631.82 4.03872
632.208 4.03898
632.596 4.03924
632.984 4.0395
633.372 4.03976
633.76 4.04002
634.148 4.04028
634.536 4.04054
634.924 4.0408
635.312 4.04106
635.7 4.04132
636.088 4.04158
636.476 4.04184
636.864 4.0421
637.253 4.04236
637.641 4.04262
638.029 4.04288
638.417 4.04314
638.806 4.0434
639.194 4.04366
639.582 4.04391
639.971 4.04417
640.359 4.04443
640.748 4.04469
641.136 4.04495
641.525 4.0452
641.913 4.04546
642.302 4.04572
642.69 4.04597
643.079 4.04623
643.467 4.04649
643.856 4.04674
644.245 4.047
644.633 4.04726
645.022 4.04751
645.411 4.04777
645.8 4.04802
646.189 4.04828
646.577 4.04853
646.966 4.04879
647.355 4.04904
647.744 4.0493
648.133 4.04955
648.522 4.04981
648.911 4.05006
649.3 4.05032
649.689 4.05057
650.078 4.05082
650.467 4.05108
650.856 4.05133
651.245 4.05159
651.635 4.05184
652.024 4.05209
652.413 4.05235
652.802 4.0526
653.191 4.05285
653.581 4.0531
653.97 4.05336
654.359 4.05361
654.749 4.05386
655.138 4.05411
655.527 4.05436
655.917 4.05462
656.306 4.05487
656.696 4.05512
657.085 4.05537
657.475 4.05562
657.865 4.05587
658.254 4.05612
658.644 4.05637
659.033 4.05662
659.423 4.05687
659.813 4.05712
660.202 4.05737
660.592 4.05762
660.982 4.05787
661.372 4.05812
661.761 4.05837
662.151 4.05862
662.541 4.05887
662.931 4.05912
663.321 4.05937
663.711 4.05962
664.101 4.05986
664.491 4.06011
664.881 4.06036
665.271 4.06061
665.661 4.06086
666.051 4.0611
666.441 4.06135
666.831 4.0616
667.221 4.06185
667.612 4.06209
668.002 4.06234
668.392 4.06259
668.782 4.06283
669.173 4.06308
669.563 4.06333
669.953 4.06357
670.344 4.06382
670.734 4.06406
671.124 4.06431
671.515 4.06455
671.905 4.0648
672.296 4.06505
672.686 4.06529
673.077 4.06554
673.467 4.06578
673.858 4.06602
674.249 4.06627
674.639 4.06651
675.03 4.06676
675.421 4.067
675.811 4.06725
676.202 4.06749
676.593 4.06773
676.983 4.06798
677.374 4.06822
677.765 4.06846
678.156 4.06871
678.547 4.06895
678.938 4.06919
679.329 4.06944
679.72 4.06968
680.111 4.06992
680.502 4.07016
680.893 4.07041
681.284 4.07065
681.675 4.07089
682.066 4.07113
682.457 4.07137
682.848 4.07161
683.239 4.07185
683.63 4.0721
684.022 4.07234
684.413 4.07258
684.804 4.07282
685.195 4.07306
685.587 4.0733
685.978 4.07354
686.369 4.07378
686.761 4.07402
687.152 4.07426
687.544 4.0745
687.935 4.07474
688.326 4.07498
688.718 4.07522
689.109 4.07546
689.501 4.0757
689.893 4.07593
690.284 4.07617
690.676 4.07641
691.068 4.07665
691.459 4.07689
691.851 4.07713
692.243 4.07736
692.634 4.0776
693.026 4.07784
693.418 4.07808
693.81 4.07831
694.201 4.07855
694.593 4.07879
694.985 4.07903
695.377 4.07926
695.769 4.0795
696.161 4.07974
696.553 4.07997
696.945 4.08021
697.337 4.08045
697.729 4.08068
698.121 4.08092
698.513 4.08115
698.905 4.08139
699.297 4.08162
699.69 4.08186
700.082 4.0821
700.474 4.08233
700.866 4.08257
701.259 4.0828
701.651 4.08304
702.043 4.08327
702.435 4.0835
702.828 4.08374
703.22 4.08397
703.613 4.08421
704.005 4.08444
704.397 4.08467
704.79 4.08491
705.182 4.08514
705.575 4.08538
705.967 4.08561
706.36 4.08584
706.753 4.08607
707.145 4.08631
707.538 4.08654
707.931 4.08677
708.323 4.08701
708.716 4.08724
709.109 4.08747
709.501 4.0877
709.894 4.08793
710.287 4.08817
710.68 4.0884
711.073 4.08863
711.466 4.08886
711.858 4.08909
712.251 4.08932
712.644 4.08955
713.037 4.08978
713.43 4.09001
713.823 4.09025
714.216 4.09048
714.609 4.09071
715.002 4.09094
715.395 4.09117
715.789 4.0914
716.182 4.09163
716.575 4.09186
716.968 4.09209
717.361 4.09231
717.754 4.09254
718.148 4.09277
718.541 4.093
718.934 4.09323
719.328 4.09346
719.721 4.09369
720.114 4.09392
720.508 4.09415
720.901 4.09437
721.295 4.0946
721.688 4.09483
722.081 4.09506
722.475 4.09529
722.869 4.09551
723.262 4.09574
723.656 4.09597
724.049 4.0962
724.443 4.09642
724.836 4.09665
725.23 4.09688
725.624 4.0971
726.018 4.09733
726.411 4.09756
726.805 4.09778
727.199 4.09801
727.593 4.09823
727.986 4.09846
728.38 4.09869
728.774 4.09891
729.168 4.09914
729.562 4.09936
729.956 4.09959
730.35 4.09981
730.744 4.10004
731.138 4.10026
731.532 4.10049
731.926 4.10071
732.32 4.10094
732.714 4.10116
733.108 4.10139
733.502 4.10161
733.897 4.10184
734.291 4.10206
734.685 4.10228
735.079 4.10251
735.473 4.10273
735.868 4.10295
736.262 4.10318
736.656 4.1034
737.051 4.10362
737.445 4.10385
737.839 4.10407
738.234 4.10429
738.628 4.10451
739.023 4.10474
739.417 4.10496
739.812 4.10518
740.206 4.1054
740.601 4.10563
740.995 4.10585
741.39 4.10607
741.784 4.10629
742.179 4.10651
742.574 4.10673
742.968 4.10696
743.363 4.10718
743.758 4.1074
744.153 4.10762
744.547 4.10784
744.942 4.10806
745.337 4.10828
745.732 4.1085
746.127 4.10872
746.522 4.10894
746.916 4.10916
747.311 4.10938
747.706 4.1096
748.101 4.10982
748.496 4.11004
748.891 4.11026
749.286 4.11048
749.681 4.1107
750.076 4.11092
750.471 4.11114
750.867 4.11136
751.262 4.11158
751.657 4.11179
752.052 4.11201
752.447 4.11223
752.842 4.11245
753.238 4.11267
753.633 4.11289
754.028 4.1131
754.424 4.11332
754.819 4.11354
755.214 4.11376
755.61 4.11397
756.005 4.11419
756.401 4.11441
756.796 4.11463
757.191 4.11484
757.587 4.11506
757.982 4.11528
758.378 4.11549
758.773 4.11571
759.169 4.11593
759.565 4.11614
759.96 4.11636
760.356 4.11658
760.752 4.11679
761.147 4.11701
761.543 4.11722
761.939 4.11744
762.334 4.11765
762.73 4.11787
763.126 4.11808
763.522 4.1183
763.918 4.11851
764.313 4.11873
764.709 4.11894
765.105 4.11916
765.501 4.11937
765.897 4.11959
766.293 4.1198
766.689 4.12002
767.085 4.12023
767.481 4.12044
767.877 4.12066
768.273 4.12087
768.669 4.12109
769.065 4.1213
769.461 4.12151
769.858 4.12173
770.254 4.12194
770.65 4.12215
771.046 4.12237
771.443 4.12258
771.839 4.12279
772.235 4.123
772.631 4.12322
773.028 4.12343
773.424 4.12364
773.82 4.12385
774.217 4.12406
774.613 4.12428
775.01 4.12449
775.406 4.1247
775.802 4.12491
776.199 4.12512
776.595 4.12534
776.992 4.12555
777.389 4.12576
777.785 4.12597
778.182 4.12618
778.578 4.12639
778.975 4.1266
779.372 4.12681
779.768 4.12702
780.165 4.12723
780.562 4.12744
780.959 4.12765
781.355 4.12786
781.752 4.12807
782.149 4.12828
782.546 4.12849
782.943 4.1287
783.339 4.12891
783.736 4.12912
784.133 4.12933
784.53 4.12954
784.927 4.12975
785.324 4.12996
785.721 4.13017
786.118 4.13038
786.515 4.13058
786.912 4.13079
787.309 4.131
787.706 4.13121
788.104 4.13142
788.501 4.13163
788.898 4.13183
789.295 4.13204
789.692 4.13225
790.089 4.13246
790.487 4.13266
790.884 4.13287
791.281 4.13308
791.679 4.13329
792.076 4.13349
792.473 4.1337
792.871 4.13391
793.268 4.13411
793.665 4.13432
794.063 4.13453
794.46 4.13473
794.858 4.13494
795.255 4.13515
795.653 4.13535
796.05 4.13556
796.448 4.13577
796.846 4.13597
797.243 4.13618
797.641 4.13638
798.038 4.13659
798.436 4.13679
798.834 4.137
799.231 4.1372
799.629 4.13741
800.027 4.13761
800.425 4.13782
800.822 4.13802
801.22 4.13823
801.618 4.13843
802.016 4.13864
802.414 4.13884
802.812 4.13905
803.21 4.13925
803.608 4.13946
804.005 4.13966
804.403 4.13986
804.801 4.14007
805.199 4.14027
805.597 4.14047
805.996 4.14068
806.394 4.14088
806.792 4.14108
807.19 4.14129
807.588 4.14149
807.986 4.14169
808.384 4.1419
808.782 4.1421
809.181 4.1423
809.579 4.1425
809.977 4.14271
810.375 4.14291
810.774 4.14311
811.172 4.14331
811.57 4.14352
811.969 4.14372
812.367 4.14392
812.766 4.14412
813.164 4.14432
813.562 4.14452
813.961 4.14473
814.359 4.14493
814.758 4.14513
815.156 4.14533
815.555 4.14553
815.953 4.14573
816.352 4.14593
816.751 4.14613
817.149 4.14633
817.548 4.14653
817.947 4.14673
818.345 4.14693
818.744 4.14713
819.143 4.14733
819.541 4.14753
819.94 4.14773
820.339 4.14793
820.738 4.14813
821.137 4.14833
821.535 4.14853
821.934 4.14873
822.333 4.14893
822.732 4.14913
823.131 4.14933
823.53 4.14953
823.929 4.14973
824.328 4.14993
824.727 4.15013
825.126 4.15032
825.525 4.15052
825.924 4.15072
826.323 4.15092
826.722 4.15112
827.121 4.15132
827.52 4.15151
827.919 4.15171
828.319 4.15191
828.718 4.15211
829.117 4.1523
829.516 4.1525
829.915 4.1527
830.315 4.1529
830.714 4.15309
831.113 4.15329
831.513 4.15349
831.912 4.15368
832.311 4.15388
832.711 4.15408
833.11 4.15427
833.51 4.15447
833.909 4.15467
834.309 4.15486
834.708 4.15506
835.108 4.15526
835.507 4.15545
835.907 4.15565
836.306 4.15584
836.706 4.15604
837.105 4.15624
837.505 4.15643
837.905 4.15663
838.304 4.15682
838.704 4.15702
839.104 4.15721
839.503 4.15741
839.903 4.1576
840.303 4.1578
840.703 4.15799
841.102 4.15819
841.502 4.15838
841.902 4.15858
842.302 4.15877
842.702 4.15897
843.102 4.15916
843.502 4.15935
843.902 4.15955
844.302 4.15974
844.702 4.15994
845.102 4.16013
845.502 4.16032
845.902 4.16052
846.302 4.16071
846.702 4.1609
847.102 4.1611
847.502 4.16129
847.902 4.16148
848.302 4.16168
848.702 4.16187
849.103 4.16206
849.503 4.16226
849.903 4.16245
850.303 4.16264
850.703 4.16283
851.104 4.16303
851.504 4.16322
851.904 4.16341
852.305 4.1636
852.705 4.16379
853.106 4.16399
853.506 4.16418
853.906 4.16437
854.307 4.16456
854.707 4.16475
855.108 4.16494
855.508 4.16513
855.909 4.16533
856.309 4.16552
856.71 4.16571
857.11 4.1659
857.511 4.16609
857.912 4.16628
858.312 4.16647
858.713 4.16666
859.114 4.16685
859.514 4.16704
859.915 4.16723
860.316 4.16742
860.716 4.16761
861.117 4.1678
861.518 4.16799
861.919 4.16818
862.32 4.16837
862.72 4.16856
863.121 4.16875
863.522 4.16894
863.923 4.16913
864.324 4.16932
864.725 4.16951
865.126 4.1697
865.527 4.16989
865.928 4.17008
866.329 4.17027
866.73 4.17045
867.131 4.17064
867.532 4.17083
867.933 4.17102
868.334 4.17121
868.735 4.1714
869.136 4.17159
869.538 4.17177
869.939 4.17196
870.34 4.17215
870.741 4.17234
871.142 4.17252
871.544 4.17271
871.945 4.1729
872.346 4.17309
872.747 4.17327
873.149 4.17346
873.55 4.17365
873.952 4.17384
874.353 4.17402
874.754 4.17421
875.156 4.1744
875.557 4.17458
875.959 4.17477
876.36 4.17496
876.762 4.17514
877.163 4.17533
877.565 4.17552
877.966 4.1757
878.368 4.17589
878.769 4.17608
879.171 4.17626
879.573 4.17645
879.974 4.17663
880.376 4.17682
880.778 4.17701
881.179 4.17719
881.581 4.17738
881.983 4.17756
882.385 4.17775
882.786 4.17793
883.188 4.17812
883.59 4.1783
883.992 4.17849
884.394 4.17867
884.795 4.17886
885.197 4.17904
885.599 4.17923
886.001 4.17941
886.403 4.1796
886.805 4.17978
887.207 4.17996
887.609 4.18015
888.011 4.18033
888.413 4.18052
888.815 4.1807
889.217 4.18088
889.619 4.18107
890.021 4.18125
890.424 4.18144
890.826 4.18162
891.228 4.1818
891.63 4.18199
892.032 4.18217
892.435 4.18235
892.837 4.18253
893.239 4.18272
893.641 4.1829
894.044 4.18308
894.446 4.18327
894.848 4.18345
895.251 4.18363
895.653 4.18381
896.055 4.184
896.458 4.18418
896.86 4.18436
897.263 4.18454
897.665 4.18473
898.068 4.18491
898.47 4.18509
898.872 4.18527
899.275 4.18545
899.678 4.18563
900.08 4.18582
900.483 4.186
900.885 4.18618
901.288 4.18636
901.691 4.18654
902.093 4.18672
902.496 4.1869
902.899 4.18708
903.301 4.18727
903.704 4.18745
904.107 4.18763
904.51 4.18781
904.912 4.18799
905.315 4.18817
905.718 4.18835
906.121 4.18853
906.524 4.18871
906.927 4.18889
907.329 4.18907
907.732 4.18925
908.135 4.18943
908.538 4.18961
908.941 4.18979
909.344 4.18997
909.747 4.19015
910.15 4.19033
910.553 4.19051
910.956 4.19069
911.359 4.19087
911.762 4.19104
912.165 4.19122
912.569 4.1914
912.972 4.19158
913.375 4.19176
913.778 4.19194
914.181 4.19212
914.584 4.1923
914.988 4.19248
915.391 4.19265
915.794 4.19283
916.198 4.19301
916.601 4.19319
917.004 4.19337
917.407 4.19354
917.811 4.19372
918.214 4.1939
918.618 4.19408
919.021 4.19426
919.424 4.19443
919.828 4.19461
920.231 4.19479
920.635 4.19497
921.038 4.19514
921.442 4.19532
921.845 4.1955
922.249 4.19567
922.652 4.19585
923.056 4.19603
923.46 4.19621
923.863 4.19638
924.267 4.19656
924.671 4.19673
925.074 4.19691
925.478 4.19709
925.882 4.19726
926.285 4.19744
926.689 4.19762
927.093 4.19779
927.497 4.19797
927.901 4.19814
928.304 4.19832
928.708 4.1985
929.112 4.19867
929.516 4.19885
929.92 4.19902
930.324 4.1992
930.728 4.19937
931.132 4.19955
931.535 4.19972
931.939 4.1999
932.343 4.20007
932.747 4.20025
933.151 4.20042
933.556 4.2006
933.96 4.20077
934.364 4.20095
934.768 4.20112
935.172 4.2013
935.576 4.20147
935.98 4.20165
936.384 4.20182
936.789 4.202
937.193 4.20217
937.597 4.20234
938.001 4.20252
938.405 4.20269
938.81 4.20287
939.214 4.20304
939.618 4.20321
940.023 4.20339
940.427 4.20356
940.831 4.20373
941.236 4.20391
941.64 4.20408
942.044 4.20425
942.449 4.20443
942.853 4.2046
943.258 4.20477
943.662 4.20495
944.067 4.20512
944.471 4.20529
944.876 4.20546
945.28 4.20564
945.685 4.20581
946.09 4.20598
946.494 4.20615
946.899 4.20633
947.303 4.2065
947.708 4.20667
948.113 4.20684
948.517 4.20701
948.922 4.20719
949.327 4.20736
949.732 4.20753
950.136 4.2077
950.541 4.20787
950.946 4.20805
951.351 4.20822
951.755 4.20839
952.16 4.20856
952.565 4.20873
952.97 4.2089
953.375 4.20907
953.78 4.20924
954.185 4.20941
954.59 4.20959
954.995 4.20976
955.4 4.20993
955.805 4.2101
956.21 4.21027
956.615 4.21044
957.02 4.21061
957.425 4.21078
957.83 4.21095
958.235 4.21112
958.64 4.21129
959.045 4.21146
959.45 4.21163
959.856 4.2118
960.261 4.21197
960.666 4.21214
961.071 4.21231
961.476 4.21248
961.882 4.21265
962.287 4.21282
962.692 4.21299
963.097 4.21316
963.503 4.21333
963.908 4.21349
964.313 4.21366
964.719 4.21383
965.124 4.214
965.53 4.21417
965.935 4.21434
966.34 4.21451
966.746 4.21468
967.151 4.21485
967.557 4.21501
967.962 4.21518
968.368 4.21535
968.773 4.21552
969.179 4.21569
969.585 4.21586
969.99 4.21602
970.396 4.21619
970.801 4.21636
971.207 4.21653
971.613 4.21669
972.018 4.21686
972.424 4.21703
972.83 4.2172
973.235 4.21737
973.641 4.21753
974.047 4.2177
974.453 4.21787
974.858 4.21803
975.264 4.2182
975.67 4.21837
976.076 4.21854
976.482 4.2187
976.888 4.21887
977.294 4.21904
977.699 4.2192
978.105 4.21937
978.511 4.21954
978.917 4.2197
979.323 4.21987
979.729 4.22004
980.135 4.2202
980.541 4.22037
980.947 4.22053
981.353 4.2207
981.759 4.22087
982.166 4.22103
982.572 4.2212
982.978 4.22136
983.384 4.22153
983.79 4.22169
984.196 4.22186
984.602 4.22203
985.009 4.22219
985.415 4.22236
985.821 4.22252
986.227 4.22269
986.634 4.22285
987.04 4.22302
987.446 4.22318
987.853 4.22335
988.259 4.22351
988.665 4.22368
989.072 4.22384
989.478 4.22401
989.884 4.22417
990.291 4.22434
990.697 4.2245
991.104 4.22466
991.51 4.22483
991.917 4.22499
992.323 4.22516
992.73 4.22532
993.136 4.22548
993.543 4.22565
993.949 4.22581
994.356 4.22598
994.762 4.22614
995.169 4.2263
995.576 4.22647
995.982 4.22663
996.389 4.22679
996.796 4.22696
997.202 4.22712
997.609 4.22728
998.016 4.22745
998.423 4.22761
998.829 4.22777
999.236 4.22794
999.643 4.2281
1000.05 4.22826
1000.46 4.22843
1000.86 4.22859
1001.27 4.22875
1001.68 4.22891
1002.08 4.22908
1002.49 4.22924
1002.9 4.2294
1003.3 4.22956
1003.71 4.22973
1004.12 4.22989
1004.53 4.23005
1004.93 4.23021
1005.34 4.23037
1005.75 4.23054
1006.15 4.2307
1006.56 4.23086
1006.97 4.23102
1007.38 4.23118
1007.78 4.23134
1008.19 4.23151
1008.6 4.23167
1009 4.23183
1009.41 4.23199
1009.82 4.23215
1010.23 4.23231
1010.63 4.23247
1011.04 4.23264
1011.45 4.2328
1011.85 4.23296
1012.26 4.23312
1012.67 4.23328
1013.08 4.23344
1013.48 4.2336
1013.89 4.23376
1014.3 4.23392
1014.71 4.23408
1015.11 4.23424
1015.52 4.2344
1015.93 4.23456
1016.34 4.23472
1016.74 4.23488
1017.15 4.23504
1017.56 4.2352
1017.97 4.23536
1018.37 4.23552
1018.78 4.23568
1019.19 4.23584
1019.6 4.236
1020 4.23616
1020.41 4.23632
1020.82 4.23648
1021.23 4.23664
1021.63 4.2368
1022.04 4.23696
1022.45 4.23712
1022.86 4.23728
1023.26 4.23744
1023.67 4.23759
1024.08 4.23775
1024.49 4.23791
1024.9 4.23807
1025.3 4.23823
1025.71 4.23839
1026.12 4.23855
1026.53 4.23871
1026.94 4.23886
1027.34 4.23902
1027.75 4.23918
1028.16 4.23934
1028.57 4.2395
1028.97 4.23966
1029.38 4.23981
1029.79 4.23997
1030.2 4.24013
1030.61 4.24029
1031.01 4.24044
1031.42 4.2406
1031.83 4.24076
1032.24 4.24092
1032.65 4.24108
1033.06 4.24123
1033.46 4.24139
1033.87 4.24155
1034.28 4.2417
1034.69 4.24186
1035.1 4.24202
1035.5 4.24218
1035.91 4.24233
1036.32 4.24249
1036.73 4.24265
1037.14 4.2428
1037.55 4.24296
1037.95 4.24312
1038.36 4.24327
1038.77 4.24343
1039.18 4.24359
1039.59 4.24374
1040 4.2439
1040.4 4.24406
1040.81 4.24421
1041.22 4.24437
1041.63 4.24452
1042.04 4.24468
1042.45 4.24484
1042.85 4.24499
1043.26 4.24515
1043.67 4.2453
1044.08 4.24546
1044.49 4.24562
1044.9 4.24577
1045.31 4.24593
1045.71 4.24608
1046.12 4.24624
1046.53 4.24639
1046.94 4.24655
1047.35 4.2467
1047.76 4.24686
1048.17 4.24701
1048.57 4.24717
1048.98 4.24732
1049.39 4.24748
1049.8 4.24763
1050.21 4.24779
1050.62 4.24794
1051.03 4.2481
1051.44 4.24825
1051.84 4.24841
1052.25 4.24856
1052.66 4.24872
1053.07 4.24887
1053.48 4.24903
1053.89 4.24918
1054.3 4.24933
1054.71 4.24949
1055.12 4.24964
1055.53 4.2498
1055.93 4.24995
1056.34 4.2501
1056.75 4.25026
1057.16 4.25041
1057.57 4.25057
1057.98 4.25072
1058.39 4.25087
1058.8 4.25103
1059.21 4.25118
1059.62 4.25133
1060.02 4.25149
1060.43 4.25164
1060.84 4.25179
1061.25 4.25195
1061.66 4.2521
1062.07 4.25225
1062.48 4.25241
1062.89 4.25256
1063.3 4.25271
1063.71 4.25286
1064.12 4.25302
1064.53 4.25317
1064.94 4.25332
1065.34 4.25347
1065.75 4.25363
1066.16 4.25378
1066.57 4.25393
1066.98 4.25408
1067.39 4.25424
1067.8 4.25439
1068.21 4.25454
1068.62 4.25469
1069.03 4.25485
1069.44 4.255
1069.85 4.25515
1070.26 4.2553
1070.67 4.25545
1071.08 4.2556
1071.49 4.25576
1071.9 4.25591
1072.31 4.25606
1072.72 4.25621
1073.13 4.25636
1073.53 4.25651
1073.94 4.25666
1074.35 4.25682
1074.76 4.25697
1075.17 4.25712
1075.58 4.25727
1075.99 4.25742
1076.4 4.25757
1076.81 4.25772
1077.22 4.25787
1077.63 4.25802
1078.04 4.25817
1078.45 4.25833
1078.86 4.25848
1079.27 4.25863
1079.68 4.25878
1080.09 4.25893
1080.5 4.25908
1080.91 4.25923
1081.32 4.25938
1081.73 4.25953
1082.14 4.25968
1082.55 4.25983
1082.96 4.25998
1083.37 4.26013
1083.78 4.26028
1084.19 4.26043
1084.6 4.26058
1085.01 4.26073
1085.42 4.26088
1085.83 4.26103
1086.24 4.26118
1086.65 4.26133
1087.06 4.26148
1087.47 4.26162
1087.88 4.26177
1088.29 4.26192
1088.7 4.26207
1089.11 4.26222
1089.52 4.26237
1089.93 4.26252
1090.34 4.26267
1090.75 4.26282
1091.16 4.26297
1091.57 4.26311
1091.98 4.26326
1092.39 4.26341
1092.8 4.26356
1093.21 4.26371
1093.63 4.26386
1094.04 4.26401
1094.45 4.26415
1094.86 4.2643
1095.27 4.26445
1095.68 4.2646
1096.09 4.26475
1096.5 4.2649
1096.91 4.26504
1097.32 4.26519
1097.73 4.26534
1098.14 4.26549
1098.55 4.26564
1098.96 4.26578
1099.37 4.26593
1099.78 4.26608
1100.19 4.26623
1100.6 4.26637
1101.01 4.26652
1101.43 4.26667
1101.84 4.26682
1102.25 4.26696
1102.66 4.26711
1103.07 4.26726
1103.48 4.26741
1103.89 4.26755
1104.3 4.2677
1104.71 4.26785
1105.12 4.26799
1105.53 4.26814
1105.94 4.26829
1106.35 4.26843
1106.77 4.26858
1107.18 4.26873
1107.59 4.26887
1108 4.26902
1108.41 4.26917
1108.82 4.26931
1109.23 4.26946
1109.64 4.2696
1110.05 4.26975
1110.46 4.2699
1110.87 4.27004
1111.29 4.27019
1111.7 4.27034
1112.11 4.27048
1112.52 4.27063
1112.93 4.27077
1113.34 4.27092
1113.75 4.27106
1114.16 4.27121
1114.57 4.27136
1114.98 4.2715
1115.4 4.27165
1115.81 4.27179
1116.22 4.27194
1116.63 4.27208
1117.04 4.27223
1117.45 4.27237
1117.86 4.27252
1118.27 4.27266
1118.69 4.27281
1119.1 4.27295
1119.51 4.2731
1119.92 4.27324
1120.33 4.27339
1120.74 4.27353
1121.15 4.27368
1121.57 4.27382
1121.98 4.27397
1122.39 4.27411
1122.8 4.27426
1123.21 4.2744
1123.62 4.27455
1124.03 4.27469
1124.45 4.27483
1124.86 4.27498
1125.27 4.27512
1125.68 4.27527
1126.09 4.27541
1126.5 4.27555
1126.91 4.2757
1127.33 4.27584
1127.74 4.27599
1128.15 4.27613
1128.56 4.27627
1128.97 4.27642
1129.38 4.27656
1129.8 4.2767
1130.21 4.27685
1130.62 4.27699
1131.03 4.27713
1131.44 4.27728
1131.85 4.27742
1132.27 4.27757
1132.68 4.27771
1133.09 4.27785
1133.5 4.27799
1133.91 4.27814
1134.32 4.27828
1134.74 4.27842
1135.15 4.27857
1135.56 4.27871
1135.97 4.27885
1136.38 4.27899
1136.8 4.27914
1137.21 4.27928
1137.62 4.27942
1138.03 4.27956
1138.44 4.27971
1138.86 4.27985
1139.27 4.27999
1139.68 4.28013
1140.09 4.28028
1140.5 4.28042
1140.92 4.28056
1141.33 4.2807
1141.74 4.28085
1142.15 4.28099
1142.56 4.28113
1142.98 4.28127
1143.39 4.28141
1143.8 4.28155
1144.21 4.2817
1144.62 4.28184
1145.04 4.28198
1145.45 4.28212
1145.86 4.28226
1146.27 4.2824
1146.69 4.28255
1147.1 4.28269
1147.51 4.28283
1147.92 4.28297
1148.33 4.28311
1148.75 4.28325
1149.16 4.28339
1149.57 4.28353
1149.98 4.28368
1150.4 4.28382
1150.81 4.28396
1151.22 4.2841
1151.63 4.28424
1152.05 4.28438
1152.46 4.28452
1152.87 4.28466
1153.28 4.2848
1153.7 4.28494
1154.11 4.28508
1154.52 4.28522
1154.93 4.28536
1155.35 4.2855
1155.76 4.28564
1156.17 4.28578
1156.58 4.28592
1157 4.28606
1157.41 4.2862
1157.82 4.28634
1158.23 4.28648
1158.65 4.28662
1159.06 4.28676
1159.47 4.2869
1159.89 4.28704
1160.3 4.28718
1160.71 4.28732
1161.12 4.28746
1161.54 4.2876
1161.95 4.28774
1162.36 4.28788
1162.77 4.28802
1163.19 4.28816
1163.6 4.2883
1164.01 4.28844
1164.43 4.28858
1164.84 4.28872
1165.25 4.28886
1165.66 4.28899
1166.08 4.28913
1166.49 4.28927
1166.9 4.28941
1167.32 4.28955
1167.73 4.28969
1168.14 4.28983
1168.55 4.28997
1168.97 4.2901
1169.38 4.29024
1169.79 4.29038
1170.21 4.29052
1170.62 4.29066
1171.03 4.2908
1171.45 4.29093
1171.86 4.29107
1172.27 4.29121
1172.69 4.29135
1173.1 4.29149
1173.51 4.29163
1173.92 4.29176
1174.34 4.2919
1174.75 4.29204
1175.16 4.29218
1175.58 4.29232
1175.99 4.29245
1176.4 4.29259
1176.82 4.29273
1177.23 4.29287
1177.64 4.293
1178.06 4.29314
1178.47 4.29328
1178.88 4.29342
1179.3 4.29355
1179.71 4.29369
1180.12 4.29383
1180.54 4.29396
1180.95 4.2941
1181.36 4.29424
1181.78 4.29438
1182.19 4.29451
1182.6 4.29465
1183.02 4.29479
1183.43 4.29492
1183.84 4.29506
1184.26 4.2952
1184.67 4.29533
1185.09 4.29547
1185.5 4.29561
1185.91 4.29574
1186.33 4.29588
1186.74 4.29602
1187.15 4.29615
1187.57 4.29629
1187.98 4.29643
1188.39 4.29656
1188.81 4.2967
1189.22 4.29684
1189.64 4.29697
1190.05 4.29711
1190.46 4.29724
1190.88 4.29738
1191.29 4.29751
1191.7 4.29765
1192.12 4.29779
1192.53 4.29792
1192.95 4.29806
1193.36 4.29819
1193.77 4.29833
1194.19 4.29847
1194.6 4.2986
1195.01 4.29874
1195.43 4.29887
1195.84 4.29901
1196.26 4.29914
1196.67 4.29928
1197.08 4.29941
1197.5 4.29955
1197.91 4.29968
1198.33 4.29982
1198.74 4.29995
1199.15 4.30009
1199.57 4.30022
1199.98 4.30036
1200.4 4.30049
1200.81 4.30063
1201.22 4.30076
1201.64 4.3009
1202.05 4.30103
1202.47 4.30117
1202.88 4.3013
1203.29 4.30144
1203.71 4.30157
1204.12 4.3017
1204.54 4.30184
1204.95 4.30197
1205.37 4.30211
1205.78 4.30224
1206.19 4.30238
1206.61 4.30251
1207.02 4.30264
1207.44 4.30278
1207.85 4.30291
1208.27 4.30305
1208.68 4.30318
1209.09 4.30331
1209.51 4.30345
1209.92 4.30358
1210.34 4.30372
1210.75 4.30385
1211.17 4.30398
1211.58 4.30412
1211.99 4.30425
1212.41 4.30438
1212.82 4.30452
1213.24 4.30465
1213.65 4.30478
1214.07 4.30492
1214.48 4.30505
1214.9 4.30518
1215.31 4.30532
1215.72 4.30545
1216.14 4.30558
1216.55 4.30572
1216.97 4.30585
1217.38 4.30598
1217.8 4.30612
1218.21 4.30625
1218.63 4.30638
1219.04 4.30651
1219.46 4.30665
1219.87 4.30678
1220.29 4.30691
1220.7 4.30704
1221.11 4.30718
1221.53 4.30731
1221.94 4.30744
1222.36 4.30757
1222.77 4.30771
1223.19 4.30784
1223.6 4.30797
1224.02 4.3081
1224.43 4.30823
1224.85 4.30837
1225.26 4.3085
1225.68 4.30863
1226.09 4.30876
1226.51 4.3089
1226.92 4.30903
1227.34 4.30916
1227.75 4.30929
1228.17 4.30942
1228.58 4.30955
1229 4.30969
1229.41 4.30982
1229.83 4.30995
1230.24 4.31008
1230.66 4.31021
1231.07 4.31034
1231.49 4.31047
1231.9 4.31061
1232.32 4.31074
1232.73 4.31087
1233.15 4.311
1233.56 4.31113
1233.98 4.31126
1234.39 4.31139
1234.81 4.31152
1235.22 4.31165
1235.64 4.31179
1236.05 4.31192
1236.47 4.31205
1236.88 4.31218
1237.3 4.31231
1237.71 4.31244
1238.13 4.31257
1238.54 4.3127
1238.96 4.31283
1239.37 4.31296
1239.79 4.31309
1240.21 4.31322
1240.62 4.31335
1241.04 4.31348
1241.45 4.31361
1241.87 4.31374
1242.28 4.31387
1242.7 4.314
1243.11 4.31413
1243.53 4.31426
1243.94 4.31439
1244.36 4.31452
1244.77 4.31465
1245.19 4.31478
1245.61 4.31491
1246.02 4.31504
1246.44 4.31517
1246.85 4.3153
1247.27 4.31543
1247.68 4.31556
1248.1 4.31569
1248.51 4.31582
1248.93 4.31595
1249.35 4.31608
1249.76 4.31621
1250.18 4.31634
1250.59 4.31647
1251.01 4.3166
1251.42 4.31673
1251.84 4.31686
1252.26 4.31698
1252.67 4.31711
1253.09 4.31724
1253.5 4.31737
1253.92 4.3175
1254.33 4.31763
1254.75 4.31776
1255.17 4.31789
1255.58 4.31802
1256 4.31814
1256.41 4.31827
1256.83 4.3184
1257.24 4.31853
1257.66 4.31866
1258.08 4.31879
1258.49 4.31892
1258.91 4.31904
1259.32 4.31917
1259.74 4.3193
1260.16 4.31943
1260.57 4.31956
1260.99 4.31969
1261.4 4.31981
1261.82 4.31994
1262.24 4.32007
1262.65 4.3202
1263.07 4.32033
1263.48 4.32045
1263.9 4.32058
1264.32 4.32071
1264.73 4.32084
1265.15 4.32096
1265.56 4.32109
1265.98 4.32122
1266.4 4.32135
1266.81 4.32148
1267.23 4.3216
1267.64 4.32173
1268.06 4.32186
1268.48 4.32199
1268.89 4.32211
1269.31 4.32224
1269.73 4.32237
1270.14 4.32249
1270.56 4.32262
1270.97 4.32275
1271.39 4.32288
1271.81 4.323
1272.22 4.32313
1272.64 4.32326
1273.06 4.32338
1273.47 4.32351
1273.89 4.32364
1274.3 4.32376
1274.72 4.32389
1275.14 4.32402
1275.55 4.32414
1275.97 4.32427
1276.39 4.3244
1276.8 4.32452
1277.22 4.32465
1277.64 4.32478
1278.05 4.3249
1278.47 4.32503
1278.89 4.32516
1279.3 4.32528
1279.72 4.32541
1280.14 4.32554
1280.55 4.32566
1280.97 4.32579
1281.39 4.32591
1281.8 4.32604
1282.22 4.32617
1282.63 4.32629
1283.05 4.32642
1283.47 4.32654
1283.88 4.32667
1284.3 4.32679
1284.72 4.32692
1285.13 4.32705
1285.55 4.32717
1285.97 4.3273
1286.39 4.32742
1286.8 4.32755
1287.22 4.32767
1287.64 4.3278
1288.05 4.32792
1288.47 4.32805
1288.89 4.32818
1289.3 4.3283
1289.72 4.32843
1290.14 4.32855
1290.55 4.32868
1290.97 4.3288
1291.39 4.32893
1291.8 4.32905
1292.22 4.32918
1292.64 4.3293
1293.05 4.32943
1293.47 4.32955
1293.89 4.32968
1294.31 4.3298
1294.72 4.32993
1295.14 4.33005
1295.56 4.33018
1295.97 4.3303
1296.39 4.33042
1296.81 4.33055
1297.22 4.33067
1297.64 4.3308
1298.06 4.33092
1298.48 4.33105
1298.89 4.33117
1299.31 4.3313
1299.73 4.33142
1300.14 4.33154
1300.56 4.33167
1300.98 4.33179
1301.4 4.33192
1301.81 4.33204
1302.23 4.33216
1302.65 4.33229
1303.06 4.33241
1303.48 4.33254
1303.9 4.33266
1304.32 4.33278
1304.73 4.33291
1305.15 4.33303
1305.57 4.33315
1305.99 4.33328
1306.4 4.3334
1306.82 4.33353
1307.24 4.33365
1307.65 4.33377
1308.07 4.3339
1308.49 4.33402
1308.91 4.33414
1309.32 4.33427
1309.74 4.33439
1310.16 4.33451
1310.58 4.33464
1310.99 4.33476
1311.41 4.33488
1311.83 4.335
1312.25 4.33513
1312.66 4.33525
1313.08 4.33537
1313.5 4.3355
1313.92 4.33562
1314.33 4.33574
1314.75 4.33587
1315.17 4.33599
1315.59 4.33611
1316 4.33623
1316.42 4.33636
1316.84 4.33648
1317.26 4.3366
1317.68 4.33672
1318.09 4.33685
1318.51 4.33697
1318.93 4.33709
1319.35 4.33721
1319.76 4.33734
1320.18 4.33746
1320.6 4.33758
1321.02 4.3377
1321.43 4.33782
1321.85 4.33795
1322.27 4.33807
1322.69 4.33819
1323.11 4.33831
1323.52 4.33843
1323.94 4.33856
1324.36 4.33868
1324.78 4.3388
1325.2 4.33892
1325.61 4.33904
1326.03 4.33916
1326.45 4.33929
1326.87 4.33941
1327.28 4.33953
1327.7 4.33965
1328.12 4.33977
1328.54 4.33989
1328.96 4.34002
1329.37 4.34014
1329.79 4.34026
1330.21 4.34038
1330.63 4.3405
1331.05 4.34062
1331.46 4.34074
1331.88 4.34086
1332.3 4.34098
1332.72 4.34111
1333.14 4.34123
1333.56 4.34135
1333.97 4.34147
1334.39 4.34159
1334.81 4.34171
1335.23 4.34183
1335.65 4.34195
1336.06 4.34207
1336.48 4.34219
1336.9 4.34231
1337.32 4.34243
1337.74 4.34256
1338.16 4.34268
1338.57 4.3428
1338.99 4.34292
1339.41 4.34304
1339.83 4.34316
1340.25 4.34328
1340.67 4.3434
1341.08 4.34352
1341.5 4.34364
1341.92 4.34376
1342.34 4.34388
1342.76 4.344
1343.18 4.34412
1343.59 4.34424
1344.01 4.34436
1344.43 4.34448
1344.85 4.3446
1345.27 4.34472
1345.69 4.34484
1346.1 4.34496
1346.52 4.34508
1346.94 4.3452
1347.36 4.34532
1347.78 4.34544
1348.2 4.34556
1348.62 4.34568
1349.03 4.3458
1349.45 4.34592
1349.87 4.34604
1350.29 4.34616
1350.71 4.34628
1351.13 4.34639
1351.55 4.34651
1351.96 4.34663
1352.38 4.34675
1352.8 4.34687
1353.22 4.34699
1353.64 4.34711
1354.06 4.34723
1354.48 4.34735
1354.9 4.34747
1355.31 4.34759
1355.73 4.34771
1356.15 4.34782
1356.57 4.34794
1356.99 4.34806
1357.41 4.34818
1357.83 4.3483
1358.25 4.34842
1358.66 4.34854
1359.08 4.34866
1359.5 4.34877
1359.92 4.34889
1360.34 4.34901
1360.76 4.34913
1361.18 4.34925
1361.6 4.34937
1362.02 4.34948
1362.43 4.3496
1362.85 4.34972
1363.27 4.34984
1363.69 4.34996
1364.11 4.35008
1364.53 4.35019
1364.95 4.35031
1365.37 4.35043
1365.79 4.35055
1366.21 4.35067
1366.62 4.35078
1367.04 4.3509
1367.46 4.35102
1367.88 4.35114
1368.3 4.35126
1368.72 4.35137
1369.14 4.35149
1369.56 4.35161
1369.98 4.35173
1370.4 4.35184
1370.82 4.35196
1371.24 4.35208
1371.65 4.3522
1372.07 4.35231
1372.49 4.35243
1372.91 4.35255
1373.33 4.35267
1373.75 4.35278
1374.17 4.3529
1374.59 4.35302
1375.01 4.35314
1375.43 4.35325
1375.85 4.35337
1376.27 4.35349
1376.69 4.3536
1377.11 4.35372
1377.52 4.35384
1377.94 4.35396
1378.36 4.35407
1378.78 4.35419
1379.2 4.35431
1379.62 4.35442
1380.04 4.35454
1380.46 4.35466
1380.88 4.35477
1381.3 4.35489
1381.72 4.35501
1382.14 4.35512
1382.56 4.35524
1382.98 4.35536
1383.4 4.35547
1383.82 4.35559
1384.24 4.35571
1384.66 4.35582
1385.08 4.35594
1385.49 4.35605
1385.91 4.35617
1386.33 4.35629
1386.75 4.3564
1387.17 4.35652
1387.59 4.35664
1388.01 4.35675
1388.43 4.35687
1388.85 4.35698
1389.27 4.3571
1389.69 4.35722
1390.11 4.35733
1390.53 4.35745
1390.95 4.35756
1391.37 4.35768
1391.79 4.35779
1392.21 4.35791
1392.63 4.35803
1393.05 4.35814
1393.47 4.35826
1393.89 4.35837
1394.31 4.35849
1394.73 4.3586
1395.15 4.35872
1395.57 4.35883
1395.99 4.35895
1396.41 4.35907
1396.83 4.35918
1397.25 4.3593
1397.67 4.35941
1398.09 4.35953
1398.51 4.35964
1398.93 4.35976
1399.35 4.35987
1399.77 4.35999
1400.19 4.3601
1400.61 4.36022
1401.03 4.36033
1401.45 4.36045
1401.87 4.36056
1402.29 4.36068
1402.71 4.36079
1403.13 4.36091
1403.55 4.36102
1403.97 4.36114
1404.39 4.36125
1404.81 4.36137
1405.23 4.36148
1405.65 4.36159
1406.07 4.36171
1406.49 4.36182
1406.91 4.36194
1407.33 4.36205
1407.75 4.36217
1408.17 4.36228
1408.59 4.3624
1409.01 4.36251
1409.43 4.36262
1409.85 4.36274
1410.27 4.36285
1410.69 4.36297
1411.11 4.36308
1411.53 4.36319
1411.95 4.36331
1412.37 4.36342
1412.79 4.36354
1413.21 4.36365
1413.63 4.36376
1414.05 4.36388
1414.48 4.36399
1414.9 4.36411
1415.32 4.36422
1415.74 4.36433
1416.16 4.36445
1416.58 4.36456
1417 4.36468
1417.42 4.36479
1417.84 4.3649
1418.26 4.36502
1418.68 4.36513
1419.1 4.36524
1419.52 4.36536
1419.94 4.36547
1420.36 4.36558
1420.78 4.3657
1421.2 4.36581
1421.62 4.36592
1422.04 4.36604
1422.46 4.36615
1422.89 4.36626
1423.31 4.36638
1423.73 4.36649
1424.15 4.3666
1424.57 4.36671
1424.99 4.36683
1425.41 4.36694
1425.83 4.36705
1426.25 4.36717
1426.67 4.36728
1427.09 4.36739
1427.51 4.36751
1427.93 4.36762
1428.35 4.36773
1428.78 4.36784
1429.2 4.36796
1429.62 4.36807
1430.04 4.36818
1430.46 4.36829
1430.88 4.36841
1431.3 4.36852
1431.72 4.36863
1432.14 4.36874
1432.56 4.36886
1432.98 4.36897
1433.4 4.36908
1433.83 4.36919
1434.25 4.3693
1434.67 4.36942
1435.09 4.36953
1435.51 4.36964
1435.93 4.36975
1436.35 4.36986
1436.77 4.36998
1437.19 4.37009
1437.61 4.3702
1438.03 4.37031
1438.46 4.37043
1438.88 4.37054
1439.3 4.37065
1439.72 4.37076
1440.14 4.37087
1440.56 4.37098
1440.98 4.3711
1441.4 4.37121
1441.82 4.37132
1442.25 4.37143
1442.67 4.37154
1443.09 4.37165
1443.51 4.37176
1443.93 4.37188
1444.35 4.37199
1444.77 4.3721
1445.19 4.37221
1445.62 4.37232
1446.04 4.37243
1446.46 4.37254
1446.88 4.37266
1447.3 4.37277
1447.72 4.37288
1448.14 4.37299
1448.56 4.3731
1448.99 4.37321
1449.41 4.37332
1449.83 4.37343
1450.25 4.37354
1450.67 4.37366
1451.09 4.37377
1451.51 4.37388
1451.93 4.37399
1452.36 4.3741
1452.78 4.37421
1453.2 4.37432
1453.62 4.37443
1454.04 4.37454
1454.46 4.37465
1454.88 4.37476
1455.31 4.37487
1455.73 4.37498
1456.15 4.37509
1456.57 4.3752
1456.99 4.37532
1457.41 4.37543
1457.84 4.37554
1458.26 4.37565
1458.68 4.37576
1459.1 4.37587
1459.52 4.37598
1459.94 4.37609
1460.36 4.3762
1460.79 4.37631
1461.21 4.37642
1461.63 4.37653
1462.05 4.37664
1462.47 4.37675
1462.89 4.37686
1463.32 4.37697
1463.74 4.37708
1464.16 4.37719
1464.58 4.3773
1465 4.37741
1465.43 4.37752
1465.85 4.37763
1466.27 4.37774
1466.69 4.37784
1467.11 4.37795
1467.53 4.37806
1467.96 4.37817
1468.38 4.37828
1468.8 4.37839
1469.22 4.3785
1469.64 4.37861
1470.06 4.37872
1470.49 4.37883
1470.91 4.37894
1471.33 4.37905
1471.75 4.37916
1472.17 4.37927
1472.6 4.37938
1473.02 4.37949
1473.44 4.37959
1473.86 4.3797
1474.28 4.37981
1474.71 4.37992
1475.13 4.38003
1475.55 4.38014
1475.97 4.38025
1476.39 4.38036
1476.82 4.38047
1477.24 4.38058
1477.66 4.38068
1478.08 4.38079
1478.5 4.3809
1478.93 4.38101
1479.35 4.38112
1479.77 4.38123
1480.19 4.38134
1480.61 4.38145
1481.04 4.38155
1481.46 4.38166
1481.88 4.38177
1482.3 4.38188
1482.73 4.38199
1483.15 4.3821
1483.57 4.3822
1483.99 4.38231
1484.41 4.38242
1484.84 4.38253
1485.26 4.38264
1485.68 4.38275
1486.1 4.38285
1486.53 4.38296
1486.95 4.38307
1487.37 4.38318
1487.79 4.38329
1488.22 4.3834
1488.64 4.3835
1489.06 4.38361
1489.48 4.38372
1489.9 4.38383
1490.33 4.38393
1490.75 4.38404
1491.17 4.38415
1491.59 4.38426
1492.02 4.38437
1492.44 4.38447
1492.86 4.38458
1493.28 4.38469
1493.71 4.3848
1494.13 4.3849
1494.55 4.38501
1494.97 4.38512
1495.4 4.38523
1495.82 4.38533
1496.24 4.38544
1496.66 4.38555
1497.09 4.38566
1497.51 4.38576
1497.93 4.38587
1498.35 4.38598
1498.78 4.38608
1499.2 4.38619
1499.62 4.3863
1500.04 4.38641
1500.47 4.38651
1500.89 4.38662
1501.31 4.38673
1501.74 4.38683
1502.16 4.38694
1502.58 4.38705
1503 4.38716
1503.43 4.38726
1503.85 4.38737
1504.27 4.38748
1504.69 4.38758
1505.12 4.38769
1505.54 4.3878
1505.96 4.3879
1506.39 4.38801
1506.81 4.38812
1507.23 4.38822
1507.65 4.38833
1508.08 4.38844
1508.5 4.38854
1508.92 4.38865
1509.35 4.38876
1509.77 4.38886
1510.19 4.38897
1510.61 4.38907
1511.04 4.38918
1511.46 4.38929
1511.88 4.38939
1512.31 4.3895
1512.73 4.38961
1513.15 4.38971
1513.57 4.38982
1514 4.38993
1514.42 4.39003
1514.84 4.39014
1515.27 4.39024
1515.69 4.39035
1516.11 4.39045
1516.54 4.39056
1516.96 4.39067
1517.38 4.39077
1517.81 4.39088
1518.23 4.39098
1518.65 4.39109
1519.07 4.3912
1519.5 4.3913
1519.92 4.39141
1520.34 4.39151
1520.77 4.39162
1521.19 4.39172
1521.61 4.39183
1522.04 4.39193
1522.46 4.39204
1522.88 4.39215
1523.31 4.39225
1523.73 4.39236
1524.15 4.39246
1524.58 4.39257
1525 4.39267
1525.42 4.39278
1525.85 4.39288
1526.27 4.39299
1526.69 4.39309
1527.12 4.3932
1527.54 4.3933
1527.96 4.39341
1528.39 4.39351
1528.81 4.39362
1529.23 4.39372
1529.66 4.39383
1530.08 4.39393
1530.5 4.39404
1530.93 4.39414
1531.35 4.39425
1531.77 4.39435
1532.2 4.39446
1532.62 4.39456
1533.04 4.39467
1533.47 4.39477
1533.89 4.39488
1534.31 4.39498
1534.74 4.39509
1535.16 4.39519
1535.58 4.3953
1536.01 4.3954
1536.43 4.39551
1536.85 4.39561
1537.28 4.39571
1537.7 4.39582
1538.13 4.39592
1538.55 4.39603
1538.97 4.39613
1539.4 4.39624
1539.82 4.39634
1540.24 4.39645
1540.67 4.39655
1541.09 4.39665
1541.51 4.39676
1541.94 4.39686
1542.36 4.39697
1542.79 4.39707
1543.21 4.39717
1543.63 4.39728
1544.06 4.39738
1544.48 4.39749
1544.9 4.39759
1545.33 4.39769
1545.75 4.3978
1546.18 4.3979
1546.6 4.39801
1547.02 4.39811
1547.45 4.39821
1547.87 4.39832
1548.29 4.39842
1548.72 4.39852
1549.14 4.39863
1549.57 4.39873
1549.99 4.39883
1550.41 4.39894
1550.84 4.39904
1551.26 4.39915
1551.69 4.39925
1552.11 4.39935
1552.53 4.39946
1552.96 4.39956
1553.38 4.39966
1553.8 4.39977
1554.23 4.39987
1554.65 4.39997
1555.08 4.40008
1555.5 4.40018
1555.92 4.40028
1556.35 4.40038
1556.77 4.40049
1557.2 4.40059
1557.62 4.40069
1558.05 4.4008
1558.47 4.4009
1558.89 4.401
1559.32 4.40111
1559.74 4.40121
1560.17 4.40131
1560.59 4.40141
1561.01 4.40152
1561.44 4.40162
1561.86 4.40172
1562.29 4.40183
1562.71 4.40193
1563.13 4.40203
1563.56 4.40213
1563.98 4.40224
1564.41 4.40234
1564.83 4.40244
1565.26 4.40254
1565.68 4.40265
1566.1 4.40275
1566.53 4.40285
1566.95 4.40295
1567.38 4.40306
1567.8 4.40316
1568.23 4.40326
1568.65 4.40336
1569.07 4.40347
1569.5 4.40357
1569.92 4.40367
1570.35 4.40377
1570.77 4.40387
1571.2 4.40398
1571.62 4.40408
1572.05 4.40418
1572.47 4.40428
1572.89 4.40438
1573.32 4.40449
1573.74 4.40459
1574.17 4.40469
1574.59 4.40479
1575.02 4.40489
1575.44 4.405
1575.87 4.4051
1576.29 4.4052
1576.71 4.4053
1577.14 4.4054
1577.56 4.40551
1577.99 4.40561
1578.41 4.40571
1578.84 4.40581
1579.26 4.40591
1579.69 4.40601
1580.11 4.40611
1580.54 4.40622
1580.96 4.40632
1581.38 4.40642
1581.81 4.40652
1582.23 4.40662
1582.66 4.40672
1583.08 4.40683
1583.51 4.40693
1583.93 4.40703
1584.36 4.40713
1584.78 4.40723
1585.21 4.40733
1585.63 4.40743
1586.06 4.40753
1586.48 4.40763
1586.91 4.40774
1587.33 4.40784
1587.76 4.40794
1588.18 4.40804
1588.61 4.40814
1589.03 4.40824
1589.45 4.40834
1589.88 4.40844
1590.3 4.40854
1590.73 4.40864
1591.15 4.40875
1591.58 4.40885
1592 4.40895
1592.43 4.40905
1592.85 4.40915
1593.28 4.40925
1593.7 4.40935
1594.13 4.40945
1594.55 4.40955
1594.98 4.40965
1595.4 4.40975
1595.83 4.40985
1596.25 4.40995
1596.68 4.41005
1597.1 4.41015
1597.53 4.41025
1597.95 4.41035
1598.38 4.41045
1598.8 4.41055
1599.23 4.41066
1599.65 4.41076
1600.08 4.41086
1600.5 4.41096
1600.93 4.41106
1601.35 4.41116
1601.78 4.41126
1602.2 4.41136
1602.63 4.41146
1603.05 4.41156
1603.48 4.41166
1603.9 4.41176
1604.33 4.41186
1604.76 4.41196
1605.18 4.41206
1605.61 4.41216
1606.03 4.41226
1606.46 4.41236
1606.88 4.41246
1607.31 4.41256
1607.73 4.41265
1608.16 4.41275
1608.58 4.41285
1609.01 4.41295
1609.43 4.41305
1609.86 4.41315
1610.28 4.41325
1610.71 4.41335
1611.13 4.41345
1611.56 4.41355
1611.98 4.41365
1612.41 4.41375
1612.84 4.41385
1613.26 4.41395
1613.69 4.41405
1614.11 4.41415
1614.54 4.41425
1614.96 4.41435
1615.39 4.41445
1615.81 4.41454
1616.24 4.41464
1616.66 4.41474
1617.09 4.41484
1617.52 4.41494
1617.94 4.41504
1618.37 4.41514
1618.79 4.41524
1619.22 4.41534
1619.64 4.41544
1620.07 4.41554
1620.49 4.41564
1620.92 4.41573
1621.34 4.41583
1621.77 4.41593
1622.2 4.41603
1622.62 4.41613
1623.05 4.41623
1623.47 4.41633
1623.9 4.41642
1624.32 4.41652
1624.75 4.41662
1625.18 4.41672
1625.6 4.41682
1626.03 4.41692
1626.45 4.41702
1626.88 4.41712
1627.3 4.41721
1627.73 4.41731
1628.16 4.41741
1628.58 4.41751
1629.01 4.41761
1629.43 4.41771
1629.86 4.4178
1630.28 4.4179
1630.71 4.418
1631.14 4.4181
1631.56 4.4182
1631.99 4.4183
1632.41 4.41839
1632.84 4.41849
1633.27 4.41859
1633.69 4.41869
1634.12 4.41879
1634.54 4.41888
1634.97 4.41898
1635.39 4.41908
1635.82 4.41918
1636.25 4.41928
1636.67 4.41937
1637.1 4.41947
1637.52 4.41957
1637.95 4.41967
1638.38 4.41977
1638.8 4.41986
1639.23 4.41996
1639.65 4.42006
1640.08 4.42016
1640.51 4.42025
1640.93 4.42035
1641.36 4.42045
1641.78 4.42055
1642.21 4.42065
1642.64 4.42074
1643.06 4.42084
1643.49 4.42094
1643.91 4.42104
1644.34 4.42113
1644.77 4.42123
1645.19 4.42133
1645.62 4.42142
1646.05 4.42152
1646.47 4.42162
1646.9 4.42172
1647.32 4.42181
1647.75 4.42191
1648.18 4.42201
1648.6 4.42211
1649.03 4.4222
1649.45 4.4223
1649.88 4.4224
1650.31 4.42249
1650.73 4.42259
1651.16 4.42269
1651.59 4.42279
1652.01 4.42288
1652.44 4.42298
1652.86 4.42308
1653.29 4.42317
1653.72 4.42327
1654.14 4.42337
1654.57 4.42346
1655 4.42356
1655.42 4.42366
1655.85 4.42375
1656.28 4.42385
1656.7 4.42395
1657.13 4.42404
1657.55 4.42414
1657.98 4.42424
1658.41 4.42433
1658.83 4.42443
1659.26 4.42453
1659.69 4.42462
1660.11 4.42472
1660.54 4.42482
1660.97 4.42491
1661.39 4.42501
1661.82 4.42511
1662.25 4.4252
1662.67 4.4253
1663.1 4.42539
1663.53 4.42549
1663.95 4.42559
1664.38 4.42568
1664.8 4.42578
1665.23 4.42588
1665.66 4.42597
1666.08 4.42607
1666.51 4.42616
1666.94 4.42626
1667.36 4.42636
1667.79 4.42645
1668.22 4.42655
1668.64 4.42664
1669.07 4.42674
1669.5 4.42684
1669.92 4.42693
1670.35 4.42703
1670.78 4.42712
1671.2 4.42722
1671.63 4.42731
1672.06 4.42741
1672.48 4.42751
1672.91 4.4276
1673.34 4.4277
1673.77 4.42779
1674.19 4.42789
1674.62 4.42799
1675.05 4.42808
1675.47 4.42818
1675.9 4.42827
1676.33 4.42837
1676.75 4.42846
1677.18 4.42856
1677.61 4.42865
1678.03 4.42875
1678.46 4.42884
1678.89 4.42894
1679.31 4.42903
1679.74 4.42913
1680.17 4.42923
1680.59 4.42932
1681.02 4.42942
1681.45 4.42951
1681.88 4.42961
1682.3 4.4297
1682.73 4.4298
1683.16 4.42989
1683.58 4.42999
1684.01 4.43008
1684.44 4.43018
1684.86 4.43027
1685.29 4.43037
1685.72 4.43046
1686.15 4.43056
1686.57 4.43065
1687 4.43075
1687.43 4.43084
1687.85 4.43094
1688.28 4.43103
1688.71 4.43113
1689.14 4.43122
1689.56 4.43132
1689.99 4.43141
1690.42 4.43151
1690.84 4.4316
1691.27 4.43169
1691.7 4.43179
1692.13 4.43188
1692.55 4.43198
1692.98 4.43207
1693.41 4.43217
1693.83 4.43226
1694.26 4.43236
1694.69 4.43245
1695.12 4.43254
1695.54 4.43264
1695.97 4.43273
1696.4 4.43283
1696.82 4.43292
1697.25 4.43302
1697.68 4.43311
1698.11 4.43321
1698.53 4.4333
1698.96 4.43339
1699.39 4.43349
1699.82 4.43358
1700.24 4.43368
1700.67 4.43377
1701.1 4.43386
1701.53 4.43396
1701.95 4.43405
1702.38 4.43415
1702.81 4.43424
1703.24 4.43433
1703.66 4.43443
1704.09 4.43452
1704.52 4.43462
1704.95 4.43471
1705.37 4.4348
1705.8 4.4349
1706.23 4.43499
1706.66 4.43509
1707.08 4.43518
1707.51 4.43527
1707.94 4.43537
1708.37 4.43546
1708.79 4.43555
1709.22 4.43565
1709.65 4.43574
1710.08 4.43583
1710.5 4.43593
1710.93 4.43602
1711.36 4.43611
1711.79 4.43621
1712.21 4.4363
1712.64 4.4364
1713.07 4.43649
1713.5 4.43658
1713.92 4.43668
1714.35 4.43677
1714.78 4.43686
1715.21 4.43696
1715.63 4.43705
1716.06 4.43714
1716.49 4.43724
1716.92 4.43733
1717.35 4.43742
1717.77 4.43751
1718.2 4.43761
1718.63 4.4377
1719.06 4.43779
1719.48 4.43789
1719.91 4.43798
1720.34 4.43807
1720.77 4.43817
1721.2 4.43826
1721.62 4.43835
1722.05 4.43844
1722.48 4.43854
1722.91 4.43863
1723.33 4.43872
1723.76 4.43882
1724.19 4.43891
1724.62 4.439
1725.05 4.4391
1725.47 4.43919
1725.9 4.43928
1726.33 4.43937
1726.76 4.43947
1727.19 4.43956
1727.61 4.43965
1728.04 4.43974
1728.47 4.43984
1728.9 4.43993
1729.33 4.44002
1729.75 4.44011
1730.18 4.44021
1730.61 4.4403
1731.04 4.44039
1731.47 4.44048
1731.89 4.44058
1732.32 4.44067
1732.75 4.44076
1733.18 4.44085
1733.61 4.44094
1734.03 4.44104
1734.46 4.44113
1734.89 4.44122
1735.32 4.44131
1735.75 4.4414
1736.18 4.4415
1736.6 4.44159
1737.03 4.44168
1737.46 4.44177
1737.89 4.44186
1738.32 4.44196
1738.74 4.44205
1739.17 4.44214
1739.6 4.44223
1740.03 4.44233
1740.46 4.44242
1740.89 4.44251
1741.31 4.4426
1741.74 4.44269
1742.17 4.44279
1742.6 4.44288
1743.03 4.44297
1743.45 4.44306
1743.88 4.44315
1744.31 4.44324
1744.74 4.44333
1745.17 4.44343
1745.6 4.44352
1746.02 4.44361
1746.45 4.4437
1746.88 4.44379
1747.31 4.44388
1747.74 4.44398
1748.17 4.44407
1748.6 4.44416
1749.02 4.44425
1749.45 4.44434
1749.88 4.44443
1750.31 4.44452
1750.74 4.44462
1751.17 4.44471
1751.59 4.4448
1752.02 4.44489
1752.45 4.44498
1752.88 4.44507
1753.31 4.44516
1753.74 4.44525
1754.17 4.44534
1754.59 4.44544
1755.02 4.44553
1755.45 4.44562
1755.88 4.44571
1756.31 4.4458
1756.74 4.44589
1757.17 4.44598
1757.59 4.44607
1758.02 4.44616
1758.45 4.44626
1758.88 4.44635
1759.31 4.44644
1759.74 4.44653
1760.17 4.44662
1760.59 4.44671
1761.02 4.4468
1761.45 4.44689
1761.88 4.44698
1762.31 4.44707
1762.74 4.44716
1763.17 4.44725
1763.6 4.44734
1764.02 4.44743
1764.45 4.44753
1764.88 4.44762
1765.31 4.44771
1765.74 4.4478
1766.17 4.44789
1766.6 4.44798
1767.03 4.44807
1767.45 4.44816
1767.88 4.44825
1768.31 4.44834
1768.74 4.44843
1769.17 4.44852
1769.6 4.44861
1770.03 4.4487
1770.46 4.44879
1770.88 4.44888
1771.31 4.44897
1771.74 4.44906
1772.17 4.44915
1772.6 4.44924
1773.03 4.44933
1773.46 4.44942
1773.89 4.44951
1774.32 4.4496
1774.75 4.44969
1775.17 4.44978
1775.6 4.44987
1776.03 4.44996
1776.46 4.45005
1776.89 4.45014
1777.32 4.45023
1777.75 4.45032
1778.18 4.45041
1778.61 4.4505
1779.04 4.45059
1779.46 4.45068
1779.89 4.45077
1780.32 4.45086
1780.75 4.45095
1781.18 4.45104
1781.61 4.45113
1782.04 4.45122
1782.47 4.45131
1782.9 4.4514
1783.33 4.45149
1783.76 4.45158
1784.18 4.45167
1784.61 4.45176
1785.04 4.45185
1785.47 4.45194
1785.9 4.45203
1786.33 4.45212
1786.76 4.45221
1787.19 4.4523
1787.62 4.45239
1788.05 4.45247
1788.48 4.45256
1788.91 4.45265
1789.34 4.45274
1789.76 4.45283
1790.19 4.45292
1790.62 4.45301
1791.05 4.4531
1791.48 4.45319
1791.91 4.45328
1792.34 4.45337
1792.77 4.45346
1793.2 4.45354
1793.63 4.45363
1794.06 4.45372
1794.49 4.45381
1794.92 4.4539
1795.35 4.45399
1795.78 4.45408
1796.2 4.45417
1796.63 4.45426
1797.06 4.45435
1797.49 4.45443
1797.92 4.45452
1798.35 4.45461
1798.78 4.4547
1799.21 4.45479
1799.64 4.45488
1800.07 4.45497
1800.5 4.45506
1800.93 4.45514
1801.36 4.45523
1801.79 4.45532
1802.22 4.45541
1802.65 4.4555
1803.08 4.45559
1803.51 4.45568
1803.94 4.45577
1804.37 4.45585
1804.79 4.45594
1805.22 4.45603
1805.65 4.45612
1806.08 4.45621
1806.51 4.4563
1806.94 4.45638
1807.37 4.45647
1807.8 4.45656
1808.23 4.45665
1808.66 4.45674
1809.09 4.45683
1809.52 4.45691
1809.95 4.457
1810.38 4.45709
1810.81 4.45718
1811.24 4.45727
1811.67 4.45736
1812.1 4.45744
1812.53 4.45753
1812.96 4.45762
1813.39 4.45771
1813.82 4.4578
1814.25 4.45788
1814.68 4.45797
1815.11 4.45806
1815.54 4.45815
1815.97 4.45824
1816.4 4.45832
1816.83 4.45841
1817.26 4.4585
1817.69 4.45859
1818.12 4.45867
1818.55 4.45876
1818.98 4.45885
1819.41 4.45894
1819.84 4.45903
1820.27 4.45911
1820.7 4.4592
1821.13 4.45929
1821.56 4.45938
1821.99 4.45946
1822.42 4.45955
1822.85 4.45964
1823.28 4.45973
1823.71 4.45982
1824.14 4.4599
1824.56 4.45999
1824.99 4.46008
1825.43 4.46017
1825.86 4.46025
1826.29 4.46034
1826.72 4.46043
1827.15 4.46051
1827.58 4.4606
1828.01 4.46069
1828.44 4.46078
1828.87 4.46086
1829.3 4.46095
1829.73 4.46104
1830.16 4.46113
1830.59 4.46121
1831.02 4.4613
1831.45 4.46139
1831.88 4.46147
1832.31 4.46156
1832.74 4.46165
1833.17 4.46174
1833.6 4.46182
1834.03 4.46191
1834.46 4.462
1834.89 4.46208
1835.32 4.46217
1835.75 4.46226
1836.18 4.46235
1836.61 4.46243
1837.04 4.46252
1837.47 4.46261
1837.9 4.46269
1838.33 4.46278
1838.76 4.46287
1839.19 4.46295
1839.62 4.46304
1840.05 4.46313
1840.48 4.46321
1840.91 4.4633
1841.34 4.46339
1841.77 4.46347
1842.2 4.46356
1842.63 4.46365
1843.06 4.46373
1843.49 4.46382
1843.92 4.46391
1844.35 4.46399
1844.78 4.46408
1845.21 4.46417
1845.65 4.46425
1846.08 4.46434
1846.51 4.46443
1846.94 4.46451
1847.37 4.4646
1847.8 4.46468
1848.23 4.46477
1848.66 4.46486
1849.09 4.46494
1849.52 4.46503
1849.95 4.46512
1850.38 4.4652
1850.81 4.46529
1851.24 4.46537
1851.67 4.46546
1852.1 4.46555
1852.53 4.46563
1852.96 4.46572
1853.39 4.46581
1853.82 4.46589
1854.26 4.46598
1854.69 4.46606
1855.12 4.46615
1855.55 4.46624
1855.98 4.46632
1856.41 4.46641
1856.84 4.46649
1857.27 4.46658
1857.7 4.46666
1858.13 4.46675
1858.56 4.46684
1858.99 4.46692
1859.42 4.46701
1859.85 4.46709
1860.28 4.46718
1860.72 4.46727
1861.15 4.46735
1861.58 4.46744
1862.01 4.46752
1862.44 4.46761
1862.87 4.46769
1863.3 4.46778
1863.73 4.46787
1864.16 4.46795
1864.59 4.46804
1865.02 4.46812
1865.45 4.46821
1865.88 4.46829
1866.32 4.46838
1866.75 4.46846
1867.18 4.46855
1867.61 4.46864
1868.04 4.46872
1868.47 4.46881
1868.9 4.46889
1869.33 4.46898
1869.76 4.46906
1870.19 4.46915
1870.62 4.46923
1871.06 4.46932
1871.49 4.4694
1871.92 4.46949
1872.35 4.46957
1872.78 4.46966
1873.21 4.46974
1873.64 4.46983
1874.07 4.46992
1874.5 4.47
1874.93 4.47009
1875.36 4.47017
1875.8 4.47025
1876.23 4.47034
