0 0
0.0919807 -0.0540123
0.17821 -0.108008
0.2587 -0.161969
0.333463 -0.21588
0.402517 -0.269721
0.465878 -0.323477
0.523565 -0.377129
0.575599 -0.43066
0.622005 -0.484052
0.662805 -0.537287
0.698027 -0.590349
0.727698 -0.643219
0.751849 -0.695881
0.77051 -0.748316
0.783715 -0.800509
0.791497 -0.852443
0.793893 -0.904101
0.79094 -0.955467
0.782676 -1.00653
0.769141 -1.05726
0.750377 -1.10766
0.726425 -1.1577
0.697328 -1.20738
0.663131 -1.25668
0.62388 -1.30559
0.57962 -1.35409
0.530398 -1.40217
0.476263 -1.44983
0.417263 -1.49704
0.353446 -1.54381
0.284864 -1.59011
0.211567 -1.63595
0.133604 -1.68132
0.0510285 -1.7262
-0.0361088 -1.77059
-0.127756 -1.81449
-0.22386 -1.85788
-0.324368 -1.90077
-0.429229 -1.94314
-0.538389 -1.98501
-0.651795 -2.02635
-0.769394 -2.06718
-0.891134 -2.10748
-1.01696 -2.14726
-1.14682 -2.18652
-1.28067 -2.22526
-1.41844 -2.26347
-1.56009 -2.30116
-1.70557 -2.33833
-1.85482 -2.37498
-2.00779 -2.41112
-2.16443 -2.44674
-2.3247 -2.48185
-2.48853 -2.51646
-2.65588 -2.55056
-2.82671 -2.58416
-3.00095 -2.61726
-3.17857 -2.64988
-3.35951 -2.68201
-3.54373 -2.71366
-3.73118 -2.74484
-3.92181 -2.77555
-4.11558 -2.80579
-4.31244 -2.83557
-4.51235 -2.86491
-4.71525 -2.89379
-4.92112 -2.92224
-5.12991 -2.95025
-5.34156 -2.97784
-5.55605 -3.00501
-5.77332 -3.03176
-5.99335 -3.0581
-6.21608 -3.08404
-6.44148 -3.10959
-6.66952 -3.13474
-6.90014 -3.15952
-7.13332 -3.18392
-7.36901 -3.20795
-7.60718 -3.23161
-7.8478 -3.25492
-8.09082 -3.27788
-8.33622 -3.30049
-8.58396 -3.32277
-8.834 -3.34471
-9.08632 -3.36632
-9.34087 -3.38762
-9.59764 -3.4086
-9.85658 -3.42927
-10.1177 -3.44964
-10.3809 -3.46971
-10.6461 -3.48949
-10.9135 -3.50898
-11.1829 -3.52819
-11.4542 -3.54713
-11.7276 -3.56579
-12.0028 -3.58419
-12.28 -3.60232
-12.5591 -3.62021
-12.8401 -3.63784
-13.1229 -3.65522
-13.4075 -3.67236
-13.6939 -3.68927
-13.9821 -3.70594
-14.272 -3.72238
-14.5636 -3.7386
-14.8569 -3.7546
-15.1519 -3.77039
-15.4486 -3.78596
-15.7469 -3.80132
-16.0467 -3.81648
-16.3482 -3.83144
-16.6513 -3.84621
-16.9559 -3.86078
-17.262 -3.87516
-17.5696 -3.88936
-17.8787 -3.90338
-18.1893 -3.91721
-18.5014 -3.93088
-18.8149 -3.94436
-19.1298 -3.95768
-19.4461 -3.97084
-19.7638 -3.98383
-20.0828 -3.99666
-20.4032 -4.00933
-20.7249 -4.02185
-21.048 -4.03422
-21.3723 -4.04644
-21.698 -4.05851
-22.0249 -4.07044
-22.3531 -4.08223
-22.6825 -4.09388
-23.0131 -4.10539
-23.345 -4.11677
-23.678 -4.12802
-24.0122 -4.13914
-24.3477 -4.15013
-24.6842 -4.161
-25.0219 -4.17174
-25.3608 -4.18236
-25.7008 -4.19287
-26.0418 -4.20326
-26.384 -4.21353
-26.7273 -4.22369
-27.0716 -4.23374
-27.417 -4.24369
-27.7635 -4.25352
-28.1109 -4.26325
-28.4595 -4.27288
-28.809 -4.2824
-29.1595 -4.29182
-29.5111 -4.30115
-29.8636 -4.31038
-30.2171 -4.31951
-30.5716 -4.32855
-30.927 -4.33749
-31.2833 -4.34635
-31.6406 -4.35512
-31.9989 -4.36379
-32.358 -4.37238
-32.7181 -4.38089
-33.0791 -4.38931
-33.4409 -4.39765
-33.8036 -4.40591
-34.1673 -4.41408
-34.5317 -4.42218
-34.8971 -4.4302
-35.2632 -4.43815
-35.6303 -4.44601
-35.9981 -4.45381
-36.3668 -4.46153
-36.7363 -4.46918
-37.1066 -4.47675
-37.4778 -4.48426
-37.8497 -4.4917
-38.2224 -4.49907
-38.5959 -4.50637
-38.9701 -4.51361
-39.3451 -4.52078
-39.7209 -4.52789
-40.0975 -4.53493
-40.4748 -4.54191
-40.8528 -4.54883
-41.2315 -4.55569
-41.611 -4.56249
-41.9912 -4.56923
-42.3722 -4.57592
-42.7538 -4.58254
-43.1362 -4.58911
-43.5192 -4.59562
-43.9029 -4.60208
-44.2873 -4.60848
-44.6724 -4.61483
-45.0582 -4.62113
-45.4446 -4.62738
-45.8317 -4.63357
-46.2195 -4.63971
-46.6079 -4.64581
-46.997 -4.65185
-47.3867 -4.65784
-47.777 -4.66379
-48.168 -4.66969
-48.5596 -4.67554
-48.9518 -4.68135
-49.3446 -4.68711
-49.738 -4.69282
-50.1321 -4.69849
-50.5267 -4.70412
-50.922 -4.7097
-51.3178 -4.71524
-51.7143 -4.72074
-52.1113 -4.7262
-52.5089 -4.73161
-52.9071 -4.73699
-53.3058 -4.74232
-53.7051 -4.74761
-54.105 -4.75287
-54.5054 -4.75808
-54.9064 -4.76326
-55.308 -4.7684
-55.7101 -4.7735
-56.1127 -4.77857
-56.5158 -4.7836
-56.9195 -4.78859
-57.3238 -4.79354
-57.7285 -4.79846
-58.1338 -4.80335
-58.5396 -4.8082
-58.9459 -4.81302
-59.3528 -4.8178
-59.7601 -4.82255
-60.1679 -4.82727
-60.5763 -4.83196
-60.9851 -4.83661
-61.3945 -4.84123
-61.8043 -4.84582
-62.2146 -4.85038
-62.6254 -4.85491
-63.0367 -4.85941
-63.4485 -4.86387
-63.8607 -4.86831
-64.2734 -4.87272
-64.6866 -4.8771
-65.1003 -4.88145
-65.5144 -4.88577
-65.9289 -4.89006
-66.3439 -4.89433
-66.7594 -4.89857
-67.1754 -4.90278
-67.5917 -4.90696
-68.0086 -4.91112
-68.4258 -4.91525
-68.8435 -4.91935
-69.2617 -4.92343
-69.6803 -4.92749
-70.0993 -4.93151
-70.5187 -4.93552
-70.9386 -4.9395
-71.3589 -4.94345
-71.7796 -4.94738
-72.2007 -4.95128
-72.6222 -4.95516
-73.0442 -4.95902
-73.4665 -4.96286
-73.8893 -4.96667
-74.3125 -4.97046
-74.7361 -4.97422
-75.1601 -4.97797
-75.5844 -4.98169
-76.0092 -4.98539
-76.4344 -4.98906
-76.86 -4.99272
-77.2859 -4.99636
-77.7122 -4.99997
-78.139 -5.00356
-78.5661 -5.00713
-78.9936 -5.01068
-79.4214 -5.01422
-79.8497 -5.01773
-80.2783 -5.02122
-80.7073 -5.02469
-81.1366 -5.02814
-81.5664 -5.03157
-81.9964 -5.03499
-82.4269 -5.03838
-82.8577 -5.04176
-83.2889 -5.04511
-83.7204 -5.04845
-84.1523 -5.05177
-84.5845 -5.05507
-85.0171 -5.05836
-85.4501 -5.06162
-85.8834 -5.06487
-86.317 -5.0681
-86.751 -5.07131
-87.1853 -5.07451
-87.62 -5.07769
-88.055 -5.08085
-88.4903 -5.084
-88.926 -5.08713
-89.362 -5.09024
-89.7983 -5.09334
-90.235 -5.09642
-90.672 -5.09948
-91.1093 -5.10253
-91.547 -5.10556
-91.9849 -5.10858
-92.4232 -5.11158
-92.8618 -5.11457
-93.3008 -5.11754
-93.74 -5.12049
-94.1796 -5.12344
-94.6194 -5.12636
-95.0596 -5.12927
-95.5001 -5.13217
-95.9409 -5.13505
-96.382 -5.13792
-96.8234 -5.14078
-97.2652 -5.14362
-97.7072 -5.14644
-98.1495 -5.14925
-98.5921 -5.15205
-99.0351 -5.15484
-99.4783 -5.15761
-99.9218 -5.16037
-100.366 -5.16311
-100.81 -5.16584
-101.254 -5.16856
-101.699 -5.17127
-102.144 -5.17396
-102.589 -5.17664
-103.035 -5.17931
-103.48 -5.18196
-103.926 -5.18461
-104.373 -5.18724
-104.82 -5.18985
-105.266 -5.19246
-105.714 -5.19505
-106.161 -5.19764
-106.609 -5.2002
-107.057 -5.20276
-107.505 -5.20531
-107.954 -5.20784
-108.403 -5.21037
-108.852 -5.21288
-109.301 -5.21538
-109.751 -5.21787
-110.201 -5.22035
-110.651 -5.22281
-111.102 -5.22527
-111.552 -5.22772
-112.003 -5.23015
-112.455 -5.23257
-112.906 -5.23499
-113.358 -5.23739
-113.81 -5.23978
-114.262 -5.24216
-114.715 -5.24453
-115.167 -5.24689
-115.62 -5.24924
-116.074 -5.25158
-116.527 -5.25391
-116.981 -5.25624
-117.435 -5.25855
-117.889 -5.26085
-118.344 -5.26314
-118.799 -5.26542
-119.254 -5.26769
-119.709 -5.26995
-120.164 -5.2722
-120.62 -5.27445
-121.076 -5.27668
-121.532 -5.27891
-121.989 -5.28112
-122.445 -5.28333
-122.902 -5.28553
-123.359 -5.28771
-123.817 -5.28989
-124.274 -5.29206
-124.732 -5.29422
-125.19 -5.29638
-125.649 -5.29852
-126.107 -5.30066
-126.566 -5.30278
-127.025 -5.3049
-127.484 -5.30701
-127.943 -5.30911
-128.403 -5.3112
-128.863 -5.31329
-129.323 -5.31537
-129.783 -5.31743
-130.244 -5.31949
-130.705 -5.32155
-131.166 -5.32359
-131.627 -5.32562
-132.088 -5.32765
-132.55 -5.32967
-133.012 -5.33169
-133.474 -5.33369
-133.936 -5.33569
-134.399 -5.33768
-134.861 -5.33966
-135.324 -5.34163
-135.787 -5.3436
-136.251 -5.34556
-136.714 -5.34751
-137.178 -5.34945
-137.642 -5.35139
-138.106 -5.35332
-138.571 -5.35524
-139.035 -5.35716
-139.5 -5.35907
-139.965 -5.36097
-140.43 -5.36286
-140.895 -5.36475
-141.361 -5.36663
-141.827 -5.3685
-142.293 -5.37037
-142.759 -5.37223
-143.225 -5.37408
-143.692 -5.37593
-144.159 -5.37777
-144.626 -5.3796
-145.093 -5.38142
-145.56 -5.38324
-146.028 -5.38506
-146.496 -5.38686
-146.964 -5.38866
-147.432 -5.39046
-147.9 -5.39224
-148.369 -5.39402
-148.837 -5.3958
-149.306 -5.39757
-149.775 -5.39933
-150.245 -5.40108
-150.714 -5.40283
-151.184 -5.40458
-151.653 -5.40632
-152.123 -5.40805
-152.594 -5.40977
-153.064 -5.41149
-153.535 -5.41321
-154.005 -5.41491
-154.476 -5.41662
-154.947 -5.41831
-155.419 -5.42
-155.89 -5.42169
-156.362 -5.42337
-156.834 -5.42504
-157.306 -5.42671
-157.778 -5.42837
-158.25 -5.43002
-158.723 -5.43167
-159.196 -5.43332
-159.668 -5.43496
-160.142 -5.43659
-160.615 -5.43822
-161.088 -5.43985
-161.562 -5.44146
-162.036 -5.44308
-162.51 -5.44468
-162.984 -5.44629
-163.458 -5.44788
-163.932 -5.44948
-164.407 -5.45106
-164.882 -5.45264
-165.357 -5.45422
-165.832 -5.45579
-166.307 -5.45736
-166.783 -5.45892
-167.258 -5.46047
-167.734 -5.46202
-168.21 -5.46357
-168.686 -5.46511
-169.162 -5.46665
-169.639 -5.46818
-170.116 -5.46971
-170.592 -5.47123
-171.069 -5.47274
-171.546 -5.47426
-172.024 -5.47576
-172.501 -5.47727
-172.979 -5.47876
-173.456 -5.48026
-173.934 -5.48175
-174.412 -5.48323
-174.891 -5.48471
-175.369 -5.48618
-175.847 -5.48765
-176.326 -5.48912
-176.805 -5.49058
-177.284 -5.49204
-177.763 -5.49349
-178.242 -5.49494
-178.722 -5.49638
-179.202 -5.49782
-179.681 -5.49925
-180.161 -5.50068
-180.641 -5.50211
-181.122 -5.50353
-181.602 -5.50495
-182.083 -5.50636
-182.563 -5.50777
-183.044 -5.50918
-183.525 -5.51058
-184.006 -5.51197
-184.487 -5.51337
-184.969 -5.51476
-185.451 -5.51614
-185.932 -5.51752
-186.414 -5.5189
-186.896 -5.52027
-187.378 -5.52164
-187.861 -5.523
-188.343 -5.52436
-188.826 -5.52572
-189.308 -5.52707
-189.791 -5.52842
-190.274 -5.52976
-190.758 -5.5311
-191.241 -5.53244
-191.724 -5.53377
-192.208 -5.5351
-192.692 -5.53642
-193.176 -5.53774
-193.66 -5.53906
-194.144 -5.54038
-194.628 -5.54169
-195.113 -5.54299
-195.597 -5.5443
-196.082 -5.54559
-196.567 -5.54689
-197.052 -5.54818
-197.537 -5.54947
-198.022 -5.55075
-198.508 -5.55204
-198.993 -5.55331
-199.479 -5.55459
-199.965 -5.55586
-200.451 -5.55712
-200.937 -5.55839
-201.423 -5.55965
-201.909 -5.5609
-202.396 -5.56216
-202.883 -5.56341
-203.369 -5.56465
-203.856 -5.56589
-204.343 -5.56713
-204.83 -5.56837
-205.318 -5.5696
-205.805 -5.57083
-206.293 -5.57206
-206.78 -5.57328
-207.268 -5.5745
-207.756 -5.57572
-208.244 -5.57693
-208.733 -5.57814
-209.221 -5.57934
-209.709 -5.58055
-210.198 -5.58175
-210.687 -5.58294
-211.176 -5.58414
-211.664 -5.58533
-212.154 -5.58652
-212.643 -5.5877
-213.132 -5.58888
-213.622 -5.59006
-214.111 -5.59124
-214.601 -5.59241
-215.091 -5.59358
-215.581 -5.59474
-216.071 -5.5959
-216.561 -5.59706
-217.052 -5.59822
-217.542 -5.59938
-218.033 -5.60053
-218.523 -5.60167
-219.014 -5.60282
-219.505 -5.60396
-219.996 -5.6051
-220.488 -5.60624
-220.979 -5.60737
-221.47 -5.6085
-221.962 -5.60963
-222.454 -5.61075
-222.945 -5.61187
-223.437 -5.61299
-223.929 -5.61411
-224.422 -5.61522
-224.914 -5.61633
-225.406 -5.61744
-225.899 -5.61855
-226.391 -5.61965
-226.884 -5.62075
-227.377 -5.62185
-227.87 -5.62294
-228.363 -5.62403
-228.856 -5.62512
-229.35 -5.6262
-229.843 -5.62729
-230.337 -5.62837
-230.831 -5.62945
-231.324 -5.63052
-231.818 -5.6316
-232.312 -5.63267
-232.807 -5.63373
-233.301 -5.6348
-233.795 -5.63586
-234.29 -5.63692
-234.784 -5.63798
-235.279 -5.63903
-235.774 -5.64008
-236.269 -5.64113
-236.764 -5.64218
-237.259 -5.64322
-237.754 -5.64427
-238.25 -5.64531
-238.745 -5.64634
-239.241 -5.64738
-239.737 -5.64841
-240.232 -5.64944
-240.728 -5.65047
-241.224 -5.65149
-241.721 -5.65251
-242.217 -5.65353
-242.713 -5.65455
-243.21 -5.65557
-243.706 -5.65658
-244.203 -5.65759
-244.7 -5.6586
-245.197 -5.6596
-245.694 -5.66061
-246.191 -5.66161
-246.688 -5.66261
-247.185 -5.6636
-247.683 -5.6646
-248.18 -5.66559
-248.678 -5.66658
-249.176 -5.66757
-249.674 -5.66855
-250.172 -5.66953
-250.67 -5.67052
-251.168 -5.67149
-251.666 -5.67247
-252.165 -5.67344
-252.663 -5.67442
-253.162 -5.67538
-253.661 -5.67635
-254.159 -5.67732
-254.658 -5.67828
-255.157 -5.67924
-255.656 -5.6802
-256.156 -5.68116
-256.655 -5.68211
-257.154 -5.68306
-257.654 -5.68401
-258.154 -5.68496
-258.653 -5.68591
-259.153 -5.68685
-259.653 -5.68779
-260.153 -5.68873
-260.653 -5.68967
-261.154 -5.6906
-261.654 -5.69154
-262.154 -5.69247
-262.655 -5.6934
-263.155 -5.69432
-263.656 -5.69525
-264.157 -5.69617
-264.658 -5.69709
-265.159 -5.69801
-265.66 -5.69893
-266.161 -5.69985
-266.663 -5.70076
-267.164 -5.70167
-267.666 -5.70258
-268.167 -5.70349
-268.669 -5.70439
-269.171 -5.7053
-269.673 -5.7062
-270.175 -5.7071
-270.677 -5.70799
-271.179 -5.70889
-271.681 -5.70978
-272.184 -5.71067
-272.686 -5.71156
-273.189 -5.71245
-273.691 -5.71334
-274.194 -5.71422
-274.697 -5.7151
-275.2 -5.71599
-275.703 -5.71686
-276.206 -5.71774
-276.709 -5.71862
-277.213 -5.71949
-277.716 -5.72036
-278.219 -5.72123
-278.723 -5.7221
-279.227 -5.72296
-279.731 -5.72383
-280.234 -5.72469
-280.738 -5.72555
-281.242 -5.72641
-281.747 -5.72727
-282.251 -5.72812
-282.755 -5.72898
-283.26 -5.72983
-283.764 -5.73068
-284.269 -5.73153
-284.773 -5.73237
-285.278 -5.73322
-285.783 -5.73406
-286.288 -5.7349
-286.793 -5.73574
-287.298 -5.73658
-287.804 -5.73741
-288.309 -5.73825
-288.814 -5.73908
-289.32 -5.73991
-289.825 -5.74074
-290.331 -5.74157
-290.837 -5.7424
-291.343 -5.74322
-291.849 -5.74404
-292.355 -5.74487
-292.861 -5.74569
-293.367 -5.7465
-293.873 -5.74732
-294.38 -5.74813
-294.886 -5.74895
-295.393 -5.74976
-295.899 -5.75057
-296.406 -5.75138
-296.913 -5.75218
-297.42 -5.75299
-297.927 -5.75379
-298.434 -5.75459
-298.941 -5.75539
-299.448 -5.75619
-299.956 -5.75699
-300.463 -5.75779
-300.971 -5.75858
-301.478 -5.75937
-301.986 -5.76016
-302.494 -5.76095
-303.001 -5.76174
-303.509 -5.76253
-304.017 -5.76331
-304.525 -5.7641
-305.034 -5.76488
-305.542 -5.76566
-306.05 -5.76644
-306.559 -5.76721
-307.067 -5.76799
-307.576 -5.76876
-308.084 -5.76954
-308.593 -5.77031
-309.102 -5.77108
-309.611 -5.77185
-310.12 -5.77261
-310.629 -5.77338
-311.138 -5.77414
-311.647 -5.77491
-312.157 -5.77567
-312.666 -5.77643
-313.176 -5.77718
-313.685 -5.77794
-314.195 -5.7787
-314.705 -5.77945
-315.214 -5.7802
-315.724 -5.78095
-316.234 -5.7817
-316.744 -5.78245
-317.254 -5.7832
-317.765 -5.78395
-318.275 -5.78469
-318.785 -5.78543
-319.296 -5.78617
-319.806 -5.78691
-320.317 -5.78765
-320.828 -5.78839
-321.338 -5.78913
-321.849 -5.78986
-322.36 -5.7906
-322.871 -5.79133
-323.382 -5.79206
-323.893 -5.79279
-324.405 -5.79352
-324.916 -5.79424
-325.427 -5.79497
-325.939 -5.79569
-326.45 -5.79641
-326.962 -5.79714
-327.474 -5.79786
-327.985 -5.79857
-328.497 -5.79929
-329.009 -5.80001
-329.521 -5.80072
-330.033 -5.80144
-330.545 -5.80215
-331.058 -5.80286
-331.57 -5.80357
-332.082 -5.80428
-332.595 -5.80499
-333.107 -5.80569
-333.62 -5.8064
-334.133 -5.8071
-334.645 -5.8078
-335.158 -5.8085
-335.671 -5.8092
-336.184 -5.8099
-336.697 -5.8106
-337.21 -5.8113
-337.723 -5.81199
-338.237 -5.81268
-338.75 -5.81338
-339.264 -5.81407
-339.777 -5.81476
-340.291 -5.81545
-340.804 -5.81613
-341.318 -5.81682
-341.832 -5.8175
-342.346 -5.81819
-342.86 -5.81887
-343.374 -5.81955
-343.888 -5.82023
-344.402 -5.82091
-344.916 -5.82159
-345.43 -5.82227
-345.945 -5.82294
-346.459 -5.82362
-346.974 -5.82429
-347.488 -5.82496
-348.003 -5.82563
-348.518 -5.8263
-349.033 -5.82697
-349.547 -5.82764
-350.062 -5.82831
-350.577 -5.82897
-351.092 -5.82964
-351.608 -5.8303
-352.123 -5.83096
-352.638 -5.83162
-353.154 -5.83228
-353.669 -5.83294
-354.185 -5.8336
-354.7 -5.83426
-355.216 -5.83491
-355.731 -5.83557
-356.247 -5.83622
-356.763 -5.83687
-357.279 -5.83752
-357.795 -5.83817
-358.311 -5.83882
-358.827 -5.83947
-359.344 -5.84011
-359.86 -5.84076
-360.376 -5.8414
-360.893 -5.84205
-361.409 -5.84269
-361.926 -5.84333
-362.442 -5.84397
-362.959 -5.84461
-363.476 -5.84525
-363.992 -5.84588
-364.509 -5.84652
-365.026 -5.84716
-365.543 -5.84779
-366.06 -5.84842
-366.578 -5.84905
-367.095 -5.84968
-367.612 -5.85031
-368.13 -5.85094
-368.647 -5.85157
-369.164 -5.8522
-369.682 -5.85282
-370.2 -5.85345
-370.717 -5.85407
-371.235 -5.85469
-371.753 -5.85531
-372.271 -5.85594
-372.789 -5.85655
-373.307 -5.85717
-373.825 -5.85779
-374.343 -5.85841
-374.861 -5.85902
-375.38 -5.85964
-375.898 -5.86025
-376.417 -5.86086
-376.935 -5.86148
-377.454 -5.86209
-377.972 -5.8627
-378.491 -5.8633
-379.01 -5.86391
-379.528 -5.86452
-380.047 -5.86512
-380.566 -5.86573
-381.085 -5.86633
-381.604 -5.86694
-382.124 -5.86754
-382.643 -5.86814
-383.162 -5.86874
-383.681 -5.86934
-384.201 -5.86993
-384.72 -5.87053
-385.24 -5.87113
-385.759 -5.87172
-386.279 -5.87232
-386.799 -5.87291
-387.318 -5.8735
-387.838 -5.8741
-388.358 -5.87469
-388.878 -5.87528
-389.398 -5.87587
-389.918 -5.87645
-390.438 -5.87704
-390.959 -5.87763
-391.479 -5.87821
-391.999 -5.8788
-392.52 -5.87938
-393.04 -5.87996
-393.561 -5.88054
-394.081 -5.88112
-394.602 -5.8817
-395.123 -5.88228
-395.643 -5.88286
-396.164 -5.88344
-396.685 -5.88402
-397.206 -5.88459
-397.727 -5.88517
-398.248 -5.88574
-398.769 -5.88631
-399.291 -5.88688
-399.812 -5.88745
-400.333 -5.88802
-400.855 -5.88859
-401.376 -5.88916
-401.898 -5.88973
-402.419 -5.8903
-402.941 -5.89086
-403.463 -5.89143
-403.984 -5.89199
-404.506 -5.89256
-405.028 -5.89312
-405.55 -5.89368
-406.072 -5.89424
-406.594 -5.8948
-407.116 -5.89536
-407.638 -5.89592
-408.161 -5.89648
-408.683 -5.89703
-409.205 -5.89759
-409.728 -5.89814
-410.25 -5.8987
-410.773 -5.89925
-411.295 -5.8998
-411.818 -5.90035
-412.34 -5.90091
-412.863 -5.90146
-413.386 -5.902
-413.909 -5.90255
-414.432 -5.9031
-414.955 -5.90365
-415.478 -5.90419
-416.001 -5.90474
-416.524 -5.90528
-417.047 -5.90583
-417.571 -5.90637
-418.094 -5.90691
-418.618 -5.90745
-419.141 -5.90799
-419.665 -5.90853
-420.188 -5.90907
-420.712 -5.90961
-421.235 -5.91015
-421.759 -5.91069
-422.283 -5.91122
-422.807 -5.91176
-423.331 -5.91229
-423.855 -5.91282
-424.379 -5.91336
-424.903 -5.91389
-425.427 -5.91442
-425.951 -5.91495
-426.475 -5.91548
-427 -5.91601
-427.524 -5.91654
-428.049 -5.91706
-428.573 -5.91759
-429.098 -5.91812
-429.622 -5.91864
-430.147 -5.91917
-430.672 -5.91969
-431.196 -5.92021
-431.721 -5.92074
-432.246 -5.92126
-432.771 -5.92178
-433.296 -5.9223
-433.821 -5.92282
-434.346 -5.92334
-434.871 -5.92385
-435.397 -5.92437
-435.922 -5.92489
-436.447 -5.9254
-436.973 -5.92592
-437.498 -5.92643
-438.023 -5.92694
-438.549 -5.92746
-439.075 -5.92797
-439.6 -5.92848
-440.126 -5.92899
-440.652 -5.9295
-441.177 -5.93001
-441.703 -5.93052
-442.229 -5.93103
-442.755 -5.93153
-443.281 -5.93204
-443.807 -5.93255
-444.334 -5.93305
-444.86 -5.93355
-445.386 -5.93406
-445.912 -5.93456
-446.439 -5.93506
-446.965 -5.93556
-447.491 -5.93607
-448.018 -5.93657
-448.545 -5.93707
-449.071 -5.93756
-449.598 -5.93806
-450.125 -5.93856
-450.651 -5.93906
-451.178 -5.93955
-451.705 -5.94005
-452.232 -5.94054
-452.759 -5.94104
-453.286 -5.94153
-453.813 -5.94202
-454.34 -5.94251
-454.868 -5.94301
-455.395 -5.9435
-455.922 -5.94399
-456.449 -5.94448
-456.977 -5.94496
-457.504 -5.94545
-458.032 -5.94594
-458.559 -5.94643
-459.087 -5.94691
-459.615 -5.9474
-460.142 -5.94788
-460.67 -5.94837
-461.198 -5.94885
-461.726 -5.94933
-462.254 -5.94982
-462.782 -5.9503
-463.31 -5.95078
-463.838 -5.95126
-464.366 -5.95174
-464.894 -5.95222
-465.423 -5.9527
-465.951 -5.95317
-466.479 -5.95365
-467.008 -5.95413
-467.536 -5.9546
-468.064 -5.95508
-468.593 -5.95555
-469.122 -5.95603
-469.65 -5.9565
-470.179 -5.95697
-470.708 -5.95744
-471.237 -5.95792
-471.765 -5.95839
-472.294 -5.95886
-472.823 -5.95933
-473.352 -5.9598
-473.881 -5.96026
-474.41 -5.96073
-474.939 -5.9612
-475.469 -5.96167
-475.998 -5.96213
-476.527 -5.9626
-477.057 -5.96306
-477.586 -5.96353
-478.115 -5.96399
-478.645 -5.96445
-479.174 -5.96492
-479.704 -5.96538
-480.234 -5.96584
-480.763 -5.9663
-481.293 -5.96676
-481.823 -5.96722
-482.353 -5.96768
-482.883 -5.96813
-483.413 -5.96859
-483.943 -5.96905
-484.473 -5.96951
-485.003 -5.96996
-485.533 -5.97042
-486.063 -5.97087
-486.593 -5.97133
-487.123 -5.97178
-487.654 -5.97223
-488.184 -5.97269
-488.715 -5.97314
-489.245 -5.97359
-489.776 -5.97404
-490.306 -5.97449
-490.837 -5.97494
-491.367 -5.97539
-491.898 -5.97584
-492.429 -5.97628
-492.96 -5.97673
-493.491 -5.97718
-494.021 -5.97762
-494.552 -5.97807
-495.083 -5.97852
-495.614 -5.97896
-496.146 -5.9794
-496.677 -5.97985
-497.208 -5.98029
-497.739 -5.98073
-498.27 -5.98117
-498.802 -5.98162
-499.333 -5.98206
-499.864 -5.9825
-500.396 -5.98294
-500.927 -5.98337
-501.459 -5.98381
-501.991 -5.98425
-502.522 -5.98469
-503.054 -5.98513
-503.586 -5.98556
-504.117 -5.986
-504.649 -5.98643
-505.181 -5.98687
-505.713 -5.9873
-506.245 -5.98773
-506.777 -5.98817
-507.309 -5.9886
-507.841 -5.98903
-508.373 -5.98946
-508.906 -5.98989
-509.438 -5.99033
-509.97 -5.99076
-510.503 -5.99119
-511.035 -5.99161
-511.567 -5.99204
-512.1 -5.99247
-512.632 -5.9929
-513.165 -5.99332
-513.698 -5.99375
-514.23 -5.99418
-514.763 -5.9946
-515.296 -5.99503
-515.828 -5.99545
-516.361 -5.99587
-516.894 -5.9963
-517.427 -5.99672
-517.96 -5.99714
-518.493 -5.99756
-519.026 -5.99798
-519.559 -5.99841
-520.093 -5.99883
-520.626 -5.99925
-521.159 -5.99966
-521.692 -6.00008
-522.226 -6.0005
-522.759 -6.00092
-523.292 -6.00134
-523.826 -6.00175
-524.359 -6.00217
-524.893 -6.00258
-525.427 -6.003
-525.96 -6.00342
-526.494 -6.00383
-527.028 -6.00424
-527.562 -6.00466
-528.095 -6.00507
-528.629 -6.00548
-529.163 -6.00589
-529.697 -6.00631
-530.231 -6.00672
-530.765 -6.00713
-531.299 -6.00754
-531.833 -6.00794
-532.368 -6.00835
-532.902 -6.00876
-533.436 -6.00917
-533.97 -6.00958
-534.505 -6.00998
-535.039 -6.01039
-535.574 -6.0108
-536.108 -6.0112
-536.643 -6.01161
-537.177 -6.01201
-537.712 -6.01241
-538.246 -6.01282
-538.781 -6.01322
-539.316 -6.01362
-539.851 -6.01403
-540.385 -6.01443
-540.92 -6.01483
-541.455 -6.01523
-541.99 -6.01563
-542.525 -6.01603
-543.06 -6.01643
-543.595 -6.01683
-544.13 -6.01723
-544.666 -6.01763
-545.201 -6.01802
-545.736 -6.01842
-546.271 -6.01882
-546.807 -6.01921
-547.342 -6.01961
-547.878 -6.02001
-548.413 -6.0204
-548.949 -6.02079
-549.484 -6.02119
-550.02 -6.02158
-550.555 -6.02198
-551.091 -6.02237
-551.627 -6.02276
-552.162 -6.02315
-552.698 -6.02354
-553.234 -6.02393
-553.77 -6.02432
-554.306 -6.02471
-554.842 -6.0251
-555.378 -6.02549
-555.914 -6.02588
-556.45 -6.02627
-556.986 -6.02666
-557.522 -6.02705
-558.059 -6.02743
-558.595 -6.02782
-559.131 -6.0282
-559.667 -6.02859
-560.204 -6.02898
-560.74 -6.02936
-561.277 -6.02975
-561.813 -6.03013
-562.35 -6.03051
-562.886 -6.0309
-563.423 -6.03128
-563.96 -6.03166
-564.496 -6.03204
-565.033 -6.03242
-565.57 -6.0328
-566.107 -6.03319
-566.644 -6.03357
-567.18 -6.03394
-567.717 -6.03432
-568.254 -6.0347
-568.791 -6.03508
-569.328 -6.03546
-569.866 -6.03584
-570.403 -6.03621
-570.94 -6.03659
-571.477 -6.03697
-572.014 -6.03734
-572.552 -6.03772
-573.089 -6.03809
-573.627 -6.03847
-574.164 -6.03884
-574.701 -6.03922
-575.239 -6.03959
-575.776 -6.03996
-576.314 -6.04033
-576.852 -6.04071
-577.389 -6.04108
-577.927 -6.04145
-578.465 -6.04182
-579.003 -6.04219
-579.541 -6.04256
-580.078 -6.04293
-580.616 -6.0433
-581.154 -6.04367
-581.692 -6.04404
-582.23 -6.04441
-582.768 -6.04478
-583.306 -6.04514
-583.845 -6.04551
-584.383 -6.04588
-584.921 -6.04624
-585.459 -6.04661
-585.998 -6.04697
-586.536 -6.04734
-587.074 -6.0477
-587.613 -6.04807
-588.151 -6.04843
-588.69 -6.0488
-589.228 -6.04916
-589.767 -6.04952
-590.305 -6.04988
-590.844 -6.05025
-591.383 -6.05061
-591.922 -6.05097
-592.46 -6.05133
-592.999 -6.05169
-593.538 -6.05205
-594.077 -6.05241
-594.616 -6.05277
-595.155 -6.05313
-595.694 -6.05349
-596.233 -6.05384
-596.772 -6.0542
-597.311 -6.05456
-597.85 -6.05492
-598.389 -6.05527
-598.929 -6.05563
-599.468 -6.05598
-600.007 -6.05634
-600.546 -6.05669
-601.086 -6.05705
-601.625 -6.0574
-602.165 -6.05776
-602.704 -6.05811
-603.244 -6.05846
-603.783 -6.05882
-604.323 -6.05917
-604.863 -6.05952
-605.402 -6.05987
-605.942 -6.06023
-606.482 -6.06058
-607.021 -6.06093
-607.561 -6.06128
-608.101 -6.06163
-608.641 -6.06198
-609.181 -6.06233
-609.721 -6.06267
-610.261 -6.06302
-610.801 -6.06337
-611.341 -6.06372
-611.881 -6.06407
-612.421 -6.06441
-612.962 -6.06476
-613.502 -6.06511
-614.042 -6.06545
-614.583 -6.0658
-615.123 -6.06614
-615.663 -6.06649
-616.204 -6.06683
-616.744 -6.06718
-617.285 -6.06752
-617.825 -6.06786
-618.366 -6.06821
-618.906 -6.06855
-619.447 -6.06889
-619.988 -6.06923
-620.528 -6.06958
-621.069 -6.06992
-621.61 -6.07026
-622.151 -6.0706
-622.692 -6.07094
-623.233 -6.07128
-623.774 -6.07162
-624.315 -6.07196
-624.856 -6.0723
-625.397 -6.07264
-625.938 -6.07297
-626.479 -6.07331
-627.02 -6.07365
-627.561 -6.07399
-628.102 -6.07432
-628.644 -6.07466
-629.185 -6.075
-629.726 -6.07533
-630.268 -6.07567
-630.809 -6.076
-631.35 -6.07634
-631.892 -6.07667
-632.433 -6.07701
-632.975 -6.07734
-633.517 -6.07768
-634.058 -6.07801
-634.6 -6.07834
-635.141 -6.07867
-635.683 -6.07901
-636.225 -6.07934
-636.767 -6.07967
-637.309 -6.08
-637.85 -6.08033
-638.392 -6.08066
-638.934 -6.08099
-639.476 -6.08132
-640.018 -6.08165
-640.56 -6.08198
-641.102 -6.08231
-641.645 -6.08264
-642.187 -6.08297
-642.729 -6.0833
-643.271 -6.08362
-643.813 -6.08395
-644.356 -6.08428
-644.898 -6.0846
-645.44 -6.08493
-645.983 -6.08526
-646.525 -6.08558
-647.068 -6.08591
-647.61 -6.08623
-648.153 -6.08656
-648.695 -6.08688
-649.238 -6.08721
-649.78 -6.08753
-650.323 -6.08785
-650.866 -6.08818
-651.409 -6.0885
-651.951 -6.08882
-652.494 -6.08914
-653.037 -6.08947
-653.58 -6.08979
-654.123 -6.09011
-654.666 -6.09043
-655.209 -6.09075
-655.752 -6.09107
-656.295 -6.09139
-656.838 -6.09171
-657.381 -6.09203
-657.924 -6.09235
-658.467 -6.09267
-659.01 -6.09299
-659.554 -6.0933
-660.097 -6.09362
-660.64 -6.09394
-661.184 -6.09426
-661.727 -6.09457
-662.271 -6.09489
-662.814 -6.09521
-663.357 -6.09552
-663.901 -6.09584
-664.445 -6.09615
-664.988 -6.09647
-665.532 -6.09678
-666.075 -6.0971
-666.619 -6.09741
-667.163 -6.09773
-667.707 -6.09804
-668.25 -6.09835
-668.794 -6.09867
-669.338 -6.09898
-669.882 -6.09929
-670.426 -6.0996
-670.97 -6.09992
-671.514 -6.10023
-672.058 -6.10054
-672.602 -6.10085
-673.146 -6.10116
-673.69 -6.10147
-674.234 -6.10178
-674.778 -6.10209
-675.323 -6.1024
-675.867 -6.10271
-676.411 -6.10302
-676.956 -6.10333
-677.5 -6.10363
-678.044 -6.10394
-678.589 -6.10425
-679.133 -6.10456
-679.678 -6.10486
-680.222 -6.10517
-680.767 -6.10548
-681.311 -6.10578
-681.856 -6.10609
-682.401 -6.1064
-682.945 -6.1067
-683.49 -6.10701
-684.035 -6.10731
-684.58 -6.10762
-685.124 -6.10792
-685.669 -6.10822
-686.214 -6.10853
-686.759 -6.10883
-687.304 -6.10914
-687.849 -6.10944
-688.394 -6.10974
-688.939 -6.11004
-689.484 -6.11034
-690.029 -6.11065
-690.574 -6.11095
-691.119 -6.11125
-691.665 -6.11155
-692.21 -6.11185
-692.755 -6.11215
-693.3 -6.11245
-693.846 -6.11275
-694.391 -6.11305
-694.937 -6.11335
-695.482 -6.11365
-696.027 -6.11395
-696.573 -6.11425
-697.118 -6.11454
-697.664 -6.11484
-698.21 -6.11514
-698.755 -6.11544
-699.301 -6.11573
-699.846 -6.11603
-700.392 -6.11633
-700.938 -6.11662
-701.484 -6.11692
-702.029 -6.11722
-702.575 -6.11751
-703.121 -6.11781
-703.667 -6.1181
-704.213 -6.1184
-704.759 -6.11869
-705.305 -6.11898
-705.851 -6.11928
-706.397 -6.11957
-706.943 -6.11987
-707.489 -6.12016
-708.035 -6.12045
-708.582 -6.12074
-709.128 -6.12104
-709.674 -6.12133
-710.22 -6.12162
-710.767 -6.12191
-711.313 -6.1222
-711.859 -6.12249
-712.406 -6.12278
-712.952 -6.12307
-713.499 -6.12336
-714.045 -6.12365
-714.592 -6.12394
-715.138 -6.12423
-715.685 -6.12452
-716.232 -6.12481
-716.778 -6.1251
-717.325 -6.12539
-717.872 -6.12568
-718.418 -6.12596
-718.965 -6.12625
-719.512 -6.12654
-720.059 -6.12683
-720.606 -6.12711
-721.152 -6.1274
-721.699 -6.12769
-722.246 -6.12797
-722.793 -6.12826
-723.34 -6.12854
-723.887 -6.12883
-724.434 -6.12911
-724.982 -6.1294
-725.529 -6.12968
-726.076 -6.12997
-726.623 -6.13025
-727.17 -6.13054
-727.717 -6.13082
-728.265 -6.1311
-728.812 -6.13139
-729.359 -6.13167
-729.907 -6.13195
-730.454 -6.13223
-731.002 -6.13251
-731.549 -6.1328
-732.097 -6.13308
-732.644 -6.13336
-733.192 -6.13364
-733.739 -6.13392
-734.287 -6.1342
-734.835 -6.13448
-735.382 -6.13476
-735.93 -6.13504
-736.478 -6.13532
-737.026 -6.1356
-737.573 -6.13588
-738.121 -6.13616
-738.669 -6.13644
-739.217 -6.13672
-739.765 -6.13699
-740.313 -6.13727
-740.861 -6.13755
-741.409 -6.13783
-741.957 -6.1381
-742.505 -6.13838
-743.053 -6.13866
-743.601 -6.13893
-744.149 -6.13921
-744.697 -6.13949
-745.246 -6.13976
-745.794 -6.14004
-746.342 -6.14031
-746.89 -6.14059
-747.439 -6.14086
-747.987 -6.14114
-748.535 -6.14141
-749.084 -6.14169
-749.632 -6.14196
-750.181 -6.14223
-750.729 -6.14251
-751.278 -6.14278
-751.826 -6.14305
-752.375 -6.14332
-752.924 -6.1436
-753.472 -6.14387
-754.021 -6.14414
-754.57 -6.14441
-755.118 -6.14468
-755.667 -6.14496
-756.216 -6.14523
-756.765 -6.1455
-757.314 -6.14577
-757.863 -6.14604
-758.411 -6.14631
-758.96 -6.14658
-759.509 -6.14685
-760.058 -6.14712
-760.607 -6.14739
-761.156 -6.14766
-761.706 -6.14792
-762.255 -6.14819
-762.804 -6.14846
-763.353 -6.14873
-763.902 -6.149
-764.451 -6.14926
-765.001 -6.14953
-765.55 -6.1498
-766.099 -6.15007
-766.649 -6.15033
-767.198 -6.1506
-767.747 -6.15087
-768.297 -6.15113
-768.846 -6.1514
-769.396 -6.15166
-769.945 -6.15193
-770.495 -6.15219
-771.044 -6.15246
-771.594 -6.15272
-772.144 -6.15299
-772.693 -6.15325
-773.243 -6.15352
-773.793 -6.15378
-774.342 -6.15404
-774.892 -6.15431
-775.442 -6.15457
-775.992 -6.15483
-776.542 -6.1551
-777.091 -6.15536
-777.641 -6.15562
-778.191 -6.15588
-778.741 -6.15614
-779.291 -6.15641
-779.841 -6.15667
-780.391 -6.15693
-780.941 -6.15719
-781.491 -6.15745
-782.042 -6.15771
-782.592 -6.15797
-783.142 -6.15823
-783.692 -6.15849
-784.242 -6.15875
-784.793 -6.15901
-785.343 -6.15927
-785.893 -6.15953
-786.444 -6.15979
-786.994 -6.16005
-787.544 -6.1603
-788.095 -6.16056
-788.645 -6.16082
-789.196 -6.16108
-789.746 -6.16134
-790.297 -6.16159
-790.847 -6.16185
-791.398 -6.16211
-791.949 -6.16236
-792.499 -6.16262
-793.05 -6.16288
-793.601 -6.16313
-794.151 -6.16339
-794.702 -6.16365
-795.253 -6.1639
-795.804 -6.16416
-796.355 -6.16441
-796.905 -6.16467
-797.456 -6.16492
-798.007 -6.16518
-798.558 -6.16543
-799.109 -6.16568
-799.66 -6.16594
-800.211 -6.16619
-800.762 -6.16644
-801.313 -6.1667
-801.865 -6.16695
-802.416 -6.1672
-802.967 -6.16746
-803.518 -6.16771
-804.069 -6.16796
-804.62 -6.16821
-805.172 -6.16847
-805.723 -6.16872
-806.274 -6.16897
-806.826 -6.16922
-807.377 -6.16947
-807.929 -6.16972
-808.48 -6.16997
-809.031 -6.17022
-809.583 -6.17047
-810.134 -6.17072
-810.686 -6.17097
-811.238 -6.17122
-811.789 -6.17147
-812.341 -6.17172
-812.892 -6.17197
-813.444 -6.17222
-813.996 -6.17247
-814.548 -6.17272
-815.099 -6.17296
-815.651 -6.17321
-816.203 -6.17346
-816.755 -6.17371
-817.307 -6.17395
-817.858 -6.1742
-818.41 -6.17445
-818.962 -6.1747
-819.514 -6.17494
-820.066 -6.17519
-820.618 -6.17543
-821.17 -6.17568
-821.722 -6.17593
-822.275 -6.17617
-822.827 -6.17642
-823.379 -6.17666
-823.931 -6.17691
-824.483 -6.17715
-825.035 -6.1774
-825.588 -6.17764
-826.14 -6.17789
-826.692 -6.17813
-827.245 -6.17837
-827.797 -6.17862
-828.349 -6.17886
-828.902 -6.17911
-829.454 -6.17935
-830.007 -6.17959
-830.559 -6.17983
-831.112 -6.18008
-831.664 -6.18032
-832.217 -6.18056
-832.769 -6.1808
-833.322 -6.18105
-833.875 -6.18129
-834.427 -6.18153
-834.98 -6.18177
-835.533 -6.18201
-836.085 -6.18225
-836.638 -6.18249
-837.191 -6.18273
-837.744 -6.18297
-838.297 -6.18321
-838.85 -6.18345
-839.402 -6.18369
-839.955 -6.18393
-840.508 -6.18417
-841.061 -6.18441
-841.614 -6.18465
-842.167 -6.18489
-842.72 -6.18513
-843.273 -6.18537
-843.827 -6.18561
-844.38 -6.18584
-844.933 -6.18608
-845.486 -6.18632
-846.039 -6.18656
-846.593 -6.18679
-847.146 -6.18703
-847.699 -6.18727
-848.252 -6.18751
-848.806 -6.18774
-849.359 -6.18798
-849.912 -6.18822
-850.466 -6.18845
-851.019 -6.18869
-851.573 -6.18892
-852.126 -6.18916
-852.68 -6.18939
-853.233 -6.18963
-853.787 -6.18986
-854.34 -6.1901
-854.894 -6.19033
-855.448 -6.19057
-856.001 -6.1908
-856.555 -6.19104
-857.109 -6.19127
-857.662 -6.1915
-858.216 -6.19174
-858.77 -6.19197
-859.324 -6.1922
-859.878 -6.19244
-860.432 -6.19267
-860.985 -6.1929
-861.539 -6.19314
-862.093 -6.19337
-862.647 -6.1936
-863.201 -6.19383
-863.755 -6.19407
-864.309 -6.1943
-864.863 -6.19453
-865.417 -6.19476
-865.971 -6.19499
-866.526 -6.19522
-867.08 -6.19545
-867.634 -6.19568
-868.188 -6.19591
-868.742 -6.19614
-869.297 -6.19637
-869.851 -6.1966
-870.405 -6.19683
-870.96 -6.19706
-871.514 -6.19729
-872.068 -6.19752
-872.623 -6.19775
-873.177 -6.19798
-873.732 -6.19821
-874.286 -6.19844
-874.841 -6.19867
-875.395 -6.19889
-875.95 -6.19912
-876.504 -6.19935
-877.059 -6.19958
-877.614 -6.19981
-878.168 -6.20003
-878.723 -6.20026
-879.278 -6.20049
-879.832 -6.20072
-880.387 -6.20094
-880.942 -6.20117
-881.497 -6.2014
-882.051 -6.20162
-882.606 -6.20185
-883.161 -6.20207
-883.716 -6.2023
-884.271 -6.20252
-884.826 -6.20275
-885.381 -6.20297
-885.936 -6.2032
-886.491 -6.20342
-887.046 -6.20365
-887.601 -6.20387
-888.156 -6.2041
-888.711 -6.20432
-889.266 -6.20455
-889.821 -6.20477
-890.376 -6.20499
-890.932 -6.20522
-891.487 -6.20544
-892.042 -6.20567
-892.597 -6.20589
-893.153 -6.20611
-893.708 -6.20633
-894.263 -6.20656
-894.819 -6.20678
-895.374 -6.207
-895.93 -6.20722
-896.485 -6.20745
-897.04 -6.20767
-897.596 -6.20789
-898.151 -6.20811
-898.707 -6.20833
-899.263 -6.20855
-899.818 -6.20878
-900.374 -6.209
-900.929 -6.20922
-901.485 -6.20944
-902.041 -6.20966
-902.596 -6.20988
-903.152 -6.2101
-903.708 -6.21032
-904.264 -6.21054
-904.819 -6.21076
-905.375 -6.21098
-905.931 -6.2112
-906.487 -6.21142
-907.043 -6.21163
-907.599 -6.21185
-908.155 -6.21207
-908.711 -6.21229
-909.267 -6.21251
-909.823 -6.21273
-910.379 -6.21295
-910.935 -6.21316
-911.491 -6.21338
-912.047 -6.2136
-912.603 -6.21382
-913.159 -6.21403
-913.715 -6.21425
-914.271 -6.21447
-914.828 -6.21468
-915.384 -6.2149
-915.94 -6.21512
-916.496 -6.21533
-917.053 -6.21555
-917.609 -6.21577
-918.165 -6.21598
-918.722 -6.2162
-919.278 -6.21641
-919.835 -6.21663
-920.391 -6.21684
-920.947 -6.21706
-921.504 -6.21727
-922.06 -6.21749
-922.617 -6.2177
-923.174 -6.21792
-923.73 -6.21813
-924.287 -6.21835
-924.843 -6.21856
-925.4 -6.21877
-925.957 -6.21899
-926.513 -6.2192
-927.07 -6.21941
-927.627 -6.21963
-928.184 -6.21984
-928.74 -6.22005
-929.297 -6.22027
-929.854 -6.22048
-930.411 -6.22069
-930.968 -6.2209
-931.525 -6.22112
-932.081 -6.22133
-932.638 -6.22154
-933.195 -6.22175
-933.752 -6.22196
-934.309 -6.22218
-934.866 -6.22239
-935.423 -6.2226
-935.981 -6.22281
-936.538 -6.22302
-937.095 -6.22323
-937.652 -6.22344
-938.209 -6.22365
-938.766 -6.22386
-939.323 -6.22407
-939.881 -6.22428
-940.438 -6.22449
-940.995 -6.2247
-941.553 -6.22491
-942.11 -6.22512
-942.667 -6.22533
-943.225 -6.22554
-943.782 -6.22575
-944.339 -6.22596
-944.897 -6.22617
-945.454 -6.22637
-946.012 -6.22658
-946.569 -6.22679
-947.127 -6.227
-947.684 -6.22721
-948.242 -6.22741
-948.799 -6.22762
-949.357 -6.22783
-949.915 -6.22804
-950.472 -6.22824
-951.03 -6.22845
-951.588 -6.22866
-952.146 -6.22887
-952.703 -6.22907
-953.261 -6.22928
-953.819 -6.22948
-954.377 -6.22969
-954.934 -6.2299
-955.492 -6.2301
-956.05 -6.23031
-956.608 -6.23051
-957.166 -6.23072
-957.724 -6.23093
-958.282 -6.23113
-958.84 -6.23134
-959.398 -6.23154
-959.956 -6.23175
-960.514 -6.23195
-961.072 -6.23215
-961.63 -6.23236
-962.188 -6.23256
-962.746 -6.23277
-963.305 -6.23297
-963.863 -6.23318
-964.421 -6.23338
-964.979 -6.23358
-965.537 -6.23379
-966.096 -6.23399
-966.654 -6.23419
-967.212 -6.2344
-967.771 -6.2346
-968.329 -6.2348
-968.887 -6.235
-969.446 -6.23521
-970.004 -6.23541
-970.563 -6.23561
-971.121 -6.23581
-971.68 -6.23602
-972.238 -6.23622
-972.797 -6.23642
-973.355 -6.23662
-973.914 -6.23682
-974.472 -6.23702
-975.031 -6.23722
-975.59 -6.23743
-976.148 -6.23763
-976.707 -6.23783
-977.266 -6.23803
-977.824 -6.23823
-978.383 -6.23843
-978.942 -6.23863
-979.501 -6.23883
-980.059 -6.23903
-980.618 -6.23923
-981.177 -6.23943
-981.736 -6.23963
-982.295 -6.23983
-982.854 -6.24003
-983.413 -6.24023
-983.972 -6.24042
-984.531 -6.24062
-985.09 -6.24082
-985.649 -6.24102
-986.208 -6.24122
-986.767 -6.24142
-987.326 -6.24162
-987.885 -6.24181
-988.444 -6.24201
-989.003 -6.24221
-989.562 -6.24241
-990.122 -6.2426
-990.681 -6.2428
-991.24 -6.243
-991.799 -6.2432
-992.359 -6.24339
-992.918 -6.24359
-993.477 -6.24379
-994.036 -6.24398
-994.596 -6.24418
-995.155 -6.24438
-995.715 -6.24457
-996.274 -6.24477
-996.834 -6.24497
-997.393 -6.24516
-997.953 -6.24536
-998.512 -6.24555
-999.072 -6.24575
-999.631 -6.24594
-1000.19 -6.24614
-1000.75 -6.24633
-1001.31 -6.24653
-1001.87 -6.24672
-1002.43 -6.24692
-1002.99 -6.24711
-1003.55 -6.24731
-1004.11 -6.2475
-1004.67 -6.2477
-1005.23 -6.24789
-1005.79 -6.24808
-1006.35 -6.24828
-1006.91 -6.24847
-1007.47 -6.24866
-1008.03 -6.24886
-1008.59 -6.24905
-1009.15 -6.24924
-1009.71 -6.24944
-1010.27 -6.24963
-1010.83 -6.24982
-1011.39 -6.25002
-1011.95 -6.25021
-1012.51 -6.2504
-1013.07 -6.25059
-1013.63 -6.25079
-1014.19 -6.25098
-1014.75 -6.25117
-1015.31 -6.25136
-1015.87 -6.25155
-1016.43 -6.25174
-1016.99 -6.25194
-1017.55 -6.25213
-1018.11 -6.25232
-1018.67 -6.25251
-1019.23 -6.2527
-1019.79 -6.25289
-1020.35 -6.25308
-1020.91 -6.25327
-1021.47 -6.25346
-1022.03 -6.25365
-1022.59 -6.25384
-1023.15 -6.25403
-1023.71 -6.25422
-1024.27 -6.25441
-1024.83 -6.2546
-1025.39 -6.25479
-1025.95 -6.25498
-1026.51 -6.25517
-1027.07 -6.25536
-1027.63 -6.25555
-1028.2 -6.25574
-1028.76 -6.25593
-1029.32 -6.25612
-1029.88 -6.25631
-1030.44 -6.25649
-1031 -6.25668
-1031.56 -6.25687
-1032.12 -6.25706
-1032.68 -6.25725
-1033.24 -6.25743
-1033.8 -6.25762
-1034.36 -6.25781
-1034.92 -6.258
-1035.48 -6.25818
-1036.05 -6.25837
-1036.61 -6.25856
-1037.17 -6.25875
-1037.73 -6.25893
-1038.29 -6.25912
-1038.85 -6.25931
-1039.41 -6.25949
-1039.97 -6.25968
-1040.53 -6.25987
-1041.09 -6.26005
-1041.66 -6.26024
-1042.22 -6.26043
-1042.78 -6.26061
-1043.34 -6.2608
-1043.9 -6.26098
-1044.46 -6.26117
-1045.02 -6.26135
-1045.58 -6.26154
-1046.14 -6.26172
-1046.71 -6.26191
-1047.27 -6.26209
-1047.83 -6.26228
-1048.39 -6.26246
-1048.95 -6.26265
-1049.51 -6.26283
-1050.07 -6.26302
-1050.64 -6.2632
-1051.2 -6.26339
-1051.76 -6.26357
-1052.32 -6.26375
-1052.88 -6.26394
-1053.44 -6.26412
-1054 -6.2643
-1054.57 -6.26449
-1055.13 -6.26467
-1055.69 -6.26485
-1056.25 -6.26504
-1056.81 -6.26522
-1057.37 -6.2654
-1057.94 -6.26559
-1058.5 -6.26577
-1059.06 -6.26595
-1059.62 -6.26613
-1060.18 -6.26632
-1060.74 -6.2665
-1061.31 -6.26668
-1061.87 -6.26686
-1062.43 -6.26704
-1062.99 -6.26723
-1063.55 -6.26741
-1064.11 -6.26759
-1064.68 -6.26777
-1065.24 -6.26795
-1065.8 -6.26813
-1066.36 -6.26831
-1066.92 -6.26849
-1067.49 -6.26868
-1068.05 -6.26886
-1068.61 -6.26904
-1069.17 -6.26922
-1069.73 -6.2694
-1070.3 -6.26958
-1070.86 -6.26976
-1071.42 -6.26994
-1071.98 -6.27012
-1072.54 -6.2703
-1073.11 -6.27048
-1073.67 -6.27066
-1074.23 -6.27084
-1074.79 -6.27102
-1075.36 -6.2712
-1075.92 -6.27137
-1076.48 -6.27155
-1077.04 -6.27173
-1077.6 -6.27191
-1078.17 -6.27209
-1078.73 -6.27227
-1079.29 -6.27245
-1079.85 -6.27263
-1080.42 -6.2728
-1080.98 -6.27298
-1081.54 -6.27316
-1082.1 -6.27334
-1082.67 -6.27352
-1083.23 -6.27369
-1083.79 -6.27387
-1084.35 -6.27405
-1084.92 -6.27423
-1085.48 -6.2744
-1086.04 -6.27458
-1086.6 -6.27476
-1087.17 -6.27494
-1087.73 -6.27511
-1088.29 -6.27529
-1088.86 -6.27547
-1089.42 -6.27564
-1089.98 -6.27582
-1090.54 -6.276
-1091.11 -6.27617
-1091.67 -6.27635
-1092.23 -6.27652
-1092.79 -6.2767
-1093.36 -6.27688
-1093.92 -6.27705
-1094.48 -6.27723
-1095.05 -6.2774
-1095.61 -6.27758
-1096.17 -6.27775
-1096.74 -6.27793
-1097.3 -6.2781
-1097.86 -6.27828
-1098.42 -6.27845
-1098.99 -6.27863
-1099.55 -6.2788
-1100.11 -6.27898
-1100.68 -6.27915
-1101.24 -6.27933
-1101.8 -6.2795
-1102.37 -6.27967
-1102.93 -6.27985
-1103.49 -6.28002
-1104.06 -6.2802
-1104.62 -6.28037
-1105.18 -6.28054
-1105.74 -6.28072
-1106.31 -6.28089
-1106.87 -6.28106
-1107.43 -6.28124
-1108 -6.28141
-1108.56 -6.28158
-1109.13 -6.28176
-1109.69 -6.28193
-1110.25 -6.2821
-1110.82 -6.28227
-1111.38 -6.28245
-1111.94 -6.28262
-1112.51 -6.28279
-1113.07 -6.28296
-1113.63 -6.28314
-1114.2 -6.28331
-1114.76 -6.28348
-1115.32 -6.28365
-1115.89 -6.28382
-1116.45 -6.28399
-1117.01 -6.28417
-1117.58 -6.28434
-1118.14 -6.28451
-1118.71 -6.28468
-1119.27 -6.28485
-1119.83 -6.28502
-1120.4 -6.28519
-1120.96 -6.28536
-1121.52 -6.28553
-1122.09 -6.2857
-1122.65 -6.28587
-1123.22 -6.28605
-1123.78 -6.28622
-1124.34 -6.28639
-1124.91 -6.28656
-1125.47 -6.28673
-1126.03 -6.2869
-1126.6 -6.28707
-1127.16 -6.28723
-1127.73 -6.2874
-1128.29 -6.28757
-1128.85 -6.28774
-1129.42 -6.28791
-1129.98 -6.28808
-1130.55 -6.28825
-1131.11 -6.28842
-1131.67 -6.28859
-1132.24 -6.28876
-1132.8 -6.28893
-1133.37 -6.28909
-1133.93 -6.28926
-1134.5 -6.28943
-1135.06 -6.2896
-1135.62 -6.28977
-1136.19 -6.28994
-1136.75 -6.2901
-1137.32 -6.29027
-1137.88 -6.29044
-1138.45 -6.29061
-1139.01 -6.29077
-1139.57 -6.29094
-1140.14 -6.29111
-1140.7 -6.29128
-1141.27 -6.29144
-1141.83 -6.29161
-1142.4 -6.29178
-1142.96 -6.29194
-1143.53 -6.29211
-1144.09 -6.29228
-1144.65 -6.29244
-1145.22 -6.29261
-1145.78 -6.29278
-1146.35 -6.29294
-1146.91 -6.29311
-1147.48 -6.29328
-1148.04 -6.29344
-1148.61 -6.29361
-1149.17 -6.29377
-1149.74 -6.29394
-1150.3 -6.29411
-1150.86 -6.29427
-1151.43 -6.29444
-1151.99 -6.2946
-1152.56 -6.29477
-1153.12 -6.29493
-1153.69 -6.2951
-1154.25 -6.29526
-1154.82 -6.29543
-1155.38 -6.29559
-1155.95 -6.29576
-1156.51 -6.29592
-1157.08 -6.29609
-1157.64 -6.29625
-1158.21 -6.29641
-1158.77 -6.29658
-1159.34 -6.29674
-1159.9 -6.29691
-1160.47 -6.29707
-1161.03 -6.29724
-1161.6 -6.2974
-1162.16 -6.29756
-1162.73 -6.29773
-1163.29 -6.29789
-1163.86 -6.29805
-1164.42 -6.29822
-1164.99 -6.29838
-1165.55 -6.29854
-1166.12 -6.29871
-1166.68 -6.29887
-1167.25 -6.29903
-1167.81 -6.29919
-1168.38 -6.29936
-1168.94 -6.29952
-1169.51 -6.29968
-1170.08 -6.29984
-1170.64 -6.30001
-1171.21 -6.30017
-1171.77 -6.30033
-1172.34 -6.30049
-1172.9 -6.30065
-1173.47 -6.30082
-1174.03 -6.30098
-1174.6 -6.30114
-1175.16 -6.3013
-1175.73 -6.30146
-1176.29 -6.30162
-1176.86 -6.30178
-1177.43 -6.30195
-1177.99 -6.30211
-1178.56 -6.30227
-1179.12 -6.30243
-1179.69 -6.30259
-1180.25 -6.30275
-1180.82 -6.30291
-1181.38 -6.30307
-1181.95 -6.30323
-1182.52 -6.30339
-1183.08 -6.30355
-1183.65 -6.30371
-1184.21 -6.30387
-1184.78 -6.30403
-1185.34 -6.30419
-1185.91 -6.30435
-1186.48 -6.30451
-1187.04 -6.30467
-1187.61 -6.30483
-1188.17 -6.30499
-1188.74 -6.30515
-1189.31 -6.30531
-1189.87 -6.30547
-1190.44 -6.30563
-1191 -6.30579
-1191.57 -6.30595
-1192.14 -6.3061
-1192.7 -6.30626
-1193.27 -6.30642
-1193.83 -6.30658
-1194.4 -6.30674
-1194.97 -6.3069
-1195.53 -6.30706
-1196.1 -6.30721
-1196.66 -6.30737
-1197.23 -6.30753
-1197.8 -6.30769
-1198.36 -6.30785
-1198.93 -6.308
-1199.49 -6.30816
-1200.06 -6.30832
-1200.63 -6.30848
-1201.19 -6.30863
-1201.76 -6.30879
-1202.33 -6.30895
-1202.89 -6.30911
-1203.46 -6.30926
-1204.02 -6.30942
-1204.59 -6.30958
-1205.16 -6.30973
-1205.72 -6.30989
-1206.29 -6.31005
-1206.86 -6.3102
-1207.42 -6.31036
-1207.99 -6.31052
-1208.56 -6.31067
-1209.12 -6.31083
-1209.69 -6.31099
-1210.26 -6.31114
-1210.82 -6.3113
-1211.39 -6.31145
-1211.95 -6.31161
-1212.52 -6.31176
-1213.09 -6.31192
-1213.65 -6.31208
-1214.22 -6.31223
-1214.79 -6.31239
-1215.35 -6.31254
-1215.92 -6.3127
-1216.49 -6.31285
-1217.05 -6.31301
-1217.62 -6.31316
-1218.19 -6.31332
-1218.75 -6.31347
-1219.32 -6.31363
-1219.89 -6.31378
-1220.45 -6.31394
-1221.02 -6.31409
-1221.59 -6.31424
-1222.16 -6.3144
-1222.72 -6.31455
-1223.29 -6.31471
-1223.86 -6.31486
-1224.42 -6.31501
-1224.99 -6.31517
-1225.56 -6.31532
-1226.12 -6.31548
-1226.69 -6.31563
-1227.26 -6.31578
-1227.82 -6.31594
-1228.39 -6.31609
-1228.96 -6.31624
-1229.53 -6.3164
-1230.09 -6.31655
-1230.66 -6.3167
-1231.23 -6.31686
-1231.79 -6.31701
-1232.36 -6.31716
-1232.93 -6.31731
-1233.5 -6.31747
-1234.06 -6.31762
-1234.63 -6.31777
-1235.2 -6.31792
-1235.76 -6.31808
-1236.33 -6.31823
-1236.9 -6.31838
-1237.47 -6.31853
-1238.03 -6.31868
-1238.6 -6.31884
-1239.17 -6.31899
-1239.74 -6.31914
-1240.3 -6.31929
-1240.87 -6.31944
-1241.44 -6.31959
-1242.01 -6.31975
-1242.57 -6.3199
-1243.14 -6.32005
-1243.71 -6.3202
-1244.28 -6.32035
-1244.84 -6.3205
-1245.41 -6.32065
-1245.98 -6.3208
-1246.55 -6.32095
-1247.11 -6.3211
-1247.68 -6.32125
-1248.25 -6.32141
-1248.82 -6.32156
-1249.38 -6.32171
-1249.95 -6.32186
-1250.52 -6.32201
-1251.09 -6.32216
-1251.65 -6.32231
-1252.22 -6.32246
-1252.79 -6.32261
-1253.36 -6.32276
-1253.93 -6.32291
-1254.49 -6.32306
-1255.06 -6.3232
-1255.63 -6.32335
-1256.2 -6.3235
-1256.76 -6.32365
-1257.33 -6.3238
-1257.9 -6.32395
-1258.47 -6.3241
-1259.04 -6.32425
-1259.6 -6.3244
-1260.17 -6.32455
-1260.74 -6.3247
-1261.31 -6.32484
-1261.88 -6.32499
-1262.44 -6.32514
-1263.01 -6.32529
-1263.58 -6.32544
-1264.15 -6.32559
-1264.72 -6.32573
-1265.28 -6.32588
-1265.85 -6.32603
-1266.42 -6.32618
-1266.99 -6.32633
-1267.56 -6.32647
-1268.12 -6.32662
-1268.69 -6.32677
-1269.26 -6.32692
-1269.83 -6.32706
-1270.4 -6.32721
-1270.97 -6.32736
-1271.53 -6.32751
-1272.1 -6.32765
-1272.67 -6.3278
-1273.24 -6.32795
-1273.81 -6.32809
-1274.38 -6.32824
-1274.94 -6.32839
-1275.51 -6.32854
-1276.08 -6.32868
-1276.65 -6.32883
-1277.22 -6.32897
-1277.79 -6.32912
-1278.35 -6.32927
-1278.92 -6.32941
-1279.49 -6.32956
-1280.06 -6.32971
-1280.63 -6.32985
-1281.2 -6.33
-1281.76 -6.33014
-1282.33 -6.33029
-1282.9 -6.33044
-1283.47 -6.33058
-1284.04 -6.33073
-1284.61 -6.33087
-1285.18 -6.33102
-1285.75 -6.33116
-1286.31 -6.33131
-1286.88 -6.33145
-1287.45 -6.3316
-1288.02 -6.33174
-1288.59 -6.33189
-1289.16 -6.33203
-1289.73 -6.33218
-1290.29 -6.33232
-1290.86 -6.33247
-1291.43 -6.33261
-1292 -6.33276
-1292.57 -6.3329
-1293.14 -6.33305
-1293.71 -6.33319
-1294.28 -6.33333
-1294.85 -6.33348
-1295.41 -6.33362
-1295.98 -6.33377
-1296.55 -6.33391
-1297.12 -6.33405
-1297.69 -6.3342
-1298.26 -6.33434
-1298.83 -6.33449
-1299.4 -6.33463
-1299.97 -6.33477
-1300.54 -6.33492
-1301.1 -6.33506
-1301.67 -6.3352
-1302.24 -6.33535
-1302.81 -6.33549
-1303.38 -6.33563
-1303.95 -6.33577
-1304.52 -6.33592
-1305.09 -6.33606
-1305.66 -6.3362
-1306.23 -6.33635
-1306.8 -6.33649
-1307.36 -6.33663
-1307.93 -6.33677
-1308.5 -6.33692
-1309.07 -6.33706
-1309.64 -6.3372
-1310.21 -6.33734
-1310.78 -6.33748
-1311.35 -6.33763
-1311.92 -6.33777
-1312.49 -6.33791
-1313.06 -6.33805
-1313.63 -6.33819
-1314.2 -6.33834
-1314.77 -6.33848
-1315.34 -6.33862
-1315.91 -6.33876
-1316.47 -6.3389
-1317.04 -6.33904
-1317.61 -6.33918
-1318.18 -6.33932
-1318.75 -6.33947
-1319.32 -6.33961
-1319.89 -6.33975
-1320.46 -6.33989
-1321.03 -6.34003
-1321.6 -6.34017
-1322.17 -6.34031
-1322.74 -6.34045
-1323.31 -6.34059
-1323.88 -6.34073
-1324.45 -6.34087
-1325.02 -6.34101
-1325.59 -6.34115
-1326.16 -6.34129
-1326.73 -6.34143
-1327.3 -6.34157
-1327.87 -6.34171
-1328.44 -6.34185
-1329.01 -6.34199
-1329.58 -6.34213
-1330.15 -6.34227
-1330.72 -6.34241
-1331.29 -6.34255
-1331.86 -6.34269
-1332.43 -6.34283
-1333 -6.34297
-1333.57 -6.34311
-1334.14 -6.34325
-1334.71 -6.34339
-1335.28 -6.34353
-1335.85 -6.34367
-1336.42 -6.3438
-1336.99 -6.34394
-1337.56 -6.34408
-1338.13 -6.34422
-1338.7 -6.34436
-1339.27 -6.3445
-1339.84 -6.34464
-1340.41 -6.34477
-1340.98 -6.34491
-1341.55 -6.34505
-1342.12 -6.34519
-1342.69 -6.34533
-1343.26 -6.34547
-1343.83 -6.3456
-1344.4 -6.34574
-1344.97 -6.34588
-1345.54 -6.34602
-1346.11 -6.34615
-1346.68 -6.34629
-1347.25 -6.34643
-1347.82 -6.34657
-1348.39 -6.3467
-1348.96 -6.34684
-1349.53 -6.34698
-1350.1 -6.34712
-1350.67 -6.34725
-1351.24 -6.34739
-1351.81 -6.34753
-1352.38 -6.34767
-1352.95 -6.3478
-1353.52 -6.34794
-1354.09 -6.34808
-1354.66 -6.34821
-1355.23 -6.34835
-1355.8 -6.34849
-1356.37 -6.34862
-1356.94 -6.34876
-1357.52 -6.3489
-1358.09 -6.34903
-1358.66 -6.34917
-1359.23 -6.3493
-1359.8 -6.34944
-1360.37 -6.34958
-1360.94 -6.34971
-1361.51 -6.34985
-1362.08 -6.34998
-1362.65 -6.35012
-1363.22 -6.35026
-1363.79 -6.35039
-1364.36 -6.35053
-1364.93 -6.35066
-1365.5 -6.3508
-1366.08 -6.35093
-1366.65 -6.35107
-1367.22 -6.3512
-1367.79 -6.35134
-1368.36 -6.35147
-1368.93 -6.35161
-1369.5 -6.35174
-1370.07 -6.35188
-1370.64 -6.35201
-1371.21 -6.35215
-1371.78 -6.35228
-1372.35 -6.35242
-1372.93 -6.35255
-1373.5 -6.35269
-1374.07 -6.35282
-1374.64 -6.35295
-1375.21 -6.35309
-1375.78 -6.35322
-1376.35 -6.35336
-1376.92 -6.35349
-1377.49 -6.35363
-1378.06 -6.35376
-1378.64 -6.35389
-1379.21 -6.35403
-1379.78 -6.35416
-1380.35 -6.35429
-1380.92 -6.35443
-1381.49 -6.35456
-1382.06 -6.3547
-1382.63 -6.35483
-1383.2 -6.35496
-1383.78 -6.3551
-1384.35 -6.35523
-1384.92 -6.35536
-1385.49 -6.35549
-1386.06 -6.35563
-1386.63 -6.35576
-1387.2 -6.35589
-1387.77 -6.35603
-1388.35 -6.35616
-1388.92 -6.35629
-1389.49 -6.35643
-1390.06 -6.35656
-1390.63 -6.35669
-1391.2 -6.35682
-1391.77 -6.35696
-1392.35 -6.35709
-1392.92 -6.35722
-1393.49 -6.35735
-1394.06 -6.35748
-1394.63 -6.35762
-1395.2 -6.35775
-1395.77 -6.35788
-1396.35 -6.35801
-1396.92 -6.35814
-1397.49 -6.35828
-1398.06 -6.35841
-1398.63 -6.35854
-1399.2 -6.35867
-1399.77 -6.3588
-1400.35 -6.35893
-1400.92 -6.35907
-1401.49 -6.3592
-1402.06 -6.35933
-1402.63 -6.35946
-1403.2 -6.35959
-1403.78 -6.35972
-1404.35 -6.35985
-1404.92 -6.35998
-1405.49 -6.36011
-1406.06 -6.36025
-1406.64 -6.36038
-1407.21 -6.36051
-1407.78 -6.36064
-1408.35 -6.36077
-1408.92 -6.3609
-1409.49 -6.36103
-1410.07 -6.36116
-1410.64 -6.36129
-1411.21 -6.36142
-1411.78 -6.36155
-1412.35 -6.36168
-1412.93 -6.36181
-1413.5 -6.36194
-1414.07 -6.36207
-1414.64 -6.3622
-1415.21 -6.36233
-1415.79 -6.36246
-1416.36 -6.36259
-1416.93 -6.36272
-1417.5 -6.36285
-1418.07 -6.36298
-1418.65 -6.36311
-1419.22 -6.36324
-1419.79 -6.36337
-1420.36 -6.3635
-1420.93 -6.36363
-1421.51 -6.36375
-1422.08 -6.36388
-1422.65 -6.36401
-1423.22 -6.36414
-1423.79 -6.36427
-1424.37 -6.3644
-1424.94 -6.36453
-1425.51 -6.36466
-1426.08 -6.36479
-1426.66 -6.36491
-1427.23 -6.36504
-1427.8 -6.36517
-1428.37 -6.3653
-1428.94 -6.36543
-1429.52 -6.36556
-1430.09 -6.36568
-1430.66 -6.36581
-1431.23 -6.36594
-1431.81 -6.36607
-1432.38 -6.3662
-1432.95 -6.36632
-1433.52 -6.36645
-1434.1 -6.36658
-1434.67 -6.36671
-1435.24 -6.36684
-1435.81 -6.36696
-1436.39 -6.36709
-1436.96 -6.36722
-1437.53 -6.36735
-1438.1 -6.36747
-1438.68 -6.3676
-1439.25 -6.36773
-1439.82 -6.36786
-1440.39 -6.36798
-1440.97 -6.36811
-1441.54 -6.36824
-1442.11 -6.36836
-1442.68 -6.36849
-1443.26 -6.36862
-1443.83 -6.36874
-1444.4 -6.36887
-1444.97 -6.369
-1445.55 -6.36912
-1446.12 -6.36925
-1446.69 -6.36938
-1447.27 -6.3695
-1447.84 -6.36963
-1448.41 -6.36976
-1448.98 -6.36988
-1449.56 -6.37001
-1450.13 -6.37014
-1450.7 -6.37026
-1451.27 -6.37039
-1451.85 -6.37051
-1452.42 -6.37064
-1452.99 -6.37077
-1453.57 -6.37089
-1454.14 -6.37102
-1454.71 -6.37114
-1455.28 -6.37127
-1455.86 -6.37139
-1456.43 -6.37152
-1457 -6.37164
-1457.58 -6.37177
-1458.15 -6.3719
-1458.72 -6.37202
-1459.3 -6.37215
-1459.87 -6.37227
-1460.44 -6.3724
-1461.01 -6.37252
-1461.59 -6.37265
-1462.16 -6.37277
-1462.73 -6.3729
-1463.31 -6.37302
-1463.88 -6.37315
-1464.45 -6.37327
-1465.03 -6.3734
-1465.6 -6.37352
-1466.17 -6.37364
-1466.75 -6.37377
-1467.32 -6.37389
-1467.89 -6.37402
-1468.47 -6.37414
-1469.04 -6.37427
-1469.61 -6.37439
-1470.19 -6.37452
-1470.76 -6.37464
-1471.33 -6.37476
-1471.91 -6.37489
-1472.48 -6.37501
-1473.05 -6.37513
-1473.63 -6.37526
-1474.2 -6.37538
-1474.77 -6.37551
-1475.35 -6.37563
-1475.92 -6.37575
-1476.49 -6.37588
-1477.07 -6.376
-1477.64 -6.37612
-1478.21 -6.37625
-1478.79 -6.37637
-1479.36 -6.37649
-1479.93 -6.37662
-1480.51 -6.37674
-1481.08 -6.37686
-1481.65 -6.37699
-1482.23 -6.37711
-1482.8 -6.37723
-1483.37 -6.37736
-1483.95 -6.37748
-1484.52 -6.3776
-1485.1 -6.37772
-1485.67 -6.37785
-1486.24 -6.37797
-1486.82 -6.37809
-1487.39 -6.37821
-1487.96 -6.37834
-1488.54 -6.37846
-1489.11 -6.37858
-1489.68 -6.3787
-1490.26 -6.37882
-1490.83 -6.37895
-1491.41 -6.37907
-1491.98 -6.37919
-1492.55 -6.37931
-1493.13 -6.37944
-1493.7 -6.37956
-1494.27 -6.37968
-1494.85 -6.3798
-1495.42 -6.37992
-1496 -6.38004
-1496.57 -6.38017
-1497.14 -6.38029
-1497.72 -6.38041
-1498.29 -6.38053
-1498.87 -6.38065
-1499.44 -6.38077
-1500.01 -6.38089
-1500.59 -6.38101
-1501.16 -6.38114
-1501.74 -6.38126
-1502.31 -6.38138
-1502.88 -6.3815
-1503.46 -6.38162
-1504.03 -6.38174
-1504.61 -6.38186
-1505.18 -6.38198
-1505.75 -6.3821
-1506.33 -6.38222
-1506.9 -6.38234
-1507.48 -6.38247
-1508.05 -6.38259
-1508.62 -6.38271
-1509.2 -6.38283
-1509.77 -6.38295
-1510.35 -6.38307
-1510.92 -6.38319
-1511.5 -6.38331
-1512.07 -6.38343
-1512.64 -6.38355
-1513.22 -6.38367
-1513.79 -6.38379
-1514.37 -6.38391
-1514.94 -6.38403
-1515.52 -6.38415
-1516.09 -6.38427
-1516.66 -6.38439
-1517.24 -6.38451
-1517.81 -6.38463
-1518.39 -6.38475
-1518.96 -6.38487
-1519.54 -6.38498
-1520.11 -6.3851
-1520.68 -6.38522
-1521.26 -6.38534
-1521.83 -6.38546
-1522.41 -6.38558
-1522.98 -6.3857
-1523.56 -6.38582
-1524.13 -6.38594
-1524.71 -6.38606
-1525.28 -6.38618
-1525.85 -6.38629
-1526.43 -6.38641
-1527 -6.38653
-1527.58 -6.38665
-1528.15 -6.38677
-1528.73 -6.38689
-1529.3 -6.38701
-1529.88 -6.38713
-1530.45 -6.38724
-1531.03 -6.38736
-1531.6 -6.38748
-1532.18 -6.3876
-1532.75 -6.38772
-1533.32 -6.38783
-1533.9 -6.38795
-1534.47 -6.38807
-1535.05 -6.38819
-1535.62 -6.38831
-1536.2 -6.38842
-1536.77 -6.38854
-1537.35 -6.38866
-1537.92 -6.38878
-1538.5 -6.3889
-1539.07 -6.38901
-1539.65 -6.38913
-1540.22 -6.38925
-1540.8 -6.38937
-1541.37 -6.38948
-1541.95 -6.3896
-1542.52 -6.38972
-1543.1 -6.38984
-1543.67 -6.38995
-1544.25 -6.39007
-1544.82 -6.39019
-1545.4 -6.3903
-1545.97 -6.39042
-1546.55 -6.39054
-1547.12 -6.39066
-1547.7 -6.39077
-1548.27 -6.39089
-1548.85 -6.39101
-1549.42 -6.39112
-1550 -6.39124
-1550.57 -6.39136
-1551.15 -6.39147
-1551.72 -6.39159
-1552.3 -6.39171
-1552.87 -6.39182
-1553.45 -6.39194
-1554.02 -6.39205
-1554.6 -6.39217
-1555.17 -6.39229
-1555.75 -6.3924
-1556.32 -6.39252
-1556.9 -6.39264
-1557.47 -6.39275
-1558.05 -6.39287
-1558.62 -6.39298
-1559.2 -6.3931
-1559.77 -6.39321
-1560.35 -6.39333
-1560.92 -6.39345
-1561.5 -6.39356
-1562.08 -6.39368
-1562.65 -6.39379
-1563.23 -6.39391
-1563.8 -6.39402
-1564.38 -6.39414
-1564.95 -6.39425
-1565.53 -6.39437
-1566.1 -6.39449
-1566.68 -6.3946
-1567.25 -6.39472
-1567.83 -6.39483
-1568.4 -6.39495
-1568.98 -6.39506
-1569.56 -6.39518
-1570.13 -6.39529
-1570.71 -6.39541
-1571.28 -6.39552
-1571.86 -6.39564
-1572.43 -6.39575
-1573.01 -6.39586
-1573.58 -6.39598
-1574.16 -6.39609
-1574.73 -6.39621
-1575.31 -6.39632
-1575.89 -6.39644
-1576.46 -6.39655
-1577.04 -6.39667
-1577.61 -6.39678
-1578.19 -6.39689
-1578.76 -6.39701
-1579.34 -6.39712
-1579.92 -6.39724
-1580.49 -6.39735
-1581.07 -6.39746
-1581.64 -6.39758
-1582.22 -6.39769
-1582.79 -6.39781
-1583.37 -6.39792
-1583.95 -6.39803
-1584.52 -6.39815
-1585.1 -6.39826
-1585.67 -6.39838
-1586.25 -6.39849
-1586.82 -6.3986
-1587.4 -6.39872
-1587.98 -6.39883
-1588.55 -6.39894
-1589.13 -6.39906
-1589.7 -6.39917
-1590.28 -6.39928
-1590.86 -6.3994
-1591.43 -6.39951
-1592.01 -6.39962
-1592.58 -6.39973
-1593.16 -6.39985
-1593.74 -6.39996
-1594.31 -6.40007
-1594.89 -6.40019
-1595.46 -6.4003
-1596.04 -6.40041
-1596.62 -6.40052
-1597.19 -6.40064
-1597.77 -6.40075
-1598.34 -6.40086
-1598.92 -6.40097
-1599.5 -6.40109
-1600.07 -6.4012
-1600.65 -6.40131
-1601.22 -6.40142
-1601.8 -6.40154
-1602.38 -6.40165
-1602.95 -6.40176
-1603.53 -6.40187
-1604.11 -6.40199
-1604.68 -6.4021
-1605.26 -6.40221
-1605.83 -6.40232
-1606.41 -6.40243
-1606.99 -6.40255
-1607.56 -6.40266
-1608.14 -6.40277
-1608.72 -6.40288
-1609.29 -6.40299
-1609.87 -6.4031
-1610.44 -6.40321
-1611.02 -6.40333
-1611.6 -6.40344
-1612.17 -6.40355
-1612.75 -6.40366
-1613.33 -6.40377
-1613.9 -6.40388
-1614.48 -6.40399
-1615.06 -6.40411
-1615.63 -6.40422
-1616.21 -6.40433
-1616.79 -6.40444
-1617.36 -6.40455
-1617.94 -6.40466
-1618.51 -6.40477
-1619.09 -6.40488
-1619.67 -6.40499
-1620.24 -6.4051
-1620.82 -6.40521
-1621.4 -6.40533
-1621.97 -6.40544
-1622.55 -6.40555
-1623.13 -6.40566
-1623.7 -6.40577
-1624.28 -6.40588
-1624.86 -6.40599
-1625.43 -6.4061
-1626.01 -6.40621
-1626.59 -6.40632
-1627.16 -6.40643
-1627.74 -6.40654
-1628.32 -6.40665
-1628.89 -6.40676
-1629.47 -6.40687
-1630.05 -6.40698
-1630.62 -6.40709
-1631.2 -6.4072
-1631.78 -6.40731
-1632.35 -6.40742
-1632.93 -6.40753
-1633.51 -6.40764
-1634.08 -6.40775
-1634.66 -6.40786
-1635.24 -6.40797
-1635.81 -6.40808
-1636.39 -6.40819
-1636.97 -6.4083
-1637.55 -6.40841
-1638.12 -6.40851
-1638.7 -6.40862
-1639.28 -6.40873
-1639.85 -6.40884
-1640.43 -6.40895
-1641.01 -6.40906
-1641.58 -6.40917
-1642.16 -6.40928
-1642.74 -6.40939
-1643.32 -6.4095
-1643.89 -6.40961
-1644.47 -6.40971
-1645.05 -6.40982
-1645.62 -6.40993
-1646.2 -6.41004
-1646.78 -6.41015
-1647.35 -6.41026
-1647.93 -6.41037
-1648.51 -6.41048
-1649.09 -6.41058
-1649.66 -6.41069
-1650.24 -6.4108
-1650.82 -6.41091
-1651.39 -6.41102
-1651.97 -6.41113
-1652.55 -6.41123
-1653.13 -6.41134
-1653.7 -6.41145
-1654.28 -6.41156
-1654.86 -6.41167
-1655.43 -6.41177
-1656.01 -6.41188
-1656.59 -6.41199
-1657.17 -6.4121
-1657.74 -6.41221
-1658.32 -6.41231
-1658.9 -6.41242
-1659.48 -6.41253
-1660.05 -6.41264
-1660.63 -6.41274
-1661.21 -6.41285
-1661.79 -6.41296
-1662.36 -6.41307
-1662.94 -6.41317
-1663.52 -6.41328
-1664.09 -6.41339
-1664.67 -6.4135
-1665.25 -6.4136
-1665.83 -6.41371
-1666.4 -6.41382
-1666.98 -6.41393
-1667.56 -6.41403
-1668.14 -6.41414
-1668.71 -6.41425
-1669.29 -6.41435
-1669.87 -6.41446
-1670.45 -6.41457
-1671.02 -6.41467
-1671.6 -6.41478
-1672.18 -6.41489
-1672.76 -6.41499
-1673.34 -6.4151
-1673.91 -6.41521
-1674.49 -6.41531
-1675.07 -6.41542
-1675.65 -6.41553
-1676.22 -6.41563
-1676.8 -6.41574
-1677.38 -6.41585
-1677.96 -6.41595
-1678.53 -6.41606
-1679.11 -6.41616
-1679.69 -6.41627
-1680.27 -6.41638
-1680.84 -6.41648
-1681.42 -6.41659
-1682 -6.41669
-1682.58 -6.4168
-1683.16 -6.41691
-1683.73 -6.41701
-1684.31 -6.41712
-1684.89 -6.41722
-1685.47 -6.41733
-1686.05 -6.41744
-1686.62 -6.41754
-1687.2 -6.41765
-1687.78 -6.41775
-1688.36 -6.41786
-1688.93 -6.41796
-1689.51 -6.41807
-1690.09 -6.41817
-1690.67 -6.41828
-1691.25 -6.41838
-1691.82 -6.41849
-1692.4 -6.4186
-1692.98 -6.4187
-1693.56 -6.41881
-1694.14 -6.41891
-1694.71 -6.41902
-1695.29 -6.41912
-1695.87 -6.41923
-1696.45 -6.41933
-1697.03 -6.41944
-1697.6 -6.41954
-1698.18 -6.41965
-1698.76 -6.41975
-1699.34 -6.41986
-1699.92 -6.41996
-1700.49 -6.42006
-1701.07 -6.42017
-1701.65 -6.42027
-1702.23 -6.42038
-1702.81 -6.42048
-1703.39 -6.42059
-1703.96 -6.42069
-1704.54 -6.4208
-1705.12 -6.4209
-1705.7 -6.421
-1706.28 -6.42111
-1706.86 -6.42121
-1707.43 -6.42132
-1708.01 -6.42142
-1708.59 -6.42152
-1709.17 -6.42163
-1709.75 -6.42173
-1710.32 -6.42184
-1710.9 -6.42194
-1711.48 -6.42204
-1712.06 -6.42215
-1712.64 -6.42225
-1713.22 -6.42236
-1713.79 -6.42246
-1714.37 -6.42256
-1714.95 -6.42267
-1715.53 -6.42277
-1716.11 -6.42287
-1716.69 -6.42298
-1717.27 -6.42308
-1717.84 -6.42318
-1718.42 -6.42329
-1719 -6.42339
-1719.58 -6.42349
-1720.16 -6.4236
-1720.74 -6.4237
-1721.31 -6.4238
-1721.89 -6.42391
-1722.47 -6.42401
-1723.05 -6.42411
-1723.63 -6.42422
-1724.21 -6.42432
-1724.79 -6.42442
-1725.36 -6.42452
-1725.94 -6.42463
-1726.52 -6.42473
-1727.1 -6.42483
-1727.68 -6.42494
-1728.26 -6.42504
-1728.84 -6.42514
-1729.42 -6.42524
-1729.99 -6.42535
-1730.57 -6.42545
-1731.15 -6.42555
-1731.73 -6.42565
-1732.31 -6.42576
-1732.89 -6.42586
-1733.47 -6.42596
-1734.05 -6.42606
-1734.62 -6.42617
-1735.2 -6.42627
-1735.78 -6.42637
-1736.36 -6.42647
-1736.94 -6.42657
-1737.52 -6.42668
-1738.1 -6.42678
-1738.68 -6.42688
-1739.25 -6.42698
-1739.83 -6.42708
-1740.41 -6.42719
-1740.99 -6.42729
-1741.57 -6.42739
-1742.15 -6.42749
-1742.73 -6.42759
-1743.31 -6.42769
-1743.89 -6.42779
-1744.46 -6.4279
-1745.04 -6.428
-1745.62 -6.4281
-1746.2 -6.4282
-1746.78 -6.4283
-1747.36 -6.4284
-1747.94 -6.42851
-1748.52 -6.42861
-1749.1 -6.42871
-1749.68 -6.42881
-1750.26 -6.42891
-1750.83 -6.42901
-1751.41 -6.42911
-1751.99 -6.42921
-1752.57 -6.42931
-1753.15 -6.42942
-1753.73 -6.42952
-1754.31 -6.42962
-1754.89 -6.42972
-1755.47 -6.42982
-1756.05 -6.42992
-1756.63 -6.43002
-1757.2 -6.43012
-1757.78 -6.43022
-1758.36 -6.43032
-1758.94 -6.43042
-1759.52 -6.43052
-1760.1 -6.43062
-1760.68 -6.43072
-1761.26 -6.43082
-1761.84 -6.43093
-1762.42 -6.43103
-1763 -6.43113
-1763.58 -6.43123
-1764.16 -6.43133
-1764.74 -6.43143
-1765.31 -6.43153
-1765.89 -6.43163
-1766.47 -6.43173
-1767.05 -6.43183
-1767.63 -6.43193
-1768.21 -6.43203
-1768.79 -6.43213
-1769.37 -6.43223
-1769.95 -6.43233
-1770.53 -6.43243
-1771.11 -6.43253
-1771.69 -6.43263
-1772.27 -6.43272
-1772.85 -6.43282
-1773.43 -6.43292
-1774.01 -6.43302
-1774.59 -6.43312
-1775.17 -6.43322
-1775.74 -6.43332
-1776.32 -6.43342
-1776.9 -6.43352
-1777.48 -6.43362
-1778.06 -6.43372
-1778.64 -6.43382
-1779.22 -6.43392
-1779.8 -6.43402
-1780.38 -6.43412
-1780.96 -6.43422
-1781.54 -6.43431
-1782.12 -6.43441
-1782.7 -6.43451
-1783.28 -6.43461
-1783.86 -6.43471
-1784.44 -6.43481
-1785.02 -6.43491
-1785.6 -6.43501
-1786.18 -6.43511
-1786.76 -6.4352
-1787.34 -6.4353
-1787.92 -6.4354
-1788.5 -6.4355
-1789.08 -6.4356
-1789.66 -6.4357
-1790.24 -6.4358
-1790.82 -6.4359
-1791.4 -6.43599
-1791.98 -6.43609
-1792.56 -6.43619
-1793.14 -6.43629
-1793.72 -6.43639
-1794.3 -6.43648
-1794.88 -6.43658
-1795.46 -6.43668
-1796.04 -6.43678
-1796.62 -6.43688
-1797.2 -6.43698
-1797.78 -6.43707
-1798.36 -6.43717
-1798.94 -6.43727
-1799.52 -6.43737
-1800.1 -6.43747
-1800.68 -6.43756
-1801.26 -6.43766
-1801.84 -6.43776
-1802.42 -6.43786
-1803 -6.43795
-1803.58 -6.43805
-1804.16 -6.43815
-1804.74 -6.43825
-1805.32 -6.43834
-1805.9 -6.43844
-1806.48 -6.43854
-1807.06 -6.43864
-1807.64 -6.43873
-1808.22 -6.43883
-1808.8 -6.43893
-1809.38 -6.43903
-1809.96 -6.43912
-1810.54 -6.43922
-1811.12 -6.43932
-1811.7 -6.43941
-1812.28 -6.43951
-1812.86 -6.43961
-1813.44 -6.43971
-1814.02 -6.4398
-1814.6 -6.4399
-1815.18 -6.44
-1815.76 -6.44009
-1816.34 -6.44019
-1816.92 -6.44029
-1817.5 -6.44038
-1818.08 -6.44048
-1818.66 -6.44058
-1819.24 -6.44067
-1819.82 -6.44077
-1820.4 -6.44087
-1820.98 -6.44096
-1821.56 -6.44106
-1822.14 -6.44116
-1822.72 -6.44125
-1823.3 -6.44135
-1823.88 -6.44145
-1824.46 -6.44154
-1825.04 -6.44164
-1825.63 -6.44173
-1826.21 -6.44183
-1826.79 -6.44193
-1827.37 -6.44202
-1827.95 -6.44212
-1828.53 -6.44222
-1829.11 -6.44231
-1829.69 -6.44241
-1830.27 -6.4425
-1830.85 -6.4426
-1831.43 -6.4427
-1832.01 -6.44279
-1832.59 -6.44289
-1833.17 -6.44298
-1833.75 -6.44308
-1834.33 -6.44317
-1834.91 -6.44327
-1835.49 -6.44337
-1836.07 -6.44346
-1836.66 -6.44356
-1837.24 -6.44365
-1837.82 -6.44375
-1838.4 -6.44384
-1838.98 -6.44394
-1839.56 -6.44403
-1840.14 -6.44413
-1840.72 -6.44423
-1841.3 -6.44432
-1841.88 -6.44442
-1842.46 -6.44451
-1843.04 -6.44461
-1843.62 -6.4447
-1844.2 -6.4448
-1844.79 -6.44489
-1845.37 -6.44499
-1845.95 -6.44508
-1846.53 -6.44518
-1847.11 -6.44527
-1847.69 -6.44537
-1848.27 -6.44546
-1848.85 -6.44556
-1849.43 -6.44565
-1850.01 -6.44575
-1850.59 -6.44584
-1851.17 -6.44594
-1851.76 -6.44603
-1852.34 -6.44613
-1852.92 -6.44622
-1853.5 -6.44631
-1854.08 -6.44641
-1854.66 -6.4465
-1855.24 -6.4466
-1855.82 -6.44669
-1856.4 -6.44679
-1856.98 -6.44688
-1857.56 -6.44698
-1858.15 -6.44707
-1858.73 -6.44716
-1859.31 -6.44726
-1859.89 -6.44735
-1860.47 -6.44745
-1861.05 -6.44754
-1861.63 -6.44763
-1862.21 -6.44773
-1862.79 -6.44782
-1863.38 -6.44792
-1863.96 -6.44801
-1864.54 -6.4481
-1865.12 -6.4482
-1865.7 -6.44829
-1866.28 -6.44839
-1866.86 -6.44848
-1867.44 -6.44857
-1868.02 -6.44867
-1868.61 -6.44876
-1869.19 -6.44885
-1869.77 -6.44895
-1870.35 -6.44904
-1870.93 -6.44914
-1871.51 -6.44923
-1872.09 -6.44932
-1872.67 -6.44942
-1873.26 -6.44951
-1873.84 -6.4496
-1874.42 -6.4497
-1875 -6.44979
-1875.58 -6.44988
-1876.16 -6.44998
-1876.74 -6.45007
-1877.32 -6.45016
-1877.91 -6.45026
-1878.49 -6.45035
-1879.07 -6.45044
-1879.65 -6.45053
-1880.23 -6.45063
-1880.81 -6.45072
-1881.39 -6.45081
-1881.98 -6.45091
-1882.56 -6.451
-1883.14 -6.45109
-1883.72 -6.45119
-1884.3 -6.45128
-1884.88 -6.45137
-1885.46 -6.45146
-1886.05 -6.45156
-1886.63 -6.45165
-1887.21 -6.45174
-1887.79 -6.45183
-1888.37 -6.45193
-1888.95 -6.45202
-1889.54 -6.45211
-1890.12 -6.4522
-1890.7 -6.4523
-1891.28 -6.45239
-1891.86 -6.45248
-1892.44 -6.45257
-1893.02 -6.45267
-1893.61 -6.45276
-1894.19 -6.45285
-1894.77 -6.45294
-1895.35 -6.45303
-1895.93 -6.45313
-1896.51 -6.45322
-1897.1 -6.45331
-1897.68 -6.4534
-1898.26 -6.45349
-1898.84 -6.45359
-1899.42 -6.45368
-1900 -6.45377
-1900.59 -6.45386
-1901.17 -6.45395
-1901.75 -6.45404
-1902.33 -6.45414
-1902.91 -6.45423
-1903.5 -6.45432
-1904.08 -6.45441
-1904.66 -6.4545
-1905.24 -6.45459
-1905.82 -6.45469
-1906.4 -6.45478
-1906.99 -6.45487
-1907.57 -6.45496
-1908.15 -6.45505
-1908.73 -6.45514
-1909.31 -6.45524
-1909.9 -6.45533
-1910.48 -6.45542
-1911.06 -6.45551
-1911.64 -6.4556
-1912.22 -6.45569
-1912.81 -6.45578
-1913.39 -6.45587
-1913.97 -6.45596
-1914.55 -6.45605
-1915.13 -6.45615
-1915.72 -6.45624
-1916.3 -6.45633
-1916.88 -6.45642
-1917.46 -6.45651
-1918.04 -6.4566
-1918.63 -6.45669
-1919.21 -6.45678
-1919.79 -6.45687
-1920.37 -6.45696
-1920.95 -6.45705
-1921.54 -6.45714
-1922.12 -6.45724
-1922.7 -6.45733
-1923.28 -6.45742
-1923.86 -6.45751
-1924.45 -6.4576
-1925.03 -6.45769
-1925.61 -6.45778
-1926.19 -6.45787
-1926.77 -6.45796
-1927.36 -6.45805
-1927.94 -6.45814
-1928.52 -6.45823
-1929.1 -6.45832
-1929.69 -6.45841
-1930.27 -6.4585
-1930.85 -6.45859
-1931.43 -6.45868
-1932.01 -6.45877
-1932.6 -6.45886
-1933.18 -6.45895
-1933.76 -6.45904
-1934.34 -6.45913
-1934.93 -6.45922
-1935.51 -6.45931
-1936.09 -6.4594
-1936.67 -6.45949
-1937.26 -6.45958
-1937.84 -6.45967
-1938.42 -6.45976
-1939 -6.45985
-1939.58 -6.45994
-1940.17 -6.46003
-1940.75 -6.46012
-1941.33 -6.46021
-1941.91 -6.4603
-1942.5 -6.46039
-1943.08 -6.46048
-1943.66 -6.46057
-1944.24 -6.46066
-1944.83 -6.46074
-1945.41 -6.46083
-1945.99 -6.46092
-1946.57 -6.46101
-1947.16 -6.4611
-1947.74 -6.46119
-1948.32 -6.46128
-1948.9 -6.46137
-1949.49 -6.46146
-1950.07 -6.46155
-1950.65 -6.46164
-1951.23 -6.46173
-1951.82 -6.46181
-1952.4 -6.4619
-1952.98 -6.46199
-1953.57 -6.46208
-1954.15 -6.46217
-1954.73 -6.46226
-1955.31 -6.46235
-1955.9 -6.46244
-1956.48 -6.46252
-1957.06 -6.46261
-1957.64 -6.4627
-1958.23 -6.46279
-1958.81 -6.46288
-1959.39 -6.46297
-1959.97 -6.46306
-1960.56 -6.46315
-1961.14 -6.46323
-1961.72 -6.46332
-1962.31 -6.46341
-1962.89 -6.4635
-1963.47 -6.46359
-1964.05 -6.46368
-1964.64 -6.46376
-1965.22 -6.46385
-1965.8 -6.46394
-1966.38 -6.46403
-1966.97 -6.46412
-1967.55 -6.46421
-1968.13 -6.46429
-1968.72 -6.46438
-1969.3 -6.46447
-1969.88 -6.46456
-1970.46 -6.46465
-1971.05 -6.46473
-1971.63 -6.46482
-1972.21 -6.46491
-1972.8 -6.465
-1973.38 -6.46509
-1973.96 -6.46517
-1974.55 -6.46526
-1975.13 -6.46535
-1975.71 -6.46544
-1976.29 -6.46552
-1976.88 -6.46561
-1977.46 -6.4657
-1978.04 -6.46579
-1978.63 -6.46588
-1979.21 -6.46596
-1979.79 -6.46605
-1980.38 -6.46614
-1980.96 -6.46623
-1981.54 -6.46631
-1982.12 -6.4664
-1982.71 -6.46649
-1983.29 -6.46657
-1983.87 -6.46666
-1984.46 -6.46675
-1985.04 -6.46684
-1985.62 -6.46692
-1986.21 -6.46701
-1986.79 -6.4671
-1987.37 -6.46719
-1987.96 -6.46727
-1988.54 -6.46736
-1989.12 -6.46745
-1989.71 -6.46753
-1990.29 -6.46762
-1990.87 -6.46771
-1991.46 -6.46779
-1992.04 -6.46788
-1992.62 -6.46797
-1993.2 -6.46805
-1993.79 -6.46814
-1994.37 -6.46823
-1994.95 -6.46831
-1995.54 -6.4684
-1996.12 -6.46849
-1996.7 -6.46858
-1997.29 -6.46866
-1997.87 -6.46875
-1998.45 -6.46884
-1999.04 -6.46892
-1999.62 -6.46901
-2000.2 -6.46909
-2000.79 -6.46918
-2001.37 -6.46927
-2001.95 -6.46935
-2002.54 -6.46944
-2003.12 -6.46953
-2003.7 -6.46961
-2004.29 -6.4697
-2004.87 -6.46978
-2005.46 -6.46987
-2006.04 -6.46996
-2006.62 -6.47004
-2007.21 -6.47013
-2007.79 -6.47022
-2008.37 -6.4703
-2008.96 -6.47039
-2009.54 -6.47047
-2010.12 -6.47056
-2010.71 -6.47065
-2011.29 -6.47073
-2011.87 -6.47082
-2012.46 -6.4709
-2013.04 -6.47099
-2013.62 -6.47107
-2014.21 -6.47116
-2014.79 -6.47125
-2015.38 -6.47133
-2015.96 -6.47142
-2016.54 -6.4715
-2017.13 -6.47159
-2017.71 -6.47168
-2018.29 -6.47176
-2018.88 -6.47185
-2019.46 -6.47193
-2020.04 -6.47202
-2020.63 -6.4721
-2021.21 -6.47219
-2021.8 -6.47227
-2022.38 -6.47236
-2022.96 -6.47244
-2023.55 -6.47253
-2024.13 -6.47261
-2024.71 -6.4727
-2025.3 -6.47278
-2025.88 -6.47287
-2026.47 -6.47296
-2027.05 -6.47304
-2027.63 -6.47313
-2028.22 -6.47321
-2028.8 -6.4733
-2029.38 -6.47338
-2029.97 -6.47347
-2030.55 -6.47355
-2031.14 -6.47364
-2031.72 -6.47372
-2032.3 -6.4738
-2032.89 -6.47389
-2033.47 -6.47397
-2034.06 -6.47406
-2034.64 -6.47414
-2035.22 -6.47423
-2035.81 -6.47431
-2036.39 -6.4744
-2036.97 -6.47448
-2037.56 -6.47457
-2038.14 -6.47465
-2038.73 -6.47474
-2039.31 -6.47482
-2039.89 -6.47491
-2040.48 -6.47499
-2041.06 -6.47507
-2041.65 -6.47516
-2042.23 -6.47524
-2042.81 -6.47533
-2043.4 -6.47541
-2043.98 -6.4755
-2044.57 -6.47558
-2045.15 -6.47567
-2045.73 -6.47575
-2046.32 -6.47583
-2046.9 -6.47592
-2047.49 -6.476
-2048.07 -6.47609
-2048.66 -6.47617
-2049.24 -6.47625
-2049.82 -6.47634
-2050.41 -6.47642
-2050.99 -6.47651
-2051.58 -6.47659
-2052.16 -6.47667
-2052.75 -6.47676
-2053.33 -6.47684
-2053.91 -6.47693
-2054.5 -6.47701
-2055.08 -6.47709
-2055.67 -6.47718
-2056.25 -6.47726
-2056.83 -6.47734
-2057.42 -6.47743
-2058 -6.47751
-2058.59 -6.4776
-2059.17 -6.47768
-2059.76 -6.47776
-2060.34 -6.47785
-2060.92 -6.47793
-2061.51 -6.47801
-2062.09 -6.4781
-2062.68 -6.47818
-2063.26 -6.47826
-2063.85 -6.47835
-2064.43 -6.47843
-2065.01 -6.47851
-2065.6 -6.4786
-2066.18 -6.47868
-2066.77 -6.47876
-2067.35 -6.47885
-2067.94 -6.47893
-2068.52 -6.47901
-2069.11 -6.4791
-2069.69 -6.47918
-2070.27 -6.47926
-2070.86 -6.47934
-2071.44 -6.47943
-2072.03 -6.47951
-2072.61 -6.47959
-2073.2 -6.47968
-2073.78 -6.47976
-2074.37 -6.47984
-2074.95 -6.47993
-2075.53 -6.48001
-2076.12 -6.48009
-2076.7 -6.48017
-2077.29 -6.48026
-2077.87 -6.48034
-2078.46 -6.48042
-2079.04 -6.4805
-2079.63 -6.48059
-2080.21 -6.48067
-2080.8 -6.48075
-2081.38 -6.48083
-2081.97 -6.48092
-2082.55 -6.481
-2083.13 -6.48108
-2083.72 -6.48116
-2084.3 -6.48125
-2084.89 -6.48133
-2085.47 -6.48141
-2086.06 -6.48149
-2086.64 -6.48158
-2087.23 -6.48166
-2087.81 -6.48174
-2088.4 -6.48182
-2088.98 -6.4819
-2089.57 -6.48199
-2090.15 -6.48207
-2090.74 -6.48215
-2091.32 -6.48223
-2091.91 -6.48232
-2092.49 -6.4824
-2093.07 -6.48248
-2093.66 -6.48256
-2094.24 -6.48264
-2094.83 -6.48273
-2095.41 -6.48281
-2096 -6.48289
-2096.58 -6.48297
-2097.17 -6.48305
-2097.75 -6.48313
-2098.34 -6.48322
-2098.92 -6.4833
-2099.51 -6.48338
-2100.09 -6.48346
-2100.68 -6.48354
-2101.26 -6.48362
-2101.85 -6.48371
-2102.43 -6.48379
-2103.02 -6.48387
-2103.6 -6.48395
-2104.19 -6.48403
-2104.77 -6.48411
-2105.36 -6.48419
-2105.94 -6.48428
-2106.53 -6.48436
-2107.11 -6.48444
-2107.7 -6.48452
-2108.28 -6.4846
-2108.87 -6.48468
-2109.45 -6.48476
-2110.04 -6.48485
-2110.62 -6.48493
-2111.21 -6.48501
-2111.79 -6.48509
-2112.38 -6.48517
-2112.96 -6.48525
-2113.55 -6.48533
-2114.13 -6.48541
-2114.72 -6.48549
-2115.3 -6.48557
-2115.89 -6.48566
-2116.47 -6.48574
-2117.06 -6.48582
-2117.64 -6.4859
-2118.23 -6.48598
-2118.81 -6.48606
-2119.4 -6.48614
-2119.98 -6.48622
-2120.57 -6.4863
-2121.16 -6.48638
-2121.74 -6.48646
-2122.33 -6.48654
-2122.91 -6.48662
-2123.5 -6.48671
-2124.08 -6.48679
-2124.67 -6.48687
-2125.25 -6.48695
-2125.84 -6.48703
-2126.42 -6.48711
-2127.01 -6.48719
-2127.59 -6.48727
-2128.18 -6.48735
-2128.76 -6.48743
-2129.35 -6.48751
-2129.93 -6.48759
-2130.52 -6.48767
-2131.1 -6.48775
-2131.69 -6.48783
-2132.28 -6.48791
-2132.86 -6.48799
-2133.45 -6.48807
-2134.03 -6.48815
-2134.62 -6.48823
-2135.2 -6.48831
-2135.79 -6.48839
-2136.37 -6.48847
-2136.96 -6.48855
-2137.54 -6.48863
-2138.13 -6.48871
-2138.72 -6.48879
-2139.3 -6.48887
-2139.89 -6.48895
-2140.47 -6.48903
-2141.06 -6.48911
-2141.64 -6.48919
-2142.23 -6.48927
-2142.81 -6.48935
-2143.4 -6.48943
-2143.98 -6.48951
-2144.57 -6.48959
-2145.16 -6.48967
-2145.74 -6.48975
-2146.33 -6.48983
-2146.91 -6.48991
-2147.5 -6.48999
-2148.08 -6.49007
-2148.67 -6.49015
-2149.25 -6.49023
-2149.84 -6.49031
-2150.43 -6.49039
-2151.01 -6.49047
-2151.6 -6.49055
-2152.18 -6.49062
-2152.77 -6.4907
-2153.35 -6.49078
-2153.94 -6.49086
-2154.53 -6.49094
-2155.11 -6.49102
-2155.7 -6.4911
-2156.28 -6.49118
-2156.87 -6.49126
-2157.45 -6.49134
-2158.04 -6.49142
-2158.63 -6.4915
-2159.21 -6.49157
-2159.8 -6.49165
-2160.38 -6.49173
-2160.97 -6.49181
-2161.55 -6.49189
-2162.14 -6.49197
-2162.73 -6.49205
-2163.31 -6.49213
-2163.9 -6.49221
-2164.48 -6.49228
-2165.07 -6.49236
-2165.66 -6.49244
-2166.24 -6.49252
-2166.83 -6.4926
-2167.41 -6.49268
-2168 -6.49276
-2168.59 -6.49284
-2169.17 -6.49291
-2169.76 -6.49299
-2170.34 -6.49307
-2170.93 -6.49315
-2171.51 -6.49323
-2172.1 -6.49331
-2172.69 -6.49339
-2173.27 -6.49346
-2173.86 -6.49354
-2174.44 -6.49362
-2175.03 -6.4937
-2175.62 -6.49378
-2176.2 -6.49386
-2176.79 -6.49393
-2177.37 -6.49401
-2177.96 -6.49409
-2178.55 -6.49417
-2179.13 -6.49425
-2179.72 -6.49433
-2180.3 -6.4944
-2180.89 -6.49448
-2181.48 -6.49456
-2182.06 -6.49464
-2182.65 -6.49472
-2183.24 -6.49479
-2183.82 -6.49487
-2184.41 -6.49495
-2184.99 -6.49503
-2185.58 -6.49511
-2186.17 -6.49518
-2186.75 -6.49526
-2187.34 -6.49534
-2187.92 -6.49542
-2188.51 -6.49549
-2189.1 -6.49557
-2189.68 -6.49565
-2190.27 -6.49573
-2190.86 -6.49581
-2191.44 -6.49588
-2192.03 -6.49596
-2192.61 -6.49604
-2193.2 -6.49612
-2193.79 -6.49619
-2194.37 -6.49627
-2194.96 -6.49635
-2195.54 -6.49643
-2196.13 -6.4965
-2196.72 -6.49658
-2197.3 -6.49666
-2197.89 -6.49674
-2198.48 -6.49681
-2199.06 -6.49689
-2199.65 -6.49697
-2200.24 -6.49705
-2200.82 -6.49712
-2201.41 -6.4972
-2201.99 -6.49728
-2202.58 -6.49735
-2203.17 -6.49743
-2203.75 -6.49751
-2204.34 -6.49759
-2204.93 -6.49766
-2205.51 -6.49774
-2206.1 -6.49782
-2206.69 -6.4979
-2207.27 -6.49797
-2207.86 -6.49805
-2208.45 -6.49813
-2209.03 -6.4982
-2209.62 -6.49828
-2210.2 -6.49836
-2210.79 -6.49843
-2211.38 -6.49851
-2211.96 -6.49859
-2212.55 -6.49866
-2213.14 -6.49874
-2213.72 -6.49882
-2214.31 -6.49889
-2214.9 -6.49897
-2215.48 -6.49905
-2216.07 -6.49912
-2216.66 -6.4992
-2217.24 -6.49928
-2217.83 -6.49935
-2218.42 -6.49943
-2219 -6.49951
-2219.59 -6.49958
-2220.18 -6.49966
-2220.76 -6.49974
-2221.35 -6.49981
-2221.94 -6.49989
-2222.52 -6.49997
-2223.11 -6.50004
-2223.7 -6.50012
-2224.28 -6.50019
-2224.87 -6.50027
-2225.46 -6.50035
-2226.04 -6.50042
-2226.63 -6.5005
-2227.22 -6.50058
-2227.8 -6.50065
-2228.39 -6.50073
-2228.98 -6.5008
-2229.56 -6.50088
-2230.15 -6.50096
-2230.74 -6.50103
-2231.32 -6.50111
-2231.91 -6.50119
-2232.5 -6.50126
-2233.08 -6.50134
-2233.67 -6.50141
-2234.26 -6.50149
-2234.84 -6.50156
-2235.43 -6.50164
-2236.02 -6.50172
-2236.61 -6.50179
-2237.19 -6.50187
-2237.78 -6.50194
-2238.37 -6.50202
-2238.95 -6.5021
-2239.54 -6.50217
-2240.13 -6.50225
-2240.71 -6.50232
-2241.3 -6.5024
-2241.89 -6.50247
-2242.47 -6.50255
-2243.06 -6.50263
-2243.65 -6.5027
-2244.24 -6.50278
-2244.82 -6.50285
-2245.41 -6.50293
-2246 -6.503
-2246.58 -6.50308
-2247.17 -6.50315
-2247.76 -6.50323
-2248.34 -6.5033
-2248.93 -6.50338
-2249.52 -6.50345
-2250.1 -6.50353
-2250.69 -6.50361
-2251.28 -6.50368
-2251.87 -6.50376
-2252.45 -6.50383
-2253.04 -6.50391
-2253.63 -6.50398
-2254.21 -6.50406
-2254.8 -6.50413
-2255.39 -6.50421
-2255.98 -6.50428
-2256.56 -6.50436
-2257.15 -6.50443
-2257.74 -6.50451
-2258.32 -6.50458
-2258.91 -6.50466
-2259.5 -6.50473
-2260.09 -6.50481
-2260.67 -6.50488
-2261.26 -6.50496
-2261.85 -6.50503
-2262.43 -6.50511
-2263.02 -6.50518
-2263.61 -6.50526
-2264.2 -6.50533
-2264.78 -6.50541
-2265.37 -6.50548
-2265.96 -6.50556
-2266.54 -6.50563
-2267.13 -6.5057
-2267.72 -6.50578
-2268.31 -6.50585
-2268.89 -6.50593
-2269.48 -6.506
-2270.07 -6.50608
-2270.66 -6.50615
-2271.24 -6.50623
-2271.83 -6.5063
-2272.42 -6.50637
-2273.01 -6.50645
-2273.59 -6.50652
-2274.18 -6.5066
-2274.77 -6.50667
-2275.36 -6.50675
-2275.94 -6.50682
-2276.53 -6.5069
-2277.12 -6.50697
-2277.7 -6.50704
-2278.29 -6.50712
-2278.88 -6.50719
-2279.47 -6.50727
-2280.05 -6.50734
-2280.64 -6.50741
-2281.23 -6.50749
-2281.82 -6.50756
-2282.4 -6.50764
-2282.99 -6.50771
-2283.58 -6.50778
-2284.17 -6.50786
-2284.75 -6.50793
-2285.34 -6.50801
-2285.93 -6.50808
-2286.52 -6.50815
-2287.1 -6.50823
-2287.69 -6.5083
-2288.28 -6.50838
-2288.87 -6.50845
-2289.45 -6.50852
-2290.04 -6.5086
-2290.63 -6.50867
-2291.22 -6.50875
-2291.8 -6.50882
-2292.39 -6.50889
-2292.98 -6.50897
-2293.57 -6.50904
-2294.16 -6.50911
-2294.74 -6.50919
-2295.33 -6.50926
-2295.92 -6.50933
-2296.51 -6.50941
-2297.09 -6.50948
-2297.68 -6.50955
-2298.27 -6.50963
-2298.86 -6.5097
-2299.44 -6.50977
-2300.03 -6.50985
-2300.62 -6.50992
-2301.21 -6.50999
-2301.79 -6.51007
-2302.38 -6.51014
-2302.97 -6.51021
-2303.56 -6.51029
-2304.15 -6.51036
-2304.73 -6.51044
-2305.32 -6.51051
-2305.91 -6.51058
-2306.5 -6.51065
-2307.08 -6.51073
-2307.67 -6.5108
-2308.26 -6.51087
-2308.85 -6.51095
-2309.44 -6.51102
-2310.02 -6.51109
-2310.61 -6.51116
-2311.2 -6.51124
-2311.79 -6.51131
-2312.38 -6.51138
-2312.96 -6.51146
-2313.55 -6.51153
-2314.14 -6.5116
-2314.73 -6.51168
-2315.32 -6.51175
-2315.9 -6.51182
-2316.49 -6.51189
-2317.08 -6.51197
-2317.67 -6.51204
-2318.25 -6.51211
-2318.84 -6.51219
-2319.43 -6.51226
-2320.02 -6.51233
-2320.61 -6.5124
-2321.19 -6.51248
-2321.78 -6.51255
-2322.37 -6.51262
-2322.96 -6.51269
-2323.55 -6.51276
-2324.13 -6.51284
-2324.72 -6.51291
-2325.31 -6.51298
-2325.9 -6.51305
-2326.49 -6.51313
-2327.08 -6.5132
-2327.66 -6.51327
-2328.25 -6.51334
-2328.84 -6.51342
-2329.43 -6.51349
-2330.02 -6.51356
-2330.6 -6.51363
-2331.19 -6.51371
-2331.78 -6.51378
-2332.37 -6.51385
-2332.96 -6.51392
-2333.54 -6.51399
-2334.13 -6.51407
-2334.72 -6.51414
-2335.31 -6.51421
-2335.9 -6.51428
-2336.49 -6.51435
-2337.07 -6.51443
-2337.66 -6.5145
-2338.25 -6.51457
-2338.84 -6.51464
-2339.43 -6.51471
-2340.01 -6.51479
-2340.6 -6.51486
-2341.19 -6.51493
-2341.78 -6.515
-2342.37 -6.51507
-2342.96 -6.51515
-2343.54 -6.51522
-2344.13 -6.51529
-2344.72 -6.51536
-2345.31 -6.51543
-2345.9 -6.51551
-2346.49 -6.51558
-2347.07 -6.51565
-2347.66 -6.51572
-2348.25 -6.51579
-2348.84 -6.51586
-2349.43 -6.51593
-2350.02 -6.51601
-2350.6 -6.51608
-2351.19 -6.51615
-2351.78 -6.51622
-2352.37 -6.51629
-2352.96 -6.51636
-2353.55 -6.51644
-2354.13 -6.51651
-2354.72 -6.51658
-2355.31 -6.51665
-2355.9 -6.51672
-2356.49 -6.51679
-2357.08 -6.51686
-2357.67 -6.51694
-2358.25 -6.51701
-2358.84 -6.51708
-2359.43 -6.51715
-2360.02 -6.51722
-2360.61 -6.51729
-2361.2 -6.51736
-2361.78 -6.51743
-2362.37 -6.5175
-2362.96 -6.51758
-2363.55 -6.51765
-2364.14 -6.51772
-2364.73 -6.51779
-2365.32 -6.51786
-2365.9 -6.51793
-2366.49 -6.518
-2367.08 -6.51807
-2367.67 -6.51814
-2368.26 -6.51821
-2368.85 -6.51829
-2369.44 -6.51836
-2370.03 -6.51843
-2370.61 -6.5185
-2371.2 -6.51857
-2371.79 -6.51864
-2372.38 -6.51871
-2372.97 -6.51878
-2373.56 -6.51885
-2374.15 -6.51892
-2374.73 -6.51899
-2375.32 -6.51906
-2375.91 -6.51913
-2376.5 -6.51921
-2377.09 -6.51928
-2377.68 -6.51935
-2378.27 -6.51942
-2378.85 -6.51949
-2379.44 -6.51956
-2380.03 -6.51963
-2380.62 -6.5197
-2381.21 -6.51977
-2381.8 -6.51984
-2382.39 -6.51991
-2382.98 -6.51998
-2383.57 -6.52005
-2384.15 -6.52012
-2384.74 -6.52019
-2385.33 -6.52026
-2385.92 -6.52033
-2386.51 -6.5204
-2387.1 -6.52047
-2387.69 -6.52054
-2388.28 -6.52061
-2388.87 -6.52068
-2389.45 -6.52075
-2390.04 -6.52082
-2390.63 -6.52089
-2391.22 -6.52096
-2391.81 -6.52103
-2392.4 -6.5211
-2392.99 -6.52117
-2393.58 -6.52124
-2394.17 -6.52131
-2394.75 -6.52138
-2395.34 -6.52145
-2395.93 -6.52152
-2396.52 -6.5216
-2397.11 -6.52167
-2397.7 -6.52174
-2398.29 -6.52181
-2398.88 -6.52187
-2399.47 -6.52194
-2400.05 -6.52201
-2400.64 -6.52208
-2401.23 -6.52215
-2401.82 -6.52222
-2402.41 -6.52229
-2403 -6.52236
-2403.59 -6.52243
-2404.18 -6.5225
-2404.77 -6.52257
-2405.36 -6.52264
-2405.95 -6.52271
-2406.53 -6.52278
-2407.12 -6.52285
-2407.71 -6.52292
-2408.3 -6.52299
-2408.89 -6.52306
-2409.48 -6.52313
-2410.07 -6.5232
-2410.66 -6.52327
-2411.25 -6.52334
-2411.84 -6.52341
-2412.43 -6.52348
-2413.01 -6.52355
-2413.6 -6.52361
-2414.19 -6.52368
-2414.78 -6.52375
-2415.37 -6.52382
-2415.96 -6.52389
-2416.55 -6.52396
-2417.14 -6.52403
-2417.73 -6.5241
-2418.32 -6.52417
-2418.91 -6.52424
-2419.5 -6.52431
-2420.09 -6.52437
-2420.67 -6.52444
-2421.26 -6.52451
-2421.85 -6.52458
-2422.44 -6.52465
-2423.03 -6.52472
-2423.62 -6.52479
-2424.21 -6.52486
-2424.8 -6.52493
-2425.39 -6.525
-2425.98 -6.52507
-2426.57 -6.52514
-2427.16 -6.5252
-2427.75 -6.52527
-2428.34 -6.52534
-2428.93 -6.52541
-2429.51 -6.52548
-2430.1 -6.52555
-2430.69 -6.52562
-2431.28 -6.52568
-2431.87 -6.52575
-2432.46 -6.52582
-2433.05 -6.52589
-2433.64 -6.52596
-2434.23 -6.52603
-2434.82 -6.5261
-2435.41 -6.52617
-2436 -6.52623
-2436.59 -6.5263
-2437.18 -6.52637
-2437.77 -6.52644
-2438.36 -6.52651
-2438.95 -6.52658
-2439.53 -6.52665
-2440.12 -6.52671
-2440.71 -6.52678
-2441.3 -6.52685
-2441.89 -6.52692
-2442.48 -6.52699
-2443.07 -6.52706
-2443.66 -6.52712
-2444.25 -6.52719
-2444.84 -6.52726
-2445.43 -6.52733
-2446.02 -6.5274
-2446.61 -6.52747
-2447.2 -6.52753
-2447.79 -6.5276
-2448.38 -6.52767
-2448.97 -6.52774
-2449.56 -6.52781
-2450.15 -6.52787
-2450.74 -6.52794
-2451.33 -6.52801
-2451.92 -6.52808
-2452.51 -6.52815
-2453.1 -6.52822
-2453.69 -6.52828
-2454.27 -6.52835
-2454.86 -6.52842
-2455.45 -6.52849
-2456.04 -6.52856
-2456.63 -6.52862
-2457.22 -6.52869
-2457.81 -6.52876
-2458.4 -6.52883
-2458.99 -6.52889
-2459.58 -6.52896
-2460.17 -6.52903
-2460.76 -6.5291
-2461.35 -6.52917
-2461.94 -6.52923
-2462.53 -6.5293
-2463.12 -6.52937
-2463.71 -6.52944
-2464.3 -6.5295
-2464.89 -6.52957
-2465.48 -6.52964
-2466.07 -6.52971
-2466.66 -6.52978
-2467.25 -6.52984
-2467.84 -6.52991
-2468.43 -6.52998
-2469.02 -6.53005
-2469.61 -6.53011
-2470.2 -6.53018
-2470.79 -6.53025
-2471.38 -6.53032
-2471.97 -6.53038
-2472.56 -6.53045
-2473.15 -6.53052
-2473.74 -6.53058
-2474.33 -6.53065
-2474.92 -6.53072
-2475.51 -6.53079
-2476.1 -6.53085
-2476.69 -6.53092
-2477.28 -6.53099
-2477.87 -6.53106
-2478.46 -6.53112
-2479.05 -6.53119
-2479.64 -6.53126
-2480.23 -6.53132
-2480.82 -6.53139
-2481.41 -6.53146
-2482 -6.53153
-2482.59 -6.53159
-2483.18 -6.53166
-2483.77 -6.53173
-2484.36 -6.5318
-2484.95 -6.53186
-2485.54 -6.53193
-2486.13 -6.532
-2486.72 -6.53206
-2487.31 -6.53213
-2487.9 -6.5322
-2488.49 -6.53226
-2489.08 -6.53233
-2489.67 -6.5324
-2490.26 -6.53246
-2490.85 -6.53253
-2491.44 -6.5326
-2492.03 -6.53266
-2492.62 -6.53273
-2493.21 -6.5328
-2493.8 -6.53286
-2494.39 -6.53293
-2494.98 -6.533
-2495.57 -6.53306
-2496.16 -6.53313
-2496.75 -6.5332
-2497.34 -6.53326
-2497.93 -6.53333
-2498.52 -6.5334
-2499.11 -6.53346
-2499.7 -6.53353
-2500.29 -6.5336
-2500.88 -6.53366
-2501.47 -6.53373
-2502.06 -6.5338
-2502.65 -6.53386
-2503.24 -6.53393
-2503.83 -6.534
-2504.42 -6.53406
-2505.01 -6.53413
-2505.61 -6.53419
-2506.2 -6.53426
-2506.79 -6.53433
-2507.38 -6.53439
-2507.97 -6.53446
-2508.56 -6.53453
-2509.15 -6.53459
-2509.74 -6.53466
-2510.33 -6.53473
-2510.92 -6.53479
-2511.51 -6.53486
-2512.1 -6.53492
-2512.69 -6.53499
-2513.28 -6.53506
-2513.87 -6.53512
-2514.46 -6.53519
-2515.05 -6.53526
-2515.64 -6.53532
-2516.23 -6.53539
-2516.82 -6.53545
-2517.41 -6.53552
-2518 -6.53559
-2518.59 -6.53565
-2519.18 -6.53572
-2519.77 -6.53578
-2520.36 -6.53585
-2520.96 -6.53591
-2521.55 -6.53598
-2522.14 -6.53605
-2522.73 -6.53611
-2523.32 -6.53618
-2523.91 -6.53624
-2524.5 -6.53631
-2525.09 -6.53638
-2525.68 -6.53644
-2526.27 -6.53651
-2526.86 -6.53657
-2527.45 -6.53664
-2528.04 -6.5367
-2528.63 -6.53677
-2529.22 -6.53684
-2529.81 -6.5369
-2530.4 -6.53697
-2531 -6.53703
-2531.59 -6.5371
-2532.18 -6.53716
-2532.77 -6.53723
-2533.36 -6.53729
-2533.95 -6.53736
-2534.54 -6.53743
-2535.13 -6.53749
-2535.72 -6.53756
-2536.31 -6.53762
-2536.9 -6.53769
-2537.49 -6.53775
-2538.08 -6.53782
-2538.67 -6.53788
-2539.26 -6.53795
-2539.85 -6.53801
-2540.45 -6.53808
-2541.04 -6.53814
-2541.63 -6.53821
-2542.22 -6.53827
-2542.81 -6.53834
-2543.4 -6.53841
-2543.99 -6.53847
-2544.58 -6.53854
-2545.17 -6.5386
-2545.76 -6.53867
-2546.35 -6.53873
-2546.94 -6.5388
-2547.54 -6.53886
-2548.13 -6.53893
-2548.72 -6.53899
-2549.31 -6.53906
-2549.9 -6.53912
-2550.49 -6.53919
-2551.08 -6.53925
-2551.67 -6.53932
-2552.26 -6.53938
-2552.85 -6.53945
-2553.44 -6.53951
-2554.03 -6.53958
-2554.63 -6.53964
-2555.22 -6.53971
-2555.81 -6.53977
-2556.4 -6.53984
-2556.99 -6.5399
-2557.58 -6.53997
-2558.17 -6.54003
-2558.76 -6.54009
-2559.35 -6.54016
-2559.94 -6.54022
-2560.53 -6.54029
-2561.13 -6.54035
-2561.72 -6.54042
-2562.31 -6.54048
-2562.9 -6.54055
-2563.49 -6.54061
-2564.08 -6.54068
-2564.67 -6.54074
-2565.26 -6.54081
-2565.85 -6.54087
-2566.44 -6.54094
-2567.04 -6.541
-2567.63 -6.54106
-2568.22 -6.54113
-2568.81 -6.54119
-2569.4 -6.54126
-2569.99 -6.54132
-2570.58 -6.54139
-2571.17 -6.54145
-2571.76 -6.54151
-2572.36 -6.54158
-2572.95 -6.54164
-2573.54 -6.54171
-2574.13 -6.54177
-2574.72 -6.54184
-2575.31 -6.5419
-2575.9 -6.54197
-2576.49 -6.54203
-2577.08 -6.54209
-2577.67 -6.54216
-2578.27 -6.54222
-2578.86 -6.54229
-2579.45 -6.54235
-2580.04 -6.54242
-2580.63 -6.54248
-2581.22 -6.54254
-2581.81 -6.54261
-2582.4 -6.54267
-2583 -6.54274
-2583.59 -6.5428
-2584.18 -6.54286
-2584.77 -6.54293
-2585.36 -6.54299
-2585.95 -6.54305
-2586.54 -6.54312
-2587.13 -6.54318
-2587.73 -6.54325
-2588.32 -6.54331
-2588.91 -6.54337
-2589.5 -6.54344
-2590.09 -6.5435
-2590.68 -6.54357
-2591.27 -6.54363
-2591.87 -6.54369
-2592.46 -6.54376
-2593.05 -6.54382
-2593.64 -6.54389
-2594.23 -6.54395
-2594.82 -6.54401
-2595.41 -6.54408
-2596 -6.54414
-2596.6 -6.5442
-2597.19 -6.54427
-2597.78 -6.54433
-2598.37 -6.54439
-2598.96 -6.54446
-2599.55 -6.54452
-2600.14 -6.54458
-2600.73 -6.54465
-2601.33 -6.54471
-2601.92 -6.54478
-2602.51 -6.54484
-2603.1 -6.5449
-2603.69 -6.54497
-2604.28 -6.54503
-2604.88 -6.54509
-2605.47 -6.54516
-2606.06 -6.54522
-2606.65 -6.54528
-2607.24 -6.54535
-2607.83 -6.54541
-2608.42 -6.54547
-2609.02 -6.54554
-2609.61 -6.5456
-2610.2 -6.54566
-2610.79 -6.54573
-2611.38 -6.54579
-2611.97 -6.54585
-2612.57 -6.54592
-2613.16 -6.54598
-2613.75 -6.54604
-2614.34 -6.54611
-2614.93 -6.54617
-2615.52 -6.54623
-2616.11 -6.54629
-2616.71 -6.54636
-2617.3 -6.54642
-2617.89 -6.54648
-2618.48 -6.54655
-2619.07 -6.54661
-2619.66 -6.54667
-2620.26 -6.54673
-2620.85 -6.5468
-2621.44 -6.54686
-2622.03 -6.54692
-2622.62 -6.54699
-2623.21 -6.54705
-2623.81 -6.54711
-2624.4 -6.54718
-2624.99 -6.54724
-2625.58 -6.5473
-2626.17 -6.54736
-2626.76 -6.54743
-2627.36 -6.54749
-2627.95 -6.54755
-2628.54 -6.54762
-2629.13 -6.54768
-2629.72 -6.54774
-2630.32 -6.5478
-2630.91 -6.54787
-2631.5 -6.54793
-2632.09 -6.54799
-2632.68 -6.54805
-2633.27 -6.54812
-2633.87 -6.54818
-2634.46 -6.54824
-2635.05 -6.5483
-2635.64 -6.54837
-2636.23 -6.54843
-2636.83 -6.54849
-2637.42 -6.54855
-2638.01 -6.54862
-2638.6 -6.54868
-2639.19 -6.54874
-2639.78 -6.5488
-2640.38 -6.54887
-2640.97 -6.54893
-2641.56 -6.54899
-2642.15 -6.54905
-2642.74 -6.54912
-2643.33 -6.54918
-2643.93 -6.54924
-2644.52 -6.5493
-2645.11 -6.54937
-2645.7 -6.54943
-2646.29 -6.54949
-2646.89 -6.54955
-2647.48 -6.54962
-2648.07 -6.54968
-2648.66 -6.54974
-2649.26 -6.5498
-2649.85 -6.54986
-2650.44 -6.54993
-2651.03 -6.54999
-2651.62 -6.55005
-2652.22 -6.55011
-2652.81 -6.55017
-2653.4 -6.55024
-2653.99 -6.5503
-2654.58 -6.55036
-2655.18 -6.55042
-2655.77 -6.55048
-2656.36 -6.55055
-2656.95 -6.55061
-2657.54 -6.55067
-2658.14 -6.55073
-2658.73 -6.55079
-2659.32 -6.55086
-2659.91 -6.55092
-2660.5 -6.55098
-2661.1 -6.55104
-2661.69 -6.5511
-2662.28 -6.55117
-2662.87 -6.55123
-2663.46 -6.55129
-2664.06 -6.55135
-2664.65 -6.55141
-2665.24 -6.55147
-2665.83 -6.55154
-2666.42 -6.5516
-2667.02 -6.55166
-2667.61 -6.55172
-2668.2 -6.55178
-2668.79 -6.55184
-2669.39 -6.5519
-2669.98 -6.55197
-2670.57 -6.55203
-2671.16 -6.55209
-2671.76 -6.55215
-2672.35 -6.55221
-2672.94 -6.55227
-2673.53 -6.55234
-2674.12 -6.5524
-2674.72 -6.55246
-2675.31 -6.55252
-2675.9 -6.55258
-2676.49 -6.55264
-2677.09 -6.5527
-2677.68 -6.55277
-2678.27 -6.55283
-2678.86 -6.55289
-2679.45 -6.55295
-2680.05 -6.55301
-2680.64 -6.55307
-2681.23 -6.55313
-2681.82 -6.5532
-2682.42 -6.55326
-2683.01 -6.55332
-2683.6 -6.55338
-2684.19 -6.55344
-2684.79 -6.5535
-2685.38 -6.55356
-2685.97 -6.55362
-2686.56 -6.55368
-2687.15 -6.55375
-2687.75 -6.55381
-2688.34 -6.55387
-2688.93 -6.55393
-2689.52 -6.55399
-2690.12 -6.55405
-2690.71 -6.55411
-2691.3 -6.55417
-2691.89 -6.55423
-2692.49 -6.5543
-2693.08 -6.55436
-2693.67 -6.55442
-2694.26 -6.55448
-2694.86 -6.55454
-2695.45 -6.5546
-2696.04 -6.55466
-2696.63 -6.55472
-2697.23 -6.55478
-2697.82 -6.55484
-2698.41 -6.55491
-2699 -6.55497
-2699.6 -6.55503
-2700.19 -6.55509
-2700.78 -6.55515
-2701.37 -6.55521
-2701.97 -6.55527
-2702.56 -6.55533
-2703.15 -6.55539
-2703.74 -6.55545
-2704.34 -6.55551
-2704.93 -6.55557
-2705.52 -6.55563
-2706.11 -6.55569
-2706.71 -6.55575
-2707.3 -6.55581
-2707.89 -6.55588
-2708.49 -6.55594
-2709.08 -6.556
-2709.67 -6.55606
-2710.26 -6.55612
-2710.86 -6.55618
-2711.45 -6.55624
-2712.04 -6.5563
-2712.63 -6.55636
-2713.23 -6.55642
-2713.82 -6.55648
-2714.41 -6.55654
-2715 -6.5566
-2715.6 -6.55666
-2716.19 -6.55672
