0 0
0.206012 0.634037
0.832145 1.2689
1.87631 1.90542
3.33687 2.54435
5.21254 3.18642
7.50238 3.8322
10.2056 4.48213
13.3215 5.13643
16.8495 5.79499
20.7883 6.45736
25.1368 7.1226
29.8929 7.78922
35.0539 8.45513
40.6158 9.11758
46.5737 9.77328
52.9215 10.4185
59.6514 11.0493
66.7544 11.6618
74.2201 12.2526
82.0366 12.8188
90.1911 13.3585
98.6697 13.8704
107.458 14.3542
116.541 14.8102
125.904 15.2392
135.533 15.6424
145.413 16.0213
155.53 16.3773
165.872 16.7122
176.426 17.0273
187.18 17.3244
198.125 17.6047
209.25 17.8697
220.545 18.1204
232.003 18.3581
243.614 18.5838
255.372 18.7984
267.27 19.0027
279.3 19.1975
291.459 19.3836
303.738 19.5614
316.135 19.7318
328.643 19.895
341.258 20.0517
353.977 20.2023
366.794 20.3472
379.707 20.4866
392.712 20.621
405.805 20.7507
418.984 20.876
432.246 20.997
445.588 21.1141
459.007 21.2275
472.501 21.3374
486.068 21.4439
499.705 21.5472
513.411 21.6475
527.183 21.745
541.02 21.8398
554.92 21.932
568.88 22.0217
582.901 22.1091
596.979 22.1943
611.114 22.2773
625.303 22.3583
639.547 22.4374
653.843 22.5145
668.19 22.5899
682.588 22.6635
697.034 22.7355
711.528 22.806
726.069 22.8749
740.656 22.9423
755.287 23.0083
769.962 23.073
784.681 23.1364
799.441 23.1985
814.243 23.2594
829.085 23.3191
843.967 23.3777
858.888 23.4352
873.847 23.4916
888.844 23.547
903.878 23.6014
918.947 23.6549
934.053 23.7074
949.193 23.7591
964.368 23.8098
979.576 23.8598
994.818 23.9089
1010.09 23.9572
1025.4 24.0047
1040.74 24.0515
1056.11 24.0976
1071.51 24.1429
1086.94 24.1876
1102.4 24.2316
1117.89 24.275
1133.4 24.3177
1148.95 24.3598
1164.52 24.4013
1180.13 24.4422
1195.76 24.4825
1211.41 24.5223
1227.09 24.5616
1242.8 24.6003
1258.54 24.6385
1274.3 24.6762
1290.08 24.7134
1305.89 24.7501
1321.73 24.7864
1337.59 24.8222
1353.47 24.8576
1369.37 24.8925
1385.3 24.927
1401.26 24.9611
1417.23 24.9947
1433.23 25.028
1449.25 25.0609
1465.29 25.0934
1481.35 25.1255
1497.44 25.1573
1513.54 25.1887
1529.67 25.2197
1545.82 25.2505
1561.98 25.2808
1578.17 25.3109
1594.38 25.3406
1610.61 25.37
1626.85 25.3991
1643.12 25.4279
1659.41 25.4564
1675.71 25.4845
1692.04 25.5125
1708.38 25.5401
1724.74 25.5674
1741.12 25.5945
1757.51 25.6213
1773.93 25.6478
1790.36 25.6741
1806.81 25.7002
1823.28 25.726
1839.76 25.7515
1856.26 25.7768
1872.78 25.8019
1889.32 25.8267
1905.87 25.8513
1922.44 25.8757
1939.02 25.8999
1955.62 25.9238
1972.24 25.9475
1988.87 25.9711
2005.52 25.9944
2022.18 26.0175
2038.86 26.0404
2055.55 26.0631
2072.26 26.0857
2088.99 26.108
2105.73 26.1302
2122.48 26.1521
2139.25 26.1739
2156.03 26.1955
2172.83 26.2169
2189.64 26.2382
2206.47 26.2593
2223.31 26.2802
2240.16 26.301
2257.03 26.3215
2273.91 26.342
2290.8 26.3622
2307.71 26.3824
2324.63 26.4023
2341.57 26.4221
2358.52 26.4418
2375.48 26.4613
2392.45 26.4807
2409.44 26.4999
2426.44 26.519
2443.45 26.5379
2460.48 26.5567
2477.52 26.5754
2494.57 26.5939
2511.63 26.6123
2528.71 26.6306
2545.79 26.6487
2562.89 26.6667
2580 26.6846
2597.13 26.7024
2614.26 26.72
2631.41 26.7375
2648.57 26.7549
2665.74 26.7722
2682.92 26.7894
2700.11 26.8064
2717.32 26.8234
2734.53 26.8402
2751.76 26.8569
2769 26.8735
2786.25 26.89
2803.51 26.9064
2820.78 26.9227
2838.06 26.9389
2855.35 26.955
2872.66 26.971
2889.97 26.9868
2907.3 27.0026
2924.63 27.0183
2941.98 27.0339
2959.33 27.0494
2976.7 27.0648
2994.08 27.0801
3011.46 27.0953
3028.86 27.1104
3046.27 27.1254
3063.69 27.1404
3081.11 27.1552
3098.55 27.17
3116 27.1846
3133.45 27.1992
3150.92 27.2137
3168.39 27.2281
3185.88 27.2425
3203.38 27.2567
3220.88 27.2709
3238.39 27.285
3255.92 27.299
3273.45 27.313
3290.99 27.3268
3308.54 27.3406
3326.1 27.3543
3343.67 27.3679
3361.25 27.3815
3378.84 27.395
3396.44 27.4084
3414.04 27.4217
3431.66 27.435
3449.28 27.4482
3466.91 27.4613
3484.55 27.4743
3502.2 27.4873
3519.86 27.5002
3537.53 27.5131
3555.2 27.5259
3572.89 27.5386
3590.58 27.5512
3608.28 27.5638
3625.99 27.5763
3643.71 27.5888
3661.44 27.6012
3679.17 27.6135
3696.91 27.6258
3714.66 27.638
3732.42 27.6501
3750.19 27.6622
3767.96 27.6742
3785.75 27.6862
3803.54 27.6981
3821.34 27.71
3839.14 27.7218
3856.96 27.7335
3874.78 27.7452
3892.61 27.7568
3910.45 27.7684
3928.29 27.7799
3946.15 27.7914
3964.01 27.8028
3981.88 27.8141
3999.75 27.8254
4017.64 27.8367
4035.53 27.8479
4053.43 27.859
4071.33 27.8701
4089.25 27.8811
4107.17 27.8921
4125.1 27.9031
4143.03 27.914
4160.97 27.9248
4178.92 27.9356
4196.88 27.9463
4214.85 27.957
4232.82 27.9677
4250.8 27.9783
4268.78 27.9889
4286.77 27.9994
4304.77 28.0098
4322.78 28.0202
4340.79 28.0306
4358.81 28.041
4376.84 28.0512
4394.88 28.0615
4412.92 28.0717
4430.96 28.0818
4449.02 28.0919
4467.08 28.102
4485.15 28.112
4503.22 28.122
4521.31 28.132
4539.39 28.1419
4557.49 28.1517
4575.59 28.1615
4593.7 28.1713
4611.81 28.1811
4629.93 28.1908
4648.06 28.2004
4666.19 28.21
4684.33 28.2196
4702.48 28.2292
4720.63 28.2387
4738.79 28.2481
4756.96 28.2576
4775.13 28.2669
4793.31 28.2763
4811.49 28.2856
4829.68 28.2949
4847.88 28.3041
4866.08 28.3134
4884.29 28.3225
4902.5 28.3317
4920.73 28.3408
4938.95 28.3498
4957.19 28.3589
4975.43 28.3679
4993.67 28.3768
5011.92 28.3858
5030.18 28.3946
5048.44 28.4035
5066.71 28.4123
5084.99 28.4211
5103.27 28.4299
5121.55 28.4386
5139.85 28.4473
5158.15 28.456
5176.45 28.4646
5194.76 28.4732
5213.07 28.4818
5231.4 28.4903
5249.72 28.4988
5268.06 28.5073
5286.39 28.5158
5304.74 28.5242
5323.09 28.5326
5341.44 28.5409
5359.8 28.5492
5378.17 28.5575
5396.54 28.5658
5414.92 28.574
5433.3 28.5823
5451.69 28.5904
5470.08 28.5986
5488.48 28.6067
5506.89 28.6148
5525.3 28.6229
5543.71 28.6309
5562.13 28.6389
5580.56 28.6469
5598.99 28.6549
5617.43 28.6628
5635.87 28.6707
5654.31 28.6786
5672.77 28.6864
5691.23 28.6942
5709.69 28.702
5728.16 28.7098
5746.63 28.7175
5765.11 28.7253
5783.59 28.7329
5802.08 28.7406
5820.57 28.7483
5839.07 28.7559
5857.58 28.7635
5876.09 28.771
5894.6 28.7786
5913.12 28.7861
5931.64 28.7936
5950.17 28.801
5968.71 28.8085
5987.25 28.8159
6005.79 28.8233
6024.34 28.8307
6042.89 28.838
6061.45 28.8453
6080.01 28.8526
6098.58 28.8599
6117.16 28.8672
6135.73 28.8744
6154.32 28.8816
6172.9 28.8888
6191.5 28.896
6210.09 28.9031
6228.7 28.9102
6247.3 28.9173
6265.92 28.9244
6284.53 28.9315
6303.15 28.9385
6321.78 28.9455
6340.41 28.9525
6359.04 28.9595
6377.68 28.9664
6396.33 28.9733
6414.98 28.9802
6433.63 28.9871
6452.29 28.994
6470.95 29.0008
6489.62 29.0076
6508.29 29.0144
6526.97 29.0212
6545.65 29.028
6564.33 29.0347
6583.02 29.0415
6601.72 29.0482
6620.42 29.0548
6639.12 29.0615
6657.83 29.0681
6676.54 29.0748
6695.25 29.0814
6713.98 29.088
6732.7 29.0945
6751.43 29.1011
6770.16 29.1076
6788.9 29.1141
6807.65 29.1206
6826.39 29.1271
6845.14 29.1335
6863.9 29.14
6882.66 29.1464
6901.42 29.1528
6920.19 29.1592
6938.96 29.1655
6957.74 29.1719
6976.52 29.1782
6995.31 29.1845
7014.1 29.1908
7032.89 29.1971
7051.69 29.2033
7070.49 29.2096
7089.3 29.2158
7108.11 29.222
7126.92 29.2282
7145.74 29.2344
7164.57 29.2405
7183.39 29.2467
7202.22 29.2528
7221.06 29.2589
7239.9 29.265
7258.74 29.271
7277.59 29.2771
7296.44 29.2831
7315.3 29.2892
7334.16 29.2952
7353.02 29.3012
7371.89 29.3071
7390.76 29.3131
7409.63 29.319
7428.51 29.325
7447.4 29.3309
7466.28 29.3368
7485.17 29.3427
7504.07 29.3485
7522.97 29.3544
7541.87 29.3602
7560.78 29.366
7579.69 29.3718
7598.6 29.3776
7617.52 29.3834
7636.44 29.3892
7655.37 29.3949
7674.3 29.4006
7693.23 29.4064
7712.17 29.4121
7731.11 29.4177
7750.06 29.4234
7769.01 29.4291
7787.96 29.4347
7806.92 29.4403
7825.88 29.446
7844.84 29.4516
7863.81 29.4571
7882.78 29.4627
7901.76 29.4683
7920.73 29.4738
7939.72 29.4794
7958.7 29.4849
7977.69 29.4904
7996.69 29.4959
8015.68 29.5014
8034.68 29.5068
8053.69 29.5123
8072.7 29.5177
8091.71 29.5231
8110.72 29.5285
8129.74 29.5339
8148.77 29.5393
8167.79 29.5447
8186.82 29.5501
8205.86 29.5554
8224.89 29.5607
8243.93 29.566
8262.98 29.5714
8282.02 29.5767
8301.08 29.5819
8320.13 29.5872
8339.19 29.5925
8358.25 29.5977
8377.32 29.6029
8396.38 29.6082
8415.46 29.6134
8434.53 29.6186
8453.61 29.6237
8472.69 29.6289
8491.78 29.6341
8510.87 29.6392
8529.96 29.6444
8549.06 29.6495
8568.16 29.6546
8587.26 29.6597
8606.37 29.6648
8625.48 29.6698
8644.59 29.6749
8663.71 29.68
8682.83 29.685
8701.95 29.69
8721.08 29.6951
8740.21 29.7001
8759.34 29.7051
8778.48 29.71
8797.62 29.715
8816.76 29.72
8835.91 29.7249
8855.06 29.7299
8874.21 29.7348
8893.37 29.7397
8912.53 29.7446
8931.69 29.7495
8950.86 29.7544
8970.03 29.7593
8989.2 29.7641
9008.38 29.769
9027.55 29.7738
9046.74 29.7786
9065.92 29.7835
9085.11 29.7883
9104.3 29.7931
9123.5 29.7979
9142.7 29.8026
9161.9 29.8074
9181.11 29.8122
9200.31 29.8169
9219.52 29.8216
9238.74 29.8264
9257.96 29.8311
9277.18 29.8358
9296.4 29.8405
9315.63 29.8452
9334.86 29.8499
9354.09 29.8545
9373.33 29.8592
9392.57 29.8638
9411.81 29.8685
9431.06 29.8731
9450.3 29.8777
9469.56 29.8823
9488.81 29.8869
9508.07 29.8915
9527.33 29.8961
9546.59 29.9006
9565.86 29.9052
9585.13 29.9097
9604.41 29.9143
9623.68 29.9188
9642.96 29.9233
9662.24 29.9278
9681.53 29.9323
9700.82 29.9368
9720.11 29.9413
9739.4 29.9458
9758.7 29.9503
9778 29.9547
9797.3 29.9592
9816.61 29.9636
9835.92 29.968
9855.23 29.9725
9874.54 29.9769
9893.86 29.9813
9913.18 29.9857
9932.51 29.99
9951.83 29.9944
9971.17 29.9988
9990.5 30.0031
10009.8 30.0075
10029.2 30.0118
10048.5 30.0162
10067.9 30.0205
10087.2 30.0248
10106.6 30.0291
10125.9 30.0334
10145.3 30.0377
10164.6 30.042
10184 30.0462
10203.3 30.0505
10222.7 30.0548
10242.1 30.059
10261.5 30.0632
10280.8 30.0675
10300.2 30.0717
10319.6 30.0759
10339 30.0801
10358.4 30.0843
10377.7 30.0885
10397.1 30.0927
10416.5 30.0969
10435.9 30.101
10455.3 30.1052
10474.7 30.1093
10494.1 30.1135
10513.6 30.1176
10533 30.1217
10552.4 30.1258
10571.8 30.13
10591.2 30.1341
10610.6 30.1381
10630.1 30.1422
10649.5 30.1463
10668.9 30.1504
10688.4 30.1544
10707.8 30.1585
10727.2 30.1625
10746.7 30.1666
10766.1 30.1706
10785.6 30.1746
10805 30.1787
10824.5 30.1827
10843.9 30.1867
10863.4 30.1907
10882.8 30.1947
10902.3 30.1986
10921.8 30.2026
10941.2 30.2066
10960.7 30.2105
10980.2 30.2145
10999.7 30.2184
11019.1 30.2224
11038.6 30.2263
11058.1 30.2302
11077.6 30.2341
11097.1 30.238
11116.6 30.2419
11136.1 30.2458
11155.6 30.2497
11175.1 30.2536
11194.6 30.2575
11214.1 30.2613
11233.6 30.2652
11253.1 30.269
11272.6 30.2729
11292.1 30.2767
11311.6 30.2806
11331.2 30.2844
11350.7 30.2882
11370.2 30.292
11389.7 30.2958
11409.3 30.2996
11428.8 30.3034
11448.3 30.3072
11467.9 30.311
11487.4 30.3147
11507 30.3185
11526.5 30.3223
11546 30.326
11565.6 30.3297
11585.2 30.3335
11604.7 30.3372
11624.3 30.3409
11643.8 30.3447
11663.4 30.3484
11683 30.3521
11702.5 30.3558
11722.1 30.3595
11741.7 30.3631
11761.2 30.3668
11780.8 30.3705
11800.4 30.3742
11820 30.3778
11839.6 30.3815
11859.2 30.3851
11878.7 30.3888
11898.3 30.3924
11917.9 30.396
11937.5 30.3997
11957.1 30.4033
11976.7 30.4069
11996.3 30.4105
12015.9 30.4141
12035.6 30.4177
12055.2 30.4213
12074.8 30.4248
12094.4 30.4284
12114 30.432
12133.6 30.4356
12153.3 30.4391
12172.9 30.4427
12192.5 30.4462
12212.1 30.4497
12231.8 30.4533
12251.4 30.4568
12271.1 30.4603
12290.7 30.4638
12310.3 30.4673
12330 30.4708
12349.6 30.4743
12369.3 30.4778
12388.9 30.4813
12408.6 30.4848
12428.2 30.4883
12447.9 30.4918
12467.6 30.4952
12487.2 30.4987
12506.9 30.5021
12526.6 30.5056
12546.2 30.509
12565.9 30.5124
12585.6 30.5159
12605.3 30.5193
12624.9 30.5227
12644.6 30.5261
12664.3 30.5295
12684 30.5329
12703.7 30.5363
12723.4 30.5397
12743.1 30.5431
12762.8 30.5465
12782.5 30.5499
12802.2 30.5532
12821.9 30.5566
12841.6 30.56
12861.3 30.5633
12881 30.5667
12900.7 30.57
12920.4 30.5733
12940.1 30.5767
12959.8 30.58
12979.5 30.5833
12999.3 30.5866
13019 30.59
13038.7 30.5933
13058.5 30.5966
13078.2 30.5999
13097.9 30.6031
13117.7 30.6064
13137.4 30.6097
13157.1 30.613
13176.9 30.6163
13196.6 30.6195
13216.4 30.6228
13236.1 30.626
13255.9 30.6293
13275.6 30.6325
13295.4 30.6358
13315.1 30.639
13334.9 30.6422
13354.6 30.6455
13374.4 30.6487
13394.2 30.6519
13413.9 30.6551
13433.7 30.6583
13453.5 30.6615
13473.3 30.6647
13493 30.6679
13512.8 30.6711
13532.6 30.6743
13552.4 30.6775
13572.2 30.6806
13592 30.6838
13611.7 30.687
13631.5 30.6901
13651.3 30.6933
13671.1 30.6964
13690.9 30.6996
13710.7 30.7027
13730.5 30.7058
13750.3 30.709
13770.1 30.7121
13789.9 30.7152
13809.7 30.7183
13829.6 30.7214
13849.4 30.7245
13869.2 30.7276
13889 30.7307
13908.8 30.7338
13928.7 30.7369
13948.5 30.74
13968.3 30.7431
13988.1 30.7461
14008 30.7492
14027.8 30.7523
14047.6 30.7553
14067.5 30.7584
14087.3 30.7614
14107.1 30.7645
14127 30.7675
14146.8 30.7706
14166.7 30.7736
14186.5 30.7766
14206.4 30.7797
14226.2 30.7827
14246.1 30.7857
14265.9 30.7887
14285.8 30.7917
14305.7 30.7947
14325.5 30.7977
14345.4 30.8007
14365.3 30.8037
14385.1 30.8067
14405 30.8097
14424.9 30.8127
14444.8 30.8156
14464.6 30.8186
14484.5 30.8216
14504.4 30.8245
14524.3 30.8275
14544.2 30.8304
14564 30.8334
14583.9 30.8363
14603.8 30.8393
14623.7 30.8422
14643.6 30.8451
14663.5 30.8481
14683.4 30.851
14703.3 30.8539
14723.2 30.8568
14743.1 30.8597
14763 30.8626
14782.9 30.8655
14802.8 30.8684
14822.8 30.8713
14842.7 30.8742
14862.6 30.8771
14882.5 30.88
14902.4 30.8829
14922.3 30.8857
14942.3 30.8886
14962.2 30.8915
14982.1 30.8944
15002 30.8972
15022 30.9001
15041.9 30.9029
15061.8 30.9058
15081.8 30.9086
15101.7 30.9114
15121.7 30.9143
15141.6 30.9171
15161.6 30.9199
15181.5 30.9228
15201.4 30.9256
15221.4 30.9284
15241.3 30.9312
15261.3 30.934
15281.3 30.9368
15301.2 30.9396
15321.2 30.9424
15341.1 30.9452
15361.1 30.948
15381.1 30.9508
15401 30.9536
15421 30.9564
15441 30.9591
15460.9 30.9619
15480.9 30.9647
15500.9 30.9674
15520.9 30.9702
15540.9 30.973
15560.8 30.9757
15580.8 30.9785
15600.8 30.9812
15620.8 30.984
15640.8 30.9867
15660.8 30.9894
15680.8 30.9922
15700.8 30.9949
15720.8 30.9976
15740.8 31.0003
15760.8 31.003
15780.8 31.0058
15800.8 31.0085
15820.8 31.0112
15840.8 31.0139
15860.8 31.0166
15880.8 31.0193
15900.8 31.022
15920.8 31.0247
15940.8 31.0273
15960.9 31.03
15980.9 31.0327
16000.9 31.0354
16020.9 31.038
16041 31.0407
16061 31.0434
16081 31.046
16101 31.0487
16121.1 31.0513
16141.1 31.054
16161.1 31.0566
16181.2 31.0593
16201.2 31.0619
16221.3 31.0646
16241.3 31.0672
16261.3 31.0698
16281.4 31.0725
16301.4 31.0751
16321.5 31.0777
16341.5 31.0803
16361.6 31.0829
16381.7 31.0855
16401.7 31.0882
16421.8 31.0908
16441.8 31.0934
16461.9 31.096
16482 31.0985
16502 31.1011
16522.1 31.1037
16542.2 31.1063
16562.2 31.1089
16582.3 31.1115
16602.4 31.114
16622.5 31.1166
16642.5 31.1192
16662.6 31.1217
16682.7 31.1243
16702.8 31.1269
16722.9 31.1294
16742.9 31.132
16763 31.1345
16783.1 31.1371
16803.2 31.1396
16823.3 31.1421
16843.4 31.1447
16863.5 31.1472
16883.6 31.1497
16903.7 31.1523
16923.8 31.1548
16943.9 31.1573
16964 31.1598
16984.1 31.1623
17004.2 31.1649
17024.3 31.1674
17044.4 31.1699
17064.6 31.1724
17084.7 31.1749
17104.8 31.1774
17124.9 31.1799
17145 31.1824
17165.1 31.1848
17185.3 31.1873
17205.4 31.1898
17225.5 31.1923
17245.7 31.1948
17265.8 31.1972
17285.9 31.1997
17306 31.2022
17326.2 31.2046
17346.3 31.2071
17366.5 31.2095
17386.6 31.212
17406.7 31.2145
17426.9 31.2169
17447 31.2193
17467.2 31.2218
17487.3 31.2242
17507.5 31.2267
17527.6 31.2291
17547.8 31.2315
17567.9 31.234
17588.1 31.2364
17608.2 31.2388
17628.4 31.2412
17648.6 31.2436
17668.7 31.2461
17688.9 31.2485
17709.1 31.2509
17729.2 31.2533
17749.4 31.2557
17769.6 31.2581
17789.7 31.2605
17809.9 31.2629
17830.1 31.2653
17850.3 31.2677
17870.4 31.27
17890.6 31.2724
17910.8 31.2748
17931 31.2772
17951.2 31.2796
17971.4 31.2819
17991.5 31.2843
18011.7 31.2867
18031.9 31.289
18052.1 31.2914
18072.3 31.2937
18092.5 31.2961
18112.7 31.2984
18132.9 31.3008
18153.1 31.3031
18173.3 31.3055
18193.5 31.3078
18213.7 31.3102
18233.9 31.3125
18254.1 31.3148
18274.3 31.3172
18294.5 31.3195
18314.8 31.3218
18335 31.3242
18355.2 31.3265
18375.4 31.3288
18395.6 31.3311
18415.8 31.3334
18436.1 31.3357
18456.3 31.338
18476.5 31.3403
18496.7 31.3426
18517 31.3449
18537.2 31.3472
18557.4 31.3495
18577.7 31.3518
18597.9 31.3541
18618.1 31.3564
18638.4 31.3587
18658.6 31.361
18678.9 31.3632
18699.1 31.3655
18719.3 31.3678
18739.6 31.3701
18759.8 31.3723
18780.1 31.3746
18800.3 31.3769
18820.6 31.3791
18840.8 31.3814
18861.1 31.3836
18881.3 31.3859
18901.6 31.3881
18921.9 31.3904
18942.1 31.3926
18962.4 31.3949
18982.6 31.3971
19002.9 31.3994
19023.2 31.4016
19043.4 31.4038
19063.7 31.4061
19084 31.4083
19104.3 31.4105
19124.5 31.4127
19144.8 31.415
19165.1 31.4172
19185.4 31.4194
19205.6 31.4216
19225.9 31.4238
19246.2 31.426
19266.5 31.4282
19286.8 31.4304
19307.1 31.4326
19327.3 31.4348
19347.6 31.437
19367.9 31.4392
19388.2 31.4414
19408.5 31.4436
19428.8 31.4458
19449.1 31.448
19469.4 31.4502
19489.7 31.4524
19510 31.4545
19530.3 31.4567
19550.6 31.4589
19570.9 31.4611
19591.2 31.4632
19611.5 31.4654
19631.8 31.4676
19652.2 31.4697
19672.5 31.4719
19692.8 31.474
19713.1 31.4762
19733.4 31.4783
19753.7 31.4805
19774.1 31.4826
19794.4 31.4848
19814.7 31.4869
19835 31.4891
19855.4 31.4912
19875.7 31.4934
19896 31.4955
19916.3 31.4976
19936.7 31.4997
19957 31.5019
19977.3 31.504
19997.7 31.5061
20018 31.5082
20038.4 31.5104
20058.7 31.5125
20079 31.5146
20099.4 31.5167
20119.7 31.5188
20140.1 31.5209
20160.4 31.523
20180.8 31.5251
20201.1 31.5272
20221.5 31.5293
20241.8 31.5314
20262.2 31.5335
20282.5 31.5356
20302.9 31.5377
20323.2 31.5398
20343.6 31.5419
20364 31.544
20384.3 31.5461
20404.7 31.5481
20425.1 31.5502
20445.4 31.5523
20465.8 31.5544
20486.2 31.5564
20506.5 31.5585
20526.9 31.5606
20547.3 31.5626
20567.7 31.5647
20588 31.5668
20608.4 31.5688
20628.8 31.5709
20649.2 31.5729
20669.6 31.575
20689.9 31.577
20710.3 31.5791
20730.7 31.5811
20751.1 31.5832
20771.5 31.5852
20791.9 31.5872
20812.3 31.5893
20832.7 31.5913
20853.1 31.5933
20873.4 31.5954
20893.8 31.5974
20914.2 31.5994
20934.6 31.6015
20955 31.6035
20975.4 31.6055
20995.9 31.6075
21016.3 31.6095
21036.7 31.6116
21057.1 31.6136
21077.5 31.6156
21097.9 31.6176
21118.3 31.6196
21138.7 31.6216
21159.1 31.6236
21179.5 31.6256
21200 31.6276
21220.4 31.6296
21240.8 31.6316
21261.2 31.6336
21281.6 31.6356
21302.1 31.6376
21322.5 31.6396
21342.9 31.6415
21363.3 31.6435
21383.8 31.6455
21404.2 31.6475
21424.6 31.6495
21445.1 31.6514
21465.5 31.6534
21485.9 31.6554
21506.4 31.6574
21526.8 31.6593
21547.3 31.6613
21567.7 31.6633
21588.1 31.6652
21608.6 31.6672
21629 31.6691
21649.5 31.6711
21669.9 31.6731
21690.4 31.675
21710.8 31.677
21731.3 31.6789
21751.7 31.6809
21772.2 31.6828
21792.6 31.6847
21813.1 31.6867
21833.5 31.6886
21854 31.6906
21874.5 31.6925
21894.9 31.6944
21915.4 31.6964
21935.9 31.6983
21956.3 31.7002
21976.8 31.7022
21997.3 31.7041
22017.7 31.706
22038.2 31.7079
22058.7 31.7098
22079.1 31.7118
22099.6 31.7137
22120.1 31.7156
22140.6 31.7175
22161 31.7194
22181.5 31.7213
22202 31.7232
22222.5 31.7251
22243 31.727
22263.5 31.7289
22283.9 31.7308
22304.4 31.7327
22324.9 31.7346
22345.4 31.7365
22365.9 31.7384
22386.4 31.7403
22406.9 31.7422
22427.4 31.7441
22447.9 31.7459
22468.4 31.7478
22488.9 31.7497
22509.4 31.7516
22529.9 31.7535
22550.4 31.7553
22570.9 31.7572
22591.4 31.7591
22611.9 31.761
22632.4 31.7628
22652.9 31.7647
22673.4 31.7666
22693.9 31.7684
22714.4 31.7703
22734.9 31.7721
22755.5 31.774
22776 31.7759
22796.5 31.7777
22817 31.7796
22837.5 31.7814
22858.1 31.7833
22878.6 31.7851
22899.1 31.787
22919.6 31.7888
22940.2 31.7906
22960.7 31.7925
22981.2 31.7943
23001.7 31.7962
23022.3 31.798
23042.8 31.7998
23063.3 31.8017
23083.9 31.8035
23104.4 31.8053
23124.9 31.8071
23145.5 31.809
23166 31.8108
23186.6 31.8126
23207.1 31.8144
23227.6 31.8163
23248.2 31.8181
23268.7 31.8199
23289.3 31.8217
23309.8 31.8235
23330.4 31.8253
23350.9 31.8271
23371.5 31.8289
23392 31.8307
23412.6 31.8326
23433.1 31.8344
23453.7 31.8362
23474.3 31.838
23494.8 31.8398
23515.4 31.8415
23535.9 31.8433
23556.5 31.8451
23577.1 31.8469
23597.6 31.8487
23618.2 31.8505
23638.8 31.8523
23659.3 31.8541
23679.9 31.8559
23700.5 31.8576
23721 31.8594
23741.6 31.8612
23762.2 31.863
23782.8 31.8647
23803.3 31.8665
23823.9 31.8683
23844.5 31.8701
23865.1 31.8718
23885.7 31.8736
23906.2 31.8754
23926.8 31.8771
23947.4 31.8789
23968 31.8807
23988.6 31.8824
24009.2 31.8842
24029.8 31.8859
24050.3 31.8877
24070.9 31.8894
24091.5 31.8912
24112.1 31.8929
24132.7 31.8947
24153.3 31.8964
24173.9 31.8982
24194.5 31.8999
24215.1 31.9017
24235.7 31.9034
24256.3 31.9051
24276.9 31.9069
24297.5 31.9086
24318.1 31.9103
24338.7 31.9121
24359.3 31.9138
24380 31.9155
24400.6 31.9173
24421.2 31.919
24441.8 31.9207
24462.4 31.9224
24483 31.9242
24503.6 31.9259
24524.3 31.9276
24544.9 31.9293
24565.5 31.931
24586.1 31.9328
24606.7 31.9345
24627.4 31.9362
24648 31.9379
24668.6 31.9396
24689.2 31.9413
24709.9 31.943
24730.5 31.9447
24751.1 31.9464
24771.7 31.9481
24792.4 31.9498
24813 31.9515
24833.6 31.9532
24854.3 31.9549
24874.9 31.9566
24895.6 31.9583
24916.2 31.96
24936.8 31.9617
24957.5 31.9634
24978.1 31.9651
24998.8 31.9668
25019.4 31.9684
25040.1 31.9701
25060.7 31.9718
25081.3 31.9735
25102 31.9752
25122.6 31.9768
25143.3 31.9785
25164 31.9802
25184.6 31.9819
25205.3 31.9835
25225.9 31.9852
25246.6 31.9869
25267.2 31.9885
25287.9 31.9902
25308.5 31.9919
25329.2 31.9935
25349.9 31.9952
25370.5 31.9969
25391.2 31.9985
25411.9 32.0002
25432.5 32.0018
25453.2 32.0035
25473.9 32.0051
25494.5 32.0068
25515.2 32.0084
25535.9 32.0101
25556.6 32.0117
25577.2 32.0134
25597.9 32.015
25618.6 32.0167
25639.3 32.0183
25659.9 32.02
25680.6 32.0216
25701.3 32.0232
25722 32.0249
25742.7 32.0265
25763.4 32.0281
25784 32.0298
25804.7 32.0314
25825.4 32.033
25846.1 32.0347
25866.8 32.0363
25887.5 32.0379
25908.2 32.0395
25928.9 32.0412
25949.6 32.0428
25970.3 32.0444
25990.9 32.046
26011.6 32.0476
26032.3 32.0493
26053 32.0509
26073.7 32.0525
26094.4 32.0541
26115.2 32.0557
26135.9 32.0573
26156.6 32.0589
26177.3 32.0605
26198 32.0621
26218.7 32.0638
26239.4 32.0654
26260.1 32.067
26280.8 32.0686
26301.5 32.0702
26322.2 32.0718
26343 32.0734
26363.7 32.0749
26384.4 32.0765
26405.1 32.0781
26425.8 32.0797
26446.5 32.0813
26467.3 32.0829
26488 32.0845
26508.7 32.0861
26529.4 32.0877
26550.2 32.0893
26570.9 32.0908
26591.6 32.0924
26612.3 32.094
26633.1 32.0956
26653.8 32.0972
26674.5 32.0987
26695.3 32.1003
26716 32.1019
26736.7 32.1035
26757.5 32.105
26778.2 32.1066
26798.9 32.1082
26819.7 32.1097
26840.4 32.1113
26861.2 32.1129
26881.9 32.1144
26902.6 32.116
26923.4 32.1176
26944.1 32.1191
26964.9 32.1207
26985.6 32.1222
27006.4 32.1238
27027.1 32.1253
27047.9 32.1269
27068.6 32.1284
27089.4 32.13
27110.1 32.1315
27130.9 32.1331
27151.6 32.1346
27172.4 32.1362
27193.2 32.1377
27213.9 32.1393
27234.7 32.1408
27255.4 32.1424
27276.2 32.1439
27297 32.1454
27317.7 32.147
27338.5 32.1485
27359.2 32.1501
27380 32.1516
27400.8 32.1531
27421.6 32.1547
27442.3 32.1562
27463.1 32.1577
27483.9 32.1592
27504.6 32.1608
27525.4 32.1623
27546.2 32.1638
27567 32.1653
27587.7 32.1669
27608.5 32.1684
27629.3 32.1699
27650.1 32.1714
27670.9 32.173
27691.6 32.1745
27712.4 32.176
27733.2 32.1775
27754 32.179
27774.8 32.1805
27795.6 32.182
27816.3 32.1835
27837.1 32.1851
27857.9 32.1866
27878.7 32.1881
27899.5 32.1896
27920.3 32.1911
27941.1 32.1926
27961.9 32.1941
27982.7 32.1956
28003.5 32.1971
28024.3 32.1986
28045.1 32.2001
28065.9 32.2016
28086.7 32.2031
28107.5 32.2046
28128.3 32.2061
28149.1 32.2075
28169.9 32.209
28190.7 32.2105
28211.5 32.212
28232.3 32.2135
28253.1 32.215
28273.9 32.2165
28294.8 32.2179
28315.6 32.2194
28336.4 32.2209
28357.2 32.2224
28378 32.2239
28398.8 32.2253
28419.6 32.2268
28440.5 32.2283
28461.3 32.2298
28482.1 32.2312
28502.9 32.2327
28523.7 32.2342
28544.6 32.2357
28565.4 32.2371
28586.2 32.2386
28607 32.2401
28627.9 32.2415
28648.7 32.243
28669.5 32.2445
28690.4 32.2459
28711.2 32.2474
28732 32.2488
28752.8 32.2503
28773.7 32.2518
28794.5 32.2532
28815.3 32.2547
28836.2 32.2561
28857 32.2576
28877.9 32.259
28898.7 32.2605
28919.5 32.2619
28940.4 32.2634
28961.2 32.2648
28982.1 32.2663
29002.9 32.2677
29023.8 32.2692
29044.6 32.2706
29065.5 32.272
29086.3 32.2735
29107.1 32.2749
29128 32.2764
29148.8 32.2778
29169.7 32.2792
29190.6 32.2807
29211.4 32.2821
29232.3 32.2836
29253.1 32.285
29274 32.2864
29294.8 32.2878
29315.7 32.2893
29336.6 32.2907
29357.4 32.2921
29378.3 32.2936
29399.1 32.295
29420 32.2964
29440.9 32.2978
29461.7 32.2993
29482.6 32.3007
29503.5 32.3021
29524.3 32.3035
29545.2 32.3049
29566.1 32.3064
29586.9 32.3078
29607.8 32.3092
29628.7 32.3106
29649.6 32.312
29670.4 32.3134
29691.3 32.3148
29712.2 32.3163
29733.1 32.3177
29753.9 32.3191
29774.8 32.3205
29795.7 32.3219
29816.6 32.3233
29837.5 32.3247
29858.3 32.3261
29879.2 32.3275
29900.1 32.3289
29921 32.3303
29941.9 32.3317
29962.8 32.3331
29983.7 32.3345
30004.6 32.3359
30025.4 32.3373
30046.3 32.3387
30067.2 32.3401
30088.1 32.3415
30109 32.3429
30129.9 32.3442
30150.8 32.3456
30171.7 32.347
30192.6 32.3484
30213.5 32.3498
30234.4 32.3512
30255.3 32.3526
30276.2 32.354
30297.1 32.3553
30318 32.3567
30338.9 32.3581
30359.8 32.3595
30380.7 32.3609
30401.6 32.3622
30422.5 32.3636
30443.5 32.365
30464.4 32.3664
30485.3 32.3677
30506.2 32.3691
30527.1 32.3705
30548 32.3718
30568.9 32.3732
30589.8 32.3746
30610.8 32.3759
30631.7 32.3773
30652.6 32.3787
30673.5 32.38
30694.4 32.3814
30715.4 32.3828
30736.3 32.3841
30757.2 32.3855
30778.1 32.3869
30799 32.3882
30820 32.3896
30840.9 32.3909
30861.8 32.3923
30882.8 32.3936
30903.7 32.395
30924.6 32.3963
30945.5 32.3977
30966.5 32.399
30987.4 32.4004
31008.3 32.4017
31029.3 32.4031
31050.2 32.4044
31071.2 32.4058
31092.1 32.4071
31113 32.4085
31134 32.4098
31154.9 32.4112
31175.8 32.4125
31196.8 32.4139
31217.7 32.4152
31238.7 32.4165
31259.6 32.4179
31280.6 32.4192
31301.5 32.4205
31322.5 32.4219
31343.4 32.4232
31364.4 32.4245
31385.3 32.4259
31406.3 32.4272
31427.2 32.4285
31448.2 32.4299
31469.1 32.4312
31490.1 32.4325
31511 32.4339
31532 32.4352
31552.9 32.4365
31573.9 32.4378
31594.8 32.4392
31615.8 32.4405
31636.8 32.4418
31657.7 32.4431
31678.7 32.4444
31699.7 32.4458
31720.6 32.4471
31741.6 32.4484
31762.5 32.4497
31783.5 32.451
31804.5 32.4523
31825.5 32.4537
31846.4 32.455
31867.4 32.4563
31888.4 32.4576
31909.3 32.4589
31930.3 32.4602
31951.3 32.4615
31972.3 32.4628
31993.2 32.4641
32014.2 32.4654
32035.2 32.4667
32056.2 32.468
32077.1 32.4694
32098.1 32.4707
32119.1 32.472
32140.1 32.4733
32161.1 32.4746
32182 32.4759
32203 32.4771
32224 32.4784
32245 32.4797
32266 32.481
32287 32.4823
32308 32.4836
32329 32.4849
32349.9 32.4862
32370.9 32.4875
32391.9 32.4888
32412.9 32.4901
32433.9 32.4914
32454.9 32.4927
32475.9 32.4939
32496.9 32.4952
32517.9 32.4965
32538.9 32.4978
32559.9 32.4991
32580.9 32.5004
32601.9 32.5016
32622.9 32.5029
32643.9 32.5042
32664.9 32.5055
32685.9 32.5068
32706.9 32.508
32727.9 32.5093
32748.9 32.5106
32769.9 32.5119
32790.9 32.5131
32811.9 32.5144
32832.9 32.5157
32854 32.517
32875 32.5182
32896 32.5195
32917 32.5208
32938 32.522
32959 32.5233
32980 32.5246
33001.1 32.5258
33022.1 32.5271
33043.1 32.5284
33064.1 32.5296
33085.1 32.5309
33106.1 32.5321
33127.2 32.5334
33148.2 32.5347
33169.2 32.5359
33190.2 32.5372
33211.3 32.5384
33232.3 32.5397
33253.3 32.5409
33274.3 32.5422
33295.4 32.5435
33316.4 32.5447
33337.4 32.546
33358.5 32.5472
33379.5 32.5485
33400.5 32.5497
33421.6 32.551
33442.6 32.5522
33463.6 32.5535
33484.7 32.5547
33505.7 32.556
33526.7 32.5572
33547.8 32.5584
33568.8 32.5597
33589.8 32.5609
33610.9 32.5622
33631.9 32.5634
33653 32.5646
33674 32.5659
33695.1 32.5671
33716.1 32.5684
33737.1 32.5696
33758.2 32.5708
33779.2 32.5721
33800.3 32.5733
33821.3 32.5745
33842.4 32.5758
33863.4 32.577
33884.5 32.5782
33905.5 32.5795
33926.6 32.5807
33947.7 32.5819
33968.7 32.5831
33989.8 32.5844
34010.8 32.5856
34031.9 32.5868
34052.9 32.5881
34074 32.5893
34095.1 32.5905
34116.1 32.5917
34137.2 32.5929
34158.2 32.5942
34179.3 32.5954
34200.4 32.5966
34221.4 32.5978
34242.5 32.599
34263.6 32.6003
34284.6 32.6015
34305.7 32.6027
34326.8 32.6039
34347.8 32.6051
34368.9 32.6063
34390 32.6076
34411 32.6088
34432.1 32.61
34453.2 32.6112
34474.3 32.6124
34495.3 32.6136
34516.4 32.6148
34537.5 32.616
34558.6 32.6172
34579.6 32.6184
34600.7 32.6196
34621.8 32.6208
34642.9 32.622
34664 32.6232
34685 32.6244
34706.1 32.6256
34727.2 32.6268
34748.3 32.628
34769.4 32.6292
34790.5 32.6304
34811.6 32.6316
34832.6 32.6328
34853.7 32.634
34874.8 32.6352
34895.9 32.6364
34917 32.6376
34938.1 32.6388
34959.2 32.64
34980.3 32.6412
35001.4 32.6424
35022.5 32.6436
35043.6 32.6448
35064.7 32.646
35085.8 32.6471
35106.9 32.6483
35128 32.6495
35149.1 32.6507
35170.2 32.6519
35191.3 32.6531
35212.4 32.6543
35233.5 32.6554
35254.6 32.6566
35275.7 32.6578
35296.8 32.659
35317.9 32.6602
35339 32.6613
35360.1 32.6625
35381.2 32.6637
35402.3 32.6649
35423.4 32.666
35444.5 32.6672
35465.6 32.6684
35486.8 32.6696
35507.9 32.6707
35529 32.6719
35550.1 32.6731
35571.2 32.6743
35592.3 32.6754
35613.5 32.6766
35634.6 32.6778
35655.7 32.6789
35676.8 32.6801
35697.9 32.6813
35719.1 32.6824
35740.2 32.6836
35761.3 32.6848
35782.4 32.6859
35803.5 32.6871
35824.7 32.6883
35845.8 32.6894
35866.9 32.6906
35888 32.6917
35909.2 32.6929
35930.3 32.6941
35951.4 32.6952
35972.6 32.6964
35993.7 32.6975
36014.8 32.6987
36036 32.6998
36057.1 32.701
36078.2 32.7022
36099.4 32.7033
36120.5 32.7045
36141.6 32.7056
36162.8 32.7068
36183.9 32.7079
36205 32.7091
36226.2 32.7102
36247.3 32.7114
36268.5 32.7125
36289.6 32.7137
36310.8 32.7148
36331.9 32.716
36353 32.7171
36374.2 32.7182
36395.3 32.7194
36416.5 32.7205
36437.6 32.7217
36458.8 32.7228
36479.9 32.7239
36501.1 32.7251
36522.2 32.7262
36543.4 32.7274
36564.5 32.7285
36585.7 32.7296
36606.8 32.7308
36628 32.7319
36649.1 32.7331
36670.3 32.7342
36691.4 32.7353
36712.6 32.7365
36733.8 32.7376
36754.9 32.7387
36776.1 32.7399
36797.2 32.741
36818.4 32.7421
36839.6 32.7432
36860.7 32.7444
36881.9 32.7455
36903.1 32.7466
36924.2 32.7478
36945.4 32.7489
36966.5 32.75
36987.7 32.7511
37008.9 32.7523
37030 32.7534
37051.2 32.7545
37072.4 32.7556
37093.6 32.7567
37114.7 32.7579
37135.9 32.759
37157.1 32.7601
37178.2 32.7612
37199.4 32.7623
37220.6 32.7635
37241.8 32.7646
37262.9 32.7657
37284.1 32.7668
37305.3 32.7679
37326.5 32.769
37347.7 32.7701
37368.8 32.7713
37390 32.7724
37411.2 32.7735
37432.4 32.7746
37453.6 32.7757
37474.8 32.7768
37495.9 32.7779
37517.1 32.779
37538.3 32.7801
37559.5 32.7813
37580.7 32.7824
37601.9 32.7835
37623.1 32.7846
37644.2 32.7857
37665.4 32.7868
37686.6 32.7879
37707.8 32.789
37729 32.7901
37750.2 32.7912
37771.4 32.7923
37792.6 32.7934
37813.8 32.7945
37835 32.7956
37856.2 32.7967
37877.4 32.7978
37898.6 32.7989
37919.8 32.8
37941 32.8011
37962.2 32.8022
37983.4 32.8033
38004.6 32.8044
38025.8 32.8055
38047 32.8065
38068.2 32.8076
38089.4 32.8087
38110.6 32.8098
38131.8 32.8109
38153 32.812
38174.2 32.8131
38195.4 32.8142
38216.6 32.8153
38237.9 32.8163
38259.1 32.8174
38280.3 32.8185
38301.5 32.8196
38322.7 32.8207
38343.9 32.8218
38365.1 32.8229
38386.4 32.8239
38407.6 32.825
38428.8 32.8261
38450 32.8272
38471.2 32.8283
38492.4 32.8293
38513.7 32.8304
38534.9 32.8315
38556.1 32.8326
38577.3 32.8336
38598.5 32.8347
38619.8 32.8358
38641 32.8369
38662.2 32.838
38683.4 32.839
38704.7 32.8401
38725.9 32.8412
38747.1 32.8422
38768.3 32.8433
38789.6 32.8444
38810.8 32.8455
38832 32.8465
38853.3 32.8476
38874.5 32.8487
38895.7 32.8497
38917 32.8508
