0 0
0.0206012 0.0634038
0.0832145 0.12689
0.187631 0.190542
0.333687 0.254435
0.521254 0.318642
0.750238 0.38322
1.02056 0.448213
1.33215 0.513643
1.68495 0.579499
2.07883 0.645736
2.51368 0.71226
2.98929 0.778922
3.50539 0.845513
4.06158 0.911758
4.65737 0.977328
5.29215 1.04185
5.96514 1.10493
6.67544 1.16618
7.42201 1.22526
8.20366 1.28188
9.01911 1.33585
9.86697 1.38704
10.7458 1.43542
11.6541 1.48102
12.5904 1.52392
13.5533 1.56424
14.5413 1.60213
15.553 1.63773
16.5872 1.67122
17.6426 1.70273
18.718 1.73244
19.8125 1.76047
20.925 1.78697
22.0545 1.81204
23.2003 1.83581
24.3614 1.85838
25.5372 1.87984
26.727 1.90027
27.9301 1.91975
29.1459 1.93836
30.3739 1.95614
31.6135 1.97318
32.8643 1.9895
34.1259 2.00517
35.3977 2.02023
36.6794 2.03471
37.9707 2.04866
39.2712 2.0621
40.5805 2.07507
41.8984 2.0876
43.2246 2.0997
44.5588 2.11141
45.9007 2.12275
47.2501 2.13373
48.6068 2.14439
49.9705 2.15472
51.3411 2.16475
52.7183 2.1745
54.102 2.18398
55.492 2.1932
56.888 2.20217
58.29 2.21091
59.6979 2.21943
61.1113 2.22773
62.5303 2.23583
63.9547 2.24373
65.3843 2.25145
66.819 2.25899
68.2588 2.26635
69.7034 2.27355
71.1528 2.2806
72.6069 2.28749
74.0655 2.29423
75.5287 2.30083
76.9962 2.3073
78.4681 2.31364
79.9441 2.31985
81.4243 2.32594
82.9085 2.33191
84.3967 2.33777
85.8888 2.34351
87.3847 2.34916
88.8844 2.3547
90.3877 2.36014
91.8947 2.36549
93.4052 2.37074
94.9193 2.37591
96.4367 2.38098
97.9576 2.38598
99.4817 2.39089
101.009 2.39572
102.54 2.40047
104.074 2.40515
105.611 2.40976
107.151 2.41429
108.694 2.41876
110.24 2.42316
111.788 2.4275
113.34 2.43177
114.895 2.43598
116.452 2.44013
118.013 2.44422
119.576 2.44825
121.141 2.45223
122.709 2.45616
124.28 2.46003
125.854 2.46385
127.43 2.46762
129.008 2.47134
130.589 2.47501
132.173 2.47864
133.759 2.48222
135.347 2.48576
136.937 2.48925
138.53 2.4927
140.126 2.49611
141.723 2.49947
143.323 2.5028
144.925 2.50609
146.529 2.50934
148.135 2.51255
149.744 2.51573
151.354 2.51887
152.967 2.52197
154.582 2.52504
156.198 2.52808
157.817 2.53109
159.438 2.53406
161.061 2.537
162.685 2.53991
164.312 2.54279
165.941 2.54563
167.571 2.54845
169.203 2.55124
170.838 2.55401
172.474 2.55674
174.112 2.55945
175.751 2.56213
177.393 2.56478
179.036 2.56741
180.681 2.57002
182.328 2.57259
183.976 2.57515
185.626 2.57768
187.278 2.58019
188.932 2.58267
190.587 2.58513
192.244 2.58757
193.902 2.58998
195.562 2.59238
197.224 2.59475
198.887 2.59711
200.552 2.59944
202.218 2.60175
203.886 2.60404
205.555 2.60631
207.226 2.60857
208.899 2.6108
210.573 2.61301
212.248 2.61521
213.925 2.61739
215.603 2.61955
217.283 2.62169
218.964 2.62382
220.647 2.62593
222.331 2.62802
224.016 2.63009
225.703 2.63215
227.391 2.6342
229.08 2.63622
230.771 2.63823
232.463 2.64023
234.157 2.64221
235.852 2.64418
237.548 2.64613
239.245 2.64806
240.944 2.64999
242.644 2.6519
244.345 2.65379
246.048 2.65567
247.752 2.65754
249.457 2.65939
251.163 2.66123
252.871 2.66306
254.579 2.66487
256.289 2.66667
258 2.66846
259.713 2.67024
261.426 2.672
263.141 2.67375
264.857 2.67549
266.574 2.67722
268.292 2.67894
270.011 2.68064
271.732 2.68234
273.453 2.68402
275.176 2.68569
276.9 2.68735
278.625 2.689
280.351 2.69064
282.078 2.69227
283.806 2.69389
285.535 2.6955
287.266 2.6971
288.997 2.69868
290.73 2.70026
292.463 2.70183
294.198 2.70339
295.933 2.70494
297.67 2.70648
299.408 2.70801
301.146 2.70953
302.886 2.71104
304.627 2.71254
306.368 2.71404
308.111 2.71552
309.855 2.717
311.599 2.71846
313.345 2.71992
315.092 2.72137
316.839 2.72282
318.588 2.72425
320.337 2.72567
322.088 2.72709
323.839 2.7285
325.592 2.7299
327.345 2.7313
329.099 2.73268
330.854 2.73406
332.61 2.73543
334.367 2.73679
336.125 2.73815
337.884 2.7395
339.644 2.74084
341.404 2.74217
343.166 2.7435
344.928 2.74482
346.691 2.74613
348.455 2.74743
350.22 2.74873
351.986 2.75002
353.753 2.75131
355.52 2.75259
357.289 2.75386
359.058 2.75512
360.828 2.75638
362.599 2.75763
364.371 2.75888
366.143 2.76012
367.917 2.76135
369.691 2.76258
371.466 2.7638
373.242 2.76501
375.019 2.76622
376.796 2.76743
378.574 2.76862
380.353 2.76981
382.133 2.771
383.914 2.77218
385.695 2.77335
387.478 2.77452
389.261 2.77568
391.044 2.77684
392.829 2.77799
394.614 2.77914
396.401 2.78028
398.187 2.78141
399.975 2.78254
401.763 2.78367
403.552 2.78479
405.342 2.7859
407.133 2.78701
408.924 2.78811
410.716 2.78921
412.509 2.79031
414.303 2.7914
416.097 2.79248
417.892 2.79356
419.688 2.79463
421.484 2.7957
423.281 2.79677
425.079 2.79783
426.878 2.79889
428.677 2.79994
430.477 2.80098
432.278 2.80202
434.079 2.80306
435.881 2.8041
437.684 2.80512
439.487 2.80615
441.291 2.80717
443.096 2.80818
444.902 2.80919
446.708 2.8102
448.514 2.8112
450.322 2.8122
452.13 2.8132
453.939 2.81419
455.748 2.81517
457.558 2.81615
459.369 2.81713
461.181 2.81811
462.993 2.81908
464.805 2.82004
466.619 2.821
468.433 2.82196
470.247 2.82292
472.063 2.82387
473.879 2.82481
475.695 2.82576
477.512 2.82669
479.33 2.82763
481.149 2.82856
482.968 2.82949
484.787 2.83041
486.608 2.83134
488.428 2.83225
490.25 2.83317
492.072 2.83408
493.895 2.83498
495.718 2.83589
497.542 2.83679
499.367 2.83768
501.192 2.83858
503.017 2.83946
504.844 2.84035
506.671 2.84123
508.498 2.84211
510.326 2.84299
512.155 2.84386
513.984 2.84473
515.814 2.8456
517.644 2.84646
519.475 2.84732
521.307 2.84818
523.139 2.84903
524.972 2.84988
526.805 2.85073
528.639 2.85158
530.473 2.85242
532.308 2.85326
534.144 2.85409
535.98 2.85492
537.816 2.85575
539.654 2.85658
541.491 2.8574
543.33 2.85823
545.168 2.85904
547.008 2.85986
548.848 2.86067
550.688 2.86148
552.529 2.86229
554.371 2.86309
556.213 2.86389
558.055 2.86469
559.898 2.86549
561.742 2.86628
563.586 2.86707
565.431 2.86786
567.276 2.86864
569.122 2.86942
570.968 2.8702
572.815 2.87098
574.662 2.87175
576.51 2.87253
578.359 2.87329
580.207 2.87406
582.057 2.87483
583.907 2.87559
585.757 2.87635
587.608 2.8771
589.459 2.87786
591.311 2.87861
593.164 2.87936
595.017 2.8801
596.87 2.88085
598.724 2.88159
600.578 2.88233
602.433 2.88307
604.289 2.8838
606.145 2.88453
608.001 2.88526
609.858 2.88599
611.715 2.88672
613.573 2.88744
615.431 2.88816
617.29 2.88888
619.149 2.8896
621.009 2.89031
622.869 2.89102
624.73 2.89173
626.591 2.89244
628.453 2.89315
630.315 2.89385
632.177 2.89455
634.04 2.89525
635.904 2.89595
637.768 2.89664
639.632 2.89733
641.497 2.89802
643.362 2.89871
645.228 2.8994
647.095 2.90008
648.961 2.90077
650.828 2.90145
652.696 2.90212
654.564 2.9028
656.433 2.90347
658.302 2.90415
660.171 2.90482
662.041 2.90548
663.911 2.90615
665.782 2.90682
667.653 2.90748
669.525 2.90814
671.397 2.9088
673.27 2.90945
675.143 2.91011
677.016 2.91076
678.89 2.91141
680.764 2.91206
682.639 2.91271
684.514 2.91335
686.389 2.914
688.265 2.91464
690.142 2.91528
692.019 2.91592
693.896 2.91655
695.774 2.91719
697.652 2.91782
699.53 2.91845
701.409 2.91908
703.289 2.91971
705.168 2.92033
707.049 2.92096
708.929 2.92158
710.81 2.9222
712.692 2.92282
714.574 2.92344
716.456 2.92405
718.339 2.92467
720.222 2.92528
722.105 2.92589
723.989 2.9265
725.874 2.92711
727.758 2.92771
729.643 2.92831
731.529 2.92892
733.415 2.92952
735.301 2.93012
737.188 2.93071
739.075 2.93131
740.963 2.9319
742.851 2.9325
744.739 2.93309
746.628 2.93368
748.517 2.93427
750.406 2.93485
752.296 2.93544
754.187 2.93602
756.077 2.9366
757.968 2.93718
759.86 2.93776
761.752 2.93834
763.644 2.93892
765.536 2.93949
767.43 2.94006
769.323 2.94064
771.217 2.94121
773.111 2.94177
775.005 2.94234
776.9 2.94291
778.795 2.94347
780.691 2.94403
782.587 2.9446
784.484 2.94516
786.38 2.94571
788.277 2.94627
790.175 2.94683
792.073 2.94738
793.971 2.94794
795.87 2.94849
797.769 2.94904
799.668 2.94959
801.568 2.95013
803.468 2.95068
805.368 2.95123
807.269 2.95177
809.17 2.95231
811.072 2.95285
812.974 2.95339
814.876 2.95393
816.779 2.95447
818.682 2.955
820.585 2.95554
822.489 2.95607
824.393 2.9566
826.297 2.95713
828.202 2.95766
830.107 2.95819
832.013 2.95872
833.918 2.95925
835.825 2.95977
837.731 2.96029
839.638 2.96081
841.545 2.96134
843.453 2.96185
845.361 2.96237
847.269 2.96289
849.177 2.96341
851.086 2.96392
852.996 2.96443
854.905 2.96495
856.815 2.96546
858.725 2.96597
860.636 2.96648
862.547 2.96698
864.458 2.96749
866.37 2.968
868.282 2.9685
870.194 2.969
872.107 2.9695
874.02 2.97001
875.933 2.9705
877.847 2.971
879.761 2.9715
881.675 2.972
883.59 2.97249
885.505 2.97299
887.42 2.97348
889.336 2.97397
891.252 2.97446
893.168 2.97495
895.085 2.97544
897.002 2.97593
898.919 2.97641
900.837 2.9769
902.755 2.97738
904.673 2.97786
906.592 2.97835
908.51 2.97883
910.43 2.97931
912.349 2.97979
914.269 2.98026
916.189 2.98074
918.11 2.98122
920.031 2.98169
921.952 2.98216
923.873 2.98264
925.795 2.98311
927.717 2.98358
929.639 2.98405
931.562 2.98452
933.485 2.98499
935.408 2.98545
937.332 2.98592
939.256 2.98638
941.18 2.98685
943.105 2.98731
945.03 2.98777
946.955 2.98823
948.88 2.98869
950.806 2.98915
952.732 2.98961
954.659 2.99006
956.585 2.99052
958.512 2.99097
960.44 2.99143
962.367 2.99188
964.295 2.99233
966.223 2.99278
968.152 2.99323
970.081 2.99368
972.01 2.99413
973.939 2.99458
975.869 2.99503
977.799 2.99547
979.729 2.99592
981.66 2.99636
983.591 2.9968
985.522 2.99725
987.454 2.99769
989.385 2.99813
991.317 2.99857
993.25 2.999
995.182 2.99944
997.115 2.99988
999.049 3.00031
1000.98 3.00075
1002.92 3.00118
1004.85 3.00162
1006.78 3.00205
1008.72 3.00248
1010.65 3.00291
1012.59 3.00334
1014.53 3.00377
1016.46 3.0042
1018.4 3.00462
1020.33 3.00505
1022.27 3.00548
1024.21 3.0059
1026.14 3.00632
1028.08 3.00675
1030.02 3.00717
1031.96 3.00759
1033.9 3.00801
1035.84 3.00843
1037.77 3.00885
1039.71 3.00927
1041.65 3.00969
1043.59 3.0101
1045.53 3.01052
1047.47 3.01093
1049.41 3.01135
1051.35 3.01176
1053.3 3.01217
1055.24 3.01258
1057.18 3.013
1059.12 3.01341
1061.06 3.01381
1063.01 3.01422
1064.95 3.01463
1066.89 3.01504
1068.83 3.01544
1070.78 3.01585
1072.72 3.01626
1074.67 3.01666
1076.61 3.01706
1078.56 3.01746
1080.5 3.01787
1082.45 3.01827
1084.39 3.01867
1086.34 3.01907
1088.28 3.01947
1090.23 3.01986
1092.18 3.02026
1094.12 3.02066
1096.07 3.02105
1098.02 3.02145
1099.97 3.02184
1101.91 3.02224
1103.86 3.02263
1105.81 3.02302
1107.76 3.02341
1109.71 3.0238
1111.66 3.02419
1113.61 3.02458
1115.56 3.02497
1117.51 3.02536
1119.46 3.02575
1121.41 3.02613
1123.36 3.02652
1125.31 3.0269
1127.26 3.02729
1129.21 3.02767
1131.16 3.02806
1133.11 3.02844
1135.07 3.02882
1137.02 3.0292
1138.97 3.02958
1140.93 3.02996
1142.88 3.03034
1144.83 3.03072
1146.79 3.0311
1148.74 3.03147
1150.69 3.03185
1152.65 3.03223
1154.6 3.0326
1156.56 3.03297
1158.51 3.03335
1160.47 3.03372
1162.43 3.03409
1164.38 3.03447
1166.34 3.03484
1168.29 3.03521
1170.25 3.03558
1172.21 3.03595
1174.17 3.03632
1176.12 3.03668
1178.08 3.03705
1180.04 3.03742
1182 3.03778
1183.96 3.03815
1185.91 3.03851
1187.87 3.03888
1189.83 3.03924
1191.79 3.0396
1193.75 3.03997
1195.71 3.04033
1197.67 3.04069
1199.63 3.04105
1201.59 3.04141
1203.55 3.04177
1205.52 3.04213
1207.48 3.04249
1209.44 3.04284
1211.4 3.0432
1213.36 3.04356
1215.32 3.04391
1217.29 3.04427
1219.25 3.04462
1221.21 3.04498
1223.18 3.04533
1225.14 3.04568
1227.1 3.04603
1229.07 3.04638
1231.03 3.04674
1233 3.04709
1234.96 3.04744
1236.93 3.04778
1238.89 3.04813
1240.86 3.04848
1242.82 3.04883
1244.79 3.04918
1246.75 3.04952
1248.72 3.04987
1250.69 3.05021
1252.65 3.05056
1254.62 3.0509
1256.59 3.05125
1258.56 3.05159
1260.52 3.05193
1262.49 3.05227
1264.46 3.05261
1266.43 3.05295
1268.4 3.0533
1270.37 3.05363
1272.34 3.05397
1274.3 3.05431
1276.27 3.05465
1278.24 3.05499
1280.21 3.05533
1282.18 3.05566
1284.15 3.056
1286.13 3.05633
1288.1 3.05667
1290.07 3.057
1292.04 3.05734
1294.01 3.05767
1295.98 3.058
1297.95 3.05833
1299.93 3.05867
1301.9 3.059
1303.87 3.05933
1305.84 3.05966
1307.82 3.05999
1309.79 3.06032
1311.76 3.06064
1313.74 3.06097
1315.71 3.0613
1317.69 3.06163
1319.66 3.06195
1321.63 3.06228
1323.61 3.06261
1325.58 3.06293
1327.56 3.06325
1329.54 3.06358
1331.51 3.0639
1333.49 3.06423
1335.46 3.06455
1337.44 3.06487
1339.42 3.06519
1341.39 3.06551
1343.37 3.06583
1345.35 3.06615
1347.32 3.06647
1349.3 3.06679
1351.28 3.06711
1353.26 3.06743
1355.24 3.06775
1357.22 3.06806
1359.19 3.06838
1361.17 3.0687
1363.15 3.06901
1365.13 3.06933
1367.11 3.06964
1369.09 3.06996
1371.07 3.07027
1373.05 3.07058
1375.03 3.0709
1377.01 3.07121
1378.99 3.07152
1380.97 3.07183
1382.95 3.07214
1384.94 3.07245
1386.92 3.07276
1388.9 3.07307
1390.88 3.07338
1392.86 3.07369
1394.85 3.074
1396.83 3.07431
1398.81 3.07462
1400.8 3.07492
1402.78 3.07523
1404.76 3.07553
1406.75 3.07584
1408.73 3.07615
1410.71 3.07645
1412.7 3.07675
1414.68 3.07706
1416.67 3.07736
1418.65 3.07766
1420.64 3.07797
1422.62 3.07827
1424.61 3.07857
1426.59 3.07887
1428.58 3.07917
1430.57 3.07947
1432.55 3.07977
1434.54 3.08007
1436.53 3.08037
1438.51 3.08067
1440.5 3.08097
1442.49 3.08127
1444.47 3.08156
1446.46 3.08186
1448.45 3.08216
1450.44 3.08245
1452.43 3.08275
1454.41 3.08304
1456.4 3.08334
1458.39 3.08363
1460.38 3.08393
1462.37 3.08422
1464.36 3.08451
1466.35 3.08481
1468.34 3.0851
1470.33 3.08539
1472.32 3.08568
1474.31 3.08597
1476.3 3.08626
1478.29 3.08655
1480.28 3.08684
1482.27 3.08713
1484.27 3.08742
1486.26 3.08771
1488.25 3.088
1490.24 3.08829
1492.23 3.08858
1494.23 3.08886
1496.22 3.08915
1498.21 3.08944
1500.2 3.08972
1502.2 3.09001
1504.19 3.09029
1506.18 3.09058
1508.18 3.09086
1510.17 3.09115
1512.17 3.09143
1514.16 3.09171
1516.15 3.092
1518.15 3.09228
1520.14 3.09256
1522.14 3.09284
1524.13 3.09312
1526.13 3.0934
1528.13 3.09368
1530.12 3.09396
1532.12 3.09424
1534.11 3.09452
1536.11 3.0948
1538.11 3.09508
1540.1 3.09536
1542.1 3.09564
1544.1 3.09591
1546.09 3.09619
1548.09 3.09647
1550.09 3.09675
1552.09 3.09702
1554.08 3.0973
1556.08 3.09757
1558.08 3.09785
1560.08 3.09812
1562.08 3.0984
1564.08 3.09867
1566.08 3.09894
1568.08 3.09922
1570.08 3.09949
1572.08 3.09976
1574.08 3.10003
1576.08 3.10031
1578.08 3.10058
1580.08 3.10085
1582.08 3.10112
1584.08 3.10139
1586.08 3.10166
1588.08 3.10193
1590.08 3.1022
1592.08 3.10247
1594.08 3.10274
1596.09 3.103
1598.09 3.10327
1600.09 3.10354
1602.09 3.10381
1604.09 3.10407
1606.1 3.10434
1608.1 3.1046
1610.1 3.10487
1612.11 3.10514
1614.11 3.1054
1616.11 3.10567
1618.12 3.10593
1620.12 3.10619
1622.13 3.10646
1624.13 3.10672
1626.13 3.10698
1628.14 3.10725
1630.14 3.10751
1632.15 3.10777
1634.15 3.10803
1636.16 3.10829
1638.16 3.10856
1640.17 3.10882
1642.18 3.10908
1644.18 3.10934
1646.19 3.1096
1648.19 3.10986
1650.2 3.11011
1652.21 3.11037
1654.22 3.11063
1656.22 3.11089
1658.23 3.11115
1660.24 3.1114
1662.24 3.11166
1664.25 3.11192
1666.26 3.11218
1668.27 3.11243
1670.28 3.11269
1672.29 3.11294
1674.29 3.1132
1676.3 3.11345
1678.31 3.11371
1680.32 3.11396
1682.33 3.11422
1684.34 3.11447
1686.35 3.11472
1688.36 3.11498
1690.37 3.11523
1692.38 3.11548
1694.39 3.11573
1696.4 3.11598
1698.41 3.11624
1700.42 3.11649
1702.43 3.11674
1704.44 3.11699
1706.45 3.11724
1708.47 3.11749
1710.48 3.11774
1712.49 3.11799
1714.5 3.11824
1716.51 3.11848
1718.53 3.11873
1720.54 3.11898
1722.55 3.11923
1724.56 3.11948
1726.58 3.11972
1728.59 3.11997
1730.6 3.12022
1732.62 3.12046
1734.63 3.12071
1736.64 3.12096
1738.66 3.1212
1740.67 3.12145
1742.69 3.12169
1744.7 3.12194
1746.72 3.12218
1748.73 3.12242
1750.75 3.12267
1752.76 3.12291
1754.78 3.12315
1756.79 3.1234
1758.81 3.12364
1760.82 3.12388
1762.84 3.12412
1764.85 3.12437
1766.87 3.12461
1768.89 3.12485
1770.9 3.12509
1772.92 3.12533
1774.94 3.12557
1776.95 3.12581
1778.97 3.12605
1780.99 3.12629
1783.01 3.12653
1785.02 3.12677
1787.04 3.127
1789.06 3.12724
1791.08 3.12748
1793.1 3.12772
1795.12 3.12796
1797.13 3.12819
1799.15 3.12843
1801.17 3.12867
1803.19 3.1289
1805.21 3.12914
1807.23 3.12937
1809.25 3.12961
1811.27 3.12985
1813.29 3.13008
1815.31 3.13032
1817.33 3.13055
1819.35 3.13078
1821.37 3.13102
1823.39 3.13125
1825.41 3.13148
1827.43 3.13172
1829.45 3.13195
1831.47 3.13218
1833.5 3.13242
1835.52 3.13265
1837.54 3.13288
1839.56 3.13311
1841.58 3.13334
1843.61 3.13357
1845.63 3.1338
1847.65 3.13403
1849.67 3.13426
1851.7 3.13449
1853.72 3.13472
1855.74 3.13495
1857.77 3.13518
1859.79 3.13541
1861.81 3.13564
1863.84 3.13587
1865.86 3.1361
1867.88 3.13632
1869.91 3.13655
1871.93 3.13678
1873.96 3.13701
1875.98 3.13723
1878.01 3.13746
1880.03 3.13769
1882.06 3.13791
1884.08 3.13814
1886.11 3.13836
1888.13 3.13859
1890.16 3.13881
1892.19 3.13904
1894.21 3.13926
1896.24 3.13949
1898.26 3.13971
1900.29 3.13994
1902.32 3.14016
1904.34 3.14038
1906.37 3.14061
1908.4 3.14083
1910.42 3.14105
1912.45 3.14127
1914.48 3.1415
1916.51 3.14172
1918.54 3.14194
1920.56 3.14216
1922.59 3.14238
1924.62 3.1426
1926.65 3.14282
1928.68 3.14305
1930.7 3.14327
1932.73 3.14349
1934.76 3.14371
1936.79 3.14393
1938.82 3.14414
1940.85 3.14436
1942.88 3.14458
1944.91 3.1448
1946.94 3.14502
1948.97 3.14524
1951 3.14546
1953.03 3.14567
1955.06 3.14589
1957.09 3.14611
1959.12 3.14632
1961.15 3.14654
1963.18 3.14676
1965.21 3.14697
1967.25 3.14719
1969.28 3.14741
1971.31 3.14762
1973.34 3.14784
1975.37 3.14805
1977.41 3.14827
1979.44 3.14848
1981.47 3.1487
1983.5 3.14891
1985.53 3.14912
1987.57 3.14934
1989.6 3.14955
1991.63 3.14976
1993.67 3.14998
1995.7 3.15019
1997.73 3.1504
1999.77 3.15061
2001.8 3.15083
2003.83 3.15104
2005.87 3.15125
2007.9 3.15146
2009.94 3.15167
2011.97 3.15188
2014.01 3.1521
2016.04 3.15231
2018.08 3.15252
2020.11 3.15273
2022.15 3.15294
2024.18 3.15315
2026.22 3.15336
2028.25 3.15356
2030.29 3.15377
2032.32 3.15398
2034.36 3.15419
2036.4 3.1544
2038.43 3.15461
2040.47 3.15482
2042.51 3.15502
2044.54 3.15523
2046.58 3.15544
2048.62 3.15565
2050.65 3.15585
2052.69 3.15606
2054.73 3.15627
2056.76 3.15647
2058.8 3.15668
2060.84 3.15688
2062.88 3.15709
2064.92 3.15729
2066.95 3.1575
2068.99 3.1577
2071.03 3.15791
2073.07 3.15811
2075.11 3.15832
2077.15 3.15852
2079.19 3.15873
2081.23 3.15893
2083.26 3.15913
2085.3 3.15934
2087.34 3.15954
2089.38 3.15974
2091.42 3.15995
2093.46 3.16015
2095.5 3.16035
2097.54 3.16055
2099.58 3.16075
2101.62 3.16096
2103.67 3.16116
2105.71 3.16136
2107.75 3.16156
2109.79 3.16176
2111.83 3.16196
2113.87 3.16216
2115.91 3.16236
2117.95 3.16256
2120 3.16276
2122.04 3.16296
2124.08 3.16316
2126.12 3.16336
2128.16 3.16356
2130.21 3.16376
2132.25 3.16396
2134.29 3.16416
2136.33 3.16435
2138.38 3.16455
2140.42 3.16475
2142.46 3.16495
2144.51 3.16515
2146.55 3.16534
2148.59 3.16554
2150.64 3.16574
2152.68 3.16593
2154.72 3.16613
2156.77 3.16633
2158.81 3.16652
2160.86 3.16672
2162.9 3.16692
2164.95 3.16711
2166.99 3.16731
2169.04 3.1675
2171.08 3.1677
2173.13 3.16789
2175.17 3.16809
2177.22 3.16828
2179.26 3.16847
2181.31 3.16867
2183.35 3.16886
2185.4 3.16906
2187.45 3.16925
2189.49 3.16944
2191.54 3.16964
2193.58 3.16983
2195.63 3.17002
2197.68 3.17022
2199.72 3.17041
2201.77 3.1706
2203.82 3.17079
2205.87 3.17098
2207.91 3.17118
2209.96 3.17137
2212.01 3.17156
2214.06 3.17175
2216.1 3.17194
2218.15 3.17213
2220.2 3.17232
2222.25 3.17251
2224.3 3.1727
2226.34 3.17289
2228.39 3.17308
2230.44 3.17327
2232.49 3.17346
2234.54 3.17365
2236.59 3.17384
2238.64 3.17403
2240.69 3.17422
2242.74 3.17441
2244.79 3.17459
2246.84 3.17478
2248.89 3.17497
2250.94 3.17516
2252.99 3.17535
2255.04 3.17553
2257.09 3.17572
2259.14 3.17591
2261.19 3.1761
2263.24 3.17628
2265.29 3.17647
2267.34 3.17666
2269.39 3.17684
2271.44 3.17703
2273.49 3.17721
2275.55 3.1774
2277.6 3.17759
2279.65 3.17777
2281.7 3.17796
2283.75 3.17814
2285.8 3.17833
2287.86 3.17851
2289.91 3.1787
2291.96 3.17888
2294.01 3.17906
2296.07 3.17925
2298.12 3.17943
2300.17 3.17962
2302.23 3.1798
2304.28 3.17998
2306.33 3.18017
2308.39 3.18035
2310.44 3.18053
2312.49 3.18072
2314.55 3.1809
2316.6 3.18108
2318.65 3.18126
2320.71 3.18144
2322.76 3.18163
2324.82 3.18181
2326.87 3.18199
2328.93 3.18217
2330.98 3.18235
2333.04 3.18253
2335.09 3.18271
2337.15 3.18289
2339.2 3.18308
2341.26 3.18326
2343.31 3.18344
2345.37 3.18362
2347.42 3.1838
2349.48 3.18398
2351.54 3.18416
2353.59 3.18433
2355.65 3.18451
2357.7 3.18469
2359.76 3.18487
2361.82 3.18505
2363.87 3.18523
2365.93 3.18541
2367.99 3.18559
2370.04 3.18576
2372.1 3.18594
2374.16 3.18612
2376.22 3.1863
2378.27 3.18648
2380.33 3.18665
2382.39 3.18683
2384.45 3.18701
2386.51 3.18718
2388.56 3.18736
2390.62 3.18754
2392.68 3.18771
2394.74 3.18789
2396.8 3.18807
2398.86 3.18824
2400.91 3.18842
2402.97 3.18859
2405.03 3.18877
2407.09 3.18894
2409.15 3.18912
2411.21 3.1893
2413.27 3.18947
2415.33 3.18964
2417.39 3.18982
2419.45 3.18999
2421.51 3.19017
2423.57 3.19034
2425.63 3.19052
2427.69 3.19069
2429.75 3.19086
2431.81 3.19104
2433.87 3.19121
2435.93 3.19138
2437.99 3.19156
2440.05 3.19173
2442.12 3.1919
2444.18 3.19207
2446.24 3.19225
2448.3 3.19242
2450.36 3.19259
2452.42 3.19276
2454.48 3.19293
2456.55 3.19311
2458.61 3.19328
2460.67 3.19345
2462.73 3.19362
2464.8 3.19379
2466.86 3.19396
2468.92 3.19413
2470.98 3.1943
2473.05 3.19447
2475.11 3.19464
2477.17 3.19481
2479.24 3.19498
2481.3 3.19515
2483.36 3.19532
2485.43 3.19549
2487.49 3.19566
2489.55 3.19583
2491.62 3.196
2493.68 3.19617
2495.75 3.19634
2497.81 3.19651
2499.87 3.19668
2501.94 3.19685
2504 3.19701
2506.07 3.19718
2508.13 3.19735
2510.2 3.19752
2512.26 3.19769
2514.33 3.19785
2516.39 3.19802
2518.46 3.19819
2520.52 3.19836
2522.59 3.19852
2524.66 3.19869
2526.72 3.19886
2528.79 3.19902
2530.85 3.19919
2532.92 3.19936
2534.99 3.19952
2537.05 3.19969
2539.12 3.19985
2541.18 3.20002
2543.25 3.20019
2545.32 3.20035
2547.39 3.20052
2549.45 3.20068
2551.52 3.20085
2553.59 3.20101
2555.65 3.20118
2557.72 3.20134
2559.79 3.2015
2561.86 3.20167
2563.92 3.20183
2565.99 3.202
2568.06 3.20216
2570.13 3.20233
2572.2 3.20249
2574.26 3.20265
2576.33 3.20282
2578.4 3.20298
2580.47 3.20314
2582.54 3.20331
2584.61 3.20347
2586.68 3.20363
2588.75 3.20379
2590.82 3.20396
2592.88 3.20412
2594.95 3.20428
2597.02 3.20444
2599.09 3.2046
2601.16 3.20477
2603.23 3.20493
2605.3 3.20509
2607.37 3.20525
2609.44 3.20541
2611.51 3.20557
2613.58 3.20573
2615.65 3.2059
2617.72 3.20606
2619.8 3.20622
2621.87 3.20638
2623.94 3.20654
2626.01 3.2067
2628.08 3.20686
2630.15 3.20702
2632.22 3.20718
2634.29 3.20734
2636.36 3.2075
2638.44 3.20766
2640.51 3.20782
2642.58 3.20797
2644.65 3.20813
2646.72 3.20829
2648.8 3.20845
2650.87 3.20861
2652.94 3.20877
2655.01 3.20893
2657.09 3.20909
2659.16 3.20924
2661.23 3.2094
2663.3 3.20956
2665.38 3.20972
2667.45 3.20988
2669.52 3.21003
2671.6 3.21019
2673.67 3.21035
2675.74 3.2105
2677.82 3.21066
2679.89 3.21082
2681.97 3.21098
2684.04 3.21113
2686.11 3.21129
2688.19 3.21144
2690.26 3.2116
2692.34 3.21176
2694.41 3.21191
2696.49 3.21207
2698.56 3.21222
2700.64 3.21238
2702.71 3.21254
2704.79 3.21269
2706.86 3.21285
2708.94 3.213
2711.01 3.21316
2713.09 3.21331
2715.16 3.21347
2717.24 3.21362
2719.31 3.21378
2721.39 3.21393
2723.47 3.21408
2725.54 3.21424
2727.62 3.21439
2729.69 3.21455
2731.77 3.2147
2733.85 3.21485
2735.92 3.21501
2738 3.21516
2740.08 3.21531
2742.15 3.21547
2744.23 3.21562
2746.31 3.21577
2748.38 3.21593
2750.46 3.21608
2752.54 3.21623
2754.62 3.21638
2756.69 3.21654
2758.77 3.21669
2760.85 3.21684
2762.93 3.21699
2765.01 3.21715
2767.08 3.2173
2769.16 3.21745
2771.24 3.2176
2773.32 3.21775
2775.4 3.2179
2777.48 3.21805
2779.55 3.21821
2781.63 3.21836
2783.71 3.21851
2785.79 3.21866
2787.87 3.21881
2789.95 3.21896
2792.03 3.21911
2794.11 3.21926
2796.19 3.21941
2798.27 3.21956
2800.35 3.21971
2802.43 3.21986
2804.51 3.22001
2806.59 3.22016
2808.67 3.22031
2810.75 3.22046
2812.83 3.22061
2814.91 3.22076
2816.99 3.22091
2819.07 3.22105
2821.15 3.2212
2823.23 3.22135
2825.31 3.2215
2827.39 3.22165
2829.47 3.2218
2831.55 3.22195
2833.64 3.22209
2835.72 3.22224
2837.8 3.22239
2839.88 3.22254
2841.96 3.22268
2844.04 3.22283
2846.13 3.22298
2848.21 3.22313
2850.29 3.22327
2852.37 3.22342
2854.45 3.22357
2856.54 3.22372
2858.62 3.22386
2860.7 3.22401
2862.78 3.22416
2864.87 3.2243
2866.95 3.22445
2869.03 3.22459
2871.12 3.22474
2873.2 3.22489
2875.28 3.22503
2877.37 3.22518
2879.45 3.22532
2881.53 3.22547
2883.62 3.22561
2885.7 3.22576
2887.78 3.22591
2889.87 3.22605
2891.95 3.2262
2894.04 3.22634
2896.12 3.22649
2898.2 3.22663
2900.29 3.22677
2902.37 3.22692
2904.46 3.22706
2906.54 3.22721
2908.63 3.22735
2910.71 3.2275
2912.8 3.22764
2914.88 3.22778
2916.97 3.22793
2919.05 3.22807
2921.14 3.22821
2923.22 3.22836
2925.31 3.2285
2927.4 3.22864
2929.48 3.22879
2931.57 3.22893
2933.65 3.22907
2935.74 3.22922
2937.83 3.22936
2939.91 3.2295
2942 3.22964
2944.08 3.22979
2946.17 3.22993
2948.26 3.23007
2950.34 3.23021
2952.43 3.23035
2954.52 3.2305
2956.6 3.23064
2958.69 3.23078
2960.78 3.23092
2962.87 3.23106
2964.95 3.2312
2967.04 3.23135
2969.13 3.23149
2971.22 3.23163
2973.3 3.23177
2975.39 3.23191
2977.48 3.23205
2979.57 3.23219
2981.66 3.23233
2983.74 3.23247
2985.83 3.23261
2987.92 3.23275
2990.01 3.23289
2992.1 3.23303
2994.19 3.23317
2996.28 3.23331
2998.36 3.23345
3000.45 3.23359
3002.54 3.23373
3004.63 3.23387
3006.72 3.23401
3008.81 3.23415
3010.9 3.23429
3012.99 3.23443
3015.08 3.23457
3017.17 3.2347
3019.26 3.23484
3021.35 3.23498
3023.44 3.23512
3025.53 3.23526
3027.62 3.2354
3029.71 3.23554
3031.8 3.23567
3033.89 3.23581
3035.98 3.23595
3038.07 3.23609
3040.16 3.23623
3042.25 3.23636
3044.34 3.2365
3046.43 3.23664
3048.53 3.23678
3050.62 3.23691
3052.71 3.23705
3054.8 3.23719
3056.89 3.23732
3058.98 3.23746
3061.07 3.2376
3063.17 3.23773
3065.26 3.23787
3067.35 3.23801
3069.44 3.23814
3071.53 3.23828
3073.63 3.23842
3075.72 3.23855
3077.81 3.23869
3079.9 3.23882
3082 3.23896
3084.09 3.2391
3086.18 3.23923
3088.27 3.23937
3090.37 3.2395
3092.46 3.23964
3094.55 3.23977
3096.65 3.23991
3098.74 3.24004
3100.83 3.24018
3102.93 3.24031
3105.02 3.24045
3107.11 3.24058
3109.21 3.24072
3111.3 3.24085
3113.39 3.24099
3115.49 3.24112
3117.58 3.24125
3119.68 3.24139
3121.77 3.24152
3123.86 3.24166
3125.96 3.24179
3128.05 3.24192
3130.15 3.24206
3132.24 3.24219
3134.34 3.24232
3136.43 3.24246
3138.53 3.24259
3140.62 3.24272
3142.72 3.24286
3144.81 3.24299
3146.91 3.24312
3149 3.24326
3151.1 3.24339
3153.2 3.24352
3155.29 3.24365
3157.39 3.24379
3159.48 3.24392
3161.58 3.24405
3163.67 3.24418
3165.77 3.24431
3167.87 3.24445
3169.96 3.24458
3172.06 3.24471
3174.16 3.24484
3176.25 3.24497
3178.35 3.24511
3180.45 3.24524
3182.54 3.24537
3184.64 3.2455
3186.74 3.24563
3188.83 3.24576
3190.93 3.24589
3193.03 3.24602
3195.13 3.24615
3197.22 3.24629
3199.32 3.24642
3201.42 3.24655
3203.52 3.24668
3205.61 3.24681
3207.71 3.24694
3209.81 3.24707
3211.91 3.2472
3214.01 3.24733
3216.1 3.24746
3218.2 3.24759
3220.3 3.24772
3222.4 3.24785
3224.5 3.24798
3226.6 3.24811
3228.7 3.24824
3230.79 3.24837
3232.89 3.24849
3234.99 3.24862
3237.09 3.24875
3239.19 3.24888
3241.29 3.24901
3243.39 3.24914
3245.49 3.24927
3247.59 3.2494
3249.69 3.24953
3251.79 3.24965
3253.89 3.24978
3255.99 3.24991
3258.09 3.25004
3260.19 3.25017
3262.29 3.2503
3264.39 3.25042
3266.49 3.25055
3268.59 3.25068
3270.69 3.25081
3272.79 3.25093
3274.89 3.25106
3276.99 3.25119
3279.09 3.25132
3281.19 3.25144
3283.29 3.25157
3285.39 3.2517
3287.49 3.25183
3289.6 3.25195
3291.7 3.25208
3293.8 3.25221
3295.9 3.25233
3298 3.25246
3300.1 3.25259
3302.21 3.25271
3304.31 3.25284
3306.41 3.25296
3308.51 3.25309
3310.61 3.25322
3312.71 3.25334
3314.82 3.25347
3316.92 3.2536
3319.02 3.25372
3321.12 3.25385
3323.23 3.25397
3325.33 3.2541
3327.43 3.25422
3329.53 3.25435
3331.64 3.25447
3333.74 3.2546
3335.84 3.25472
3337.95 3.25485
3340.05 3.25497
3342.15 3.2551
3344.26 3.25522
3346.36 3.25535
3348.46 3.25547
3350.57 3.2556
3352.67 3.25572
3354.78 3.25585
3356.88 3.25597
3358.98 3.2561
3361.09 3.25622
3363.19 3.25634
3365.3 3.25647
3367.4 3.25659
3369.5 3.25672
3371.61 3.25684
3373.71 3.25696
3375.82 3.25709
3377.92 3.25721
3380.03 3.25733
3382.13 3.25746
3384.24 3.25758
3386.34 3.2577
3388.45 3.25783
3390.55 3.25795
3392.66 3.25807
3394.76 3.2582
3396.87 3.25832
3398.97 3.25844
3401.08 3.25856
3403.19 3.25869
3405.29 3.25881
3407.4 3.25893
3409.5 3.25905
3411.61 3.25918
3413.72 3.2593
3415.82 3.25942
3417.93 3.25954
3420.03 3.25966
3422.14 3.25979
3424.25 3.25991
3426.35 3.26003
3428.46 3.26015
3430.57 3.26027
3432.67 3.26039
3434.78 3.26052
3436.89 3.26064
3439 3.26076
3441.1 3.26088
3443.21 3.261
3445.32 3.26112
3447.43 3.26124
3449.53 3.26136
3451.64 3.26148
3453.75 3.2616
3455.86 3.26173
3457.96 3.26185
3460.07 3.26197
3462.18 3.26209
3464.29 3.26221
3466.4 3.26233
3468.5 3.26245
3470.61 3.26257
3472.72 3.26269
3474.83 3.26281
3476.94 3.26293
3479.05 3.26305
3481.15 3.26317
3483.26 3.26329
3485.37 3.26341
3487.48 3.26353
3489.59 3.26365
3491.7 3.26377
3493.81 3.26388
3495.92 3.264
3498.03 3.26412
3500.14 3.26424
3502.25 3.26436
3504.36 3.26448
3506.47 3.2646
3508.58 3.26472
3510.69 3.26484
3512.79 3.26495
3514.9 3.26507
3517.01 3.26519
3519.13 3.26531
3521.24 3.26543
3523.35 3.26555
3525.46 3.26567
3527.57 3.26578
3529.68 3.2659
3531.79 3.26602
3533.9 3.26614
3536.01 3.26625
3538.12 3.26637
3540.23 3.26649
3542.34 3.26661
3544.45 3.26673
3546.56 3.26684
3548.68 3.26696
3550.79 3.26708
3552.9 3.26719
3555.01 3.26731
3557.12 3.26743
3559.23 3.26755
3561.34 3.26766
3563.46 3.26778
3565.57 3.2679
3567.68 3.26801
3569.79 3.26813
3571.9 3.26825
3574.02 3.26836
3576.13 3.26848
3578.24 3.2686
3580.35 3.26871
3582.47 3.26883
3584.58 3.26894
3586.69 3.26906
3588.8 3.26918
3590.92 3.26929
3593.03 3.26941
3595.14 3.26952
3597.25 3.26964
3599.37 3.26976
3601.48 3.26987
3603.59 3.26999
3605.71 3.2701
3607.82 3.27022
3609.93 3.27033
3612.05 3.27045
3614.16 3.27056
3616.28 3.27068
3618.39 3.27079
3620.5 3.27091
3622.62 3.27102
3624.73 3.27114
3626.84 3.27125
3628.96 3.27137
3631.07 3.27148
3633.19 3.2716
3635.3 3.27171
3637.42 3.27183
3639.53 3.27194
3641.65 3.27206
3643.76 3.27217
3645.88 3.27228
3647.99 3.2724
3650.11 3.27251
3652.22 3.27263
3654.34 3.27274
3656.45 3.27285
3658.57 3.27297
3660.68 3.27308
3662.8 3.27319
3664.91 3.27331
3667.03 3.27342
3669.14 3.27354
3671.26 3.27365
3673.37 3.27376
3675.49 3.27387
3677.61 3.27399
3679.72 3.2741
3681.84 3.27421
3683.95 3.27433
3686.07 3.27444
3688.19 3.27455
3690.3 3.27467
3692.42 3.27478
3694.54 3.27489
3696.65 3.275
3698.77 3.27512
3700.89 3.27523
3703 3.27534
3705.12 3.27545
3707.24 3.27557
3709.35 3.27568
3711.47 3.27579
3713.59 3.2759
3715.71 3.27601
3717.82 3.27613
3719.94 3.27624
3722.06 3.27635
3724.18 3.27646
3726.29 3.27657
3728.41 3.27668
3730.53 3.2768
3732.65 3.27691
3734.76 3.27702
3736.88 3.27713
3739 3.27724
3741.12 3.27735
3743.24 3.27746
3745.35 3.27757
3747.47 3.27768
3749.59 3.2778
3751.71 3.27791
3753.83 3.27802
3755.95 3.27813
3758.07 3.27824
3760.19 3.27835
3762.3 3.27846
3764.42 3.27857
3766.54 3.27868
3768.66 3.27879
3770.78 3.2789
3772.9 3.27901
3775.02 3.27912
3777.14 3.27923
3779.26 3.27934
3781.38 3.27945
3783.5 3.27956
3785.62 3.27967
3787.74 3.27978
3789.86 3.27989
3791.98 3.28
3794.1 3.28011
3796.22 3.28022
3798.34 3.28033
3800.46 3.28044
3802.58 3.28055
3804.7 3.28066
3806.82 3.28077
3808.94 3.28088
3811.06 3.28098
3813.18 3.28109
3815.3 3.2812
3817.42 3.28131
3819.54 3.28142
3821.66 3.28153
3823.78 3.28164
3825.91 3.28175
3828.03 3.28185
3830.15 3.28196
3832.27 3.28207
3834.39 3.28218
3836.51 3.28229
3838.63 3.2824
3840.76 3.2825
3842.88 3.28261
3845 3.28272
3847.12 3.28283
3849.24 3.28294
3851.36 3.28304
3853.49 3.28315
3855.61 3.28326
3857.73 3.28337
3859.85 3.28348
3861.98 3.28358
3864.1 3.28369
3866.22 3.2838
3868.34 3.28391
3870.47 3.28401
3872.59 3.28412
3874.71 3.28423
3876.83 3.28433
3878.96 3.28444
3881.08 3.28455
3883.2 3.28466
3885.33 3.28476
3887.45 3.28487
3889.57 3.28498
3891.7 3.28508
