0 0
0.0862319 -0.0506366
0.167413 -0.101251
0.24356 -0.15182
0.314689 -0.202321
0.380822 -0.252731
0.44198 -0.303025
0.49819 -0.353181
0.549479 -0.403174
0.595876 -0.45298
0.637412 -0.502576
0.674123 -0.551937
0.706043 -0.60104
0.733211 -0.649862
0.755667 -0.698379
0.773452 -0.746569
0.78661 -0.794408
0.795184 -0.841877
0.799223 -0.888952
0.798773 -0.935615
0.793884 -0.981844
0.784607 -1.02762
0.770992 -1.07293
0.753092 -1.11775
0.730961 -1.16207
0.704654 -1.20586
0.674224 -1.24913
0.639728 -1.29184
0.601222 -1.334
0.558763 -1.37559
0.512408 -1.4166
0.462213 -1.45703
0.408238 -1.49685
0.350539 -1.53608
0.289174 -1.57469
0.224201 -1.6127
0.155678 -1.65009
0.0836629 -1.68686
0.00821247 -1.72301
-0.0706159 -1.75855
-0.152765 -1.79347
-0.238179 -1.82777
-0.326801 -1.86146
-0.418575 -1.89453
-0.513447 -1.927
-0.611361 -1.95887
-0.712264 -1.99014
-0.816101 -2.02083
-0.922821 -2.05092
-1.03237 -2.08044
-1.1447 -2.10939
-1.25975 -2.13778
-1.37748 -2.16561
-1.49783 -2.1929
-1.62077 -2.21965
-1.74623 -2.24587
-1.87418 -2.27158
-2.00456 -2.29677
-2.13734 -2.32147
-2.27246 -2.34567
-2.40988 -2.36939
-2.54956 -2.39264
-2.69146 -2.41543
-2.83553 -2.43777
-2.98173 -2.45967
-3.13003 -2.48113
-3.28038 -2.50216
-3.43274 -2.52279
-3.58709 -2.543
-3.74337 -2.56283
-3.90156 -2.58226
-4.06162 -2.60132
-4.22351 -2.62
-4.3872 -2.63833
-4.55267 -2.6563
-4.71986 -2.67393
-4.88876 -2.69122
-5.05933 -2.70819
-5.23155 -2.72484
-5.40537 -2.74117
-5.58078 -2.7572
-5.75775 -2.77293
-5.93624 -2.78837
-6.11623 -2.80352
-6.2977 -2.8184
-6.48061 -2.83301
-6.66495 -2.84736
-6.85068 -2.86145
-7.03779 -2.87529
-7.22625 -2.88888
-7.41603 -2.90224
-7.60712 -2.91536
-7.79949 -2.92826
-7.99312 -2.94093
-8.18799 -2.95338
-8.38408 -2.96563
-8.58137 -2.97766
-8.77984 -2.9895
-8.97947 -3.00113
-9.18024 -3.01258
-9.38214 -3.02384
-9.58513 -3.03491
-9.78922 -3.0458
-9.99438 -3.05652
-10.2006 -3.06707
-10.4078 -3.07745
-10.6161 -3.08767
-10.8254 -3.09772
-11.0356 -3.10763
-11.2469 -3.11737
-11.4591 -3.12697
-11.6722 -3.13643
-11.8863 -3.14574
-12.1013 -3.15491
-12.3172 -3.16394
-12.534 -3.17284
-12.7517 -3.18162
-12.9702 -3.19026
-13.1896 -3.19878
-13.4098 -3.20717
-13.6309 -3.21545
-13.8527 -3.22361
-14.0754 -3.23165
-14.2989 -3.23959
-14.5232 -3.24741
-14.7482 -3.25513
-14.974 -3.26273
-15.2006 -3.27024
-15.4279 -3.27765
-15.6559 -3.28495
-15.8847 -3.29216
-16.1141 -3.29928
-16.3443 -3.3063
-16.5752 -3.31323
-16.8067 -3.32007
-17.039 -3.32682
-17.2719 -3.33349
-17.5054 -3.34007
-17.7397 -3.34657
-17.9745 -3.35299
-18.21 -3.35933
-18.4462 -3.36559
-18.6829 -3.37177
-18.9203 -3.37788
-19.1582 -3.38392
-19.3968 -3.38988
-19.636 -3.39577
-19.8757 -3.40159
-20.116 -3.40735
-20.3569 -3.41303
-20.5984 -3.41865
-20.8404 -3.42421
-21.083 -3.4297
-21.3261 -3.43513
-21.5698 -3.4405
-21.814 -3.44581
-22.0587 -3.45106
-22.3039 -3.45625
-22.5497 -3.46138
-22.7959 -3.46646
-23.0427 -3.47148
-23.29 -3.47645
-23.5377 -3.48136
-23.786 -3.48622
-24.0347 -3.49103
-24.284 -3.49579
-24.5336 -3.5005
-24.7838 -3.50516
-25.0344 -3.50977
-25.2855 -3.51434
-25.537 -3.51885
-25.789 -3.52332
-26.0415 -3.52775
-26.2943 -3.53213
-26.5476 -3.53647
-26.8014 -3.54077
-27.0555 -3.54502
-27.3101 -3.54923
-27.5651 -3.5534
-27.8206 -3.55753
-28.0764 -3.56162
-28.3327 -3.56567
-28.5893 -3.56968
-28.8463 -3.57365
-29.1038 -3.57759
-29.3616 -3.58149
-29.6198 -3.58535
-29.8785 -3.58918
-30.1374 -3.59297
-30.3968 -3.59673
-30.6566 -3.60045
-30.9167 -3.60414
-31.1771 -3.60779
-31.438 -3.61142
-31.6992 -3.61501
-31.9608 -3.61856
-32.2227 -3.62209
-32.485 -3.62559
-32.7476 -3.62905
-33.0105 -3.63249
-33.2738 -3.63589
-33.5375 -3.63927
-33.8015 -3.64262
-34.0658 -3.64594
-34.3304 -3.64923
-34.5954 -3.65249
-34.8607 -3.65573
-35.1263 -3.65894
-35.3923 -3.66212
-35.6585 -3.66528
-35.9251 -3.66841
-36.192 -3.67151
-36.4592 -3.67459
-36.7267 -3.67765
-36.9945 -3.68068
-37.2626 -3.68368
-37.5311 -3.68666
-37.7998 -3.68962
-38.0688 -3.69256
-38.3381 -3.69547
-38.6077 -3.69836
-38.8775 -3.70123
-39.1477 -3.70407
-39.4181 -3.70689
-39.6889 -3.7097
-39.9599 -3.71248
-40.2312 -3.71524
-40.5027 -3.71797
-40.7746 -3.72069
-41.0467 -3.72339
-41.319 -3.72607
-41.5917 -3.72872
-41.8646 -3.73136
-42.1378 -3.73398
-42.4112 -3.73658
-42.6849 -3.73916
-42.9588 -3.74172
-43.233 -3.74427
-43.5075 -3.74679
-43.7822 -3.7493
-44.0572 -3.75179
-44.3324 -3.75426
-44.6078 -3.75671
-44.8835 -3.75915
-45.1595 -3.76157
-45.4357 -3.76398
-45.7121 -3.76636
-45.9888 -3.76873
-46.2657 -3.77109
-46.5428 -3.77342
-46.8202 -3.77575
-47.0978 -3.77805
-47.3756 -3.78034
-47.6537 -3.78262
-47.9319 -3.78488
-48.2105 -3.78713
-48.4892 -3.78936
-48.7682 -3.79157
-49.0473 -3.79377
-49.3267 -3.79596
-49.6064 -3.79813
-49.8862 -3.80029
-50.1663 -3.80244
-50.4465 -3.80457
-50.727 -3.80669
-51.0077 -3.80879
-51.2886 -3.81088
-51.5697 -3.81296
-51.851 -3.81502
-52.1325 -3.81707
-52.4143 -3.81911
-52.6962 -3.82114
-52.9783 -3.82315
-53.2607 -3.82515
-53.5432 -3.82714
-53.8259 -3.82912
-54.1089 -3.83108
-54.392 -3.83303
-54.6753 -3.83497
-54.9588 -3.8369
-55.2425 -3.83882
-55.5264 -3.84073
-55.8105 -3.84262
-56.0948 -3.84451
-56.3793 -3.84638
-56.6639 -3.84824
-56.9488 -3.85009
-57.2338 -3.85193
-57.519 -3.85376
-57.8044 -3.85558
-58.09 -3.85738
-58.3757 -3.85918
-58.6617 -3.86097
-58.9478 -3.86275
-59.2341 -3.86451
-59.5205 -3.86627
-59.8072 -3.86802
-60.094 -3.86975
-60.381 -3.87148
-60.6682 -3.8732
-60.9555 -3.87491
-61.243 -3.87661
-61.5307 -3.87829
-61.8185 -3.87998
-62.1065 -3.88165
-62.3947 -3.88331
-62.683 -3.88496
-62.9716 -3.8866
-63.2602 -3.88824
-63.5491 -3.88987
-63.8381 -3.89148
-64.1272 -3.89309
-64.4165 -3.89469
-64.706 -3.89628
-64.9957 -3.89787
-65.2855 -3.89944
-65.5754 -3.90101
-65.8655 -3.90257
-66.1558 -3.90412
-66.4462 -3.90566
-66.7368 -3.90719
-67.0275 -3.90872
-67.3184 -3.91024
-67.6095 -3.91175
-67.9007 -3.91325
-68.192 -3.91475
-68.4835 -3.91624
-68.7751 -3.91772
-69.0669 -3.91919
-69.3588 -3.92066
-69.6509 -3.92211
-69.9431 -3.92357
-70.2355 -3.92501
-70.528 -3.92645
-70.8207 -3.92788
-71.1135 -3.9293
-71.4064 -3.93071
-71.6995 -3.93212
-71.9927 -3.93352
-72.2861 -3.93492
-72.5796 -3.93631
-72.8732 -3.93769
-73.167 -3.93906
-73.4609 -3.94043
-73.755 -3.94179
-74.0491 -3.94315
-74.3435 -3.9445
-74.6379 -3.94584
-74.9325 -3.94718
-75.2272 -3.94851
-75.5221 -3.94983
-75.8171 -3.95115
-76.1122 -3.95246
-76.4075 -3.95376
-76.7029 -3.95506
-76.9984 -3.95636
-77.294 -3.95764
-77.5898 -3.95892
-77.8857 -3.9602
-78.1817 -3.96147
-78.4779 -3.96273
-78.7742 -3.96399
-79.0706 -3.96524
-79.3671 -3.96649
-79.6638 -3.96773
-79.9605 -3.96897
-80.2574 -3.9702
-80.5545 -3.97142
-80.8516 -3.97264
-81.1489 -3.97386
-81.4463 -3.97506
-81.7438 -3.97627
-82.0414 -3.97746
-82.3392 -3.97866
-82.6371 -3.97985
-82.9351 -3.98103
-83.2332 -3.9822
-83.5314 -3.98338
-83.8297 -3.98454
-84.1282 -3.98571
-84.4268 -3.98686
-84.7255 -3.98802
-85.0243 -3.98916
-85.3232 -3.99031
-85.6222 -3.99144
-85.9214 -3.99258
-86.2206 -3.9937
-86.52 -3.99483
-86.8195 -3.99595
-87.1191 -3.99706
-87.4188 -3.99817
-87.7186 -3.99927
-88.0186 -4.00037
-88.3186 -4.00147
-88.6188 -4.00256
-88.919 -4.00365
-89.2194 -4.00473
-89.5199 -4.00581
-89.8205 -4.00688
-90.1212 -4.00795
-90.422 -4.00901
-90.7229 -4.01008
-91.0239 -4.01113
-91.325 -4.01218
-91.6262 -4.01323
-91.9275 -4.01427
-92.229 -4.01531
-92.5305 -4.01635
-92.8322 -4.01738
-93.1339 -4.01841
-93.4357 -4.01943
-93.7377 -4.02045
-94.0397 -4.02147
-94.3419 -4.02248
-94.6441 -4.02348
-94.9465 -4.02449
-95.249 -4.02549
-95.5515 -4.02648
-95.8542 -4.02747
-96.1569 -4.02846
-96.4598 -4.02945
-96.7627 -4.03043
-97.0658 -4.0314
-97.3689 -4.03238
-97.6721 -4.03335
-97.9755 -4.03431
-98.2789 -4.03527
-98.5825 -4.03623
-98.8861 -4.03719
-99.1898 -4.03814
-99.4936 -4.03908
-99.7975 -4.04003
-100.102 -4.04097
-100.406 -4.04191
-100.71 -4.04284
-101.014 -4.04377
-101.319 -4.0447
-101.623 -4.04562
-101.928 -4.04654
-102.232 -4.04746
-102.537 -4.04837
-102.842 -4.04928
-103.147 -4.05019
-103.452 -4.05109
-103.757 -4.05199
-104.062 -4.05289
-104.367 -4.05378
-104.673 -4.05467
-104.978 -4.05556
-105.284 -4.05644
-105.589 -4.05732
-105.895 -4.0582
-106.201 -4.05908
-106.507 -4.05995
-106.813 -4.06082
-107.119 -4.06168
-107.425 -4.06255
-107.731 -4.06341
-108.038 -4.06426
-108.344 -4.06512
-108.651 -4.06597
-108.957 -4.06681
-109.264 -4.06766
-109.571 -4.0685
-109.878 -4.06934
-110.185 -4.07018
-110.492 -4.07101
-110.799 -4.07184
-111.106 -4.07267
-111.413 -4.07349
-111.72 -4.07432
-112.028 -4.07513
-112.335 -4.07595
-112.643 -4.07677
-112.951 -4.07758
-113.258 -4.07838
-113.566 -4.07919
-113.874 -4.07999
-114.182 -4.08079
-114.49 -4.08159
-114.798 -4.08239
-115.107 -4.08318
-115.415 -4.08397
-115.723 -4.08476
-116.032 -4.08554
-116.34 -4.08632
-116.649 -4.0871
-116.958 -4.08788
-117.267 -4.08865
-117.575 -4.08942
-117.884 -4.09019
-118.193 -4.09096
-118.503 -4.09173
-118.812 -4.09249
-119.121 -4.09325
-119.43 -4.094
-119.74 -4.09476
-120.049 -4.09551
-120.359 -4.09626
-120.668 -4.09701
-120.978 -4.09775
-121.288 -4.0985
-121.598 -4.09924
-121.908 -4.09998
-122.218 -4.10071
-122.528 -4.10145
-122.838 -4.10218
-123.148 -4.10291
-123.458 -4.10363
-123.769 -4.10436
-124.079 -4.10508
-124.39 -4.1058
-124.7 -4.10652
-125.011 -4.10723
-125.322 -4.10795
-125.632 -4.10866
-125.943 -4.10937
-126.254 -4.11007
-126.565 -4.11078
-126.876 -4.11148
-127.187 -4.11218
-127.499 -4.11288
-127.81 -4.11358
-128.121 -4.11427
-128.433 -4.11496
-128.744 -4.11565
-129.056 -4.11634
-129.367 -4.11703
-129.679 -4.11771
-129.991 -4.11839
-130.303 -4.11907
-130.615 -4.11975
-130.927 -4.12043
-131.239 -4.1211
-131.551 -4.12177
-131.863 -4.12244
-132.175 -4.12311
-132.488 -4.12378
-132.8 -4.12444
-133.112 -4.1251
-133.425 -4.12576
-133.737 -4.12642
-134.05 -4.12708
-134.363 -4.12773
-134.676 -4.12839
-134.988 -4.12904
-135.301 -4.12969
-135.614 -4.13033
-135.927 -4.13098
-136.24 -4.13162
-136.554 -4.13226
-136.867 -4.1329
-137.18 -4.13354
-137.494 -4.13418
-137.807 -4.13481
-138.12 -4.13545
-138.434 -4.13608
-138.748 -4.1367
-139.061 -4.13733
-139.375 -4.13796
-139.689 -4.13858
-140.003 -4.1392
-140.317 -4.13982
-140.631 -4.14044
-140.945 -4.14106
-141.259 -4.14167
-141.573 -4.14229
-141.887 -4.1429
-142.201 -4.14351
-142.516 -4.14412
-142.83 -4.14472
-143.145 -4.14533
-143.459 -4.14593
-143.774 -4.14653
-144.088 -4.14713
-144.403 -4.14773
-144.718 -4.14833
-145.033 -4.14892
-145.348 -4.14952
-145.663 -4.15011
-145.978 -4.1507
-146.293 -4.15129
-146.608 -4.15188
-146.923 -4.15246
-147.238 -4.15305
-147.553 -4.15363
-147.869 -4.15421
-148.184 -4.15479
-148.5 -4.15537
-148.815 -4.15595
-149.131 -4.15652
-149.447 -4.15709
-149.762 -4.15767
-150.078 -4.15824
-150.394 -4.15881
-150.71 -4.15937
-151.026 -4.15994
-151.342 -4.1605
-151.658 -4.16107
-151.974 -4.16163
-152.29 -4.16219
-152.606 -4.16275
-152.922 -4.1633
-153.239 -4.16386
-153.555 -4.16442
-153.872 -4.16497
-154.188 -4.16552
-154.505 -4.16607
-154.821 -4.16662
-155.138 -4.16717
-155.455 -4.16771
-155.771 -4.16826
-156.088 -4.1688
-156.405 -4.16934
-156.722 -4.16988
-157.039 -4.17042
-157.356 -4.17096
-157.673 -4.1715
-157.99 -4.17203
-158.308 -4.17256
-158.625 -4.1731
-158.942 -4.17363
-159.26 -4.17416
-159.577 -4.17469
-159.894 -4.17521
-160.212 -4.17574
-160.529 -4.17626
-160.847 -4.17679
-161.165 -4.17731
-161.483 -4.17783
-161.8 -4.17835
-162.118 -4.17887
-162.436 -4.17939
-162.754 -4.1799
-163.072 -4.18042
-163.39 -4.18093
-163.708 -4.18144
-164.026 -4.18195
-164.344 -4.18246
-164.663 -4.18297
-164.981 -4.18348
-165.299 -4.18398
-165.618 -4.18449
-165.936 -4.18499
-166.255 -4.18549
-166.573 -4.18599
-166.892 -4.18649
-167.211 -4.18699
-167.529 -4.18749
-167.848 -4.18798
-168.167 -4.18848
-168.486 -4.18897
-168.805 -4.18947
-169.123 -4.18996
-169.442 -4.19045
-169.762 -4.19094
-170.081 -4.19143
-170.4 -4.19191
-170.719 -4.1924
-171.038 -4.19288
-171.357 -4.19337
-171.677 -4.19385
-171.996 -4.19433
-172.316 -4.19481
-172.635 -4.19529
-172.955 -4.19577
-173.274 -4.19624
-173.594 -4.19672
-173.914 -4.19719
-174.233 -4.19767
-174.553 -4.19814
-174.873 -4.19861
-175.193 -4.19908
-175.513 -4.19955
-175.833 -4.20002
-176.153 -4.20049
-176.473 -4.20095
-176.793 -4.20142
-177.113 -4.20188
-177.433 -4.20234
-177.753 -4.20281
-178.074 -4.20327
-178.394 -4.20373
-178.714 -4.20419
-179.035 -4.20464
-179.355 -4.2051
-179.676 -4.20556
-179.996 -4.20601
-180.317 -4.20646
-180.637 -4.20692
-180.958 -4.20737
-181.279 -4.20782
-181.6 -4.20827
-181.921 -4.20872
-182.241 -4.20917
-182.562 -4.20961
-182.883 -4.21006
-183.204 -4.2105
-183.525 -4.21095
-183.846 -4.21139
-184.168 -4.21183
-184.489 -4.21227
-184.81 -4.21271
-185.131 -4.21315
-185.453 -4.21359
-185.774 -4.21403
-186.095 -4.21446
-186.417 -4.2149
-186.738 -4.21533
-187.06 -4.21577
-187.381 -4.2162
-187.703 -4.21663
-188.025 -4.21706
-188.346 -4.21749
-188.668 -4.21792
-188.99 -4.21835
-189.312 -4.21877
-189.634 -4.2192
-189.956 -4.21963
-190.278 -4.22005
-190.6 -4.22047
-190.922 -4.2209
-191.244 -4.22132
-191.566 -4.22174
-191.888 -4.22216
-192.21 -4.22258
-192.532 -4.22299
-192.855 -4.22341
-193.177 -4.22383
-193.499 -4.22424
-193.822 -4.22466
-194.144 -4.22507
-194.467 -4.22548
-194.789 -4.22589
-195.112 -4.22631
-195.435 -4.22672
-195.757 -4.22713
-196.08 -4.22753
-196.403 -4.22794
-196.726 -4.22835
-197.048 -4.22875
-197.371 -4.22916
-197.694 -4.22956
-198.017 -4.22997
-198.34 -4.23037
-198.663 -4.23077
-198.986 -4.23117
-199.309 -4.23157
-199.633 -4.23197
-199.956 -4.23237
-200.279 -4.23277
-200.602 -4.23317
-200.926 -4.23356
-201.249 -4.23396
-201.572 -4.23435
-201.896 -4.23475
-202.219 -4.23514
-202.543 -4.23553
-202.866 -4.23592
-203.19 -4.23631
-203.514 -4.2367
-203.837 -4.23709
-204.161 -4.23748
-204.485 -4.23787
-204.808 -4.23825
-205.132 -4.23864
-205.456 -4.23902
-205.78 -4.23941
-206.104 -4.23979
-206.428 -4.24018
-206.752 -4.24056
-207.076 -4.24094
-207.4 -4.24132
-207.724 -4.2417
-208.048 -4.24208
-208.373 -4.24246
-208.697 -4.24284
-209.021 -4.24321
-209.346 -4.24359
-209.67 -4.24396
-209.994 -4.24434
-210.319 -4.24471
-210.643 -4.24509
-210.968 -4.24546
-211.292 -4.24583
-211.617 -4.2462
-211.941 -4.24657
-212.266 -4.24694
-212.591 -4.24731
-212.916 -4.24768
-213.24 -4.24805
-213.565 -4.24841
-213.89 -4.24878
-214.215 -4.24914
-214.54 -4.24951
-214.865 -4.24987
-215.19 -4.25024
-215.515 -4.2506
-215.84 -4.25096
-216.165 -4.25132
-216.49 -4.25168
-216.815 -4.25204
-217.14 -4.2524
-217.466 -4.25276
-217.791 -4.25312
-218.116 -4.25348
-218.442 -4.25383
-218.767 -4.25419
-219.092 -4.25455
-219.418 -4.2549
-219.743 -4.25525
-220.069 -4.25561
-220.394 -4.25596
-220.72 -4.25631
-221.046 -4.25666
-221.371 -4.25701
-221.697 -4.25736
-222.023 -4.25771
-222.348 -4.25806
-222.674 -4.25841
-223 -4.25876
-223.326 -4.2591
-223.652 -4.25945
-223.978 -4.2598
-224.304 -4.26014
-224.63 -4.26049
-224.956 -4.26083
-225.282 -4.26117
-225.608 -4.26151
-225.934 -4.26186
-226.26 -4.2622
-226.587 -4.26254
-226.913 -4.26288
-227.239 -4.26322
-227.566 -4.26356
-227.892 -4.26389
-228.218 -4.26423
-228.545 -4.26457
-228.871 -4.26491
-229.198 -4.26524
-229.524 -4.26558
-229.851 -4.26591
-230.177 -4.26624
-230.504 -4.26658
-230.831 -4.26691
-231.157 -4.26724
-231.484 -4.26757
-231.811 -4.26791
-232.138 -4.26824
-232.464 -4.26857
-232.791 -4.2689
-233.118 -4.26922
-233.445 -4.26955
-233.772 -4.26988
-234.099 -4.27021
-234.426 -4.27053
-234.753 -4.27086
-235.08 -4.27118
-235.407 -4.27151
-235.734 -4.27183
-236.062 -4.27216
-236.389 -4.27248
-236.716 -4.2728
-237.043 -4.27312
-237.371 -4.27344
-237.698 -4.27377
-238.025 -4.27409
-238.353 -4.2744
-238.68 -4.27472
-239.008 -4.27504
-239.335 -4.27536
-239.663 -4.27568
-239.99 -4.27599
-240.318 -4.27631
-240.646 -4.27663
-240.973 -4.27694
-241.301 -4.27726
-241.629 -4.27757
-241.956 -4.27788
-242.284 -4.2782
-242.612 -4.27851
-242.94 -4.27882
-243.268 -4.27913
-243.596 -4.27944
-243.924 -4.27975
-244.252 -4.28006
-244.58 -4.28037
-244.908 -4.28068
-245.236 -4.28099
-245.564 -4.2813
-245.892 -4.28161
-246.22 -4.28191
-246.548 -4.28222
-246.876 -4.28252
-247.205 -4.28283
-247.533 -4.28313
-247.861 -4.28344
-248.19 -4.28374
-248.518 -4.28405
-248.846 -4.28435
-249.175 -4.28465
-249.503 -4.28495
-249.832 -4.28525
-250.16 -4.28555
-250.489 -4.28585
-250.817 -4.28615
-251.146 -4.28645
-251.475 -4.28675
-251.803 -4.28705
-252.132 -4.28735
-252.461 -4.28764
-252.79 -4.28794
-253.118 -4.28824
-253.447 -4.28853
-253.776 -4.28883
-254.105 -4.28912
-254.434 -4.28942
-254.763 -4.28971
-255.092 -4.29
-255.421 -4.2903
-255.75 -4.29059
-256.079 -4.29088
-256.408 -4.29117
-256.737 -4.29146
-257.066 -4.29175
-257.395 -4.29204
-257.725 -4.29233
-258.054 -4.29262
-258.383 -4.29291
-258.712 -4.2932
-259.042 -4.29349
-259.371 -4.29377
-259.7 -4.29406
-260.03 -4.29435
-260.359 -4.29463
-260.689 -4.29492
-261.018 -4.2952
-261.348 -4.29549
-261.677 -4.29577
-262.007 -4.29606
-262.337 -4.29634
-262.666 -4.29662
-262.996 -4.2969
-263.325 -4.29719
-263.655 -4.29747
-263.985 -4.29775
-264.315 -4.29803
-264.645 -4.29831
-264.974 -4.29859
-265.304 -4.29887
-265.634 -4.29915
-265.964 -4.29942
-266.294 -4.2997
-266.624 -4.29998
-266.954 -4.30026
-267.284 -4.30053
-267.614 -4.30081
-267.944 -4.30108
-268.274 -4.30136
-268.604 -4.30163
-268.934 -4.30191
-269.265 -4.30218
-269.595 -4.30246
-269.925 -4.30273
-270.255 -4.303
-270.586 -4.30328
-270.916 -4.30355
-271.246 -4.30382
-271.577 -4.30409
-271.907 -4.30436
-272.238 -4.30463
-272.568 -4.3049
-272.899 -4.30517
-273.229 -4.30544
-273.56 -4.30571
-273.89 -4.30598
-274.221 -4.30624
-274.551 -4.30651
-274.882 -4.30678
-275.213 -4.30704
-275.544 -4.30731
-275.874 -4.30758
-276.205 -4.30784
-276.536 -4.30811
-276.867 -4.30837
-277.197 -4.30864
-277.528 -4.3089
-277.859 -4.30916
-278.19 -4.30942
-278.521 -4.30969
-278.852 -4.30995
-279.183 -4.31021
-279.514 -4.31047
-279.845 -4.31073
-280.176 -4.31099
-280.507 -4.31125
-280.838 -4.31151
-281.169 -4.31177
-281.501 -4.31203
-281.832 -4.31229
-282.163 -4.31255
-282.494 -4.31281
-282.826 -4.31307
-283.157 -4.31332
-283.488 -4.31358
-283.82 -4.31384
-284.151 -4.31409
-284.482 -4.31435
-284.814 -4.3146
-285.145 -4.31486
-285.477 -4.31511
-285.808 -4.31537
-286.14 -4.31562
-286.471 -4.31587
-286.803 -4.31613
-287.135 -4.31638
-287.466 -4.31663
-287.798 -4.31688
-288.13 -4.31714
-288.461 -4.31739
-288.793 -4.31764
-289.125 -4.31789
-289.457 -4.31814
-289.788 -4.31839
-290.12 -4.31864
-290.452 -4.31889
-290.784 -4.31913
-291.116 -4.31938
-291.448 -4.31963
-291.78 -4.31988
-292.112 -4.32013
-292.444 -4.32037
-292.776 -4.32062
-293.108 -4.32087
-293.44 -4.32111
-293.772 -4.32136
-294.104 -4.3216
-294.436 -4.32185
-294.769 -4.32209
-295.101 -4.32234
-295.433 -4.32258
-295.765 -4.32282
-296.098 -4.32307
-296.43 -4.32331
-296.762 -4.32355
-297.095 -4.32379
-297.427 -4.32403
-297.759 -4.32428
-298.092 -4.32452
-298.424 -4.32476
-298.757 -4.325
-299.089 -4.32524
-299.422 -4.32548
-299.754 -4.32572
-300.087 -4.32596
-300.419 -4.32619
-300.752 -4.32643
-301.085 -4.32667
-301.417 -4.32691
-301.75 -4.32715
-302.083 -4.32738
-302.416 -4.32762
-302.748 -4.32786
-303.081 -4.32809
-303.414 -4.32833
-303.747 -4.32856
-304.08 -4.3288
-304.412 -4.32903
-304.745 -4.32927
-305.078 -4.3295
-305.411 -4.32973
-305.744 -4.32997
-306.077 -4.3302
-306.41 -4.33043
-306.743 -4.33067
-307.076 -4.3309
-307.409 -4.33113
-307.743 -4.33136
-308.076 -4.33159
-308.409 -4.33182
-308.742 -4.33205
-309.075 -4.33228
-309.408 -4.33251
-309.742 -4.33274
-310.075 -4.33297
-310.408 -4.3332
-310.742 -4.33343
-311.075 -4.33366
-311.408 -4.33389
-311.742 -4.33411
-312.075 -4.33434
-312.409 -4.33457
-312.742 -4.33479
-313.075 -4.33502
-313.409 -4.33525
-313.742 -4.33547
-314.076 -4.3357
-314.41 -4.33592
-314.743 -4.33615
-315.077 -4.33637
-315.41 -4.3366
-315.744 -4.33682
-316.078 -4.33705
-316.411 -4.33727
-316.745 -4.33749
-317.079 -4.33772
-317.413 -4.33794
-317.747 -4.33816
-318.08 -4.33838
-318.414 -4.3386
-318.748 -4.33883
-319.082 -4.33905
-319.416 -4.33927
-319.75 -4.33949
-320.084 -4.33971
-320.418 -4.33993
-320.752 -4.34015
-321.086 -4.34037
-321.42 -4.34059
-321.754 -4.34081
-322.088 -4.34102
-322.422 -4.34124
-322.756 -4.34146
-323.09 -4.34168
-323.424 -4.34189
-323.759 -4.34211
-324.093 -4.34233
-324.427 -4.34255
-324.761 -4.34276
-325.096 -4.34298
-325.43 -4.34319
-325.764 -4.34341
-326.099 -4.34362
-326.433 -4.34384
-326.767 -4.34405
-327.102 -4.34427
-327.436 -4.34448
-327.771 -4.34469
-328.105 -4.34491
-328.44 -4.34512
-328.774 -4.34533
-329.109 -4.34555
-329.443 -4.34576
-329.778 -4.34597
-330.112 -4.34618
-330.447 -4.34639
-330.782 -4.34661
-331.116 -4.34682
-331.451 -4.34703
-331.786 -4.34724
-332.12 -4.34745
-332.455 -4.34766
-332.79 -4.34787
-333.125 -4.34808
-333.459 -4.34829
-333.794 -4.3485
-334.129 -4.3487
-334.464 -4.34891
-334.799 -4.34912
-335.134 -4.34933
-335.469 -4.34953
-335.804 -4.34974
-336.139 -4.34995
-336.474 -4.35016
-336.809 -4.35036
-337.144 -4.35057
-337.479 -4.35078
-337.814 -4.35098
-338.149 -4.35119
-338.484 -4.35139
-338.819 -4.3516
-339.154 -4.3518
-339.489 -4.35201
-339.825 -4.35221
-340.16 -4.35241
-340.495 -4.35262
-340.83 -4.35282
-341.166 -4.35302
-341.501 -4.35323
-341.836 -4.35343
-342.172 -4.35363
-342.507 -4.35383
-342.842 -4.35404
-343.178 -4.35424
-343.513 -4.35444
-343.849 -4.35464
-344.184 -4.35484
-344.52 -4.35504
-344.855 -4.35524
-345.191 -4.35544
-345.526 -4.35564
-345.862 -4.35584
-346.197 -4.35604
-346.533 -4.35624
-346.869 -4.35644
-347.204 -4.35664
-347.54 -4.35684
-347.876 -4.35703
-348.211 -4.35723
-348.547 -4.35743
-348.883 -4.35763
-349.219 -4.35783
-349.554 -4.35802
-349.89 -4.35822
-350.226 -4.35842
-350.562 -4.35861
-350.898 -4.35881
-351.234 -4.359
-351.569 -4.3592
-351.905 -4.3594
-352.241 -4.35959
-352.577 -4.35979
-352.913 -4.35998
-353.249 -4.36017
-353.585 -4.36037
-353.921 -4.36056
-354.257 -4.36076
-354.593 -4.36095
-354.93 -4.36114
-355.266 -4.36134
-355.602 -4.36153
-355.938 -4.36172
-356.274 -4.36191
-356.61 -4.36211
-356.946 -4.3623
-357.283 -4.36249
-357.619 -4.36268
-357.955 -4.36287
-358.292 -4.36306
-358.628 -4.36325
-358.964 -4.36344
-359.3 -4.36363
-359.637 -4.36382
-359.973 -4.36401
-360.31 -4.3642
-360.646 -4.36439
-360.982 -4.36458
-361.319 -4.36477
-361.655 -4.36496
-361.992 -4.36515
-362.328 -4.36534
-362.665 -4.36552
-363.002 -4.36571
-363.338 -4.3659
-363.675 -4.36609
-364.011 -4.36627
-364.348 -4.36646
-364.685 -4.36665
-365.021 -4.36683
-365.358 -4.36702
-365.695 -4.36721
-366.031 -4.36739
-366.368 -4.36758
-366.705 -4.36776
-367.042 -4.36795
-367.378 -4.36813
-367.715 -4.36832
-368.052 -4.3685
-368.389 -4.36869
-368.726 -4.36887
-369.063 -4.36905
-369.4 -4.36924
-369.736 -4.36942
-370.073 -4.36961
-370.41 -4.36979
-370.747 -4.36997
-371.084 -4.37015
-371.421 -4.37034
-371.758 -4.37052
-372.095 -4.3707
-372.433 -4.37088
-372.77 -4.37106
-373.107 -4.37124
-373.444 -4.37143
-373.781 -4.37161
-374.118 -4.37179
-374.455 -4.37197
-374.793 -4.37215
-375.13 -4.37233
-375.467 -4.37251
-375.804 -4.37269
-376.142 -4.37287
-376.479 -4.37305
-376.816 -4.37323
-377.153 -4.37341
-377.491 -4.37358
-377.828 -4.37376
-378.165 -4.37394
-378.503 -4.37412
-378.84 -4.3743
-379.178 -4.37448
-379.515 -4.37465
-379.853 -4.37483
-380.19 -4.37501
-380.528 -4.37518
-380.865 -4.37536
-381.203 -4.37554
-381.54 -4.37571
-381.878 -4.37589
-382.215 -4.37607
-382.553 -4.37624
-382.891 -4.37642
-383.228 -4.37659
-383.566 -4.37677
-383.904 -4.37694
-384.241 -4.37712
-384.579 -4.37729
-384.917 -4.37747
-385.254 -4.37764
-385.592 -4.37781
-385.93 -4.37799
-386.268 -4.37816
-386.606 -4.37833
-386.943 -4.37851
-387.281 -4.37868
-387.619 -4.37885
-387.957 -4.37903
-388.295 -4.3792
-388.633 -4.37937
-388.971 -4.37954
-389.309 -4.37971
-389.647 -4.37989
-389.985 -4.38006
-390.323 -4.38023
-390.661 -4.3804
-390.999 -4.38057
-391.337 -4.38074
-391.675 -4.38091
-392.013 -4.38108
-392.351 -4.38125
-392.689 -4.38142
-393.027 -4.38159
-393.366 -4.38176
-393.704 -4.38193
-394.042 -4.3821
-394.38 -4.38227
-394.718 -4.38244
-395.057 -4.38261
-395.395 -4.38278
-395.733 -4.38295
-396.071 -4.38311
-396.41 -4.38328
-396.748 -4.38345
-397.086 -4.38362
-397.425 -4.38378
-397.763 -4.38395
-398.102 -4.38412
-398.44 -4.38429
-398.778 -4.38445
-399.117 -4.38462
-399.455 -4.38479
-399.794 -4.38495
-400.132 -4.38512
-400.471 -4.38528
-400.809 -4.38545
-401.148 -4.38561
-401.486 -4.38578
-401.825 -4.38594
-402.164 -4.38611
-402.502 -4.38627
-402.841 -4.38644
-403.18 -4.3866
-403.518 -4.38677
-403.857 -4.38693
-404.196 -4.3871
-404.534 -4.38726
-404.873 -4.38742
-405.212 -4.38759
-405.55 -4.38775
-405.889 -4.38791
-406.228 -4.38808
-406.567 -4.38824
-406.906 -4.3884
-407.245 -4.38856
-407.583 -4.38873
-407.922 -4.38889
-408.261 -4.38905
-408.6 -4.38921
-408.939 -4.38937
-409.278 -4.38953
-409.617 -4.38969
-409.956 -4.38986
-410.295 -4.39002
-410.634 -4.39018
-410.973 -4.39034
-411.312 -4.3905
-411.651 -4.39066
-411.99 -4.39082
-412.329 -4.39098
-412.668 -4.39114
-413.007 -4.3913
-413.346 -4.39146
-413.686 -4.39162
-414.025 -4.39177
-414.364 -4.39193
-414.703 -4.39209
-415.042 -4.39225
-415.382 -4.39241
-415.721 -4.39257
-416.06 -4.39272
-416.399 -4.39288
-416.739 -4.39304
-417.078 -4.3932
-417.417 -4.39335
-417.757 -4.39351
-418.096 -4.39367
-418.435 -4.39383
-418.775 -4.39398
-419.114 -4.39414
-419.453 -4.3943
-419.793 -4.39445
-420.132 -4.39461
-420.472 -4.39476
-420.811 -4.39492
-421.151 -4.39508
-421.49 -4.39523
-421.83 -4.39539
-422.169 -4.39554
-422.509 -4.3957
-422.848 -4.39585
-423.188 -4.39601
-423.528 -4.39616
-423.867 -4.39631
-424.207 -4.39647
-424.547 -4.39662
-424.886 -4.39678
-425.226 -4.39693
-425.566 -4.39708
-425.905 -4.39724
-426.245 -4.39739
-426.585 -4.39754
-426.925 -4.3977
-427.264 -4.39785
-427.604 -4.398
-427.944 -4.39815
-428.284 -4.39831
-428.624 -4.39846
-428.963 -4.39861
-429.303 -4.39876
-429.643 -4.39891
-429.983 -4.39907
-430.323 -4.39922
-430.663 -4.39937
-431.003 -4.39952
-431.343 -4.39967
-431.683 -4.39982
-432.023 -4.39997
-432.363 -4.40012
-432.703 -4.40027
-433.043 -4.40042
-433.383 -4.40057
-433.723 -4.40072
-434.063 -4.40087
-434.403 -4.40102
-434.743 -4.40117
-435.083 -4.40132
-435.423 -4.40147
-435.764 -4.40162
-436.104 -4.40177
-436.444 -4.40192
-436.784 -4.40206
-437.124 -4.40221
-437.464 -4.40236
-437.805 -4.40251
-438.145 -4.40266
-438.485 -4.4028
-438.826 -4.40295
-439.166 -4.4031
-439.506 -4.40325
-439.846 -4.40339
-440.187 -4.40354
-440.527 -4.40369
-440.867 -4.40384
-441.208 -4.40398
-441.548 -4.40413
-441.889 -4.40427
-442.229 -4.40442
-442.57 -4.40457
-442.91 -4.40471
-443.251 -4.40486
-443.591 -4.405
-443.932 -4.40515
-444.272 -4.4053
-444.613 -4.40544
-444.953 -4.40559
-445.294 -4.40573
-445.634 -4.40588
-445.975 -4.40602
-446.315 -4.40616
-446.656 -4.40631
-446.997 -4.40645
-447.337 -4.4066
-447.678 -4.40674
-448.019 -4.40689
-448.359 -4.40703
-448.7 -4.40717
-449.041 -4.40732
-449.381 -4.40746
-449.722 -4.4076
-450.063 -4.40775
-450.404 -4.40789
-450.745 -4.40803
-451.085 -4.40817
-451.426 -4.40832
-451.767 -4.40846
-452.108 -4.4086
-452.449 -4.40874
-452.79 -4.40888
-453.13 -4.40903
-453.471 -4.40917
-453.812 -4.40931
-454.153 -4.40945
-454.494 -4.40959
-454.835 -4.40973
-455.176 -4.40987
-455.517 -4.41001
-455.858 -4.41016
-456.199 -4.4103
-456.54 -4.41044
-456.881 -4.41058
-457.222 -4.41072
-457.563 -4.41086
-457.904 -4.411
-458.245 -4.41114
-458.587 -4.41128
-458.928 -4.41142
-459.269 -4.41155
-459.61 -4.41169
-459.951 -4.41183
-460.292 -4.41197
-460.634 -4.41211
-460.975 -4.41225
-461.316 -4.41239
-461.657 -4.41253
-461.999 -4.41266
-462.34 -4.4128
-462.681 -4.41294
-463.022 -4.41308
-463.364 -4.41322
-463.705 -4.41335
-464.046 -4.41349
-464.388 -4.41363
-464.729 -4.41377
-465.07 -4.4139
-465.412 -4.41404
-465.753 -4.41418
-466.095 -4.41431
-466.436 -4.41445
-466.777 -4.41459
-467.119 -4.41472
-467.46 -4.41486
-467.802 -4.415
-468.143 -4.41513
-468.485 -4.41527
-468.826 -4.4154
-469.168 -4.41554
-469.51 -4.41568
-469.851 -4.41581
-470.193 -4.41595
-470.534 -4.41608
-470.876 -4.41622
-471.217 -4.41635
-471.559 -4.41649
-471.901 -4.41662
-472.242 -4.41676
-472.584 -4.41689
-472.926 -4.41702
-473.268 -4.41716
-473.609 -4.41729
-473.951 -4.41743
-474.293 -4.41756
-474.634 -4.41769
-474.976 -4.41783
-475.318 -4.41796
-475.66 -4.41809
-476.002 -4.41823
-476.343 -4.41836
-476.685 -4.41849
-477.027 -4.41863
-477.369 -4.41876
-477.711 -4.41889
-478.053 -4.41902
-478.395 -4.41916
-478.737 -4.41929
-479.078 -4.41942
-479.42 -4.41955
-479.762 -4.41968
-480.104 -4.41982
-480.446 -4.41995
-480.788 -4.42008
-481.13 -4.42021
-481.472 -4.42034
-481.814 -4.42047
-482.156 -4.4206
-482.499 -4.42074
-482.841 -4.42087
-483.183 -4.421
-483.525 -4.42113
-483.867 -4.42126
-484.209 -4.42139
-484.551 -4.42152
-484.893 -4.42165
-485.235 -4.42178
-485.578 -4.42191
-485.92 -4.42204
-486.262 -4.42217
-486.604 -4.4223
-486.946 -4.42243
-487.289 -4.42256
-487.631 -4.42269
-487.973 -4.42281
-488.315 -4.42294
-488.658 -4.42307
-489 -4.4232
-489.342 -4.42333
-489.685 -4.42346
-490.027 -4.42359
-490.369 -4.42371
-490.712 -4.42384
-491.054 -4.42397
-491.397 -4.4241
-491.739 -4.42423
-492.081 -4.42435
-492.424 -4.42448
-492.766 -4.42461
-493.109 -4.42474
-493.451 -4.42486
-493.794 -4.42499
-494.136 -4.42512
-494.479 -4.42524
-494.821 -4.42537
-495.164 -4.4255
-495.506 -4.42562
-495.849 -4.42575
-496.192 -4.42588
-496.534 -4.426
-496.877 -4.42613
-497.219 -4.42626
-497.562 -4.42638
-497.905 -4.42651
-498.247 -4.42663
-498.59 -4.42676
-498.933 -4.42688
-499.275 -4.42701
-499.618 -4.42713
-499.961 -4.42726
-500.303 -4.42738
-500.646 -4.42751
-500.989 -4.42763
-501.332 -4.42776
-501.674 -4.42788
-502.017 -4.42801
-502.36 -4.42813
-502.703 -4.42826
-503.046 -4.42838
-503.388 -4.42851
-503.731 -4.42863
-504.074 -4.42875
-504.417 -4.42888
-504.76 -4.429
-505.103 -4.42912
-505.446 -4.42925
-505.789 -4.42937
-506.132 -4.42949
-506.475 -4.42962
-506.818 -4.42974
-507.161 -4.42986
-507.504 -4.42999
-507.847 -4.43011
-508.19 -4.43023
-508.533 -4.43035
-508.876 -4.43048
-509.219 -4.4306
-509.562 -4.43072
-509.905 -4.43084
-510.248 -4.43096
-510.591 -4.43109
-510.934 -4.43121
-511.277 -4.43133
-511.62 -4.43145
-511.963 -4.43157
-512.307 -4.43169
-512.65 -4.43181
-512.993 -4.43194
-513.336 -4.43206
-513.679 -4.43218
-514.023 -4.4323
-514.366 -4.43242
-514.709 -4.43254
-515.052 -4.43266
-515.396 -4.43278
-515.739 -4.4329
-516.082 -4.43302
-516.425 -4.43314
-516.769 -4.43326
-517.112 -4.43338
-517.455 -4.4335
-517.799 -4.43362
-518.142 -4.43374
-518.485 -4.43386
-518.829 -4.43398
-519.172 -4.4341
-519.516 -4.43422
-519.859 -4.43434
-520.203 -4.43446
-520.546 -4.43457
-520.889 -4.43469
-521.233 -4.43481
-521.576 -4.43493
-521.92 -4.43505
-522.263 -4.43517
-522.607 -4.43529
-522.95 -4.4354
-523.294 -4.43552
-523.638 -4.43564
-523.981 -4.43576
-524.325 -4.43588
-524.668 -4.43599
-525.012 -4.43611
-525.355 -4.43623
-525.699 -4.43635
-526.043 -4.43646
-526.386 -4.43658
-526.73 -4.4367
-527.074 -4.43681
-527.417 -4.43693
-527.761 -4.43705
-528.105 -4.43716
-528.448 -4.43728
-528.792 -4.4374
-529.136 -4.43751
-529.48 -4.43763
-529.823 -4.43775
-530.167 -4.43786
-530.511 -4.43798
-530.855 -4.4381
-531.199 -4.43821
-531.542 -4.43833
-531.886 -4.43844
-532.23 -4.43856
-532.574 -4.43867
-532.918 -4.43879
-533.262 -4.4389
-533.606 -4.43902
-533.949 -4.43913
-534.293 -4.43925
-534.637 -4.43936
-534.981 -4.43948
-535.325 -4.43959
-535.669 -4.43971
-536.013 -4.43982
-536.357 -4.43994
-536.701 -4.44005
-537.045 -4.44017
-537.389 -4.44028
-537.733 -4.44039
-538.077 -4.44051
-538.421 -4.44062
-538.765 -4.44074
-539.109 -4.44085
-539.453 -4.44096
-539.798 -4.44108
-540.142 -4.44119
-540.486 -4.4413
-540.83 -4.44142
-541.174 -4.44153
-541.518 -4.44164
-541.862 -4.44176
-542.207 -4.44187
-542.551 -4.44198
-542.895 -4.44209
-543.239 -4.44221
-543.583 -4.44232
-543.928 -4.44243
-544.272 -4.44254
-544.616 -4.44266
-544.96 -4.44277
-545.305 -4.44288
-545.649 -4.44299
-545.993 -4.4431
-546.338 -4.44322
-546.682 -4.44333
-547.026 -4.44344
-547.371 -4.44355
-547.715 -4.44366
-548.059 -4.44377
-548.404 -4.44389
-548.748 -4.444
-549.092 -4.44411
-549.437 -4.44422
-549.781 -4.44433
-550.126 -4.44444
-550.47 -4.44455
-550.815 -4.44466
-551.159 -4.44477
-551.504 -4.44488
-551.848 -4.44499
-552.193 -4.4451
-552.537 -4.44521
-552.882 -4.44532
-553.226 -4.44543
-553.571 -4.44554
-553.915 -4.44565
-554.26 -4.44576
-554.604 -4.44587
-554.949 -4.44598
-555.294 -4.44609
-555.638 -4.4462
-555.983 -4.44631
-556.327 -4.44642
-556.672 -4.44653
-557.017 -4.44664
-557.361 -4.44675
-557.706 -4.44686
-558.051 -4.44696
-558.395 -4.44707
-558.74 -4.44718
-559.085 -4.44729
-559.43 -4.4474
-559.774 -4.44751
-560.119 -4.44762
-560.464 -4.44772
-560.809 -4.44783
-561.153 -4.44794
-561.498 -4.44805
-561.843 -4.44816
-562.188 -4.44826
-562.533 -4.44837
-562.877 -4.44848
-563.222 -4.44859
-563.567 -4.44869
-563.912 -4.4488
-564.257 -4.44891
-564.602 -4.44902
-564.947 -4.44912
-565.292 -4.44923
-565.637 -4.44934
-565.981 -4.44944
-566.326 -4.44955
-566.671 -4.44966
-567.016 -4.44977
-567.361 -4.44987
-567.706 -4.44998
-568.051 -4.45008
-568.396 -4.45019
-568.741 -4.4503
-569.086 -4.4504
-569.431 -4.45051
-569.776 -4.45061
-570.121 -4.45072
-570.467 -4.45083
-570.812 -4.45093
-571.157 -4.45104
-571.502 -4.45114
-571.847 -4.45125
-572.192 -4.45135
-572.537 -4.45146
-572.882 -4.45157
-573.228 -4.45167
-573.573 -4.45178
-573.918 -4.45188
-574.263 -4.45199
-574.608 -4.45209
-574.953 -4.4522
-575.299 -4.4523
-575.644 -4.4524
-575.989 -4.45251
-576.334 -4.45261
-576.68 -4.45272
-577.025 -4.45282
-577.37 -4.45293
-577.716 -4.45303
-578.061 -4.45313
-578.406 -4.45324
-578.751 -4.45334
-579.097 -4.45345
-579.442 -4.45355
-579.787 -4.45365
-580.133 -4.45376
-580.478 -4.45386
-580.824 -4.45396
-581.169 -4.45407
-581.514 -4.45417
-581.86 -4.45427
-582.205 -4.45438
-582.551 -4.45448
-582.896 -4.45458
-583.242 -4.45469
-583.587 -4.45479
-583.932 -4.45489
-584.278 -4.45499
-584.623 -4.4551
-584.969 -4.4552
-585.315 -4.4553
-585.66 -4.4554
-586.006 -4.45551
-586.351 -4.45561
-586.697 -4.45571
-587.042 -4.45581
-587.388 -4.45591
-587.733 -4.45602
-588.079 -4.45612
-588.425 -4.45622
-588.77 -4.45632
-589.116 -4.45642
-589.462 -4.45652
-589.807 -4.45663
-590.153 -4.45673
-590.499 -4.45683
-590.844 -4.45693
-591.19 -4.45703
-591.536 -4.45713
-591.881 -4.45723
-592.227 -4.45733
-592.573 -4.45744
-592.919 -4.45754
-593.264 -4.45764
-593.61 -4.45774
-593.956 -4.45784
-594.302 -4.45794
-594.647 -4.45804
-594.993 -4.45814
-595.339 -4.45824
-595.685 -4.45834
-596.031 -4.45844
-596.377 -4.45854
-596.722 -4.45864
-597.068 -4.45874
-597.414 -4.45884
-597.76 -4.45894
-598.106 -4.45904
-598.452 -4.45914
-598.798 -4.45924
-599.144 -4.45934
-599.49 -4.45944
-599.836 -4.45954
-600.181 -4.45963
-600.527 -4.45973
-600.873 -4.45983
-601.219 -4.45993
-601.565 -4.46003
-601.911 -4.46013
-602.257 -4.46023
-602.603 -4.46033
-602.949 -4.46043
-603.295 -4.46052
-603.642 -4.46062
-603.988 -4.46072
-604.334 -4.46082
-604.68 -4.46092
-605.026 -4.46102
-605.372 -4.46111
-605.718 -4.46121
-606.064 -4.46131
-606.41 -4.46141
-606.756 -4.46151
-607.103 -4.4616
-607.449 -4.4617
-607.795 -4.4618
-608.141 -4.4619
-608.487 -4.46199
-608.833 -4.46209
-609.18 -4.46219
-609.526 -4.46229
-609.872 -4.46238
-610.218 -4.46248
-610.565 -4.46258
-610.911 -4.46268
-611.257 -4.46277
-611.603 -4.46287
-611.95 -4.46297
-612.296 -4.46306
-612.642 -4.46316
-612.989 -4.46326
-613.335 -4.46335
-613.681 -4.46345
-614.028 -4.46354
-614.374 -4.46364
-614.72 -4.46374
-615.067 -4.46383
-615.413 -4.46393
-615.76 -4.46403
-616.106 -4.46412
-616.452 -4.46422
-616.799 -4.46431
-617.145 -4.46441
-617.492 -4.46451
-617.838 -4.4646
-618.185 -4.4647
-618.531 -4.46479
-618.878 -4.46489
-619.224 -4.46498
-619.57 -4.46508
-619.917 -4.46517
-620.263 -4.46527
-620.61 -4.46536
-620.957 -4.46546
-621.303 -4.46555
-621.65 -4.46565
-621.996 -4.46574
-622.343 -4.46584
-622.689 -4.46593
-623.036 -4.46603
-623.383 -4.46612
-623.729 -4.46622
-624.076 -4.46631
-624.422 -4.4664
-624.769 -4.4665
-625.116 -4.46659
-625.462 -4.46669
-625.809 -4.46678
-626.156 -4.46688
-626.502 -4.46697
-626.849 -4.46706
-627.196 -4.46716
-627.543 -4.46725
-627.889 -4.46734
-628.236 -4.46744
-628.583 -4.46753
-628.93 -4.46763
-629.276 -4.46772
-629.623 -4.46781
-629.97 -4.46791
-630.317 -4.468
-630.663 -4.46809
-631.01 -4.46818
-631.357 -4.46828
-631.704 -4.46837
-632.051 -4.46846
-632.398 -4.46856
-632.744 -4.46865
-633.091 -4.46874
-633.438 -4.46883
-633.785 -4.46893
-634.132 -4.46902
-634.479 -4.46911
-634.826 -4.4692
-635.173 -4.4693
-635.52 -4.46939
-635.867 -4.46948
-636.213 -4.46957
-636.56 -4.46967
-636.907 -4.46976
-637.254 -4.46985
-637.601 -4.46994
-637.948 -4.47003
-638.295 -4.47013
-638.642 -4.47022
-638.989 -4.47031
-639.336 -4.4704
-639.683 -4.47049
-640.031 -4.47058
-640.378 -4.47067
-640.725 -4.47077
-641.072 -4.47086
-641.419 -4.47095
-641.766 -4.47104
-642.113 -4.47113
-642.46 -4.47122
-642.807 -4.47131
-643.154 -4.4714
-643.502 -4.47149
-643.849 -4.47158
-644.196 -4.47167
-644.543 -4.47177
-644.89 -4.47186
-645.237 -4.47195
-645.585 -4.47204
-645.932 -4.47213
-646.279 -4.47222
-646.626 -4.47231
-646.973 -4.4724
-647.321 -4.47249
-647.668 -4.47258
-648.015 -4.47267
-648.362 -4.47276
-648.71 -4.47285
-649.057 -4.47294
-649.404 -4.47303
-649.752 -4.47312
-650.099 -4.47321
-650.446 -4.4733
-650.794 -4.47339
-651.141 -4.47348
-651.488 -4.47357
-651.836 -4.47365
-652.183 -4.47374
-652.53 -4.47383
-652.878 -4.47392
-653.225 -4.47401
-653.573 -4.4741
-653.92 -4.47419
-654.267 -4.47428
-654.615 -4.47437
-654.962 -4.47446
-655.31 -4.47454
-655.657 -4.47463
-656.005 -4.47472
-656.352 -4.47481
-656.7 -4.4749
-657.047 -4.47499
-657.395 -4.47508
-657.742 -4.47516
-658.09 -4.47525
-658.437 -4.47534
-658.785 -4.47543
-659.132 -4.47552
-659.48 -4.4756
-659.827 -4.47569
-660.175 -4.47578
-660.522 -4.47587
-660.87 -4.47596
-661.218 -4.47604
-661.565 -4.47613
-661.913 -4.47622
-662.26 -4.47631
-662.608 -4.47639
-662.956 -4.47648
-663.303 -4.47657
-663.651 -4.47666
-663.999 -4.47674
-664.346 -4.47683
-664.694 -4.47692
-665.042 -4.477
-665.389 -4.47709
-665.737 -4.47718
-666.085 -4.47727
-666.433 -4.47735
-666.78 -4.47744
-667.128 -4.47753
-667.476 -4.47761
-667.824 -4.4777
-668.171 -4.47779
-668.519 -4.47787
-668.867 -4.47796
-669.215 -4.47804
-669.563 -4.47813
-669.91 -4.47822
-670.258 -4.4783
-670.606 -4.47839
-670.954 -4.47848
-671.302 -4.47856
-671.65 -4.47865
-671.997 -4.47873
-672.345 -4.47882
-672.693 -4.47891
-673.041 -4.47899
-673.389 -4.47908
-673.737 -4.47916
-674.085 -4.47925
-674.433 -4.47933
-674.781 -4.47942
-675.129 -4.47951
-675.477 -4.47959
-675.825 -4.47968
-676.172 -4.47976
-676.52 -4.47985
-676.868 -4.47993
-677.216 -4.48002
-677.564 -4.4801
-677.912 -4.48019
-678.26 -4.48027
-678.609 -4.48036
-678.957 -4.48044
-679.305 -4.48053
-679.653 -4.48061
-680.001 -4.4807
-680.349 -4.48078
-680.697 -4.48086
-681.045 -4.48095
-681.393 -4.48103
-681.741 -4.48112
-682.089 -4.4812
-682.437 -4.48129
-682.785 -4.48137
-683.134 -4.48146
-683.482 -4.48154
-683.83 -4.48162
-684.178 -4.48171
-684.526 -4.48179
-684.874 -4.48187
-685.223 -4.48196
-685.571 -4.48204
-685.919 -4.48213
-686.267 -4.48221
-686.615 -4.48229
-686.964 -4.48238
-687.312 -4.48246
-687.66 -4.48254
-688.008 -4.48263
-688.357 -4.48271
-688.705 -4.48279
-689.053 -4.48288
-689.401 -4.48296
-689.75 -4.48304
-690.098 -4.48313
-690.446 -4.48321
-690.795 -4.48329
-691.143 -4.48338
-691.491 -4.48346
-691.84 -4.48354
-692.188 -4.48362
-692.536 -4.48371
-692.885 -4.48379
-693.233 -4.48387
-693.582 -4.48395
-693.93 -4.48404
-694.278 -4.48412
-694.627 -4.4842
-694.975 -4.48428
-695.324 -4.48437
-695.672 -4.48445
-696.021 -4.48453
-696.369 -4.48461
-696.717 -4.48469
-697.066 -4.48478
-697.414 -4.48486
-697.763 -4.48494
-698.111 -4.48502
-698.46 -4.48511
-698.808 -4.48519
-699.157 -4.48527
-699.505 -4.48535
-699.854 -4.48543
-700.203 -4.48551
-700.551 -4.48559
-700.9 -4.48568
-701.248 -4.48576
-701.597 -4.48584
-701.945 -4.48592
-702.294 -4.486
-702.643 -4.48608
-702.991 -4.48616
-703.34 -4.48624
-703.688 -4.48633
-704.037 -4.48641
-704.386 -4.48649
-704.734 -4.48657
-705.083 -4.48665
-705.432 -4.48673
-705.78 -4.48681
-706.129 -4.48689
-706.478 -4.48697
-706.826 -4.48705
-707.175 -4.48713
-707.524 -4.48721
-707.872 -4.48729
-708.221 -4.48738
-708.57 -4.48746
-708.919 -4.48754
-709.268 -4.48762
-709.616 -4.4877
-709.965 -4.48778
-710.314 -4.48786
-710.663 -4.48794
-711.011 -4.48802
-711.36 -4.4881
-711.709 -4.48818
-712.058 -4.48826
-712.407 -4.48834
-712.755 -4.48842
-713.104 -4.48849
-713.453 -4.48857
-713.802 -4.48865
-714.151 -4.48873
-714.5 -4.48881
-714.849 -4.48889
-715.198 -4.48897
-715.546 -4.48905
-715.895 -4.48913
-716.244 -4.48921
-716.593 -4.48929
-716.942 -4.48937
-717.291 -4.48945
-717.64 -4.48953
-717.989 -4.48961
-718.338 -4.48969
-718.687 -4.48976
-719.036 -4.48984
-719.385 -4.48992
-719.734 -4.49
-720.083 -4.49008
-720.432 -4.49016
-720.781 -4.49024
-721.13 -4.49031
-721.479 -4.49039
-721.828 -4.49047
-722.177 -4.49055
-722.526 -4.49063
-722.875 -4.49071
-723.224 -4.49078
-723.573 -4.49086
-723.922 -4.49094
-724.271 -4.49102
-724.621 -4.4911
-724.97 -4.49118
-725.319 -4.49125
-725.668 -4.49133
-726.017 -4.49141
-726.366 -4.49149
-726.715 -4.49156
-727.065 -4.49164
-727.414 -4.49172
-727.763 -4.4918
-728.112 -4.49188
-728.461 -4.49195
-728.81 -4.49203
-729.16 -4.49211
-729.509 -4.49219
-729.858 -4.49226
-730.207 -4.49234
-730.557 -4.49242
-730.906 -4.49249
-731.255 -4.49257
-731.604 -4.49265
-731.953 -4.49273
-732.303 -4.4928
-732.652 -4.49288
-733.001 -4.49296
-733.351 -4.49303
-733.7 -4.49311
-734.049 -4.49319
-734.399 -4.49326
-734.748 -4.49334
-735.097 -4.49342
-735.447 -4.49349
-735.796 -4.49357
-736.145 -4.49365
-736.495 -4.49372
-736.844 -4.4938
-737.193 -4.49388
-737.543 -4.49395
-737.892 -4.49403
-738.242 -4.49411
-738.591 -4.49418
-738.94 -4.49426
-739.29 -4.49433
-739.639 -4.49441
-739.989 -4.49449
-740.338 -4.49456
-740.688 -4.49464
-741.037 -4.49471
-741.386 -4.49479
-741.736 -4.49487
-742.085 -4.49494
-742.435 -4.49502
-742.784 -4.49509
-743.134 -4.49517
-743.483 -4.49524
-743.833 -4.49532
-744.182 -4.4954
-744.532 -4.49547
-744.882 -4.49555
-745.231 -4.49562
-745.581 -4.4957
-745.93 -4.49577
-746.28 -4.49585
-746.629 -4.49592
-746.979 -4.496
-747.329 -4.49607
-747.678 -4.49615
-748.028 -4.49622
-748.377 -4.4963
-748.727 -4.49637
-749.077 -4.49645
-749.426 -4.49652
-749.776 -4.4966
-750.126 -4.49667
-750.475 -4.49675
-750.825 -4.49682
-751.175 -4.4969
-751.524 -4.49697
-751.874 -4.49704
-752.224 -4.49712
-752.573 -4.49719
-752.923 -4.49727
-753.273 -4.49734
-753.623 -4.49742
-753.972 -4.49749
-754.322 -4.49757
-754.672 -4.49764
-755.022 -4.49771
-755.371 -4.49779
-755.721 -4.49786
-756.071 -4.49794
-756.421 -4.49801
-756.771 -4.49808
-757.12 -4.49816
-757.47 -4.49823
-757.82 -4.4983
-758.17 -4.49838
-758.52 -4.49845
-758.87 -4.49853
-759.219 -4.4986
-759.569 -4.49867
-759.919 -4.49875
-760.269 -4.49882
-760.619 -4.49889
-760.969 -4.49897
-761.319 -4.49904
-761.669 -4.49911
-762.019 -4.49919
-762.368 -4.49926
-762.718 -4.49933
-763.068 -4.49941
-763.418 -4.49948
-763.768 -4.49955
-764.118 -4.49963
-764.468 -4.4997
-764.818 -4.49977
-765.168 -4.49984
-765.518 -4.49992
-765.868 -4.49999
-766.218 -4.50006
-766.568 -4.50014
-766.918 -4.50021
-767.268 -4.50028
-767.618 -4.50035
-767.968 -4.50043
-768.318 -4.5005
-768.668 -4.50057
-769.018 -4.50064
-769.368 -4.50072
-769.718 -4.50079
-770.069 -4.50086
-770.419 -4.50093
-770.769 -4.501
-771.119 -4.50108
-771.469 -4.50115
-771.819 -4.50122
-772.169 -4.50129
-772.519 -4.50136
-772.869 -4.50144
-773.22 -4.50151
-773.57 -4.50158
-773.92 -4.50165
-774.27 -4.50172
-774.62 -4.5018
-774.97 -4.50187
-775.321 -4.50194
-775.671 -4.50201
-776.021 -4.50208
-776.371 -4.50215
-776.721 -4.50222
-777.072 -4.5023
-777.422 -4.50237
-777.772 -4.50244
-778.122 -4.50251
-778.473 -4.50258
-778.823 -4.50265
-779.173 -4.50272
-779.523 -4.5028
-779.874 -4.50287
-780.224 -4.50294
-780.574 -4.50301
-780.925 -4.50308
-781.275 -4.50315
-781.625 -4.50322
-781.976 -4.50329
-782.326 -4.50336
-782.676 -4.50343
-783.027 -4.5035
-783.377 -4.50358
-783.727 -4.50365
-784.078 -4.50372
-784.428 -4.50379
-784.778 -4.50386
-785.129 -4.50393
-785.479 -4.504
-785.83 -4.50407
-786.18 -4.50414
-786.53 -4.50421
-786.881 -4.50428
-787.231 -4.50435
-787.582 -4.50442
-787.932 -4.50449
-788.283 -4.50456
-788.633 -4.50463
-788.983 -4.5047
-789.334 -4.50477
-789.684 -4.50484
-790.035 -4.50491
-790.385 -4.50498
-790.736 -4.50505
-791.086 -4.50512
-791.437 -4.50519
-791.787 -4.50526
-792.138 -4.50533
-792.488 -4.5054
-792.839 -4.50547
-793.19 -4.50554
-793.54 -4.50561
-793.891 -4.50568
-794.241 -4.50575
-794.592 -4.50582
-794.942 -4.50589
-795.293 -4.50596
-795.644 -4.50603
-795.994 -4.50609
-796.345 -4.50616
-796.695 -4.50623
-797.046 -4.5063
-797.397 -4.50637
-797.747 -4.50644
-798.098 -4.50651
-798.449 -4.50658
-798.799 -4.50665
-799.15 -4.50672
-799.5 -4.50679
-799.851 -4.50685
-800.202 -4.50692
-800.553 -4.50699
-800.903 -4.50706
-801.254 -4.50713
-801.605 -4.5072
-801.955 -4.50727
-802.306 -4.50734
-802.657 -4.5074
-803.008 -4.50747
-803.358 -4.50754
-803.709 -4.50761
-804.06 -4.50768
-804.411 -4.50775
-804.761 -4.50781
-805.112 -4.50788
-805.463 -4.50795
-805.814 -4.50802
-806.165 -4.50809
-806.515 -4.50816
-806.866 -4.50822
-807.217 -4.50829
-807.568 -4.50836
-807.919 -4.50843
-808.27 -4.5085
-808.62 -4.50856
-808.971 -4.50863
-809.322 -4.5087
-809.673 -4.50877
-810.024 -4.50883
-810.375 -4.5089
-810.726 -4.50897
-811.077 -4.50904
-811.427 -4.50911
-811.778 -4.50917
-812.129 -4.50924
-812.48 -4.50931
-812.831 -4.50938
-813.182 -4.50944
-813.533 -4.50951
-813.884 -4.50958
-814.235 -4.50965
-814.586 -4.50971
-814.937 -4.50978
-815.288 -4.50985
-815.639 -4.50991
-815.99 -4.50998
-816.341 -4.51005
-816.692 -4.51012
-817.043 -4.51018
-817.394 -4.51025
-817.745 -4.51032
-818.096 -4.51038
-818.447 -4.51045
-818.798 -4.51052
-819.149 -4.51058
-819.5 -4.51065
-819.851 -4.51072
-820.202 -4.51078
-820.553 -4.51085
-820.904 -4.51092
-821.256 -4.51098
-821.607 -4.51105
-821.958 -4.51112
-822.309 -4.51118
-822.66 -4.51125
-823.011 -4.51132
-823.362 -4.51138
-823.713 -4.51145
-824.065 -4.51152
-824.416 -4.51158
-824.767 -4.51165
-825.118 -4.51171
-825.469 -4.51178
-825.82 -4.51185
-826.172 -4.51191
-826.523 -4.51198
-826.874 -4.51205
-827.225 -4.51211
-827.576 -4.51218
-827.928 -4.51224
-828.279 -4.51231
-828.63 -4.51237
-828.981 -4.51244
-829.333 -4.51251
-829.684 -4.51257
-830.035 -4.51264
-830.386 -4.5127
-830.738 -4.51277
-831.089 -4.51284
-831.44 -4.5129
-831.791 -4.51297
-832.143 -4.51303
-832.494 -4.5131
-832.845 -4.51316
-833.197 -4.51323
-833.548 -4.51329
-833.899 -4.51336
-834.251 -4.51342
-834.602 -4.51349
-834.953 -4.51355
-835.305 -4.51362
-835.656 -4.51368
-836.007 -4.51375
-836.359 -4.51381
-836.71 -4.51388
-837.062 -4.51394
-837.413 -4.51401
-837.764 -4.51407
-838.116 -4.51414
-838.467 -4.5142
-838.819 -4.51427
-839.17 -4.51433
-839.521 -4.5144
-839.873 -4.51446
-840.224 -4.51453
-840.576 -4.51459
-840.927 -4.51466
-841.279 -4.51472
-841.63 -4.51479
-841.982 -4.51485
-842.333 -4.51492
-842.685 -4.51498
-843.036 -4.51504
-843.388 -4.51511
-843.739 -4.51517
-844.091 -4.51524
-844.442 -4.5153
-844.794 -4.51537
-845.145 -4.51543
-845.497 -4.51549
-845.848 -4.51556
-846.2 -4.51562
-846.551 -4.51569
-846.903 -4.51575
-847.255 -4.51581
-847.606 -4.51588
-847.958 -4.51594
-848.309 -4.51601
-848.661 -4.51607
-849.013 -4.51613
-849.364 -4.5162
-849.716 -4.51626
-850.067 -4.51633
-850.419 -4.51639
-850.771 -4.51645
-851.122 -4.51652
-851.474 -4.51658
-851.826 -4.51664
-852.177 -4.51671
-852.529 -4.51677
-852.881 -4.51683
-853.232 -4.5169
-853.584 -4.51696
-853.936 -4.51702
-854.287 -4.51709
-854.639 -4.51715
-854.991 -4.51721
-855.343 -4.51728
-855.694 -4.51734
-856.046 -4.5174
-856.398 -4.51747
-856.75 -4.51753
-857.101 -4.51759
-857.453 -4.51766
-857.805 -4.51772
-858.157 -4.51778
-858.508 -4.51785
-858.86 -4.51791
-859.212 -4.51797
-859.564 -4.51803
-859.916 -4.5181
-860.267 -4.51816
-860.619 -4.51822
-860.971 -4.51829
-861.323 -4.51835
-861.675 -4.51841
-862.026 -4.51847
-862.378 -4.51854
-862.73 -4.5186
-863.082 -4.51866
-863.434 -4.51872
-863.786 -4.51879
-864.138 -4.51885
-864.49 -4.51891
-864.841 -4.51897
-865.193 -4.51904
-865.545 -4.5191
-865.897 -4.51916
-866.249 -4.51922
-866.601 -4.51928
-866.953 -4.51935
-867.305 -4.51941
-867.657 -4.51947
-868.009 -4.51953
-868.361 -4.51959
-868.713 -4.51966
-869.065 -4.51972
-869.417 -4.51978
-869.769 -4.51984
-870.121 -4.5199
-870.473 -4.51997
-870.825 -4.52003
-871.177 -4.52009
-871.529 -4.52015
-871.881 -4.52021
-872.233 -4.52028
-872.585 -4.52034
-872.937 -4.5204
-873.289 -4.52046
-873.641 -4.52052
-873.993 -4.52058
-874.345 -4.52064
-874.697 -4.52071
-875.049 -4.52077
-875.401 -4.52083
-875.753 -4.52089
-876.105 -4.52095
-876.457 -4.52101
-876.81 -4.52108
-877.162 -4.52114
-877.514 -4.5212
-877.866 -4.52126
-878.218 -4.52132
-878.57 -4.52138
-878.922 -4.52144
-879.274 -4.5215
-879.627 -4.52156
-879.979 -4.52162
-880.331 -4.52169
-880.683 -4.52175
-881.035 -4.52181
-881.387 -4.52187
-881.74 -4.52193
-882.092 -4.52199
-882.444 -4.52205
-882.796 -4.52211
-883.148 -4.52217
-883.501 -4.52223
-883.853 -4.52229
-884.205 -4.52235
-884.557 -4.52241
-884.91 -4.52248
-885.262 -4.52254
-885.614 -4.5226
-885.966 -4.52266
-886.319 -4.52272
-886.671 -4.52278
-887.023 -4.52284
-887.375 -4.5229
-887.728 -4.52296
-888.08 -4.52302
-888.432 -4.52308
-888.785 -4.52314
-889.137 -4.5232
-889.489 -4.52326
-889.842 -4.52332
-890.194 -4.52338
-890.546 -4.52344
-890.899 -4.5235
-891.251 -4.52356
-891.603 -4.52362
-891.956 -4.52368
-892.308 -4.52374
-892.66 -4.5238
-893.013 -4.52386
-893.365 -4.52392
-893.718 -4.52398
-894.07 -4.52404
-894.422 -4.5241
-894.775 -4.52416
-895.127 -4.52422
-895.48 -4.52428
-895.832 -4.52434
-896.184 -4.5244
-896.537 -4.52446
-896.889 -4.52452
-897.242 -4.52458
-897.594 -4.52464
-897.947 -4.5247
-898.299 -4.52476
-898.652 -4.52481
-899.004 -4.52487
-899.357 -4.52493
-899.709 -4.52499
-900.062 -4.52505
-900.414 -4.52511
-900.767 -4.52517
-901.119 -4.52523
-901.472 -4.52529
-901.824 -4.52535
-902.177 -4.52541
-902.529 -4.52547
-902.882 -4.52552
-903.234 -4.52558
-903.587 -4.52564
-903.939 -4.5257
-904.292 -4.52576
-904.645 -4.52582
-904.997 -4.52588
-905.35 -4.52594
-905.702 -4.526
-906.055 -4.52605
-906.408 -4.52611
-906.76 -4.52617
-907.113 -4.52623
-907.465 -4.52629
-907.818 -4.52635
-908.171 -4.52641
-908.523 -4.52646
-908.876 -4.52652
-909.229 -4.52658
-909.581 -4.52664
-909.934 -4.5267
-910.287 -4.52676
-910.639 -4.52682
-910.992 -4.52687
-911.345 -4.52693
-911.697 -4.52699
-912.05 -4.52705
-912.403 -4.52711
-912.756 -4.52717
-913.108 -4.52722
-913.461 -4.52728
-913.814 -4.52734
-914.166 -4.5274
-914.519 -4.52746
-914.872 -4.52751
-915.225 -4.52757
-915.577 -4.52763
-915.93 -4.52769
-916.283 -4.52775
-916.636 -4.5278
-916.989 -4.52786
-917.341 -4.52792
-917.694 -4.52798
-918.047 -4.52804
-918.4 -4.52809
-918.752 -4.52815
-919.105 -4.52821
-919.458 -4.52827
-919.811 -4.52832
-920.164 -4.52838
-920.517 -4.52844
-920.87 -4.5285
-921.222 -4.52855
-921.575 -4.52861
-921.928 -4.52867
-922.281 -4.52873
-922.634 -4.52879
-922.987 -4.52884
-923.34 -4.5289
-923.692 -4.52896
-924.045 -4.52901
-924.398 -4.52907
-924.751 -4.52913
-925.104 -4.52919
-925.457 -4.52924
-925.81 -4.5293
-926.163 -4.52936
-926.516 -4.52941
-926.869 -4.52947
-927.222 -4.52953
-927.575 -4.52959
-927.928 -4.52964
-928.281 -4.5297
-928.634 -4.52976
-928.987 -4.52981
-929.339 -4.52987
-929.692 -4.52993
-930.045 -4.52998
-930.398 -4.53004
-930.751 -4.5301
-931.104 -4.53015
-931.458 -4.53021
-931.811 -4.53027
-932.164 -4.53032
-932.517 -4.53038
-932.87 -4.53044
-933.223 -4.5305
-933.576 -4.53055
-933.929 -4.53061
-934.282 -4.53067
-934.635 -4.53072
-934.988 -4.53078
-935.341 -4.53083
-935.694 -4.53089
-936.047 -4.53095
-936.4 -4.531
-936.753 -4.53106
-937.107 -4.53112
-937.46 -4.53117
-937.813 -4.53123
-938.166 -4.53128
-938.519 -4.53134
-938.872 -4.5314
-939.225 -4.53145
-939.578 -4.53151
-939.932 -4.53157
-940.285 -4.53162
-940.638 -4.53168
-940.991 -4.53173
-941.344 -4.53179
-941.697 -4.53185
-942.051 -4.5319
-942.404 -4.53196
-942.757 -4.53201
-943.11 -4.53207
-943.463 -4.53212
-943.817 -4.53218
-944.17 -4.53224
-944.523 -4.53229
-944.876 -4.53235
-945.229 -4.5324
-945.583 -4.53246
-945.936 -4.53252
-946.289 -4.53257
-946.642 -4.53263
-946.996 -4.53268
-947.349 -4.53274
-947.702 -4.53279
-948.056 -4.53285
-948.409 -4.5329
-948.762 -4.53296
-949.115 -4.53301
-949.469 -4.53307
-949.822 -4.53312
-950.175 -4.53318
-950.529 -4.53324
-950.882 -4.53329
-951.235 -4.53335
-951.589 -4.5334
-951.942 -4.53346
-952.295 -4.53351
-952.649 -4.53357
-953.002 -4.53362
-953.355 -4.53368
-953.709 -4.53373
-954.062 -4.53379
-954.415 -4.53384
-954.769 -4.5339
-955.122 -4.53395
-955.476 -4.53401
-955.829 -4.53406
-956.182 -4.53412
-956.536 -4.53417
-956.889 -4.53423
-957.243 -4.53428
-957.596 -4.53434
-957.95 -4.53439
-958.303 -4.53445
-958.656 -4.5345
-959.01 -4.53456
-959.363 -4.53461
-959.717 -4.53467
-960.07 -4.53472
-960.424 -4.53477
-960.777 -4.53483
-961.131 -4.53488
-961.484 -4.53494
-961.838 -4.53499
-962.191 -4.53505
-962.545 -4.5351
-962.898 -4.53515
-963.252 -4.53521
-963.605 -4.53526
-963.959 -4.53532
-964.312 -4.53537
-964.666 -4.53543
-965.019 -4.53548
-965.373 -4.53554
-965.726 -4.53559
-966.08 -4.53564
-966.434 -4.5357
-966.787 -4.53575
-967.141 -4.53581
-967.494 -4.53586
-967.848 -4.53591
-968.201 -4.53597
-968.555 -4.53602
-968.909 -4.53608
-969.262 -4.53613
-969.616 -4.53618
-969.97 -4.53624
-970.323 -4.53629
-970.677 -4.53635
-971.03 -4.5364
-971.384 -4.53645
-971.738 -4.53651
-972.091 -4.53656
-972.445 -4.53661
-972.799 -4.53667
-973.152 -4.53672
-973.506 -4.53678
-973.86 -4.53683
-974.213 -4.53688
-974.567 -4.53694
-974.921 -4.53699
-975.274 -4.53704
-975.628 -4.5371
-975.982 -4.53715
-976.336 -4.5372
-976.689 -4.53726
-977.043 -4.53731
-977.397 -4.53736
-977.75 -4.53742
-978.104 -4.53747
-978.458 -4.53752
-978.812 -4.53758
-979.166 -4.53763
-979.519 -4.53768
-979.873 -4.53774
-980.227 -4.53779
-980.581 -4.53784
-980.934 -4.5379
-981.288 -4.53795
-981.642 -4.538
-981.996 -4.53806
-982.35 -4.53811
-982.703 -4.53816
-983.057 -4.53821
-983.411 -4.53827
-983.765 -4.53832
-984.119 -4.53837
-984.472 -4.53843
-984.826 -4.53848
-985.18 -4.53853
-985.534 -4.53859
-985.888 -4.53864
-986.242 -4.53869
-986.596 -4.53874
-986.95 -4.5388
-987.303 -4.53885
-987.657 -4.5389
-988.011 -4.53895
-988.365 -4.53901
-988.719 -4.53906
-989.073 -4.53911
-989.427 -4.53916
-989.781 -4.53922
-990.135 -4.53927
-990.489 -4.53932
-990.842 -4.53937
-991.196 -4.53943
-991.55 -4.53948
-991.904 -4.53953
-992.258 -4.53958
-992.612 -4.53964
-992.966 -4.53969
-993.32 -4.53974
-993.674 -4.53979
-994.028 -4.53985
-994.382 -4.5399
-994.736 -4.53995
-995.09 -4.54
-995.444 -4.54005
-995.798 -4.54011
-996.152 -4.54016
-996.506 -4.54021
-996.86 -4.54026
-997.214 -4.54031
-997.568 -4.54037
-997.922 -4.54042
-998.276 -4.54047
-998.63 -4.54052
-998.984 -4.54057
-999.338 -4.54063
-999.693 -4.54068
-1000.05 -4.54073
-1000.4 -4.54078
-1000.75 -4.54083
-1001.11 -4.54089
-1001.46 -4.54094
-1001.82 -4.54099
-1002.17 -4.54104
-1002.53 -4.54109
-1002.88 -4.54114
-1003.23 -4.5412
-1003.59 -4.54125
-1003.94 -4.5413
-1004.3 -4.54135
-1004.65 -4.5414
-1005 -4.54145
-1005.36 -4.5415
-1005.71 -4.54156
-1006.07 -4.54161
-1006.42 -4.54166
-1006.77 -4.54171
-1007.13 -4.54176
-1007.48 -4.54181
-1007.84 -4.54187
-1008.19 -4.54192
-1008.55 -4.54197
-1008.9 -4.54202
-1009.25 -4.54207
-1009.61 -4.54212
-1009.96 -4.54217
-1010.32 -4.54222
-1010.67 -4.54227
-1011.03 -4.54233
-1011.38 -4.54238
-1011.73 -4.54243
-1012.09 -4.54248
-1012.44 -4.54253
-1012.8 -4.54258
-1013.15 -4.54263
-1013.5 -4.54268
-1013.86 -4.54273
-1014.21 -4.54279
-1014.57 -4.54284
-1014.92 -4.54289
-1015.28 -4.54294
-1015.63 -4.54299
-1015.98 -4.54304
-1016.34 -4.54309
-1016.69 -4.54314
-1017.05 -4.54319
-1017.4 -4.54324
-1017.76 -4.54329
-1018.11 -4.54334
-1018.47 -4.54339
-1018.82 -4.54345
-1019.17 -4.5435
-1019.53 -4.54355
-1019.88 -4.5436
-1020.24 -4.54365
-1020.59 -4.5437
-1020.95 -4.54375
-1021.3 -4.5438
-1021.65 -4.54385
-1022.01 -4.5439
-1022.36 -4.54395
-1022.72 -4.544
-1023.07 -4.54405
-1023.43 -4.5441
-1023.78 -4.54415
-1024.14 -4.5442
-1024.49 -4.54425
-1024.84 -4.5443
-1025.2 -4.54435
-1025.55 -4.5444
-1025.91 -4.54445
-1026.26 -4.5445
-1026.62 -4.54455
-1026.97 -4.5446
-1027.33 -4.54465
-1027.68 -4.5447
-1028.03 -4.54475
-1028.39 -4.5448
-1028.74 -4.54485
-1029.1 -4.5449
-1029.45 -4.54495
-1029.81 -4.545
-1030.16 -4.54505
-1030.52 -4.5451
-1030.87 -4.54515
-1031.22 -4.5452
-1031.58 -4.54525
-1031.93 -4.5453
-1032.29 -4.54535
-1032.64 -4.5454
-1033 -4.54545
-1033.35 -4.5455
-1033.71 -4.54555
-1034.06 -4.5456
-1034.42 -4.54565
-1034.77 -4.5457
-1035.12 -4.54575
-1035.48 -4.5458
-1035.83 -4.54585
-1036.19 -4.5459
-1036.54 -4.54595
-1036.9 -4.546
-1037.25 -4.54605
-1037.61 -4.5461
-1037.96 -4.54615
-1038.32 -4.5462
-1038.67 -4.54625
-1039.03 -4.5463
-1039.38 -4.54635
-1039.73 -4.54639
-1040.09 -4.54644
-1040.44 -4.54649
-1040.8 -4.54654
-1041.15 -4.54659
-1041.51 -4.54664
-1041.86 -4.54669
-1042.22 -4.54674
-1042.57 -4.54679
-1042.93 -4.54684
-1043.28 -4.54689
-1043.64 -4.54693
-1043.99 -4.54698
-1044.34 -4.54703
-1044.7 -4.54708
-1045.05 -4.54713
-1045.41 -4.54718
-1045.76 -4.54723
-1046.12 -4.54728
-1046.47 -4.54733
-1046.83 -4.54738
-1047.18 -4.54743
-1047.54 -4.54747
-1047.89 -4.54752
-1048.25 -4.54757
-1048.6 -4.54762
-1048.96 -4.54767
-1049.31 -4.54772
-1049.67 -4.54777
-1050.02 -4.54781
-1050.38 -4.54786
-1050.73 -4.54791
-1051.08 -4.54796
-1051.44 -4.54801
-1051.79 -4.54806
-1052.15 -4.54811
-1052.5 -4.54816
-1052.86 -4.5482
-1053.21 -4.54825
-1053.57 -4.5483
-1053.92 -4.54835
-1054.28 -4.5484
-1054.63 -4.54845
-1054.99 -4.5485
-1055.34 -4.54854
-1055.7 -4.54859
-1056.05 -4.54864
-1056.41 -4.54869
-1056.76 -4.54874
-1057.12 -4.54879
-1057.47 -4.54883
-1057.83 -4.54888
-1058.18 -4.54893
-1058.54 -4.54898
-1058.89 -4.54903
-1059.25 -4.54907
-1059.6 -4.54912
-1059.96 -4.54917
-1060.31 -4.54922
-1060.67 -4.54927
-1061.02 -4.54931
-1061.38 -4.54936
-1061.73 -4.54941
-1062.09 -4.54946
-1062.44 -4.54951
-1062.8 -4.54956
-1063.15 -4.5496
-1063.51 -4.54965
-1063.86 -4.5497
-1064.22 -4.54975
-1064.57 -4.5498
-1064.93 -4.54984
-1065.28 -4.54989
-1065.64 -4.54994
-1065.99 -4.54999
-1066.35 -4.55003
-1066.7 -4.55008
-1067.06 -4.55013
-1067.41 -4.55018
-1067.77 -4.55022
-1068.12 -4.55027
-1068.48 -4.55032
-1068.83 -4.55037
-1069.19 -4.55042
-1069.54 -4.55046
-1069.9 -4.55051
-1070.25 -4.55056
-1070.61 -4.55061
-1070.96 -4.55065
-1071.32 -4.5507
-1071.67 -4.55075
-1072.03 -4.5508
-1072.38 -4.55084
-1072.74 -4.55089
-1073.09 -4.55094
-1073.45 -4.55099
-1073.8 -4.55103
-1074.16 -4.55108
-1074.51 -4.55113
-1074.87 -4.55117
-1075.22 -4.55122
-1075.58 -4.55127
-1075.93 -4.55132
-1076.29 -4.55136
-1076.64 -4.55141
-1077 -4.55146
-1077.35 -4.5515
-1077.71 -4.55155
-1078.06 -4.5516
-1078.42 -4.55165
-1078.77 -4.55169
-1079.13 -4.55174
-1079.48 -4.55179
-1079.84 -4.55184
-1080.19 -4.55188
-1080.55 -4.55193
-1080.9 -4.55198
-1081.26 -4.55202
-1081.62 -4.55207
-1081.97 -4.55212
-1082.33 -4.55216
-1082.68 -4.55221
-1083.04 -4.55226
-1083.39 -4.5523
-1083.75 -4.55235
-1084.1 -4.5524
-1084.46 -4.55244
-1084.81 -4.55249
-1085.17 -4.55254
-1085.52 -4.55258
-1085.88 -4.55263
-1086.23 -4.55268
-1086.59 -4.55272
-1086.94 -4.55277
-1087.3 -4.55282
-1087.65 -4.55286
-1088.01 -4.55291
-1088.36 -4.55296
-1088.72 -4.553
-1089.08 -4.55305
-1089.43 -4.5531
-1089.79 -4.55314
-1090.14 -4.55319
-1090.5 -4.55324
-1090.85 -4.55328
-1091.21 -4.55333
-1091.56 -4.55338
-1091.92 -4.55342
-1092.27 -4.55347
-1092.63 -4.55351
-1092.98 -4.55356
-1093.34 -4.55361
-1093.7 -4.55365
-1094.05 -4.5537
-1094.41 -4.55375
-1094.76 -4.55379
-1095.12 -4.55384
-1095.47 -4.55388
-1095.83 -4.55393
-1096.18 -4.55398
-1096.54 -4.55402
-1096.89 -4.55407
-1097.25 -4.55412
-1097.6 -4.55416
-1097.96 -4.55421
-1098.31 -4.55425
-1098.67 -4.5543
-1099.03 -4.55435
-1099.38 -4.55439
-1099.74 -4.55444
-1100.09 -4.55448
-1100.45 -4.55453
-1100.8 -4.55457
-1101.16 -4.55462
-1101.51 -4.55467
-1101.87 -4.55471
-1102.23 -4.55476
-1102.58 -4.5548
-1102.94 -4.55485
-1103.29 -4.55489
-1103.65 -4.55494
-1104 -4.55499
-1104.36 -4.55503
-1104.71 -4.55508
-1105.07 -4.55512
-1105.42 -4.55517
-1105.78 -4.55522
-1106.14 -4.55526
-1106.49 -4.55531
-1106.85 -4.55535
-1107.2 -4.5554
-1107.56 -4.55544
-1107.91 -4.55549
-1108.27 -4.55553
-1108.62 -4.55558
-1108.98 -4.55562
-1109.34 -4.55567
-1109.69 -4.55572
-1110.05 -4.55576
-1110.4 -4.55581
-1110.76 -4.55585
-1111.11 -4.5559
-1111.47 -4.55594
-1111.82 -4.55599
-1112.18 -4.55603
-1112.54 -4.55608
-1112.89 -4.55612
-1113.25 -4.55617
-1113.6 -4.55621
-1113.96 -4.55626
-1114.31 -4.5563
-1114.67 -4.55635
-1115.02 -4.5564
-1115.38 -4.55644
-1115.74 -4.55649
-1116.09 -4.55653
-1116.45 -4.55658
-1116.8 -4.55662
-1117.16 -4.55667
-1117.51 -4.55671
-1117.87 -4.55676
-1118.23 -4.5568
-1118.58 -4.55685
-1118.94 -4.55689
-1119.29 -4.55693
-1119.65 -4.55698
-1120 -4.55702
-1120.36 -4.55707
-1120.72 -4.55711
-1121.07 -4.55716
-1121.43 -4.5572
-1121.78 -4.55725
-1122.14 -4.55729
-1122.49 -4.55734
-1122.85 -4.55738
-1123.21 -4.55743
-1123.56 -4.55747
-1123.92 -4.55752
-1124.27 -4.55756
-1124.63 -4.55761
-1124.98 -4.55765
-1125.34 -4.5577
-1125.7 -4.55774
-1126.05 -4.55779
-1126.41 -4.55783
-1126.76 -4.55787
-1127.12 -4.55792
-1127.48 -4.55796
-1127.83 -4.55801
-1128.19 -4.55805
-1128.54 -4.5581
-1128.9 -4.55814
-1129.25 -4.55819
-1129.61 -4.55823
-1129.97 -4.55827
-1130.32 -4.55832
-1130.68 -4.55836
-1131.03 -4.55841
-1131.39 -4.55845
-1131.75 -4.5585
-1132.1 -4.55854
-1132.46 -4.55858
-1132.81 -4.55863
-1133.17 -4.55867
-1133.52 -4.55872
-1133.88 -4.55876
-1134.24 -4.55881
-1134.59 -4.55885
-1134.95 -4.55889
-1135.3 -4.55894
-1135.66 -4.55898
-1136.02 -4.55903
-1136.37 -4.55907
-1136.73 -4.55911
-1137.08 -4.55916
-1137.44 -4.5592
-1137.8 -4.55925
-1138.15 -4.55929
-1138.51 -4.55933
-1138.86 -4.55938
-1139.22 -4.55942
-1139.57 -4.55947
-1139.93 -4.55951
-1140.29 -4.55955
-1140.64 -4.5596
-1141 -4.55964
-1141.35 -4.55968
-1141.71 -4.55973
-1142.07 -4.55977
-1142.42 -4.55982
-1142.78 -4.55986
-1143.13 -4.5599
-1143.49 -4.55995
-1143.85 -4.55999
-1144.2 -4.56004
-1144.56 -4.56008
-1144.91 -4.56012
-1145.27 -4.56017
-1145.63 -4.56021
-1145.98 -4.56025
-1146.34 -4.5603
-1146.69 -4.56034
-1147.05 -4.56038
-1147.41 -4.56043
-1147.76 -4.56047
-1148.12 -4.56051
-1148.47 -4.56056
-1148.83 -4.5606
-1149.19 -4.56064
-1149.54 -4.56069
-1149.9 -4.56073
-1150.26 -4.56077
-1150.61 -4.56082
-1150.97 -4.56086
-1151.32 -4.5609
-1151.68 -4.56095
-1152.04 -4.56099
-1152.39 -4.56104
-1152.75 -4.56108
-1153.1 -4.56112
-1153.46 -4.56117
-1153.82 -4.56121
-1154.17 -4.56125
-1154.53 -4.5613
-1154.88 -4.56134
-1155.24 -4.56138
-1155.6 -4.56143
-1155.95 -4.56147
-1156.31 -4.56151
-1156.66 -4.56155
-1157.02 -4.5616
-1157.38 -4.56164
-1157.73 -4.56168
-1158.09 -4.56173
-1158.45 -4.56177
-1158.8 -4.56181
-1159.16 -4.56185
-1159.51 -4.5619
-1159.87 -4.56194
-1160.23 -4.56198
-1160.58 -4.56203
-1160.94 -4.56207
-1161.3 -4.56211
-1161.65 -4.56215
-1162.01 -4.5622
-1162.36 -4.56224
-1162.72 -4.56228
-1163.08 -4.56233
-1163.43 -4.56237
-1163.79 -4.56241
-1164.15 -4.56246
-1164.5 -4.5625
-1164.86 -4.56254
-1165.21 -4.56258
-1165.57 -4.56263
-1165.93 -4.56267
-1166.28 -4.56271
-1166.64 -4.56275
-1167 -4.5628
-1167.35 -4.56284
-1167.71 -4.56288
-1168.06 -4.56292
-1168.42 -4.56297
-1168.78 -4.56301
-1169.13 -4.56305
-1169.49 -4.56309
-1169.85 -4.56314
-1170.2 -4.56318
-1170.56 -4.56322
-1170.91 -4.56326
-1171.27 -4.56331
-1171.63 -4.56335
-1171.98 -4.56339
-1172.34 -4.56343
-1172.7 -4.56348
-1173.05 -4.56352
-1173.41 -4.56356
-1173.77 -4.5636
-1174.12 -4.56364
-1174.48 -4.56369
-1174.83 -4.56373
-1175.19 -4.56377
-1175.55 -4.56381
-1175.9 -4.56386
-1176.26 -4.5639
-1176.62 -4.56394
-1176.97 -4.56398
-1177.33 -4.56402
-1177.69 -4.56407
-1178.04 -4.56411
-1178.4 -4.56415
-1178.75 -4.56419
-1179.11 -4.56423
-1179.47 -4.56428
-1179.82 -4.56432
-1180.18 -4.56436
-1180.54 -4.5644
-1180.89 -4.56444
-1181.25 -4.56449
-1181.61 -4.56453
-1181.96 -4.56457
-1182.32 -4.56461
-1182.68 -4.56465
-1183.03 -4.5647
-1183.39 -4.56474
-1183.75 -4.56478
-1184.1 -4.56482
-1184.46 -4.56486
-1184.81 -4.56491
-1185.17 -4.56495
-1185.53 -4.56499
-1185.88 -4.56503
-1186.24 -4.56507
-1186.6 -4.56511
-1186.95 -4.56516
-1187.31 -4.5652
-1187.67 -4.56524
-1188.02 -4.56528
-1188.38 -4.56532
-1188.74 -4.56536
-1189.09 -4.56541
-1189.45 -4.56545
-1189.81 -4.56549
-1190.16 -4.56553
-1190.52 -4.56557
-1190.88 -4.56561
-1191.23 -4.56565
-1191.59 -4.5657
-1191.95 -4.56574
-1192.3 -4.56578
-1192.66 -4.56582
-1193.02 -4.56586
-1193.37 -4.5659
-1193.73 -4.56594
-1194.08 -4.56599
-1194.44 -4.56603
-1194.8 -4.56607
-1195.15 -4.56611
-1195.51 -4.56615
-1195.87 -4.56619
-1196.22 -4.56624
-1196.58 -4.56628
-1196.94 -4.56632
-1197.29 -4.56636
-1197.65 -4.5664
-1198.01 -4.56644
-1198.36 -4.56648
-1198.72 -4.56652
-1199.08 -4.56656
-1199.43 -4.56661
-1199.79 -4.56665
-1200.15 -4.56669
-1200.5 -4.56673
-1200.86 -4.56677
-1201.22 -4.56681
-1201.57 -4.56685
-1201.93 -4.56689
-1202.29 -4.56693
-1202.64 -4.56697
-1203 -4.56702
-1203.36 -4.56706
-1203.71 -4.5671
-1204.07 -4.56714
-1204.43 -4.56718
-1204.78 -4.56722
-1205.14 -4.56726
-1205.5 -4.5673
-1205.85 -4.56734
-1206.21 -4.56738
-1206.57 -4.56743
-1206.92 -4.56747
-1207.28 -4.56751
-1207.64 -4.56755
-1207.99 -4.56759
-1208.35 -4.56763
-1208.71 -4.56767
-1209.07 -4.56771
-1209.42 -4.56775
-1209.78 -4.56779
-1210.14 -4.56783
-1210.49 -4.56787
-1210.85 -4.56791
-1211.21 -4.56795
-1211.56 -4.56799
-1211.92 -4.56804
-1212.28 -4.56808
-1212.63 -4.56812
-1212.99 -4.56816
-1213.35 -4.5682
-1213.7 -4.56824
-1214.06 -4.56828
-1214.42 -4.56832
-1214.77 -4.56836
-1215.13 -4.5684
-1215.49 -4.56844
-1215.84 -4.56848
-1216.2 -4.56852
-1216.56 -4.56856
-1216.92 -4.5686
-1217.27 -4.56864
-1217.63 -4.56868
-1217.99 -4.56872
-1218.34 -4.56876
-1218.7 -4.56881
-1219.06 -4.56885
-1219.41 -4.56889
-1219.77 -4.56893
-1220.13 -4.56897
-1220.48 -4.56901
-1220.84 -4.56905
-1221.2 -4.56909
-1221.55 -4.56913
-1221.91 -4.56917
-1222.27 -4.56921
-1222.63 -4.56925
-1222.98 -4.56929
-1223.34 -4.56933
-1223.7 -4.56937
-1224.05 -4.56941
-1224.41 -4.56945
-1224.77 -4.56949
-1225.12 -4.56953
-1225.48 -4.56957
-1225.84 -4.56961
-1226.19 -4.56965
-1226.55 -4.56969
-1226.91 -4.56973
-1227.27 -4.56977
-1227.62 -4.56981
-1227.98 -4.56985
-1228.34 -4.56989
-1228.69 -4.56993
-1229.05 -4.56997
-1229.41 -4.57001
-1229.76 -4.57005
-1230.12 -4.57009
-1230.48 -4.57013
-1230.84 -4.57017
-1231.19 -4.57021
-1231.55 -4.57025
-1231.91 -4.57029
-1232.26 -4.57033
-1232.62 -4.57036
-1232.98 -4.5704
-1233.34 -4.57044
-1233.69 -4.57048
-1234.05 -4.57052
-1234.41 -4.57056
-1234.76 -4.5706
-1235.12 -4.57064
-1235.48 -4.57068
-1235.83 -4.57072
-1236.19 -4.57076
-1236.55 -4.5708
-1236.91 -4.57084
-1237.26 -4.57088
-1237.62 -4.57092
-1237.98 -4.57096
-1238.33 -4.571
-1238.69 -4.57104
-1239.05 -4.57108
-1239.41 -4.57112
-1239.76 -4.57116
-1240.12 -4.5712
-1240.48 -4.57124
-1240.83 -4.57128
-1241.19 -4.57131
-1241.55 -4.57135
-1241.91 -4.57139
-1242.26 -4.57143
-1242.62 -4.57147
-1242.98 -4.57151
-1243.33 -4.57155
-1243.69 -4.57159
-1244.05 -4.57163
-1244.41 -4.57167
-1244.76 -4.57171
-1245.12 -4.57175
-1245.48 -4.57179
-1245.83 -4.57182
-1246.19 -4.57186
-1246.55 -4.5719
-1246.91 -4.57194
-1247.26 -4.57198
-1247.62 -4.57202
-1247.98 -4.57206
-1248.33 -4.5721
-1248.69 -4.57214
-1249.05 -4.57218
-1249.41 -4.57222
-1249.76 -4.57225
-1250.12 -4.57229
-1250.48 -4.57233
-1250.83 -4.57237
-1251.19 -4.57241
-1251.55 -4.57245
-1251.91 -4.57249
-1252.26 -4.57253
-1252.62 -4.57257
-1252.98 -4.57261
-1253.34 -4.57265
-1253.69 -4.57268
-1254.05 -4.57272
-1254.41 -4.57276
-1254.76 -4.5728
-1255.12 -4.57284
-1255.48 -4.57288
-1255.84 -4.57292
-1256.19 -4.57296
-1256.55 -4.57299
-1256.91 -4.57303
-1257.27 -4.57307
-1257.62 -4.57311
-1257.98 -4.57315
-1258.34 -4.57319
-1258.69 -4.57323
-1259.05 -4.57327
-1259.41 -4.5733
-1259.77 -4.57334
-1260.12 -4.57338
-1260.48 -4.57342
-1260.84 -4.57346
-1261.2 -4.5735
-1261.55 -4.57354
-1261.91 -4.57357
-1262.27 -4.57361
-1262.63 -4.57365
-1262.98 -4.57369
-1263.34 -4.57373
-1263.7 -4.57377
-1264.06 -4.57381
-1264.41 -4.57384
-1264.77 -4.57388
-1265.13 -4.57392
-1265.48 -4.57396
-1265.84 -4.574
-1266.2 -4.57404
-1266.56 -4.57408
-1266.91 -4.57411
-1267.27 -4.57415
-1267.63 -4.57419
-1267.99 -4.57423
-1268.34 -4.57427
-1268.7 -4.57431
-1269.06 -4.57434
-1269.42 -4.57438
-1269.77 -4.57442
-1270.13 -4.57446
-1270.49 -4.5745
-1270.85 -4.57453
-1271.2 -4.57457
-1271.56 -4.57461
-1271.92 -4.57465
-1272.28 -4.57469
-1272.63 -4.57472
-1272.99 -4.57476
-1273.35 -4.5748
-1273.71 -4.57484
-1274.06 -4.57488
-1274.42 -4.57492
-1274.78 -4.57495
-1275.14 -4.57499
-1275.49 -4.57503
-1275.85 -4.57507
-1276.21 -4.57511
-1276.57 -4.57514
-1276.92 -4.57518
-1277.28 -4.57522
-1277.64 -4.57526
-1278 -4.5753
-1278.35 -4.57534
-1278.71 -4.57537
-1279.07 -4.57541
-1279.43 -4.57545
-1279.78 -4.57549
-1280.14 -4.57552
-1280.5 -4.57556
-1280.86 -4.5756
-1281.21 -4.57564
-1281.57 -4.57568
-1281.93 -4.57571
-1282.29 -4.57575
-1282.64 -4.57579
-1283 -4.57583
-1283.36 -4.57586
-1283.72 -4.5759
-1284.07 -4.57594
-1284.43 -4.57598
-1284.79 -4.57601
-1285.15 -4.57605
-1285.5 -4.57609
-1285.86 -4.57613
-1286.22 -4.57616
-1286.58 -4.5762
-1286.94 -4.57624
-1287.29 -4.57628
-1287.65 -4.57632
-1288.01 -4.57635
-1288.37 -4.57639
-1288.72 -4.57643
-1289.08 -4.57647
-1289.44 -4.5765
-1289.8 -4.57654
-1290.15 -4.57658
-1290.51 -4.57662
-1290.87 -4.57665
-1291.23 -4.57669
-1291.58 -4.57673
-1291.94 -4.57677
-1292.3 -4.5768
-1292.66 -4.57684
-1293.02 -4.57688
-1293.37 -4.57692
-1293.73 -4.57695
-1294.09 -4.57699
-1294.45 -4.57703
-1294.8 -4.57706
-1295.16 -4.5771
-1295.52 -4.57714
-1295.88 -4.57718
-1296.23 -4.57721
-1296.59 -4.57725
-1296.95 -4.57729
-1297.31 -4.57733
-1297.67 -4.57736
-1298.02 -4.5774
-1298.38 -4.57744
-1298.74 -4.57747
-1299.1 -4.57751
-1299.45 -4.57755
-1299.81 -4.57759
-1300.17 -4.57762
-1300.53 -4.57766
-1300.89 -4.5777
-1301.24 -4.57773
-1301.6 -4.57777
-1301.96 -4.57781
-1302.32 -4.57785
-1302.67 -4.57788
-1303.03 -4.57792
-1303.39 -4.57796
-1303.75 -4.57799
-1304.11 -4.57803
-1304.46 -4.57807
-1304.82 -4.57811
-1305.18 -4.57814
-1305.54 -4.57818
-1305.89 -4.57822
-1306.25 -4.57825
-1306.61 -4.57829
-1306.97 -4.57833
-1307.33 -4.57836
-1307.68 -4.5784
-1308.04 -4.57844
-1308.4 -4.57847
-1308.76 -4.57851
-1309.11 -4.57855
-1309.47 -4.57858
-1309.83 -4.57862
-1310.19 -4.57866
-1310.55 -4.57869
-1310.9 -4.57873
-1311.26 -4.57877
-1311.62 -4.5788
-1311.98 -4.57884
-1312.34 -4.57888
-1312.69 -4.57891
-1313.05 -4.57895
-1313.41 -4.57899
-1313.77 -4.57902
-1314.13 -4.57906
-1314.48 -4.5791
-1314.84 -4.57913
-1315.2 -4.57917
-1315.56 -4.57921
-1315.92 -4.57924
-1316.27 -4.57928
-1316.63 -4.57932
-1316.99 -4.57935
-1317.35 -4.57939
-1317.7 -4.57943
-1318.06 -4.57946
-1318.42 -4.5795
-1318.78 -4.57954
-1319.14 -4.57957
-1319.49 -4.57961
-1319.85 -4.57965
-1320.21 -4.57968
-1320.57 -4.57972
-1320.93 -4.57976
-1321.28 -4.57979
-1321.64 -4.57983
-1322 -4.57986
-1322.36 -4.5799
-1322.72 -4.57994
-1323.07 -4.57997
-1323.43 -4.58001
-1323.79 -4.58005
-1324.15 -4.58008
-1324.51 -4.58012
-1324.86 -4.58015
-1325.22 -4.58019
-1325.58 -4.58023
-1325.94 -4.58026
-1326.3 -4.5803
-1326.65 -4.58034
-1327.01 -4.58037
-1327.37 -4.58041
-1327.73 -4.58044
-1328.09 -4.58048
-1328.44 -4.58052
-1328.8 -4.58055
-1329.16 -4.58059
-1329.52 -4.58063
-1329.88 -4.58066
-1330.23 -4.5807
-1330.59 -4.58073
-1330.95 -4.58077
-1331.31 -4.58081
-1331.67 -4.58084
-1332.02 -4.58088
-1332.38 -4.58091
-1332.74 -4.58095
-1333.1 -4.58099
-1333.46 -4.58102
-1333.82 -4.58106
-1334.17 -4.58109
-1334.53 -4.58113
-1334.89 -4.58116
-1335.25 -4.5812
-1335.61 -4.58124
-1335.96 -4.58127
-1336.32 -4.58131
-1336.68 -4.58134
-1337.04 -4.58138
-1337.4 -4.58142
-1337.76 -4.58145
-1338.11 -4.58149
-1338.47 -4.58152
-1338.83 -4.58156
-1339.19 -4.58159
-1339.55 -4.58163
-1339.9 -4.58167
-1340.26 -4.5817
-1340.62 -4.58174
-1340.98 -4.58177
-1341.34 -4.58181
-1341.69 -4.58184
-1342.05 -4.58188
-1342.41 -4.58192
-1342.77 -4.58195
-1343.13 -4.58199
-1343.49 -4.58202
-1343.84 -4.58206
-1344.2 -4.58209
-1344.56 -4.58213
-1344.92 -4.58217
-1345.28 -4.5822
-1345.63 -4.58224
-1345.99 -4.58227
-1346.35 -4.58231
-1346.71 -4.58234
-1347.07 -4.58238
-1347.43 -4.58242
-1347.78 -4.58245
-1348.14 -4.58249
-1348.5 -4.58252
-1348.86 -4.58256
-1349.22 -4.58259
-1349.58 -4.58263
-1349.93 -4.58266
-1350.29 -4.5827
-1350.65 -4.58273
-1351.01 -4.58277
-1351.37 -4.5828
-1351.73 -4.58284
-1352.08 -4.58287
-1352.44 -4.58291
-1352.8 -4.58294
-1353.16 -4.58298
-1353.52 -4.58301
-1353.88 -4.58305
-1354.23 -4.58309
-1354.59 -4.58312
-1354.95 -4.58316
-1355.31 -4.58319
-1355.67 -4.58323
-1356.02 -4.58326
-1356.38 -4.5833
-1356.74 -4.58333
-1357.1 -4.58337
-1357.46 -4.5834
-1357.82 -4.58344
-1358.17 -4.58347
-1358.53 -4.58351
-1358.89 -4.58354
-1359.25 -4.58358
-1359.61 -4.58361
-1359.97 -4.58365
-1360.33 -4.58369
-1360.68 -4.58372
-1361.04 -4.58376
-1361.4 -4.58379
-1361.76 -4.58383
-1362.12 -4.58386
-1362.48 -4.58389
-1362.83 -4.58393
-1363.19 -4.58396
-1363.55 -4.584
-1363.91 -4.58403
-1364.27 -4.58407
-1364.63 -4.5841
-1364.98 -4.58414
-1365.34 -4.58417
-1365.7 -4.58421
-1366.06 -4.58424
-1366.42 -4.58428
-1366.78 -4.58431
-1367.13 -4.58435
-1367.49 -4.58438
-1367.85 -4.58442
-1368.21 -4.58445
-1368.57 -4.58449
-1368.93 -4.58452
-1369.29 -4.58456
-1369.64 -4.58459
-1370 -4.58463
-1370.36 -4.58466
-1370.72 -4.5847
-1371.08 -4.58473
-1371.44 -4.58476
-1371.79 -4.5848
-1372.15 -4.58483
-1372.51 -4.58487
-1372.87 -4.5849
-1373.23 -4.58494
-1373.59 -4.58497
-1373.95 -4.58501
-1374.3 -4.58504
-1374.66 -4.58508
-1375.02 -4.58511
-1375.38 -4.58515
-1375.74 -4.58518
-1376.1 -4.58522
-1376.46 -4.58525
-1376.81 -4.58529
-1377.17 -4.58532
-1377.53 -4.58535
-1377.89 -4.58539
-1378.25 -4.58542
-1378.61 -4.58546
-1378.96 -4.58549
-1379.32 -4.58553
-1379.68 -4.58556
-1380.04 -4.58559
-1380.4 -4.58563
-1380.76 -4.58566
-1381.12 -4.5857
-1381.47 -4.58573
-1381.83 -4.58577
-1382.19 -4.5858
-1382.55 -4.58583
-1382.91 -4.58587
-1383.27 -4.5859
-1383.63 -4.58594
-1383.98 -4.58597
-1384.34 -4.58601
-1384.7 -4.58604
-1385.06 -4.58607
-1385.42 -4.58611
-1385.78 -4.58614
-1386.14 -4.58618
-1386.5 -4.58621
-1386.85 -4.58625
-1387.21 -4.58628
-1387.57 -4.58632
-1387.93 -4.58635
-1388.29 -4.58638
-1388.65 -4.58642
-1389.01 -4.58645
-1389.36 -4.58649
-1389.72 -4.58652
-1390.08 -4.58656
-1390.44 -4.58659
-1390.8 -4.58662
-1391.16 -4.58666
-1391.52 -4.58669
-1391.87 -4.58673
-1392.23 -4.58676
-1392.59 -4.58679
-1392.95 -4.58683
-1393.31 -4.58686
-1393.67 -4.58689
-1394.03 -4.58693
-1394.39 -4.58696
-1394.74 -4.587
-1395.1 -4.58703
-1395.46 -4.58706
-1395.82 -4.5871
-1396.18 -4.58713
-1396.54 -4.58717
-1396.9 -4.5872
-1397.26 -4.58723
-1397.61 -4.58727
-1397.97 -4.5873
-1398.33 -4.58733
-1398.69 -4.58737
-1399.05 -4.5874
-1399.41 -4.58744
-1399.77 -4.58747
-1400.13 -4.5875
-1400.48 -4.58754
-1400.84 -4.58757
-1401.2 -4.58761
-1401.56 -4.58764
-1401.92 -4.58767
-1402.28 -4.58771
-1402.64 -4.58774
-1403 -4.58777
-1403.35 -4.58781
-1403.71 -4.58784
-1404.07 -4.58788
-1404.43 -4.58791
-1404.79 -4.58794
-1405.15 -4.58798
-1405.51 -4.58801
-1405.87 -4.58805
-1406.22 -4.58808
-1406.58 -4.58811
-1406.94 -4.58815
-1407.3 -4.58818
-1407.66 -4.58821
-1408.02 -4.58825
-1408.38 -4.58828
-1408.74 -4.58831
-1409.09 -4.58835
-1409.45 -4.58838
-1409.81 -4.58841
-1410.17 -4.58845
-1410.53 -4.58848
-1410.89 -4.58851
-1411.25 -4.58855
-1411.61 -4.58858
-1411.97 -4.58861
-1412.32 -4.58865
-1412.68 -4.58868
-1413.04 -4.58871
-1413.4 -4.58875
-1413.76 -4.58878
-1414.12 -4.58881
-1414.48 -4.58885
-1414.84 -4.58888
-1415.2 -4.58891
-1415.55 -4.58895
-1415.91 -4.58898
-1416.27 -4.58901
-1416.63 -4.58905
-1416.99 -4.58908
-1417.35 -4.58911
-1417.71 -4.58915
-1418.07 -4.58918
-1418.43 -4.58921
-1418.78 -4.58925
-1419.14 -4.58928
-1419.5 -4.58931
-1419.86 -4.58935
-1420.22 -4.58938
-1420.58 -4.58941
-1420.94 -4.58945
-1421.3 -4.58948
-1421.66 -4.58951
-1422.01 -4.58955
-1422.37 -4.58958
-1422.73 -4.58961
-1423.09 -4.58965
-1423.45 -4.58968
-1423.81 -4.58971
-1424.17 -4.58974
-1424.53 -4.58978
-1424.89 -4.58981
-1425.25 -4.58984
-1425.6 -4.58988
-1425.96 -4.58991
-1426.32 -4.58994
-1426.68 -4.58997
-1427.04 -4.59001
-1427.4 -4.59004
-1427.76 -4.59007
-1428.12 -4.59011
-1428.48 -4.59014
-1428.84 -4.59017
-1429.19 -4.59021
-1429.55 -4.59024
-1429.91 -4.59027
-1430.27 -4.5903
-1430.63 -4.59034
-1430.99 -4.59037
-1431.35 -4.5904
-1431.71 -4.59044
-1432.07 -4.59047
-1432.43 -4.5905
-1432.78 -4.59053
-1433.14 -4.59057
-1433.5 -4.5906
-1433.86 -4.59063
-1434.22 -4.59067
-1434.58 -4.5907
-1434.94 -4.59073
-1435.3 -4.59076
-1435.66 -4.5908
-1436.02 -4.59083
-1436.38 -4.59086
-1436.73 -4.5909
-1437.09 -4.59093
-1437.45 -4.59096
-1437.81 -4.59099
-1438.17 -4.59103
-1438.53 -4.59106
-1438.89 -4.59109
-1439.25 -4.59113
-1439.61 -4.59116
-1439.97 -4.59119
-1440.33 -4.59122
-1440.69 -4.59125
-1441.04 -4.59129
-1441.4 -4.59132
-1441.76 -4.59135
-1442.12 -4.59138
-1442.48 -4.59142
-1442.84 -4.59145
-1443.2 -4.59148
-1443.56 -4.59151
-1443.92 -4.59155
-1444.28 -4.59158
-1444.64 -4.59161
-1444.99 -4.59164
-1445.35 -4.59168
-1445.71 -4.59171
-1446.07 -4.59174
-1446.43 -4.59177
-1446.79 -4.59181
-1447.15 -4.59184
-1447.51 -4.59187
-1447.87 -4.5919
-1448.23 -4.59194
-1448.59 -4.59197
-1448.95 -4.592
-1449.3 -4.59203
-1449.66 -4.59207
-1450.02 -4.5921
-1450.38 -4.59213
-1450.74 -4.59216
-1451.1 -4.5922
-1451.46 -4.59223
-1451.82 -4.59226
-1452.18 -4.59229
-1452.54 -4.59232
-1452.9 -4.59236
-1453.26 -4.59239
-1453.62 -4.59242
-1453.97 -4.59245
-1454.33 -4.59249
-1454.69 -4.59252
-1455.05 -4.59255
-1455.41 -4.59258
-1455.77 -4.59262
-1456.13 -4.59265
-1456.49 -4.59268
-1456.85 -4.59271
-1457.21 -4.59274
-1457.57 -4.59277
-1457.93 -4.59281
-1458.29 -4.59284
-1458.65 -4.59287
-1459 -4.5929
-1459.36 -4.59293
-1459.72 -4.59297
-1460.08 -4.593
-1460.44 -4.59303
-1460.8 -4.59306
-1461.16 -4.59309
-1461.52 -4.59313
-1461.88 -4.59316
-1462.24 -4.59319
-1462.6 -4.59322
-1462.96 -4.59325
-1463.32 -4.59329
-1463.68 -4.59332
-1464.03 -4.59335
-1464.39 -4.59338
-1464.75 -4.59341
-1465.11 -4.59345
-1465.47 -4.59348
-1465.83 -4.59351
-1466.19 -4.59354
-1466.55 -4.59357
-1466.91 -4.59361
-1467.27 -4.59364
-1467.63 -4.59367
-1467.99 -4.5937
-1468.35 -4.59373
-1468.71 -4.59377
-1469.07 -4.5938
-1469.43 -4.59383
-1469.78 -4.59386
-1470.14 -4.59389
-1470.5 -4.59392
-1470.86 -4.59396
-1471.22 -4.59399
-1471.58 -4.59402
-1471.94 -4.59405
-1472.3 -4.59408
-1472.66 -4.59412
-1473.02 -4.59415
-1473.38 -4.59418
-1473.74 -4.59421
-1474.1 -4.59424
-1474.46 -4.59427
-1474.82 -4.5943
-1475.18 -4.59434
-1475.53 -4.59437
-1475.89 -4.5944
-1476.25 -4.59443
-1476.61 -4.59446
-1476.97 -4.59449
-1477.33 -4.59452
-1477.69 -4.59456
-1478.05 -4.59459
-1478.41 -4.59462
-1478.77 -4.59465
-1479.13 -4.59468
-1479.49 -4.59471
-1479.85 -4.59475
-1480.21 -4.59478
-1480.57 -4.59481
-1480.93 -4.59484
-1481.29 -4.59487
-1481.65 -4.5949
-1482.01 -4.59493
-1482.37 -4.59497
-1482.72 -4.595
-1483.08 -4.59503
-1483.44 -4.59506
-1483.8 -4.59509
-1484.16 -4.59512
-1484.52 -4.59515
-1484.88 -4.59519
-1485.24 -4.59522
-1485.6 -4.59525
-1485.96 -4.59528
-1486.32 -4.59531
-1486.68 -4.59534
-1487.04 -4.59537
-1487.4 -4.59541
-1487.76 -4.59544
-1488.12 -4.59547
-1488.48 -4.5955
-1488.84 -4.59553
-1489.2 -4.59556
-1489.56 -4.59559
-1489.91 -4.59563
-1490.27 -4.59566
-1490.63 -4.59569
-1490.99 -4.59572
-1491.35 -4.59575
-1491.71 -4.59578
-1492.07 -4.59581
-1492.43 -4.59584
-1492.79 -4.59587
-1493.15 -4.5959
-1493.51 -4.59594
-1493.87 -4.59597
-1494.23 -4.596
-1494.59 -4.59603
-1494.95 -4.59606
-1495.31 -4.59609
-1495.67 -4.59612
-1496.03 -4.59615
-1496.39 -4.59618
-1496.75 -4.59621
-1497.11 -4.59625
-1497.47 -4.59628
-1497.83 -4.59631
-1498.19 -4.59634
-1498.55 -4.59637
-1498.91 -4.5964
-1499.26 -4.59643
-1499.62 -4.59646
-1499.98 -4.59649
-1500.34 -4.59652
-1500.7 -4.59656
-1501.06 -4.59659
-1501.42 -4.59662
-1501.78 -4.59665
-1502.14 -4.59668
-1502.5 -4.59671
-1502.86 -4.59674
-1503.22 -4.59677
-1503.58 -4.5968
-1503.94 -4.59683
-1504.3 -4.59687
-1504.66 -4.5969
-1505.02 -4.59693
-1505.38 -4.59696
-1505.74 -4.59699
-1506.1 -4.59702
-1506.46 -4.59705
-1506.82 -4.59708
-1507.18 -4.59711
-1507.54 -4.59714
-1507.9 -4.59718
-1508.26 -4.59721
-1508.62 -4.59724
-1508.98 -4.59727
-1509.34 -4.5973
-1509.7 -4.59733
-1510.06 -4.59736
-1510.42 -4.59739
-1510.78 -4.59742
-1511.13 -4.59745
-1511.49 -4.59748
-1511.85 -4.59751
-1512.21 -4.59754
-1512.57 -4.59757
-1512.93 -4.5976
-1513.29 -4.59763
-1513.65 -4.59766
-1514.01 -4.59769
-1514.37 -4.59772
-1514.73 -4.59776
-1515.09 -4.59779
-1515.45 -4.59782
-1515.81 -4.59785
-1516.17 -4.59788
-1516.53 -4.59791
-1516.89 -4.59794
-1517.25 -4.59797
-1517.61 -4.598
-1517.97 -4.59803
-1518.33 -4.59806
-1518.69 -4.59809
-1519.05 -4.59812
-1519.41 -4.59815
-1519.77 -4.59818
-1520.13 -4.59821
-1520.49 -4.59824
-1520.85 -4.59827
-1521.21 -4.5983
-1521.57 -4.59834
-1521.93 -4.59837
-1522.29 -4.5984
-1522.65 -4.59843
-1523.01 -4.59846
-1523.37 -4.59849
-1523.73 -4.59852
-1524.09 -4.59855
-1524.45 -4.59858
-1524.81 -4.59861
-1525.17 -4.59864
-1525.53 -4.59867
-1525.89 -4.5987
-1526.25 -4.59873
-1526.61 -4.59876
-1526.97 -4.59879
-1527.33 -4.59882
-1527.69 -4.59885
-1528.05 -4.59888
-1528.41 -4.59891
-1528.77 -4.59894
-1529.13 -4.59897
-1529.49 -4.599
-1529.85 -4.59903
-1530.21 -4.59906
-1530.57 -4.59909
-1530.93 -4.59912
-1531.28 -4.59915
-1531.64 -4.59918
-1532 -4.59921
-1532.36 -4.59924
-1532.72 -4.59927
-1533.08 -4.5993
-1533.44 -4.59933
-1533.8 -4.59936
-1534.16 -4.59939
-1534.52 -4.59942
-1534.88 -4.59945
-1535.24 -4.59948
-1535.6 -4.59951
-1535.96 -4.59954
-1536.32 -4.59957
-1536.68 -4.5996
-1537.04 -4.59963
-1537.4 -4.59966
-1537.76 -4.59969
-1538.12 -4.59972
-1538.48 -4.59975
-1538.84 -4.59978
-1539.2 -4.59981
-1539.56 -4.59984
-1539.92 -4.59987
-1540.28 -4.5999
-1540.64 -4.59993
-1541 -4.59996
-1541.36 -4.59999
-1541.72 -4.60002
-1542.08 -4.60005
-1542.44 -4.60008
-1542.8 -4.60011
-1543.16 -4.60014
-1543.52 -4.60017
-1543.88 -4.6002
-1544.24 -4.60023
-1544.6 -4.60026
-1544.96 -4.60029
-1545.32 -4.60032
-1545.68 -4.60035
-1546.04 -4.60038
-1546.4 -4.60041
-1546.76 -4.60044
-1547.12 -4.60047
-1547.48 -4.6005
-1547.84 -4.60053
-1548.2 -4.60056
-1548.56 -4.60059
-1548.92 -4.60062
-1549.28 -4.60065
-1549.64 -4.60068
-1550 -4.60071
-1550.36 -4.60074
-1550.72 -4.60077
-1551.08 -4.6008
-1551.45 -4.60083
-1551.81 -4.60086
-1552.17 -4.60089
-1552.53 -4.60092
-1552.89 -4.60095
-1553.25 -4.60098
-1553.61 -4.60101
-1553.97 -4.60103
-1554.33 -4.60106
-1554.69 -4.60109
-1555.05 -4.60112
-1555.41 -4.60115
-1555.77 -4.60118
-1556.13 -4.60121
-1556.49 -4.60124
-1556.85 -4.60127
-1557.21 -4.6013
-1557.57 -4.60133
-1557.93 -4.60136
-1558.29 -4.60139
-1558.65 -4.60142
-1559.01 -4.60145
-1559.37 -4.60148
-1559.73 -4.60151
-1560.09 -4.60154
-1560.45 -4.60157
-1560.81 -4.6016
-1561.17 -4.60163
-1561.53 -4.60166
-1561.89 -4.60169
-1562.25 -4.60171
-1562.61 -4.60174
-1562.97 -4.60177
-1563.33 -4.6018
-1563.69 -4.60183
-1564.05 -4.60186
-1564.41 -4.60189
-1564.77 -4.60192
-1565.13 -4.60195
-1565.49 -4.60198
-1565.85 -4.60201
-1566.21 -4.60204
-1566.57 -4.60207
-1566.93 -4.6021
-1567.29 -4.60213
-1567.65 -4.60216
-1568.01 -4.60218
-1568.37 -4.60221
-1568.73 -4.60224
-1569.09 -4.60227
-1569.45 -4.6023
-1569.81 -4.60233
-1570.17 -4.60236
-1570.53 -4.60239
-1570.89 -4.60242
-1571.25 -4.60245
-1571.61 -4.60248
-1571.97 -4.6025
-1572.33 -4.60253
-1572.7 -4.60256
-1573.06 -4.60259
-1573.42 -4.60262
-1573.78 -4.60265
-1574.14 -4.60268
-1574.5 -4.60271
-1574.86 -4.60274
-1575.22 -4.60277
-1575.58 -4.6028
-1575.94 -4.60282
-1576.3 -4.60285
-1576.66 -4.60288
-1577.02 -4.60291
-1577.38 -4.60294
-1577.74 -4.60297
-1578.1 -4.603
-1578.46 -4.60303
-1578.82 -4.60306
-1579.18 -4.60309
-1579.54 -4.60312
-1579.9 -4.60314
-1580.26 -4.60317
-1580.62 -4.6032
-1580.98 -4.60323
-1581.34 -4.60326
-1581.7 -4.60329
-1582.06 -4.60332
-1582.42 -4.60335
-1582.78 -4.60338
-1583.14 -4.60341
-1583.5 -4.60344
-1583.86 -4.60346
-1584.22 -4.60349
-1584.59 -4.60352
-1584.95 -4.60355
-1585.31 -4.60358
-1585.67 -4.60361
-1586.03 -4.60364
-1586.39 -4.60367
-1586.75 -4.6037
-1587.11 -4.60372
-1587.47 -4.60375
-1587.83 -4.60378
-1588.19 -4.60381
-1588.55 -4.60384
-1588.91 -4.60387
-1589.27 -4.6039
-1589.63 -4.60392
-1589.99 -4.60395
-1590.35 -4.60398
-1590.71 -4.60401
-1591.07 -4.60404
-1591.43 -4.60407
-1591.79 -4.6041
-1592.15 -4.60412
-1592.51 -4.60415
-1592.87 -4.60418
-1593.23 -4.60421
-1593.59 -4.60424
-1593.95 -4.60427
-1594.32 -4.6043
-1594.68 -4.60432
-1595.04 -4.60435
-1595.4 -4.60438
-1595.76 -4.60441
-1596.12 -4.60444
-1596.48 -4.60447
-1596.84 -4.6045
-1597.2 -4.60453
-1597.56 -4.60455
-1597.92 -4.60458
-1598.28 -4.60461
-1598.64 -4.60464
-1599 -4.60467
-1599.36 -4.6047
-1599.72 -4.60473
-1600.08 -4.60475
-1600.44 -4.60478
-1600.8 -4.60481
-1601.16 -4.60484
-1601.52 -4.60487
-1601.89 -4.6049
-1602.25 -4.60493
-1602.61 -4.60495
-1602.97 -4.60498
-1603.33 -4.60501
-1603.69 -4.60504
-1604.05 -4.60507
-1604.41 -4.6051
-1604.77 -4.60513
-1605.13 -4.60515
-1605.49 -4.60518
-1605.85 -4.60521
-1606.21 -4.60524
-1606.57 -4.60527
-1606.93 -4.6053
-1607.29 -4.60533
-1607.65 -4.60535
-1608.01 -4.60538
-1608.37 -4.60541
-1608.73 -4.60544
-1609.1 -4.60547
-1609.46 -4.60549
-1609.82 -4.60552
-1610.18 -4.60555
-1610.54 -4.60558
-1610.9 -4.60561
-1611.26 -4.60563
-1611.62 -4.60566
-1611.98 -4.60569
-1612.34 -4.60572
-1612.7 -4.60575
-1613.06 -4.60578
-1613.42 -4.6058
-1613.78 -4.60583
-1614.14 -4.60586
-1614.5 -4.60589
-1614.86 -4.60592
-1615.23 -4.60594
-1615.59 -4.60597
-1615.95 -4.606
-1616.31 -4.60603
-1616.67 -4.60606
-1617.03 -4.60608
-1617.39 -4.60611
-1617.75 -4.60614
-1618.11 -4.60617
-1618.47 -4.6062
-1618.83 -4.60623
-1619.19 -4.60625
-1619.55 -4.60628
-1619.91 -4.60631
-1620.27 -4.60634
-1620.63 -4.60637
-1620.99 -4.60639
-1621.36 -4.60642
-1621.72 -4.60645
-1622.08 -4.60648
-1622.44 -4.60651
-1622.8 -4.60653
-1623.16 -4.60656
-1623.52 -4.60659
-1623.88 -4.60662
-1624.24 -4.60665
-1624.6 -4.60668
-1624.96 -4.6067
-1625.32 -4.60673
-1625.68 -4.60676
-1626.04 -4.60679
-1626.4 -4.60682
-1626.77 -4.60684
-1627.13 -4.60687
-1627.49 -4.6069
-1627.85 -4.60693
-1628.21 -4.60696
-1628.57 -4.60698
-1628.93 -4.60701
-1629.29 -4.60704
-1629.65 -4.60707
-1630.01 -4.6071
-1630.37 -4.60712
-1630.73 -4.60715
-1631.09 -4.60718
-1631.45 -4.60721
-1631.82 -4.60723
-1632.18 -4.60726
-1632.54 -4.60729
-1632.9 -4.60732
-1633.26 -4.60734
-1633.62 -4.60737
-1633.98 -4.6074
-1634.34 -4.60743
-1634.7 -4.60745
-1635.06 -4.60748
-1635.42 -4.60751
-1635.78 -4.60754
-1636.14 -4.60757
-1636.5 -4.60759
-1636.87 -4.60762
-1637.23 -4.60765
-1637.59 -4.60768
-1637.95 -4.6077
-1638.31 -4.60773
-1638.67 -4.60776
-1639.03 -4.60779
-1639.39 -4.60781
-1639.75 -4.60784
-1640.11 -4.60787
-1640.47 -4.6079
-1640.83 -4.60792
-1641.19 -4.60795
-1641.56 -4.60798
-1641.92 -4.60801
-1642.28 -4.60804
-1642.64 -4.60806
-1643 -4.60809
-1643.36 -4.60812
-1643.72 -4.60815
-1644.08 -4.60817
-1644.44 -4.6082
-1644.8 -4.60823
-1645.16 -4.60826
-1645.52 -4.60828
-1645.89 -4.60831
-1646.25 -4.60834
-1646.61 -4.60837
-1646.97 -4.6084
-1647.33 -4.60842
-1647.69 -4.60845
-1648.05 -4.60848
-1648.41 -4.60851
-1648.77 -4.60853
-1649.13 -4.60856
-1649.49 -4.60859
-1649.85 -4.60862
-1650.22 -4.60864
-1650.58 -4.60867
-1650.94 -4.6087
-1651.3 -4.60873
-1651.66 -4.60875
-1652.02 -4.60878
-1652.38 -4.60881
-1652.74 -4.60883
-1653.1 -4.60886
-1653.46 -4.60889
-1653.82 -4.60892
-1654.19 -4.60894
-1654.55 -4.60897
-1654.91 -4.609
-1655.27 -4.60903
-1655.63 -4.60905
-1655.99 -4.60908
-1656.35 -4.60911
-1656.71 -4.60913
-1657.07 -4.60916
-1657.43 -4.60919
-1657.79 -4.60922
-1658.16 -4.60924
-1658.52 -4.60927
-1658.88 -4.6093
-1659.24 -4.60932
-1659.6 -4.60935
-1659.96 -4.60938
-1660.32 -4.60941
-1660.68 -4.60943
-1661.04 -4.60946
-1661.4 -4.60949
-1661.76 -4.60951
-1662.13 -4.60954
-1662.49 -4.60957
-1662.85 -4.6096
-1663.21 -4.60962
-1663.57 -4.60965
-1663.93 -4.60968
-1664.29 -4.6097
-1664.65 -4.60973
-1665.01 -4.60976
-1665.37 -4.60979
-1665.74 -4.60981
-1666.1 -4.60984
-1666.46 -4.60987
-1666.82 -4.60989
-1667.18 -4.60992
-1667.54 -4.60995
-1667.9 -4.60998
-1668.26 -4.61
-1668.62 -4.61003
-1668.98 -4.61006
-1669.35 -4.61009
-1669.71 -4.61011
-1670.07 -4.61014
-1670.43 -4.61017
-1670.79 -4.61019
-1671.15 -4.61022
-1671.51 -4.61025
-1671.87 -4.61028
-1672.23 -4.6103
-1672.59 -4.61033
-1672.96 -4.61036
-1673.32 -4.61038
-1673.68 -4.61041
-1674.04 -4.61044
-1674.4 -4.61046
-1674.76 -4.61049
-1675.12 -4.61052
-1675.48 -4.61054
-1675.84 -4.61057
-1676.2 -4.6106
-1676.57 -4.61062
-1676.93 -4.61065
-1677.29 -4.61068
-1677.65 -4.6107
-1678.01 -4.61073
-1678.37 -4.61076
-1678.73 -4.61079
-1679.09 -4.61081
-1679.45 -4.61084
-1679.82 -4.61087
-1680.18 -4.61089
-1680.54 -4.61092
-1680.9 -4.61095
-1681.26 -4.61097
-1681.62 -4.611
-1681.98 -4.61103
-1682.34 -4.61105
-1682.7 -4.61108
-1683.07 -4.61111
-1683.43 -4.61113
-1683.79 -4.61116
-1684.15 -4.61119
-1684.51 -4.61121
-1684.87 -4.61124
-1685.23 -4.61127
-1685.59 -4.61129
-1685.95 -4.61132
-1686.32 -4.61135
-1686.68 -4.61137
-1687.04 -4.6114
-1687.4 -4.61143
-1687.76 -4.61145
-1688.12 -4.61148
