0 0
0.0240988 -0.0970528
0.0289716 -0.19406
0.0148151 -0.290973
-0.0181627 -0.387741
-0.0697422 -0.48431
-0.139693 -0.580621
-0.227776 -0.676609
-0.333738 -0.772202
-0.45732 -0.867321
-0.598251 -0.961882
-0.756253 -1.05579
-0.931039 -1.14894
-1.12231 -1.24123
-1.32978 -1.33253
-1.55312 -1.42274
-1.79204 -1.51172
-2.04621 -1.59935
-2.31531 -1.68551
-2.59904 -1.77007
-2.89706 -1.85292
-3.20905 -1.93396
-3.53469 -2.01308
-3.87366 -2.09022
-4.22564 -2.16529
-4.59031 -2.23824
-4.96733 -2.30904
-5.35641 -2.37767
-5.75721 -2.44411
-6.16942 -2.50838
-6.59272 -2.57049
-7.02681 -2.63048
-7.47137 -2.68838
-7.9261 -2.74424
-8.39071 -2.79811
-8.86488 -2.85007
-9.34835 -2.90016
-9.84081 -2.94845
-10.342 -2.99502
-10.8517 -3.03993
-11.3695 -3.08324
-11.8953 -3.12503
-12.4288 -3.16536
-12.9698 -3.2043
-13.518 -3.2419
-14.0732 -3.27823
-14.6352 -3.31334
-15.2038 -3.34729
-15.7788 -3.38014
-16.36 -3.41193
-16.9473 -3.44271
-17.5404 -3.47253
-18.1391 -3.50143
-18.7434 -3.52946
-19.3531 -3.55665
-19.968 -3.58303
-20.5879 -3.60866
-21.2128 -3.63355
-21.8425 -3.65775
-22.4768 -3.68127
-23.1157 -3.70416
-23.7591 -3.72643
-24.4067 -3.74812
-25.0586 -3.76924
-25.7146 -3.78982
-26.3746 -3.80989
-27.0385 -3.82946
-27.7063 -3.84855
-28.3777 -3.86718
-29.0528 -3.88537
-29.7315 -3.90313
-30.4136 -3.92049
-31.0992 -3.93745
-31.788 -3.95403
-32.4802 -3.97025
-33.1755 -3.98612
-33.8739 -4.00165
-34.5754 -4.01685
-35.2799 -4.03174
-35.9873 -4.04632
-36.6976 -4.0606
-37.4107 -4.0746
-38.1266 -4.08833
-38.8452 -4.10179
-39.5664 -4.11499
-40.2902 -4.12794
-41.0166 -4.14065
-41.7455 -4.15313
-42.4769 -4.16538
-43.2107 -4.17741
-43.9469 -4.18922
-44.6854 -4.20083
-45.4262 -4.21224
-46.1693 -4.22345
-46.9146 -4.23448
-47.6621 -4.24532
-48.4117 -4.25598
-49.1635 -4.26646
-49.9173 -4.27678
-50.6732 -4.28694
-51.4311 -4.29693
-52.191 -4.30677
-52.9528 -4.31646
-53.7165 -4.326
-54.4822 -4.3354
-55.2497 -4.34465
-56.019 -4.35378
-56.7902 -4.36276
-57.5631 -4.37162
-58.3378 -4.38035
-59.1143 -4.38896
-59.8924 -4.39745
-60.6723 -4.40582
-61.4538 -4.41408
-62.2369 -4.42222
-63.0217 -4.43026
-63.8081 -4.43819
-64.596 -4.44601
-65.3855 -4.45374
-66.1766 -4.46136
-66.9691 -4.46889
-67.7632 -4.47632
-68.5587 -4.48366
-69.3557 -4.4909
-70.1541 -4.49806
-70.954 -4.50513
-71.7553 -4.51212
-72.5579 -4.51902
-73.362 -4.52584
-74.1674 -4.53258
-74.9741 -4.53924
-75.7822 -4.54582
-76.5916 -4.55233
-77.4022 -4.55877
-78.2142 -4.56513
-79.0274 -4.57142
-79.8419 -4.57764
-80.6576 -4.5838
-81.4746 -4.58988
-82.2927 -4.5959
-83.1121 -4.60186
-83.9326 -4.60775
-84.7543 -4.61359
-85.5772 -4.61936
-86.4013 -4.62507
-87.2264 -4.63072
-88.0527 -4.63631
-88.8802 -4.64185
-89.7087 -4.64733
-90.5383 -4.65276
-91.369 -4.65814
-92.2008 -4.66346
-93.0336 -4.66873
-93.8675 -4.67395
-94.7024 -4.67912
-95.5384 -4.68423
-96.3753 -4.68931
-97.2133 -4.69433
-98.0523 -4.69931
-98.8923 -4.70424
-99.7333 -4.70912
-100.575 -4.71396
-101.418 -4.71876
-102.262 -4.72351
-103.107 -4.72823
-103.953 -4.7329
-104.799 -4.73752
-105.647 -4.74211
-106.495 -4.74666
-107.345 -4.75117
-108.195 -4.75564
-109.046 -4.76007
-109.898 -4.76447
-110.751 -4.76883
-111.605 -4.77315
-112.46 -4.77743
-113.316 -4.78168
-114.172 -4.7859
-115.029 -4.79008
-115.887 -4.79423
-116.746 -4.79835
-117.606 -4.80243
-118.467 -4.80648
-119.328 -4.81049
-120.19 -4.81448
-121.053 -4.81843
-121.917 -4.82236
-122.781 -4.82625
-123.647 -4.83012
-124.513 -4.83395
-125.38 -4.83776
-126.247 -4.84154
-127.116 -4.84529
-127.985 -4.84901
-128.855 -4.8527
-129.725 -4.85637
-130.597 -4.86001
-131.469 -4.86362
-132.342 -4.86721
-133.215 -4.87077
-134.089 -4.87431
-134.964 -4.87782
-135.84 -4.88131
-136.716 -4.88477
-137.593 -4.88821
-138.471 -4.89163
-139.349 -4.89502
-140.228 -4.89839
-141.108 -4.90173
-141.988 -4.90505
-142.87 -4.90835
-143.751 -4.91163
-144.634 -4.91489
-145.517 -4.91812
-146.4 -4.92133
-147.285 -4.92453
-148.17 -4.9277
-149.055 -4.93085
-149.941 -4.93398
-150.828 -4.93709
-151.716 -4.94018
-152.604 -4.94325
-153.493 -4.9463
-154.382 -4.94933
-155.272 -4.95234
-156.162 -4.95534
-157.053 -4.95831
-157.945 -4.96127
-158.837 -4.96421
-159.73 -4.96713
-160.624 -4.97003
-161.518 -4.97292
-162.412 -4.97579
-163.308 -4.97864
-164.203 -4.98147
-165.1 -4.98429
-165.997 -4.98709
-166.894 -4.98988
-167.792 -4.99264
-168.691 -4.99539
-169.59 -4.99813
-170.489 -5.00085
-171.39 -5.00355
-172.29 -5.00624
-173.192 -5.00892
-174.093 -5.01158
-174.996 -5.01422
-175.899 -5.01685
-176.802 -5.01946
-177.706 -5.02206
-178.61 -5.02464
-179.515 -5.02722
-180.421 -5.02977
-181.327 -5.03231
-182.233 -5.03484
-183.14 -5.03736
-184.048 -5.03986
-184.956 -5.04235
-185.864 -5.04482
-186.773 -5.04728
-187.683 -5.04973
-188.593 -5.05217
-189.503 -5.05459
-190.414 -5.057
-191.326 -5.0594
-192.238 -5.06178
-193.15 -5.06416
-194.063 -5.06652
-194.976 -5.06886
-195.89 -5.0712
-196.804 -5.07353
-197.719 -5.07584
-198.634 -5.07814
-199.55 -5.08043
-200.466 -5.08271
-201.382 -5.08497
-202.299 -5.08723
-203.217 -5.08947
-204.135 -5.0917
-205.053 -5.09393
-205.972 -5.09614
-206.891 -5.09834
-207.811 -5.10053
-208.731 -5.10271
-209.652 -5.10488
-210.573 -5.10704
-211.494 -5.10918
-212.416 -5.11132
-213.338 -5.11345
-214.261 -5.11557
-215.184 -5.11767
-216.108 -5.11977
-217.032 -5.12186
-217.956 -5.12394
-218.881 -5.12601
-219.806 -5.12807
-220.732 -5.13012
-221.658 -5.13216
-222.584 -5.13419
-223.511 -5.13621
-224.438 -5.13822
-225.366 -5.14023
-226.294 -5.14222
-227.223 -5.14421
-228.151 -5.14619
-229.081 -5.14815
-230.01 -5.15011
-230.94 -5.15206
-231.871 -5.15401
-232.802 -5.15594
-233.733 -5.15787
-234.664 -5.15978
-235.596 -5.16169
-236.529 -5.16359
-237.461 -5.16548
-238.395 -5.16737
-239.328 -5.16924
-240.262 -5.17111
-241.196 -5.17297
-242.131 -5.17482
-243.066 -5.17667
-244.001 -5.1785
-244.937 -5.18033
-245.873 -5.18216
-246.809 -5.18397
-247.746 -5.18578
-248.683 -5.18757
-249.621 -5.18937
-250.559 -5.19115
-251.497 -5.19293
-252.436 -5.1947
-253.375 -5.19646
-254.314 -5.19821
-255.254 -5.19996
-256.194 -5.2017
-257.134 -5.20344
-258.075 -5.20517
-259.016 -5.20689
-259.957 -5.2086
-260.899 -5.21031
-261.841 -5.21201
-262.783 -5.2137
-263.726 -5.21539
-264.669 -5.21707
-265.613 -5.21874
-266.556 -5.22041
-267.5 -5.22207
-268.445 -5.22372
-269.39 -5.22537
-270.335 -5.22701
-271.28 -5.22865
-272.226 -5.23028
-273.172 -5.2319
-274.118 -5.23352
-275.065 -5.23513
-276.012 -5.23673
-276.959 -5.23833
-277.907 -5.23992
-278.855 -5.24151
-279.803 -5.24309
-280.752 -5.24467
-281.701 -5.24624
-282.65 -5.2478
-283.6 -5.24936
-284.55 -5.25091
-285.5 -5.25246
-286.45 -5.254
-287.401 -5.25553
-288.352 -5.25706
-289.304 -5.25859
-290.255 -5.2601
-291.207 -5.26162
-292.16 -5.26313
-293.112 -5.26463
-294.065 -5.26613
-295.019 -5.26762
-295.972 -5.2691
-296.926 -5.27059
-297.88 -5.27206
-298.835 -5.27353
-299.789 -5.275
-300.744 -5.27646
-301.7 -5.27792
-302.655 -5.27937
-303.611 -5.28081
-304.567 -5.28225
-305.524 -5.28369
-306.48 -5.28512
-307.437 -5.28654
-308.395 -5.28797
-309.352 -5.28938
-310.31 -5.29079
-311.268 -5.2922
-312.227 -5.2936
-313.186 -5.295
-314.145 -5.29639
-315.104 -5.29778
-316.063 -5.29916
-317.023 -5.30054
-317.983 -5.30192
-318.944 -5.30329
-319.904 -5.30465
-320.865 -5.30601
-321.827 -5.30737
-322.788 -5.30872
-323.75 -5.31007
-324.712 -5.31141
-325.674 -5.31275
-326.637 -5.31408
-327.6 -5.31541
-328.563 -5.31674
-329.526 -5.31806
-330.49 -5.31938
-331.454 -5.32069
-332.418 -5.322
-333.382 -5.32331
-334.347 -5.32461
-335.312 -5.3259
-336.277 -5.3272
-337.242 -5.32848
-338.208 -5.32977
-339.174 -5.33105
-340.14 -5.33233
-341.107 -5.3336
-342.073 -5.33487
-343.04 -5.33613
-344.008 -5.33739
-344.975 -5.33865
-345.943 -5.3399
-346.911 -5.34115
-347.879 -5.3424
-348.848 -5.34364
-349.816 -5.34488
-350.785 -5.34611
-351.755 -5.34734
-352.724 -5.34857
-353.694 -5.34979
-354.664 -5.35101
-355.634 -5.35223
-356.604 -5.35344
-357.575 -5.35465
-358.546 -5.35585
-359.517 -5.35705
-360.489 -5.35825
-361.46 -5.35944
-362.432 -5.36064
-363.404 -5.36182
-364.377 -5.36301
-365.349 -5.36419
-366.322 -5.36536
-367.295 -5.36654
-368.269 -5.36771
-369.242 -5.36887
-370.216 -5.37004
-371.19 -5.3712
-372.164 -5.37235
-373.139 -5.37351
-374.113 -5.37466
-375.088 -5.3758
-376.063 -5.37695
-377.039 -5.37809
-378.014 -5.37923
-378.99 -5.38036
-379.966 -5.38149
-380.943 -5.38262
-381.919 -5.38374
-382.896 -5.38486
-383.873 -5.38598
-384.85 -5.3871
-385.828 -5.38821
-386.805 -5.38932
-387.783 -5.39042
-388.761 -5.39153
-389.74 -5.39263
-390.718 -5.39372
-391.697 -5.39482
-392.676 -5.39591
-393.655 -5.39699
-394.634 -5.39808
-395.614 -5.39916
-396.594 -5.40024
-397.574 -5.40132
-398.554 -5.40239
-399.535 -5.40346
-400.515 -5.40453
-401.496 -5.40559
-402.477 -5.40665
-403.459 -5.40771
-404.44 -5.40877
-405.422 -5.40982
-406.404 -5.41087
-407.386 -5.41192
-408.368 -5.41296
-409.351 -5.414
-410.334 -5.41504
-411.317 -5.41608
-412.3 -5.41711
-413.283 -5.41815
-414.267 -5.41917
-415.251 -5.4202
-416.235 -5.42122
-417.219 -5.42224
-418.204 -5.42326
-419.188 -5.42428
-420.173 -5.42529
-421.158 -5.4263
-422.144 -5.42731
-423.129 -5.42831
-424.115 -5.42932
-425.101 -5.43032
-426.087 -5.43131
-427.073 -5.43231
-428.059 -5.4333
-429.046 -5.43429
-430.033 -5.43528
-431.02 -5.43626
-432.007 -5.43724
-432.995 -5.43822
-433.982 -5.4392
-434.97 -5.44018
-435.958 -5.44115
-436.946 -5.44212
-437.935 -5.44309
-438.923 -5.44405
-439.912 -5.44502
-440.901 -5.44598
-441.891 -5.44694
-442.88 -5.44789
-443.869 -5.44885
-444.859 -5.4498
-445.849 -5.45075
-446.839 -5.45169
-447.83 -5.45264
-448.82 -5.45358
-449.811 -5.45452
-450.802 -5.45546
-451.793 -5.45639
-452.784 -5.45733
-453.776 -5.45826
-454.767 -5.45919
-455.759 -5.46011
-456.751 -5.46104
-457.743 -5.46196
-458.736 -5.46288
-459.728 -5.4638
-460.721 -5.46471
-461.714 -5.46562
-462.707 -5.46654
-463.701 -5.46745
-464.694 -5.46835
-465.688 -5.46926
-466.682 -5.47016
-467.676 -5.47106
-468.67 -5.47196
-469.664 -5.47286
-470.659 -5.47375
-471.654 -5.47464
-472.649 -5.47553
-473.644 -5.47642
-474.639 -5.47731
-475.634 -5.47819
-476.63 -5.47907
-477.626 -5.47995
-478.622 -5.48083
-479.618 -5.48171
-480.614 -5.48258
-481.611 -5.48345
-482.608 -5.48432
-483.604 -5.48519
-484.602 -5.48606
-485.599 -5.48692
-486.596 -5.48779
-487.594 -5.48865
-488.591 -5.48951
-489.589 -5.49036
-490.587 -5.49122
-491.586 -5.49207
-492.584 -5.49292
-493.583 -5.49377
-494.581 -5.49462
-495.58 -5.49546
-496.579 -5.49631
-497.579 -5.49715
-498.578 -5.49799
-499.578 -5.49883
-500.577 -5.49966
-501.577 -5.5005
-502.578 -5.50133
-503.578 -5.50216
-504.578 -5.50299
-505.579 -5.50382
-506.58 -5.50464
-507.581 -5.50547
-508.582 -5.50629
-509.583 -5.50711
-510.584 -5.50793
-511.586 -5.50874
-512.588 -5.50956
-513.59 -5.51037
-514.592 -5.51118
-515.594 -5.51199
-516.596 -5.5128
-517.599 -5.5136
-518.602 -5.51441
-519.604 -5.51521
-520.607 -5.51601
-521.611 -5.51681
-522.614 -5.51761
-523.618 -5.5184
-524.621 -5.5192
-525.625 -5.51999
-526.629 -5.52078
-527.633 -5.52157
-528.638 -5.52236
-529.642 -5.52315
-530.647 -5.52393
-531.651 -5.52471
-532.656 -5.52549
-533.662 -5.52627
-534.667 -5.52705
-535.672 -5.52783
-536.678 -5.5286
-537.684 -5.52938
-538.689 -5.53015
-539.695 -5.53092
-540.702 -5.53169
-541.708 -5.53245
-542.714 -5.53322
-543.721 -5.53398
-544.728 -5.53474
-545.735 -5.5355
-546.742 -5.53626
-547.749 -5.53702
-548.757 -5.53778
-549.764 -5.53853
-550.772 -5.53928
-551.78 -5.54004
-552.788 -5.54079
-553.796 -5.54153
-554.804 -5.54228
-555.813 -5.54303
-556.821 -5.54377
-557.83 -5.54451
-558.839 -5.54526
-559.848 -5.54599
-560.857 -5.54673
-561.866 -5.54747
-562.876 -5.5482
-563.886 -5.54894
-564.895 -5.54967
-565.905 -5.5504
-566.915 -5.55113
-567.926 -5.55186
-568.936 -5.55259
-569.947 -5.55331
-570.957 -5.55404
-571.968 -5.55476
-572.979 -5.55548
-573.99 -5.5562
-575.001 -5.55692
-576.013 -5.55763
-577.024 -5.55835
-578.036 -5.55906
-579.048 -5.55978
-580.06 -5.56049
-581.072 -5.5612
-582.084 -5.56191
-583.096 -5.56262
-584.109 -5.56332
-585.122 -5.56403
-586.134 -5.56473
-587.147 -5.56543
-588.16 -5.56613
-589.174 -5.56683
-590.187 -5.56753
-591.201 -5.56823
-592.214 -5.56892
-593.228 -5.56962
-594.242 -5.57031
-595.256 -5.571
-596.27 -5.57169
-597.285 -5.57238
-598.299 -5.57307
-599.314 -5.57376
-600.328 -5.57444
-601.343 -5.57513
-602.358 -5.57581
-603.373 -5.57649
-604.389 -5.57717
-605.404 -5.57785
-606.42 -5.57853
-607.435 -5.5792
-608.451 -5.57988
-609.467 -5.58055
-610.483 -5.58123
-611.5 -5.5819
-612.516 -5.58257
-613.533 -5.58324
-614.549 -5.58391
-615.566 -5.58457
-616.583 -5.58524
-617.6 -5.5859
-618.617 -5.58657
-619.634 -5.58723
-620.652 -5.58789
-621.669 -5.58855
-622.687 -5.58921
-623.705 -5.58986
-624.723 -5.59052
-625.741 -5.59118
-626.759 -5.59183
-627.778 -5.59248
-628.796 -5.59313
-629.815 -5.59378
-630.834 -5.59443
-631.852 -5.59508
-632.872 -5.59573
-633.891 -5.59637
-634.91 -5.59702
-635.929 -5.59766
-636.949 -5.5983
-637.969 -5.59894
-638.988 -5.59958
-640.008 -5.60022
-641.028 -5.60086
-642.048 -5.6015
-643.069 -5.60213
-644.089 -5.60277
-645.11 -5.6034
-646.13 -5.60403
-647.151 -5.60467
-648.172 -5.6053
-649.193 -5.60592
-650.214 -5.60655
-651.236 -5.60718
-652.257 -5.60781
-653.279 -5.60843
-654.3 -5.60905
-655.322 -5.60968
-656.344 -5.6103
-657.366 -5.61092
-658.388 -5.61154
-659.411 -5.61216
-660.433 -5.61277
-661.456 -5.61339
-662.478 -5.61401
-663.501 -5.61462
-664.524 -5.61523
-665.547 -5.61585
-666.57 -5.61646
-667.594 -5.61707
-668.617 -5.61768
-669.641 -5.61828
-670.664 -5.61889
-671.688 -5.6195
-672.712 -5.6201
-673.736 -5.62071
-674.76 -5.62131
-675.785 -5.62191
-676.809 -5.62251
-677.834 -5.62311
-678.858 -5.62371
-679.883 -5.62431
-680.908 -5.62491
-681.933 -5.6255
-682.958 -5.6261
-683.983 -5.62669
-685.008 -5.62729
-686.034 -5.62788
-687.059 -5.62847
-688.085 -5.62906
-689.111 -5.62965
-690.137 -5.63024
-691.163 -5.63082
-692.189 -5.63141
-693.215 -5.632
-694.242 -5.63258
-695.268 -5.63316
-696.295 -5.63375
-697.322 -5.63433
-698.348 -5.63491
-699.375 -5.63549
-700.403 -5.63607
-701.43 -5.63665
-702.457 -5.63722
-703.485 -5.6378
-704.512 -5.63837
-705.54 -5.63895
-706.568 -5.63952
-707.595 -5.6401
-708.623 -5.64067
-709.652 -5.64124
-710.68 -5.64181
-711.708 -5.64238
-712.737 -5.64294
-713.765 -5.64351
-714.794 -5.64408
-715.823 -5.64464
-716.852 -5.64521
-717.881 -5.64577
-718.91 -5.64633
-719.939 -5.6469
-720.969 -5.64746
-721.998 -5.64802
-723.028 -5.64858
-724.057 -5.64914
-725.087 -5.64969
-726.117 -5.65025
-727.147 -5.6508
-728.177 -5.65136
-729.208 -5.65191
-730.238 -5.65247
-731.269 -5.65302
-732.299 -5.65357
-733.33 -5.65412
-734.361 -5.65467
-735.392 -5.65522
-736.423 -5.65577
-737.454 -5.65632
-738.485 -5.65686
-739.516 -5.65741
-740.548 -5.65795
-741.58 -5.6585
-742.611 -5.65904
-743.643 -5.65958
-744.675 -5.66012
-745.707 -5.66066
-746.739 -5.6612
-747.771 -5.66174
-748.804 -5.66228
-749.836 -5.66282
-750.869 -5.66335
-751.901 -5.66389
-752.934 -5.66443
-753.967 -5.66496
-755 -5.66549
-756.033 -5.66603
-757.066 -5.66656
-758.1 -5.66709
-759.133 -5.66762
-760.167 -5.66815
-761.2 -5.66868
-762.234 -5.6692
-763.268 -5.66973
-764.302 -5.67026
-765.336 -5.67078
-766.37 -5.67131
-767.404 -5.67183
-768.439 -5.67236
-769.473 -5.67288
-770.508 -5.6734
-771.542 -5.67392
-772.577 -5.67444
-773.612 -5.67496
-774.647 -5.67548
-775.682 -5.676
-776.717 -5.67651
-777.753 -5.67703
-778.788 -5.67755
-779.824 -5.67806
-780.859 -5.67857
-781.895 -5.67909
-782.931 -5.6796
-783.967 -5.68011
-785.003 -5.68062
-786.039 -5.68113
-787.075 -5.68164
-788.111 -5.68215
-789.148 -5.68266
-790.184 -5.68317
-791.221 -5.68367
-792.258 -5.68418
-793.295 -5.68469
-794.332 -5.68519
-795.369 -5.68569
-796.406 -5.6862
-797.443 -5.6867
-798.48 -5.6872
-799.518 -5.6877
-800.555 -5.6882
-801.593 -5.6887
-802.631 -5.6892
-803.669 -5.6897
-804.706 -5.6902
-805.745 -5.69069
-806.783 -5.69119
-807.821 -5.69169
-808.859 -5.69218
-809.898 -5.69267
-810.936 -5.69317
-811.975 -5.69366
-813.014 -5.69415
-814.052 -5.69464
-815.091 -5.69513
-816.13 -5.69562
-817.169 -5.69611
-818.209 -5.6966
-819.248 -5.69709
-820.287 -5.69758
-821.327 -5.69806
-822.367 -5.69855
-823.406 -5.69903
-824.446 -5.69952
-825.486 -5.7
-826.526 -5.70048
-827.566 -5.70097
-828.606 -5.70145
-829.647 -5.70193
-830.687 -5.70241
-831.727 -5.70289
-832.768 -5.70337
-833.809 -5.70385
-834.849 -5.70433
-835.89 -5.7048
-836.931 -5.70528
-837.972 -5.70576
-839.014 -5.70623
-840.055 -5.70671
-841.096 -5.70718
-842.138 -5.70765
-843.179 -5.70813
-844.221 -5.7086
-845.262 -5.70907
-846.304 -5.70954
-847.346 -5.71001
-848.388 -5.71048
-849.43 -5.71095
-850.472 -5.71142
-851.515 -5.71188
-852.557 -5.71235
-853.6 -5.71282
-854.642 -5.71328
-855.685 -5.71375
-856.728 -5.71421
-857.77 -5.71468
-858.813 -5.71514
-859.856 -5.7156
-860.899 -5.71606
-861.943 -5.71653
-862.986 -5.71699
-864.029 -5.71745
-865.073 -5.71791
-866.117 -5.71837
-867.16 -5.71882
-868.204 -5.71928
-869.248 -5.71974
-870.292 -5.7202
-871.336 -5.72065
-872.38 -5.72111
-873.424 -5.72156
-874.469 -5.72202
-875.513 -5.72247
-876.557 -5.72292
-877.602 -5.72338
-878.647 -5.72383
-879.691 -5.72428
-880.736 -5.72473
-881.781 -5.72518
-882.826 -5.72563
-883.871 -5.72608
-884.917 -5.72653
-885.962 -5.72697
-887.007 -5.72742
-888.053 -5.72787
-889.098 -5.72831
-890.144 -5.72876
-891.19 -5.72921
-892.236 -5.72965
-893.282 -5.73009
-894.328 -5.73054
-895.374 -5.73098
-896.42 -5.73142
-897.466 -5.73186
-898.513 -5.7323
-899.559 -5.73274
-900.606 -5.73318
-901.652 -5.73362
-902.699 -5.73406
-903.746 -5.7345
-904.793 -5.73494
-905.84 -5.73538
-906.887 -5.73581
-907.934 -5.73625
-908.981 -5.73668
-910.029 -5.73712
-911.076 -5.73755
-912.123 -5.73799
-913.171 -5.73842
-914.219 -5.73885
-915.266 -5.73928
-916.314 -5.73972
-917.362 -5.74015
-918.41 -5.74058
-919.458 -5.74101
-920.507 -5.74144
-921.555 -5.74187
-922.603 -5.74229
-923.652 -5.74272
-924.7 -5.74315
-925.749 -5.74358
-926.798 -5.744
-927.846 -5.74443
-928.895 -5.74485
-929.944 -5.74528
-930.993 -5.7457
-932.043 -5.74613
-933.092 -5.74655
-934.141 -5.74697
-935.19 -5.74739
-936.24 -5.74782
-937.29 -5.74824
-938.339 -5.74866
-939.389 -5.74908
-940.439 -5.7495
-941.489 -5.74992
-942.539 -5.75033
-943.589 -5.75075
-944.639 -5.75117
-945.689 -5.75159
-946.739 -5.752
-947.79 -5.75242
-948.84 -5.75284
-949.891 -5.75325
-950.942 -5.75366
-951.992 -5.75408
-953.043 -5.75449
-954.094 -5.7549
-955.145 -5.75532
-956.196 -5.75573
-957.247 -5.75614
-958.298 -5.75655
-959.35 -5.75696
-960.401 -5.75737
-961.453 -5.75778
-962.504 -5.75819
-963.556 -5.7586
-964.607 -5.75901
-965.659 -5.75942
-966.711 -5.75982
-967.763 -5.76023
-968.815 -5.76064
-969.867 -5.76104
-970.919 -5.76145
-971.972 -5.76185
-973.024 -5.76226
-974.077 -5.76266
-975.129 -5.76306
-976.182 -5.76347
-977.234 -5.76387
-978.287 -5.76427
-979.34 -5.76467
-980.393 -5.76507
-981.446 -5.76547
-982.499 -5.76587
-983.552 -5.76627
-984.606 -5.76667
-985.659 -5.76707
-986.712 -5.76747
-987.766 -5.76787
-988.819 -5.76826
-989.873 -5.76866
-990.927 -5.76906
-991.981 -5.76945
-993.034 -5.76985
-994.088 -5.77024
-995.143 -5.77064
-996.197 -5.77103
-997.251 -5.77142
-998.305 -5.77182
-999.359 -5.77221
-1000.41 -5.7726
-1001.47 -5.77299
-1002.52 -5.77339
-1003.58 -5.77378
-1004.63 -5.77417
-1005.69 -5.77456
-1006.74 -5.77495
-1007.8 -5.77534
-1008.85 -5.77572
-1009.91 -5.77611
-1010.96 -5.7765
-1012.02 -5.77689
-1013.07 -5.77727
-1014.13 -5.77766
-1015.18 -5.77805
-1016.24 -5.77843
-1017.3 -5.77882
-1018.35 -5.7792
-1019.41 -5.77959
-1020.46 -5.77997
-1021.52 -5.78035
-1022.58 -5.78074
-1023.63 -5.78112
-1024.69 -5.7815
-1025.74 -5.78188
-1026.8 -5.78226
-1027.86 -5.78264
-1028.91 -5.78302
-1029.97 -5.7834
-1031.03 -5.78378
-1032.08 -5.78416
-1033.14 -5.78454
-1034.2 -5.78492
-1035.25 -5.7853
-1036.31 -5.78567
-1037.37 -5.78605
-1038.43 -5.78643
-1039.48 -5.7868
-1040.54 -5.78718
-1041.6 -5.78755
-1042.66 -5.78793
-1043.71 -5.7883
-1044.77 -5.78868
-1045.83 -5.78905
-1046.89 -5.78942
-1047.94 -5.7898
-1049 -5.79017
-1050.06 -5.79054
-1051.12 -5.79091
-1052.18 -5.79128
-1053.23 -5.79165
-1054.29 -5.79202
-1055.35 -5.79239
-1056.41 -5.79276
-1057.47 -5.79313
-1058.53 -5.7935
-1059.59 -5.79387
-1060.64 -5.79424
-1061.7 -5.79461
-1062.76 -5.79497
-1063.82 -5.79534
-1064.88 -5.79571
-1065.94 -5.79607
-1067 -5.79644
-1068.06 -5.7968
-1069.12 -5.79717
-1070.18 -5.79753
-1071.24 -5.7979
-1072.3 -5.79826
-1073.35 -5.79862
-1074.41 -5.79899
-1075.47 -5.79935
-1076.53 -5.79971
-1077.59 -5.80007
-1078.65 -5.80043
-1079.71 -5.80079
-1080.77 -5.80115
-1081.83 -5.80151
-1082.9 -5.80187
-1083.96 -5.80223
-1085.02 -5.80259
-1086.08 -5.80295
-1087.14 -5.80331
-1088.2 -5.80367
-1089.26 -5.80402
-1090.32 -5.80438
-1091.38 -5.80474
-1092.44 -5.80509
-1093.5 -5.80545
-1094.56 -5.8058
-1095.62 -5.80616
-1096.69 -5.80651
-1097.75 -5.80687
-1098.81 -5.80722
-1099.87 -5.80758
-1100.93 -5.80793
-1101.99 -5.80828
-1103.05 -5.80863
-1104.12 -5.80899
-1105.18 -5.80934
-1106.24 -5.80969
-1107.3 -5.81004
-1108.36 -5.81039
-1109.43 -5.81074
-1110.49 -5.81109
-1111.55 -5.81144
-1112.61 -5.81179
-1113.67 -5.81214
-1114.74 -5.81249
-1115.8 -5.81284
-1116.86 -5.81318
-1117.93 -5.81353
-1118.99 -5.81388
-1120.05 -5.81422
-1121.11 -5.81457
-1122.18 -5.81492
-1123.24 -5.81526
-1124.3 -5.81561
-1125.37 -5.81595
-1126.43 -5.8163
-1127.49 -5.81664
-1128.56 -5.81698
-1129.62 -5.81733
-1130.68 -5.81767
-1131.75 -5.81801
-1132.81 -5.81836
-1133.87 -5.8187
-1134.94 -5.81904
-1136 -5.81938
-1137.06 -5.81972
-1138.13 -5.82006
-1139.19 -5.8204
-1140.26 -5.82074
-1141.32 -5.82108
-1142.38 -5.82142
-1143.45 -5.82176
-1144.51 -5.8221
-1145.58 -5.82244
-1146.64 -5.82277
-1147.71 -5.82311
-1148.77 -5.82345
-1149.84 -5.82379
-1150.9 -5.82412
-1151.97 -5.82446
-1153.03 -5.82479
-1154.1 -5.82513
-1155.16 -5.82547
-1156.23 -5.8258
-1157.29 -5.82613
-1158.36 -5.82647
-1159.42 -5.8268
-1160.49 -5.82714
-1161.55 -5.82747
-1162.62 -5.8278
-1163.68 -5.82813
-1164.75 -5.82847
-1165.81 -5.8288
-1166.88 -5.82913
-1167.95 -5.82946
-1169.01 -5.82979
-1170.08 -5.83012
-1171.14 -5.83045
-1172.21 -5.83078
-1173.28 -5.83111
-1174.34 -5.83144
-1175.41 -5.83177
-1176.48 -5.8321
-1177.54 -5.83243
-1178.61 -5.83276
-1179.67 -5.83308
-1180.74 -5.83341
-1181.81 -5.83374
-1182.87 -5.83406
-1183.94 -5.83439
-1185.01 -5.83472
-1186.08 -5.83504
-1187.14 -5.83537
-1188.21 -5.83569
-1189.28 -5.83602
-1190.34 -5.83634
-1191.41 -5.83667
-1192.48 -5.83699
-1193.55 -5.83731
-1194.61 -5.83764
-1195.68 -5.83796
-1196.75 -5.83828
-1197.82 -5.8386
-1198.88 -5.83892
-1199.95 -5.83925
-1201.02 -5.83957
-1202.09 -5.83989
-1203.16 -5.84021
-1204.22 -5.84053
-1205.29 -5.84085
-1206.36 -5.84117
-1207.43 -5.84149
-1208.5 -5.84181
-1209.56 -5.84213
-1210.63 -5.84244
-1211.7 -5.84276
-1212.77 -5.84308
-1213.84 -5.8434
-1214.91 -5.84372
-1215.98 -5.84403
-1217.04 -5.84435
-1218.11 -5.84467
-1219.18 -5.84498
-1220.25 -5.8453
-1221.32 -5.84561
-1222.39 -5.84593
-1223.46 -5.84624
-1224.53 -5.84656
-1225.6 -5.84687
-1226.67 -5.84718
-1227.74 -5.8475
-1228.81 -5.84781
-1229.88 -5.84812
-1230.94 -5.84844
-1232.01 -5.84875
-1233.08 -5.84906
-1234.15 -5.84937
-1235.22 -5.84969
-1236.29 -5.85
-1237.36 -5.85031
-1238.43 -5.85062
-1239.5 -5.85093
-1240.57 -5.85124
-1241.64 -5.85155
-1242.71 -5.85186
-1243.78 -5.85217
-1244.86 -5.85248
-1245.93 -5.85278
-1247 -5.85309
-1248.07 -5.8534
-1249.14 -5.85371
-1250.21 -5.85402
-1251.28 -5.85432
-1252.35 -5.85463
-1253.42 -5.85494
-1254.49 -5.85524
-1255.56 -5.85555
-1256.63 -5.85585
-1257.71 -5.85616
-1258.78 -5.85647
-1259.85 -5.85677
-1260.92 -5.85707
-1261.99 -5.85738
-1263.06 -5.85768
-1264.13 -5.85799
-1265.21 -5.85829
-1266.28 -5.85859
-1267.35 -5.8589
-1268.42 -5.8592
-1269.49 -5.8595
-1270.56 -5.8598
-1271.64 -5.86011
-1272.71 -5.86041
-1273.78 -5.86071
-1274.85 -5.86101
-1275.93 -5.86131
-1277 -5.86161
-1278.07 -5.86191
-1279.14 -5.86221
-1280.21 -5.86251
-1281.29 -5.86281
-1282.36 -5.86311
-1283.43 -5.86341
-1284.5 -5.86371
-1285.58 -5.864
-1286.65 -5.8643
-1287.72 -5.8646
-1288.8 -5.8649
-1289.87 -5.86519
-1290.94 -5.86549
-1292.02 -5.86579
-1293.09 -5.86608
-1294.16 -5.86638
-1295.23 -5.86668
-1296.31 -5.86697
-1297.38 -5.86727
-1298.45 -5.86756
-1299.53 -5.86786
-1300.6 -5.86815
-1301.68 -5.86844
-1302.75 -5.86874
-1303.82 -5.86903
-1304.9 -5.86933
-1305.97 -5.86962
-1307.04 -5.86991
-1308.12 -5.8702
-1309.19 -5.8705
-1310.27 -5.87079
-1311.34 -5.87108
-1312.42 -5.87137
-1313.49 -5.87166
-1314.56 -5.87195
-1315.64 -5.87225
-1316.71 -5.87254
-1317.79 -5.87283
-1318.86 -5.87312
-1319.94 -5.87341
-1321.01 -5.8737
-1322.09 -5.87399
-1323.16 -5.87427
-1324.24 -5.87456
-1325.31 -5.87485
-1326.39 -5.87514
-1327.46 -5.87543
-1328.54 -5.87572
-1329.61 -5.876
-1330.69 -5.87629
-1331.76 -5.87658
-1332.84 -5.87686
-1333.91 -5.87715
-1334.99 -5.87744
-1336.06 -5.87772
-1337.14 -5.87801
-1338.21 -5.87829
-1339.29 -5.87858
-1340.37 -5.87886
-1341.44 -5.87915
-1342.52 -5.87943
-1343.59 -5.87972
-1344.67 -5.88
-1345.74 -5.88029
-1346.82 -5.88057
-1347.9 -5.88085
-1348.97 -5.88113
-1350.05 -5.88142
-1351.13 -5.8817
-1352.2 -5.88198
-1353.28 -5.88226
-1354.35 -5.88255
-1355.43 -5.88283
-1356.51 -5.88311
-1357.58 -5.88339
-1358.66 -5.88367
-1359.74 -5.88395
-1360.81 -5.88423
-1361.89 -5.88451
-1362.97 -5.88479
-1364.05 -5.88507
-1365.12 -5.88535
-1366.2 -5.88563
-1367.28 -5.88591
-1368.35 -5.88619
-1369.43 -5.88646
-1370.51 -5.88674
-1371.59 -5.88702
-1372.66 -5.8873
-1373.74 -5.88758
-1374.82 -5.88785
-1375.9 -5.88813
-1376.97 -5.88841
-1378.05 -5.88868
-1379.13 -5.88896
-1380.21 -5.88923
-1381.28 -5.88951
-1382.36 -5.88979
-1383.44 -5.89006
-1384.52 -5.89034
-1385.6 -5.89061
-1386.67 -5.89089
-1387.75 -5.89116
-1388.83 -5.89143
-1389.91 -5.89171
-1390.99 -5.89198
-1392.07 -5.89225
-1393.14 -5.89253
-1394.22 -5.8928
-1395.3 -5.89307
-1396.38 -5.89335
-1397.46 -5.89362
-1398.54 -5.89389
-1399.62 -5.89416
-1400.69 -5.89443
-1401.77 -5.89471
-1402.85 -5.89498
-1403.93 -5.89525
-1405.01 -5.89552
-1406.09 -5.89579
-1407.17 -5.89606
-1408.25 -5.89633
-1409.33 -5.8966
-1410.41 -5.89687
-1411.49 -5.89714
-1412.57 -5.89741
-1413.65 -5.89768
-1414.72 -5.89794
-1415.8 -5.89821
-1416.88 -5.89848
-1417.96 -5.89875
-1419.04 -5.89902
-1420.12 -5.89928
-1421.2 -5.89955
-1422.28 -5.89982
-1423.36 -5.90009
-1424.44 -5.90035
-1425.52 -5.90062
-1426.6 -5.90088
-1427.68 -5.90115
-1428.76 -5.90142
-1429.84 -5.90168
-1430.92 -5.90195
-1432 -5.90221
-1433.08 -5.90248
-1434.17 -5.90274
-1435.25 -5.90301
-1436.33 -5.90327
-1437.41 -5.90353
-1438.49 -5.9038
-1439.57 -5.90406
-1440.65 -5.90433
-1441.73 -5.90459
-1442.81 -5.90485
-1443.89 -5.90511
-1444.97 -5.90538
-1446.05 -5.90564
-1447.14 -5.9059
-1448.22 -5.90616
-1449.3 -5.90642
-1450.38 -5.90669
-1451.46 -5.90695
-1452.54 -5.90721
-1453.62 -5.90747
-1454.7 -5.90773
-1455.79 -5.90799
-1456.87 -5.90825
-1457.95 -5.90851
-1459.03 -5.90877
-1460.11 -5.90903
-1461.19 -5.90929
-1462.28 -5.90955
-1463.36 -5.90981
-1464.44 -5.91007
-1465.52 -5.91032
-1466.6 -5.91058
-1467.69 -5.91084
-1468.77 -5.9111
-1469.85 -5.91136
-1470.93 -5.91161
-1472.02 -5.91187
-1473.1 -5.91213
-1474.18 -5.91239
-1475.26 -5.91264
-1476.35 -5.9129
-1477.43 -5.91315
-1478.51 -5.91341
-1479.59 -5.91367
-1480.68 -5.91392
-1481.76 -5.91418
-1482.84 -5.91443
-1483.92 -5.91469
-1485.01 -5.91494
-1486.09 -5.9152
-1487.17 -5.91545
-1488.26 -5.91571
-1489.34 -5.91596
-1490.42 -5.91621
-1491.51 -5.91647
-1492.59 -5.91672
-1493.67 -5.91697
-1494.76 -5.91723
-1495.84 -5.91748
-1496.92 -5.91773
-1498.01 -5.91798
-1499.09 -5.91824
-1500.17 -5.91849
-1501.26 -5.91874
-1502.34 -5.91899
-1503.43 -5.91924
-1504.51 -5.9195
-1505.59 -5.91975
-1506.68 -5.92
-1507.76 -5.92025
-1508.85 -5.9205
-1509.93 -5.92075
-1511.01 -5.921
-1512.1 -5.92125
-1513.18 -5.9215
-1514.27 -5.92175
-1515.35 -5.922
-1516.43 -5.92225
-1517.52 -5.92249
-1518.6 -5.92274
-1519.69 -5.92299
-1520.77 -5.92324
-1521.86 -5.92349
-1522.94 -5.92374
-1524.03 -5.92398
-1525.11 -5.92423
-1526.2 -5.92448
-1527.28 -5.92473
-1528.37 -5.92497
-1529.45 -5.92522
-1530.54 -5.92547
-1531.62 -5.92571
-1532.71 -5.92596
-1533.79 -5.92621
-1534.88 -5.92645
-1535.96 -5.9267
-1537.05 -5.92694
-1538.13 -5.92719
-1539.22 -5.92743
-1540.3 -5.92768
-1541.39 -5.92792
-1542.48 -5.92817
-1543.56 -5.92841
-1544.65 -5.92866
-1545.73 -5.9289
-1546.82 -5.92914
-1547.9 -5.92939
-1548.99 -5.92963
-1550.08 -5.92987
-1551.16 -5.93012
-1552.25 -5.93036
-1553.33 -5.9306
-1554.42 -5.93084
-1555.51 -5.93109
-1556.59 -5.93133
-1557.68 -5.93157
-1558.76 -5.93181
-1559.85 -5.93205
-1560.94 -5.93229
-1562.02 -5.93254
-1563.11 -5.93278
-1564.2 -5.93302
-1565.28 -5.93326
-1566.37 -5.9335
-1567.46 -5.93374
-1568.54 -5.93398
-1569.63 -5.93422
-1570.72 -5.93446
-1571.8 -5.9347
-1572.89 -5.93494
-1573.98 -5.93518
-1575.07 -5.93542
-1576.15 -5.93565
-1577.24 -5.93589
-1578.33 -5.93613
-1579.41 -5.93637
-1580.5 -5.93661
-1581.59 -5.93685
-1582.68 -5.93708
-1583.76 -5.93732
-1584.85 -5.93756
-1585.94 -5.9378
-1587.03 -5.93803
-1588.11 -5.93827
-1589.2 -5.93851
-1590.29 -5.93874
-1591.38 -5.93898
-1592.46 -5.93922
-1593.55 -5.93945
-1594.64 -5.93969
-1595.73 -5.93992
-1596.82 -5.94016
-1597.9 -5.94039
-1598.99 -5.94063
-1600.08 -5.94086
-1601.17 -5.9411
-1602.26 -5.94133
-1603.34 -5.94157
-1604.43 -5.9418
-1605.52 -5.94204
-1606.61 -5.94227
-1607.7 -5.9425
-1608.79 -5.94274
-1609.88 -5.94297
-1610.96 -5.9432
-1612.05 -5.94344
-1613.14 -5.94367
-1614.23 -5.9439
-1615.32 -5.94413
-1616.41 -5.94437
-1617.5 -5.9446
-1618.59 -5.94483
-1619.67 -5.94506
-1620.76 -5.94529
-1621.85 -5.94553
-1622.94 -5.94576
-1624.03 -5.94599
-1625.12 -5.94622
-1626.21 -5.94645
-1627.3 -5.94668
-1628.39 -5.94691
-1629.48 -5.94714
-1630.57 -5.94737
-1631.66 -5.9476
-1632.75 -5.94783
-1633.84 -5.94806
-1634.92 -5.94829
-1636.01 -5.94852
-1637.1 -5.94875
-1638.19 -5.94898
-1639.28 -5.94921
-1640.37 -5.94943
-1641.46 -5.94966
-1642.55 -5.94989
-1643.64 -5.95012
-1644.73 -5.95035
-1645.82 -5.95058
-1646.91 -5.9508
-1648 -5.95103
-1649.09 -5.95126
-1650.18 -5.95148
-1651.27 -5.95171
-1652.36 -5.95194
-1653.46 -5.95217
-1654.55 -5.95239
-1655.64 -5.95262
-1656.73 -5.95284
-1657.82 -5.95307
-1658.91 -5.9533
-1660 -5.95352
-1661.09 -5.95375
-1662.18 -5.95397
-1663.27 -5.9542
-1664.36 -5.95442
-1665.45 -5.95465
-1666.54 -5.95487
-1667.63 -5.9551
-1668.73 -5.95532
-1669.82 -5.95555
-1670.91 -5.95577
-1672 -5.95599
-1673.09 -5.95622
-1674.18 -5.95644
-1675.27 -5.95667
-1676.36 -5.95689
-1677.46 -5.95711
-1678.55 -5.95733
-1679.64 -5.95756
-1680.73 -5.95778
-1681.82 -5.958
-1682.91 -5.95822
-1684 -5.95845
-1685.1 -5.95867
-1686.19 -5.95889
-1687.28 -5.95911
-1688.37 -5.95933
-1689.46 -5.95956
-1690.56 -5.95978
-1691.65 -5.96
-1692.74 -5.96022
-1693.83 -5.96044
-1694.92 -5.96066
-1696.02 -5.96088
-1697.11 -5.9611
-1698.2 -5.96132
-1699.29 -5.96154
-1700.38 -5.96176
-1701.48 -5.96198
-1702.57 -5.9622
-1703.66 -5.96242
-1704.75 -5.96264
-1705.85 -5.96286
-1706.94 -5.96308
-1708.03 -5.9633
-1709.12 -5.96351
-1710.22 -5.96373
-1711.31 -5.96395
-1712.4 -5.96417
-1713.5 -5.96439
-1714.59 -5.9646
-1715.68 -5.96482
-1716.77 -5.96504
-1717.87 -5.96526
-1718.96 -5.96548
-1720.05 -5.96569
-1721.15 -5.96591
-1722.24 -5.96613
-1723.33 -5.96634
-1724.43 -5.96656
-1725.52 -5.96678
-1726.61 -5.96699
-1727.71 -5.96721
-1728.8 -5.96742
-1729.89 -5.96764
-1730.99 -5.96785
-1732.08 -5.96807
-1733.17 -5.96829
-1734.27 -5.9685
-1735.36 -5.96872
-1736.45 -5.96893
-1737.55 -5.96915
-1738.64 -5.96936
-1739.74 -5.96957
-1740.83 -5.96979
-1741.92 -5.97
-1743.02 -5.97022
-1744.11 -5.97043
-1745.21 -5.97064
-1746.3 -5.97086
-1747.39 -5.97107
-1748.49 -5.97128
-1749.58 -5.9715
-1750.68 -5.97171
-1751.77 -5.97192
-1752.87 -5.97214
-1753.96 -5.97235
-1755.06 -5.97256
-1756.15 -5.97277
-1757.24 -5.97299
-1758.34 -5.9732
-1759.43 -5.97341
-1760.53 -5.97362
-1761.62 -5.97383
-1762.72 -5.97404
-1763.81 -5.97426
-1764.91 -5.97447
-1766 -5.97468
-1767.1 -5.97489
-1768.19 -5.9751
-1769.29 -5.97531
-1770.38 -5.97552
-1771.48 -5.97573
-1772.57 -5.97594
-1773.67 -5.97615
-1774.76 -5.97636
-1775.86 -5.97657
-1776.95 -5.97678
-1778.05 -5.97699
-1779.14 -5.9772
-1780.24 -5.97741
-1781.33 -5.97762
-1782.43 -5.97782
-1783.53 -5.97803
-1784.62 -5.97824
-1785.72 -5.97845
-1786.81 -5.97866
-1787.91 -5.97887
-1789 -5.97907
-1790.1 -5.97928
-1791.2 -5.97949
-1792.29 -5.9797
-1793.39 -5.97991
-1794.48 -5.98011
-1795.58 -5.98032
-1796.68 -5.98053
-1797.77 -5.98073
-1798.87 -5.98094
-1799.96 -5.98115
-1801.06 -5.98135
-1802.16 -5.98156
-1803.25 -5.98177
-1804.35 -5.98197
-1805.45 -5.98218
-1806.54 -5.98238
-1807.64 -5.98259
-1808.74 -5.9828
-1809.83 -5.983
-1810.93 -5.98321
-1812.03 -5.98341
-1813.12 -5.98362
-1814.22 -5.98382
-1815.32 -5.98403
-1816.41 -5.98423
-1817.51 -5.98443
-1818.61 -5.98464
-1819.7 -5.98484
-1820.8 -5.98505
-1821.9 -5.98525
-1822.99 -5.98545
-1824.09 -5.98566
-1825.19 -5.98586
-1826.29 -5.98607
-1827.38 -5.98627
-1828.48 -5.98647
-1829.58 -5.98667
-1830.67 -5.98688
-1831.77 -5.98708
-1832.87 -5.98728
-1833.97 -5.98749
-1835.06 -5.98769
-1836.16 -5.98789
-1837.26 -5.98809
-1838.36 -5.98829
-1839.45 -5.9885
-1840.55 -5.9887
-1841.65 -5.9889
-1842.75 -5.9891
-1843.85 -5.9893
-1844.94 -5.9895
-1846.04 -5.9897
-1847.14 -5.9899
-1848.24 -5.99011
-1849.34 -5.99031
-1850.43 -5.99051
-1851.53 -5.99071
-1852.63 -5.99091
-1853.73 -5.99111
-1854.83 -5.99131
-1855.92 -5.99151
-1857.02 -5.99171
-1858.12 -5.99191
-1859.22 -5.99211
-1860.32 -5.9923
-1861.42 -5.9925
-1862.51 -5.9927
-1863.61 -5.9929
-1864.71 -5.9931
-1865.81 -5.9933
-1866.91 -5.9935
-1868.01 -5.9937
-1869.11 -5.99389
-1870.21 -5.99409
-1871.3 -5.99429
-1872.4 -5.99449
-1873.5 -5.99469
-1874.6 -5.99488
-1875.7 -5.99508
-1876.8 -5.99528
-1877.9 -5.99548
-1879 -5.99567
-1880.1 -5.99587
-1881.2 -5.99607
-1882.29 -5.99626
-1883.39 -5.99646
-1884.49 -5.99666
-1885.59 -5.99685
-1886.69 -5.99705
-1887.79 -5.99725
-1888.89 -5.99744
-1889.99 -5.99764
-1891.09 -5.99783
-1892.19 -5.99803
-1893.29 -5.99823
-1894.39 -5.99842
-1895.49 -5.99862
-1896.59 -5.99881
-1897.69 -5.99901
-1898.79 -5.9992
-1899.89 -5.9994
-1900.99 -5.99959
-1902.09 -5.99979
-1903.19 -5.99998
-1904.29 -6.00017
-1905.39 -6.00037
-1906.49 -6.00056
-1907.59 -6.00076
-1908.69 -6.00095
-1909.79 -6.00114
-1910.89 -6.00134
-1911.99 -6.00153
-1913.09 -6.00172
-1914.19 -6.00192
-1915.29 -6.00211
-1916.39 -6.0023
-1917.49 -6.0025
-1918.59 -6.00269
-1919.69 -6.00288
-1920.79 -6.00307
-1921.89 -6.00327
-1922.99 -6.00346
-1924.09 -6.00365
-1925.19 -6.00384
-1926.3 -6.00403
-1927.4 -6.00423
-1928.5 -6.00442
-1929.6 -6.00461
-1930.7 -6.0048
-1931.8 -6.00499
-1932.9 -6.00518
-1934 -6.00537
-1935.1 -6.00557
-1936.2 -6.00576
-1937.3 -6.00595
-1938.41 -6.00614
-1939.51 -6.00633
-1940.61 -6.00652
-1941.71 -6.00671
-1942.81 -6.0069
-1943.91 -6.00709
-1945.01 -6.00728
-1946.12 -6.00747
-1947.22 -6.00766
-1948.32 -6.00785
-1949.42 -6.00804
-1950.52 -6.00823
-1951.62 -6.00841
-1952.73 -6.0086
-1953.83 -6.00879
-1954.93 -6.00898
-1956.03 -6.00917
-1957.13 -6.00936
-1958.23 -6.00955
-1959.34 -6.00974
-1960.44 -6.00992
-1961.54 -6.01011
-1962.64 -6.0103
-1963.74 -6.01049
-1964.85 -6.01068
-1965.95 -6.01086
-1967.05 -6.01105
-1968.15 -6.01124
-1969.25 -6.01143
-1970.36 -6.01161
-1971.46 -6.0118
-1972.56 -6.01199
-1973.66 -6.01217
-1974.77 -6.01236
-1975.87 -6.01255
-1976.97 -6.01273
-1978.07 -6.01292
-1979.18 -6.01311
-1980.28 -6.01329
-1981.38 -6.01348
-1982.48 -6.01367
-1983.59 -6.01385
-1984.69 -6.01404
-1985.79 -6.01422
-1986.9 -6.01441
-1988 -6.01459
-1989.1 -6.01478
-1990.2 -6.01496
-1991.31 -6.01515
-1992.41 -6.01533
-1993.51 -6.01552
-1994.62 -6.0157
-1995.72 -6.01589
-1996.82 -6.01607
-1997.93 -6.01626
-1999.03 -6.01644
-2000.13 -6.01663
-2001.24 -6.01681
-2002.34 -6.01699
-2003.44 -6.01718
-2004.55 -6.01736
-2005.65 -6.01755
