0 0
0.0309018 0.0951056
0.0712272 0.190239
0.12089 0.28543
0.179805 0.380706
0.247886 0.476097
0.325048 0.571631
0.411204 0.667335
0.506266 0.763239
0.610147 0.859367
0.722755 0.955744
0.843996 1.05239
0.973774 1.14934
1.11199 1.24659
1.25853 1.34417
1.4133 1.44207
1.57617 1.54032
1.74702 1.63889
1.92572 1.73779
2.11214 1.83699
2.30614 1.93645
2.50756 2.03615
2.71624 2.13602
2.93201 2.236
3.15471 2.336
3.38416 2.43591
3.62017 2.53562
3.86257 2.635
4.11117 2.73388
4.3658 2.8321
4.62628 2.92949
4.89245 3.02584
5.16416 3.12095
5.44127 3.21463
5.72366 3.30668
6.01122 3.39691
6.30385 3.48515
6.60148 3.57123
6.90402 3.65502
7.21143 3.73642
7.52364 3.81533
7.84061 3.89169
8.16229 3.96548
8.48862 4.03668
8.81955 4.1053
9.15502 4.17138
9.49497 4.23496
9.83933 4.2961
10.188 4.35487
10.541 4.41134
10.8981 4.46561
11.2594 4.51776
11.6246 4.56788
11.9938 4.61605
12.3668 4.66237
12.7435 4.70692
13.1238 4.74979
13.5077 4.79106
13.895 4.8308
14.2857 4.8691
14.6797 4.90602
15.0769 4.94164
15.4771 4.97601
15.8804 5.00921
16.2866 5.04129
16.6957 5.0723
17.1075 5.1023
17.5221 5.13134
17.9392 5.15946
18.3589 5.18671
18.7812 5.21312
19.2058 5.23874
19.6328 5.26361
20.0622 5.28776
20.4937 5.31121
20.9275 5.33401
21.3634 5.35618
21.8013 5.37775
22.2413 5.39874
22.6833 5.41918
23.1272 5.43909
23.5731 5.4585
24.0207 5.47742
24.4702 5.49587
24.9214 5.51388
25.3743 5.53146
25.829 5.54862
26.2852 5.56539
26.7431 5.58178
27.2026 5.5978
27.6636 5.61346
28.1261 5.62878
28.5902 5.64377
29.0556 5.65845
29.5225 5.67282
29.9908 5.68689
30.4604 5.70068
30.9314 5.71419
31.4037 5.72743
31.8773 5.74042
32.3521 5.75315
32.8282 5.76565
33.3056 5.77791
33.7841 5.78994
34.2638 5.80175
34.7446 5.81336
35.2266 5.82475
35.7097 5.83594
36.1939 5.84694
36.6792 5.85776
37.1655 5.86838
37.6529 5.87883
38.1413 5.88911
38.6308 5.89922
39.1212 5.90917
39.6126 5.91895
40.1049 5.92858
40.5982 5.93807
41.0925 5.9474
41.5876 5.95659
42.0837 5.96565
42.5807 5.97457
43.0785 5.98335
43.5772 5.99201
44.0768 6.00054
44.5772 6.00895
45.0784 6.01724
45.5805 6.02542
46.0834 6.03348
46.587 6.04143
47.0915 6.04927
47.5967 6.05701
48.1027 6.06464
48.6095 6.07218
49.117 6.07961
49.6252 6.08695
50.1341 6.09419
50.6438 6.10134
51.1542 6.1084
51.6653 6.11537
52.1771 6.12226
52.6895 6.12906
53.2027 6.13578
53.7164 6.14242
54.2309 6.14898
54.746 6.15546
55.2618 6.16186
55.7782 6.16819
56.2952 6.17445
56.8128 6.18064
57.3311 6.18676
57.8499 6.1928
58.3694 6.19878
58.8894 6.2047
59.4101 6.21055
59.9313 6.21633
60.4531 6.22206
60.9754 6.22772
61.4984 6.23332
62.0219 6.23886
62.5459 6.24435
63.0705 6.24978
63.5956 6.25515
64.1213 6.26047
64.6474 6.26573
65.1742 6.27094
65.7014 6.2761
66.2291 6.28121
66.7574 6.28627
67.2861 6.29128
67.8154 6.29624
68.3451 6.30115
68.8754 6.30601
69.4061 6.31083
69.9373 6.31561
70.4689 6.32034
71.0011 6.32502
71.5337 6.32966
72.0668 6.33426
72.6003 6.33882
73.1343 6.34334
73.6687 6.34782
74.2036 6.35225
74.7389 6.35665
75.2747 6.36101
75.8109 6.36533
76.3475 6.36961
76.8846 6.37386
77.422 6.37807
77.9599 6.38225
78.4982 6.38639
79.0369 6.39049
79.5761 6.39456
80.1156 6.3986
80.6556 6.4026
81.1959 6.40657
81.7366 6.41051
82.2778 6.41442
82.8193 6.41829
83.3612 6.42214
83.9035 6.42595
84.4461 6.42974
84.9892 6.43349
85.5326 6.43722
86.0764 6.44091
86.6205 6.44458
87.1651 6.44822
87.71 6.45183
88.2552 6.45542
88.8008 6.45898
89.3468 6.46251
89.8931 6.46601
90.4397 6.46949
90.9868 6.47295
91.5341 6.47638
92.0818 6.47978
92.6298 6.48316
93.1782 6.48651
93.7269 6.48984
94.276 6.49315
94.8253 6.49644
95.375 6.4997
95.925 6.50293
96.4754 6.50615
97.0261 6.50934
97.577 6.51251
98.1283 6.51566
98.68 6.51879
99.2319 6.5219
99.7841 6.52499
100.337 6.52805
100.89 6.5311
101.443 6.53412
101.996 6.53713
102.55 6.54011
103.104 6.54308
103.658 6.54602
104.213 6.54895
104.768 6.55186
105.323 6.55475
105.879 6.55762
106.434 6.56047
106.991 6.56331
107.547 6.56613
108.104 6.56893
108.66 6.57171
109.218 6.57448
109.775 6.57722
110.333 6.57996
110.891 6.58267
111.449 6.58537
112.008 6.58805
112.567 6.59072
113.126 6.59337
113.685 6.596
114.245 6.59862
114.805 6.60123
115.365 6.60381
115.925 6.60639
116.486 6.60894
117.047 6.61149
117.608 6.61402
118.169 6.61653
118.731 6.61903
119.293 6.62152
119.855 6.62399
120.418 6.62644
120.98 6.62889
121.543 6.63132
122.106 6.63373
122.67 6.63614
123.233 6.63853
123.797 6.6409
124.361 6.64327
124.926 6.64562
125.49 6.64796
126.055 6.65028
126.62 6.6526
127.186 6.6549
127.751 6.65718
128.317 6.65946
128.883 6.66172
129.449 6.66398
130.015 6.66622
130.582 6.66845
131.149 6.67066
131.716 6.67287
132.283 6.67506
132.851 6.67725
133.419 6.67942
133.987 6.68158
134.555 6.68373
135.123 6.68587
135.692 6.688
136.261 6.69011
136.83 6.69222
137.399 6.69432
137.968 6.6964
138.538 6.69848
139.108 6.70054
139.678 6.7026
140.248 6.70464
140.819 6.70668
141.389 6.7087
141.96 6.71072
142.531 6.71273
143.103 6.71472
143.674 6.71671
144.246 6.71869
144.818 6.72066
145.39 6.72261
145.962 6.72456
146.535 6.7265
147.107 6.72844
147.68 6.73036
148.253 6.73227
148.826 6.73418
149.4 6.73607
149.973 6.73796
150.547 6.73984
151.121 6.74171
151.695 6.74357
152.27 6.74542
152.844 6.74727
153.419 6.74911
153.994 6.75093
154.569 6.75275
155.144 6.75457
155.72 6.75637
156.296 6.75817
156.871 6.75996
157.447 6.76174
158.024 6.76351
158.6 6.76527
159.176 6.76703
159.753 6.76878
160.33 6.77052
160.907 6.77226
161.484 6.77399
162.062 6.77571
162.639 6.77742
163.217 6.77912
163.795 6.78082
164.373 6.78251
164.951 6.7842
165.53 6.78588
166.108 6.78755
166.687 6.78921
167.266 6.79087
167.845 6.79252
168.425 6.79416
169.004 6.79579
169.584 6.79742
170.163 6.79905
170.743 6.80066
171.323 6.80227
171.904 6.80387
172.484 6.80547
173.065 6.80706
173.645 6.80865
174.226 6.81022
174.807 6.8118
175.388 6.81336
175.97 6.81492
176.551 6.81647
177.133 6.81802
177.715 6.81956
178.297 6.8211
178.879 6.82262
179.461 6.82415
180.043 6.82566
180.626 6.82718
181.209 6.82868
181.792 6.83018
182.375 6.83168
182.958 6.83316
183.541 6.83465
184.125 6.83612
184.708 6.83759
185.292 6.83906
185.876 6.84052
186.46 6.84198
187.044 6.84343
187.629 6.84487
188.213 6.84631
188.798 6.84774
189.383 6.84917
189.967 6.8506
190.553 6.85201
191.138 6.85343
191.723 6.85483
192.309 6.85624
192.894 6.85764
193.48 6.85903
194.066 6.86041
194.652 6.8618
195.238 6.86317
195.824 6.86455
196.411 6.86592
196.998 6.86728
197.584 6.86864
198.171 6.86999
198.758 6.87134
199.345 6.87268
199.933 6.87402
200.52 6.87536
201.107 6.87669
201.695 6.87801
202.283 6.87933
202.871 6.88065
203.459 6.88196
204.047 6.88327
204.636 6.88457
205.224 6.88587
205.813 6.88716
206.401 6.88845
206.99 6.88974
207.579 6.89102
208.168 6.8923
208.758 6.89357
209.347 6.89484
209.936 6.8961
210.526 6.89736
211.116 6.89862
211.706 6.89987
212.296 6.90111
212.886 6.90236
213.476 6.9036
214.066 6.90483
214.657 6.90606
215.247 6.90729
215.838 6.90851
216.429 6.90973
217.02 6.91095
217.611 6.91216
218.202 6.91336
218.794 6.91457
219.385 6.91577
219.977 6.91696
220.568 6.91816
221.16 6.91934
221.752 6.92053
222.344 6.92171
222.936 6.92289
223.529 6.92406
224.121 6.92523
224.714 6.92639
225.306 6.92756
225.899 6.92872
226.492 6.92987
227.085 6.93102
227.678 6.93217
228.271 6.93331
228.865 6.93446
229.458 6.93559
230.052 6.93673
230.645 6.93786
231.239 6.93898
231.833 6.94011
232.427 6.94123
233.021 6.94235
233.615 6.94346
234.21 6.94457
234.804 6.94568
235.399 6.94678
235.993 6.94788
236.588 6.94898
237.183 6.95007
237.778 6.95116
238.373 6.95225
238.968 6.95333
239.564 6.95441
240.159 6.95549
240.755 6.95656
241.35 6.95764
241.946 6.9587
242.542 6.95977
243.138 6.96083
243.734 6.96189
244.33 6.96295
244.927 6.964
245.523 6.96505
246.12 6.9661
246.716 6.96714
247.313 6.96818
247.91 6.96922
248.507 6.97025
249.104 6.97129
249.701 6.97232
250.298 6.97334
250.895 6.97437
251.493 6.97539
252.09 6.9764
252.688 6.97742
253.286 6.97843
253.884 6.97944
254.482 6.98045
255.08 6.98145
255.678 6.98245
256.276 6.98345
256.874 6.98444
257.473 6.98544
258.071 6.98643
258.67 6.98741
259.269 6.9884
259.868 6.98938
260.467 6.99036
261.066 6.99133
261.665 6.99231
262.264 6.99328
262.863 6.99425
263.463 6.99521
264.062 6.99618
264.662 6.99714
265.262 6.9981
265.861 6.99905
266.461 7.00001
267.061 7.00096
267.661 7.0019
268.262 7.00285
268.862 7.00379
269.462 7.00473
270.063 7.00567
270.663 7.00661
271.264 7.00754
271.865 7.00847
272.466 7.0094
273.067 7.01033
273.668 7.01125
274.269 7.01217
274.87 7.01309
275.471 7.01401
276.073 7.01492
276.674 7.01583
277.276 7.01674
277.878 7.01765
278.479 7.01855
279.081 7.01946
279.683 7.02036
280.285 7.02125
280.887 7.02215
281.49 7.02304
282.092 7.02393
282.694 7.02482
283.297 7.02571
283.899 7.0266
284.502 7.02748
285.105 7.02836
285.708 7.02924
286.31 7.03011
286.913 7.03098
287.517 7.03186
288.12 7.03273
288.723 7.03359
289.326 7.03446
289.93 7.03532
290.533 7.03618
291.137 7.03704
291.741 7.0379
292.344 7.03875
292.948 7.0396
293.552 7.04045
294.156 7.0413
294.76 7.04215
295.365 7.04299
295.969 7.04384
296.573 7.04468
297.178 7.04551
297.782 7.04635
298.387 7.04718
298.992 7.04802
299.597 7.04885
300.202 7.04967
300.806 7.0505
301.412 7.05133
302.017 7.05215
302.622 7.05297
303.227 7.05379
303.833 7.0546
304.438 7.05542
305.044 7.05623
305.649 7.05704
306.255 7.05785
306.861 7.05866
307.467 7.05946
308.073 7.06027
308.679 7.06107
309.285 7.06187
309.891 7.06267
310.497 7.06346
311.103 7.06426
311.71 7.06505
312.316 7.06584
312.923 7.06663
313.53 7.06742
314.136 7.0682
314.743 7.06898
315.35 7.06977
315.957 7.07055
316.564 7.07132
317.171 7.0721
317.779 7.07288
318.386 7.07365
318.993 7.07442
319.601 7.07519
320.208 7.07596
320.816 7.07672
321.423 7.07749
322.031 7.07825
322.639 7.07901
323.247 7.07977
323.855 7.08053
324.463 7.08128
325.071 7.08204
325.679 7.08279
326.288 7.08354
326.896 7.08429
327.504 7.08504
328.113 7.08578
328.721 7.08653
329.33 7.08727
329.939 7.08801
330.548 7.08875
331.156 7.08949
331.765 7.09023
332.374 7.09096
332.984 7.09169
333.593 7.09243
334.202 7.09316
334.811 7.09388
335.421 7.09461
336.03 7.09534
336.64 7.09606
337.249 7.09678
337.859 7.0975
338.469 7.09822
339.079 7.09894
339.688 7.09966
340.298 7.10037
340.908 7.10108
341.519 7.1018
342.129 7.10251
342.739 7.10322
343.349 7.10392
343.96 7.10463
344.57 7.10533
345.181 7.10604
345.791 7.10674
346.402 7.10744
347.013 7.10814
347.624 7.10883
348.234 7.10953
348.845 7.11022
349.456 7.11092
350.068 7.11161
350.679 7.1123
351.29 7.11299
351.901 7.11367
352.513 7.11436
353.124 7.11504
353.736 7.11573
354.347 7.11641
354.959 7.11709
355.57 7.11777
356.182 7.11844
356.794 7.11912
357.406 7.11979
358.018 7.12047
358.63 7.12114
359.242 7.12181
359.854 7.12248
360.467 7.12315
361.079 7.12381
361.691 7.12448
362.304 7.12514
362.916 7.12581
363.529 7.12647
364.142 7.12713
364.754 7.12779
365.367 7.12844
365.98 7.1291
366.593 7.12976
367.206 7.13041
367.819 7.13106
368.432 7.13171
369.045 7.13236
369.658 7.13301
370.272 7.13366
370.885 7.1343
371.498 7.13495
372.112 7.13559
372.725 7.13624
373.339 7.13688
373.953 7.13752
374.566 7.13815
375.18 7.13879
375.794 7.13943
376.408 7.14006
377.022 7.1407
377.636 7.14133
378.25 7.14196
378.865 7.14259
379.479 7.14322
380.093 7.14385
380.708 7.14447
381.322 7.1451
381.936 7.14572
382.551 7.14635
383.166 7.14697
383.78 7.14759
384.395 7.14821
385.01 7.14883
385.625 7.14945
386.24 7.15006
386.855 7.15068
387.47 7.15129
388.085 7.1519
388.7 7.15251
389.316 7.15312
389.931 7.15373
390.546 7.15434
391.162 7.15495
391.777 7.15556
392.393 7.15616
393.008 7.15676
393.624 7.15737
394.24 7.15797
394.856 7.15857
395.471 7.15917
396.087 7.15977
396.703 7.16036
397.319 7.16096
397.935 7.16155
398.552 7.16215
399.168 7.16274
399.784 7.16333
400.4 7.16392
401.017 7.16451
401.633 7.1651
402.25 7.16569
402.866 7.16627
403.483 7.16686
404.1 7.16744
404.716 7.16803
405.333 7.16861
405.95 7.16919
406.567 7.16977
407.184 7.17035
407.801 7.17093
408.418 7.1715
409.035 7.17208
409.652 7.17266
410.27 7.17323
410.887 7.1738
411.504 7.17438
412.122 7.17495
412.739 7.17552
413.357 7.17608
413.975 7.17665
414.592 7.17722
415.21 7.17779
415.828 7.17835
416.446 7.17891
417.063 7.17948
417.681 7.18004
418.299 7.1806
418.917 7.18116
419.536 7.18172
420.154 7.18228
420.772 7.18284
421.39 7.18339
422.009 7.18395
422.627 7.1845
423.245 7.18506
423.864 7.18561
424.483 7.18616
425.101 7.18671
425.72 7.18726
426.339 7.18781
426.957 7.18836
427.576 7.18891
428.195 7.18945
428.814 7.19
429.433 7.19054
430.052 7.19108
430.671 7.19163
431.29 7.19217
431.91 7.19271
432.529 7.19325
433.148 7.19379
433.768 7.19432
434.387 7.19486
435.006 7.1954
435.626 7.19593
436.246 7.19647
436.865 7.197
437.485 7.19753
438.105 7.19806
438.724 7.19859
439.344 7.19912
439.964 7.19965
440.584 7.20018
441.204 7.20071
441.824 7.20123
442.444 7.20176
443.065 7.20228
443.685 7.20281
444.305 7.20333
444.925 7.20385
445.546 7.20437
446.166 7.2049
446.787 7.20541
447.407 7.20593
448.028 7.20645
448.649 7.20697
449.269 7.20748
449.89 7.208
450.511 7.20851
451.132 7.20903
451.753 7.20954
452.374 7.21005
452.995 7.21056
453.616 7.21107
454.237 7.21158
454.858 7.21209
455.479 7.2126
456.1 7.21311
456.722 7.21361
457.343 7.21412
457.964 7.21462
458.586 7.21513
459.207 7.21563
459.829 7.21613
460.451 7.21664
461.072 7.21714
461.694 7.21764
462.316 7.21814
462.938 7.21863
463.559 7.21913
464.181 7.21963
464.803 7.22012
465.425 7.22062
466.047 7.22111
466.669 7.22161
467.292 7.2221
467.914 7.22259
468.536 7.22308
469.158 7.22358
469.781 7.22407
470.403 7.22455
471.026 7.22504
471.648 7.22553
472.271 7.22602
472.893 7.2265
473.516 7.22699
474.139 7.22747
474.761 7.22796
475.384 7.22844
476.007 7.22892
476.63 7.2294
477.253 7.22989
477.876 7.23037
478.499 7.23085
479.122 7.23132
479.745 7.2318
480.368 7.23228
480.991 7.23276
481.615 7.23323
482.238 7.23371
482.861 7.23418
483.485 7.23466
484.108 7.23513
484.732 7.2356
485.355 7.23607
485.979 7.23655
486.603 7.23702
487.226 7.23748
487.85 7.23795
488.474 7.23842
489.098 7.23889
489.722 7.23936
490.346 7.23982
490.97 7.24029
491.594 7.24075
492.218 7.24122
492.842 7.24168
493.466 7.24214
494.09 7.2426
494.714 7.24306
495.339 7.24353
495.963 7.24399
496.588 7.24444
497.212 7.2449
497.836 7.24536
498.461 7.24582
499.086 7.24627
499.71 7.24673
500.335 7.24719
500.96 7.24764
501.584 7.24809
502.209 7.24855
502.834 7.249
503.459 7.24945
504.084 7.2499
504.709 7.25035
505.334 7.2508
505.959 7.25125
506.584 7.2517
507.209 7.25215
507.835 7.2526
508.46 7.25304
509.085 7.25349
509.71 7.25393
510.336 7.25438
510.961 7.25482
511.587 7.25527
512.212 7.25571
512.838 7.25615
513.463 7.25659
514.089 7.25703
514.715 7.25747
515.341 7.25791
515.966 7.25835
516.592 7.25879
517.218 7.25923
517.844 7.25967
518.47 7.2601
519.096 7.26054
519.722 7.26098
520.348 7.26141
520.974 7.26184
521.6 7.26228
522.227 7.26271
522.853 7.26314
523.479 7.26358
524.106 7.26401
524.732 7.26444
525.359 7.26487
525.985 7.2653
526.612 7.26573
527.238 7.26615
527.865 7.26658
528.491 7.26701
529.118 7.26743
529.745 7.26786
530.372 7.26829
530.998 7.26871
531.625 7.26913
532.252 7.26956
532.879 7.26998
533.506 7.2704
534.133 7.27082
534.76 7.27125
535.387 7.27167
536.015 7.27209
536.642 7.27251
537.269 7.27292
537.896 7.27334
538.524 7.27376
539.151 7.27418
539.779 7.27459
540.406 7.27501
541.033 7.27543
541.661 7.27584
542.289 7.27626
542.916 7.27667
543.544 7.27708
544.172 7.2775
544.799 7.27791
545.427 7.27832
546.055 7.27873
546.683 7.27914
547.311 7.27955
547.939 7.27996
548.567 7.28037
549.195 7.28078
549.823 7.28118
550.451 7.28159
551.079 7.282
551.707 7.2824
552.335 7.28281
552.964 7.28322
553.592 7.28362
554.22 7.28402
554.849 7.28443
555.477 7.28483
556.106 7.28523
556.734 7.28563
557.363 7.28604
557.991 7.28644
558.62 7.28684
559.249 7.28724
559.877 7.28764
560.506 7.28803
561.135 7.28843
561.764 7.28883
562.393 7.28923
563.022 7.28962
563.651 7.29002
564.28 7.29042
