0 0
-0.0454163 0.096515
-0.0805942 0.193003
-0.105594 0.289438
-0.120478 0.385791
-0.125314 0.482036
-0.120171 0.578142
-0.105122 0.674082
-0.080243 0.769824
-0.0456115 0.86534
-0.00130887 0.960596
0.0525811 1.05556
0.115973 1.1502
0.188777 1.24449
0.270904 1.33838
0.362261 1.43184
0.462754 1.52484
0.572286 1.61734
0.690759 1.7093
0.818075 1.80069
0.954133 1.89147
1.09883 1.98159
1.25207 2.07102
1.41373 2.15972
1.58373 2.24766
1.76195 2.33479
1.9483 2.42108
2.14265 2.5065
2.34491 2.59099
2.55497 2.67454
2.77273 2.75711
2.99807 2.83867
3.2309 2.91919
3.47111 2.99863
3.71858 3.07699
3.97322 3.15422
4.23493 3.23032
4.50359 3.30526
4.7791 3.37903
5.06137 3.45161
5.35028 3.52299
5.64574 3.59317
5.94764 3.66214
6.25588 3.72989
6.57037 3.79643
6.89099 3.86175
7.21767 3.92586
7.55028 3.98877
7.88875 4.05048
8.23296 4.111
8.58283 4.17034
8.93826 4.22851
9.29916 4.28554
9.66543 4.34142
10.037 4.39619
10.4137 4.44985
10.7956 4.50243
11.1824 4.55394
11.5742 4.6044
11.9708 4.65383
12.3722 4.70225
12.7782 4.74969
13.1888 4.79616
13.604 4.84169
14.0235 4.88629
14.4474 4.92999
14.8756 4.9728
15.3079 5.01475
15.7444 5.05586
16.1849 5.09615
16.6294 5.13564
17.0779 5.17435
17.5301 5.21229
17.9861 5.24949
18.4458 5.28596
18.9092 5.32173
19.3761 5.35681
19.8465 5.39122
20.3204 5.42498
20.7977 5.4581
21.2783 5.49061
21.7621 5.5225
22.2492 5.55381
22.7395 5.58455
23.2329 5.61473
23.7293 5.64436
24.2288 5.67347
24.7312 5.70205
25.2365 5.73014
25.7447 5.75773
26.2557 5.78485
26.7694 5.8115
27.2859 5.8377
27.8051 5.86346
28.3269 5.88878
28.8513 5.91369
29.3783 5.93818
29.9078 5.96228
30.4398 5.98599
30.9742 6.00931
31.511 6.03227
32.0502 6.05486
32.5918 6.0771
33.1356 6.09899
33.6817 6.12055
34.23 6.14178
34.7805 6.16269
35.3332 6.18329
35.8881 6.20358
36.445 6.22357
37.004 6.24327
37.5651 6.26268
38.1282 6.28182
38.6932 6.30068
39.2603 6.31928
39.8292 6.33762
40.4001 6.3557
40.9729 6.37354
41.5476 6.39113
42.124 6.40848
42.7023 6.4256
43.2824 6.44249
43.8642 6.45916
44.4478 6.47561
45.0331 6.49185
45.6201 6.50788
46.2088 6.5237
46.7992 6.53933
47.3912 6.55475
47.9848 6.56999
48.58 6.58503
49.1767 6.5999
49.7751 6.61457
50.375 6.62908
50.9764 6.64341
51.5793 6.65756
52.1837 6.67156
52.7895 6.68538
53.3968 6.69905
54.0056 6.71256
54.6158 6.72591
55.2274 6.73911
55.8403 6.75217
56.4547 6.76507
57.0704 6.77784
57.6874 6.79046
58.3058 6.80294
58.9255 6.81529
59.5465 6.82751
60.1688 6.83959
60.7924 6.85155
61.4172 6.86338
62.0433 6.87508
62.6706 6.88667
63.2991 6.89813
63.9288 6.90948
64.5598 6.92071
65.1919 6.93183
65.8252 6.94283
66.4597 6.95373
67.0953 6.96451
67.732 6.97519
68.3699 6.98577
69.0089 6.99624
69.649 7.00662
70.2902 7.01689
70.9325 7.02706
71.5759 7.03714
72.2203 7.04713
72.8658 7.05702
73.5123 7.06682
74.1599 7.07653
74.8085 7.08615
75.4581 7.09568
76.1087 7.10512
76.7604 7.11448
77.413 7.12376
78.0666 7.13296
78.7211 7.14207
79.3767 7.15111
80.0332 7.16006
80.6906 7.16894
81.349 7.17774
82.0083 7.18647
82.6686 7.19512
83.3297 7.2037
83.9918 7.2122
84.6548 7.22064
85.3186 7.22901
85.9834 7.2373
86.649 7.24553
87.3155 7.25369
87.9829 7.26179
88.6511 7.26982
89.3202 7.27779
89.9901 7.28569
90.6609 7.29353
91.3324 7.30131
92.0049 7.30902
92.6781 7.31668
93.3521 7.32428
94.027 7.33182
94.7027 7.3393
95.3791 7.34673
96.0564 7.35409
96.7344 7.36141
97.4132 7.36867
98.0927 7.37587
98.7731 7.38302
99.4542 7.39012
100.136 7.39716
100.819 7.40416
101.502 7.4111
102.186 7.418
102.871 7.42484
103.556 7.43164
104.243 7.43838
104.93 7.44508
105.617 7.45174
106.306 7.45834
106.995 7.4649
107.685 7.47142
108.375 7.47789
109.066 7.48431
109.758 7.49069
110.451 7.49703
111.144 7.50333
111.838 7.50958
112.532 7.51579
113.227 7.52196
113.923 7.52809
114.62 7.53418
115.317 7.54023
116.015 7.54624
116.713 7.55221
117.412 7.55814
118.112 7.56403
118.812 7.56989
119.513 7.57571
120.215 7.58149
120.917 7.58724
121.62 7.59295
122.323 7.59862
123.027 7.60426
123.732 7.60986
124.437 7.61543
125.143 7.62097
125.849 7.62647
126.556 7.63193
127.264 7.63737
127.972 7.64277
128.68 7.64814
129.39 7.65348
130.1 7.65878
130.81 7.66406
131.521 7.6693
132.232 7.67451
132.944 7.67969
133.657 7.68485
134.37 7.68997
135.084 7.69506
135.798 7.70012
136.513 7.70516
137.228 7.71016
137.944 7.71514
138.661 7.72009
139.378 7.72501
140.095 7.72991
140.813 7.73477
141.531 7.73961
142.25 7.74443
142.97 7.74921
143.69 7.75397
144.411 7.75871
145.132 7.76342
145.853 7.7681
146.575 7.77276
147.298 7.77739
148.021 7.782
148.744 7.78658
149.468 7.79114
150.193 7.79568
150.918 7.80019
151.643 7.80468
152.369 7.80914
153.095 7.81358
153.822 7.818
154.55 7.82239
155.277 7.82677
156.006 7.83112
156.734 7.83545
157.464 7.83975
158.193 7.84404
158.923 7.8483
159.654 7.85254
160.385 7.85676
161.117 7.86096
161.848 7.86514
162.581 7.8693
163.314 7.87344
164.047 7.87755
164.781 7.88165
165.515 7.88573
166.249 7.88978
166.984 7.89382
167.72 7.89784
168.455 7.90184
169.192 7.90582
169.928 7.90978
170.666 7.91372
171.403 7.91764
172.141 7.92155
172.879 7.92544
173.618 7.9293
174.357 7.93316
175.097 7.93699
175.837 7.9408
176.577 7.9446
177.318 7.94838
178.059 7.95214
178.801 7.95589
179.543 7.95962
180.286 7.96333
181.028 7.96702
181.772 7.9707
182.515 7.97436
183.259 7.97801
184.004 7.98164
184.748 7.98525
185.493 7.98884
186.239 7.99243
186.985 7.99599
187.731 7.99954
188.478 8.00307
189.225 8.00659
189.972 8.0101
190.72 8.01359
191.468 8.01706
192.217 8.02052
192.966 8.02396
193.715 8.02739
194.465 8.03081
195.215 8.03421
195.965 8.03759
196.716 8.04096
197.467 8.04432
198.218 8.04766
198.97 8.05099
199.722 8.05431
200.475 8.05761
201.228 8.0609
201.981 8.06417
202.734 8.06743
203.488 8.07068
204.243 8.07392
204.997 8.07714
205.752 8.08035
206.507 8.08354
207.263 8.08673
208.019 8.0899
208.775 8.09305
209.532 8.0962
210.289 8.09933
211.046 8.10245
211.804 8.10556
212.562 8.10865
213.32 8.11174
214.079 8.11481
214.838 8.11787
215.597 8.12091
216.357 8.12395
217.117 8.12697
217.877 8.12998
218.637 8.13298
219.398 8.13597
220.16 8.13895
220.921 8.14192
221.683 8.14487
222.445 8.14781
223.208 8.15075
223.97 8.15367
224.733 8.15658
225.497 8.15948
226.261 8.16237
227.025 8.16525
227.789 8.16811
228.554 8.17097
229.318 8.17382
230.084 8.17665
230.849 8.17948
231.615 8.1823
232.381 8.1851
233.148 8.1879
233.914 8.19068
234.681 8.19345
235.449 8.19622
236.216 8.19897
236.984 8.20172
237.753 8.20445
238.521 8.20718
239.29 8.20989
240.059 8.2126
240.828 8.2153
241.598 8.21798
242.368 8.22066
243.138 8.22333
243.909 8.22599
244.68 8.22864
245.451 8.23128
246.222 8.23391
246.994 8.23653
247.766 8.23914
248.538 8.24174
249.31 8.24434
250.083 8.24693
250.856 8.2495
251.629 8.25207
252.403 8.25463
253.177 8.25718
253.951 8.25973
254.725 8.26226
255.5 8.26478
256.275 8.2673
257.05 8.26981
257.826 8.27231
258.601 8.2748
259.377 8.27729
260.154 8.27976
260.93 8.28223
261.707 8.28469
262.484 8.28714
263.261 8.28958
264.039 8.29202
264.817 8.29445
265.595 8.29687
266.373 8.29928
267.152 8.30168
267.931 8.30408
268.71 8.30647
269.489 8.30885
270.269 8.31122
271.049 8.31358
271.829 8.31594
272.609 8.31829
273.39 8.32064
274.171 8.32297
274.952 8.3253
275.733 8.32762
276.515 8.32993
277.297 8.33224
278.079 8.33454
278.861 8.33683
279.644 8.33912
280.427 8.3414
281.21 8.34367
281.993 8.34593
282.777 8.34819
283.561 8.35044
284.345 8.35268
285.129 8.35492
285.914 8.35715
286.699 8.35937
287.484 8.36159
288.269 8.3638
289.054 8.366
289.84 8.3682
290.626 8.37039
291.412 8.37257
292.199 8.37474
292.985 8.37691
293.772 8.37908
294.559 8.38124
295.347 8.38339
296.134 8.38553
296.922 8.38767
297.71 8.3898
298.498 8.39193
299.287 8.39404
300.076 8.39616
300.865 8.39826
301.654 8.40037
302.443 8.40246
303.233 8.40455
304.023 8.40663
304.813 8.40871
305.603 8.41078
306.393 8.41284
307.184 8.4149
307.975 8.41696
308.766 8.419
309.558 8.42105
310.349 8.42308
311.141 8.42511
311.933 8.42714
312.725 8.42916
313.518 8.43117
314.31 8.43318
315.103 8.43518
315.896 8.43717
316.69 8.43917
317.483 8.44115
318.277 8.44313
319.071 8.4451
319.865 8.44707
320.659 8.44904
321.454 8.45099
322.249 8.45295
323.044 8.45489
323.839 8.45683
324.634 8.45877
325.43 8.4607
326.226 8.46263
327.022 8.46455
327.818 8.46647
328.615 8.46838
329.411 8.47028
330.208 8.47218
331.005 8.47408
331.802 8.47597
332.6 8.47785
333.397 8.47973
334.195 8.48161
334.993 8.48348
335.792 8.48534
336.59 8.4872
337.389 8.48906
338.188 8.49091
338.987 8.49275
339.786 8.4946
340.585 8.49643
341.385 8.49826
342.185 8.50009
342.985 8.50191
343.785 8.50373
344.585 8.50554
345.386 8.50735
346.187 8.50915
346.988 8.51095
347.789 8.51274
348.59 8.51453
349.392 8.51632
350.194 8.5181
350.996 8.51987
351.798 8.52164
352.6 8.52341
353.403 8.52517
354.205 8.52693
355.008 8.52868
355.811 8.53043
356.615 8.53218
357.418 8.53392
358.222 8.53565
359.025 8.53739
359.829 8.53911
360.634 8.54084
361.438 8.54255
362.243 8.54427
363.047 8.54598
363.852 8.54769
364.657 8.54939
365.463 8.55109
366.268 8.55278
367.074 8.55447
367.88 8.55615
368.686 8.55784
369.492 8.55951
370.298 8.56119
371.105 8.56285
371.911 8.56452
372.718 8.56618
373.525 8.56784
374.333 8.56949
375.14 8.57114
375.948 8.57279
376.755 8.57443
377.563 8.57606
378.371 8.5777
379.18 8.57933
379.988 8.58095
380.797 8.58258
381.606 8.58419
382.415 8.58581
383.224 8.58742
384.033 8.58903
384.843 8.59063
385.652 8.59223
386.462 8.59382
387.272 8.59542
388.082 8.597
388.893 8.59859
389.703 8.60017
390.514 8.60175
391.325 8.60332
392.136 8.60489
392.947 8.60646
393.758 8.60802
394.57 8.60958
395.382 8.61113
396.194 8.61269
397.006 8.61423
397.818 8.61578
398.63 8.61732
399.443 8.61886
400.255 8.62039
401.068 8.62192
401.881 8.62345
402.694 8.62498
403.508 8.6265
404.321 8.62801
405.135 8.62953
405.949 8.63104
406.763 8.63255
407.577 8.63405
408.391 8.63555
409.206 8.63705
410.02 8.63854
410.835 8.64003
411.65 8.64152
412.465 8.643
413.28 8.64448
414.096 8.64596
414.911 8.64744
415.727 8.64891
416.543 8.65038
417.359 8.65184
418.175 8.6533
418.992 8.65476
419.808 8.65622
420.625 8.65767
421.442 8.65912
422.259 8.66056
423.076 8.66201
423.893 8.66345
424.711 8.66488
425.528 8.66632
426.346 8.66775
427.164 8.66917
427.982 8.6706
428.8 8.67202
429.618 8.67344
430.437 8.67485
431.256 8.67626
432.074 8.67767
432.893 8.67908
433.712 8.68048
434.532 8.68189
435.351 8.68328
436.171 8.68468
436.99 8.68607
437.81 8.68746
438.63 8.68884
439.45 8.69023
440.271 8.69161
441.091 8.69298
441.912 8.69436
442.732 8.69573
443.553 8.6971
444.374 8.69846
445.196 8.69983
446.017 8.70119
446.838 8.70254
447.66 8.7039
448.482 8.70525
449.304 8.7066
450.126 8.70795
450.948 8.70929
451.77 8.71063
452.593 8.71197
453.415 8.71331
454.238 8.71464
455.061 8.71597
455.884 8.7173
456.707 8.71862
457.531 8.71995
458.354 8.72127
459.178 8.72258
460.001 8.7239
460.825 8.72521
461.649 8.72652
462.473 8.72783
463.298 8.72913
464.122 8.73043
464.947 8.73173
465.772 8.73303
466.596 8.73432
467.421 8.73561
468.247 8.7369
469.072 8.73819
469.897 8.73947
470.723 8.74075
471.549 8.74203
472.374 8.74331
473.2 8.74458
474.026 8.74585
474.853 8.74712
475.679 8.74839
476.506 8.74965
477.332 8.75091
478.159 8.75217
478.986 8.75343
479.813 8.75468
480.64 8.75593
481.467 8.75718
482.295 8.75843
483.122 8.75968
483.95 8.76092
484.778 8.76216
485.606 8.7634
486.434 8.76463
487.262 8.76586
488.091 8.76709
488.919 8.76832
489.748 8.76955
490.576 8.77077
491.405 8.77199
492.234 8.77321
493.064 8.77443
493.893 8.77565
494.722 8.77686
495.552 8.77807
496.381 8.77927
497.211 8.78048
498.041 8.78168
498.871 8.78288
499.701 8.78408
500.532 8.78528
501.362 8.78647
502.193 8.78767
503.023 8.78886
503.854 8.79004
504.685 8.79123
505.516 8.79241
506.347 8.7936
507.179 8.79477
508.01 8.79595
508.842 8.79713
509.673 8.7983
510.505 8.79947
511.337 8.80064
512.169 8.8018
513.002 8.80297
513.834 8.80413
514.666 8.80529
515.499 8.80645
516.332 8.8076
517.164 8.80876
517.997 8.80991
518.83 8.81106
519.664 8.81221
520.497 8.81335
521.33 8.8145
522.164 8.81564
522.998 8.81678
523.831 8.81792
524.665 8.81905
525.499 8.82019
526.334 8.82132
527.168 8.82245
528.002 8.82357
528.837 8.8247
529.671 8.82582
530.506 8.82694
531.341 8.82806
532.176 8.82918
533.011 8.8303
533.847 8.83141
534.682 8.83252
535.517 8.83363
536.353 8.83474
537.189 8.83585
538.024 8.83695
538.86 8.83805
539.696 8.83915
540.533 8.84025
541.369 8.84135
542.205 8.84244
543.042 8.84354
543.879 8.84463
544.715 8.84572
545.552 8.8468
546.389 8.84789
547.226 8.84897
548.063 8.85005
548.901 8.85113
549.738 8.85221
550.576 8.85329
551.414 8.85436
552.251 8.85544
553.089 8.85651
553.927 8.85758
554.765 8.85864
555.604 8.85971
556.442 8.86077
557.281 8.86183
558.119 8.86289
558.958 8.86395
559.797 8.86501
560.636 8.86606
561.475 8.86712
562.314 8.86817
563.153 8.86922
563.993 8.87026
564.832 8.87131
565.672 8.87235
566.511 8.8734
567.351 8.87444
568.191 8.87548
569.031 8.87651
569.871 8.87755
570.712 8.87858
571.552 8.87962
572.393 8.88065
573.233 8.88168
574.074 8.8827
574.915 8.88373
575.756 8.88475
576.597 8.88577
577.438 8.8868
578.279 8.88781
579.12 8.88883
579.962 8.88985
580.804 8.89086
581.645 8.89187
582.487 8.89288
583.329 8.89389
584.171 8.8949
585.013 8.89591
585.855 8.89691
586.698 8.89791
587.54 8.89891
588.383 8.89991
589.225 8.90091
590.068 8.90191
590.911 8.9029
591.754 8.9039
592.597 8.90489
593.44 8.90588
594.284 8.90687
595.127 8.90785
595.97 8.90884
596.814 8.90982
597.658 8.9108
598.502 8.91178
599.345 8.91276
600.19 8.91374
601.034 8.91472
601.878 8.91569
602.722 8.91667
603.567 8.91764
604.411 8.91861
605.256 8.91958
606.101 8.92054
606.945 8.92151
607.79 8.92247
608.636 8.92343
609.481 8.9244
610.326 8.92535
611.171 8.92631
612.017 8.92727
612.862 8.92823
613.708 8.92918
614.554 8.93013
615.4 8.93108
616.246 8.93203
617.092 8.93298
617.938 8.93392
618.784 8.93487
619.631 8.93581
620.477 8.93676
621.324 8.9377
622.171 8.93863
623.017 8.93957
623.864 8.94051
624.711 8.94144
625.558 8.94238
626.405 8.94331
627.253 8.94424
628.1 8.94517
628.948 8.9461
629.795 8.94702
630.643 8.94795
631.491 8.94887
632.339 8.9498
633.187 8.95072
634.035 8.95164
634.883 8.95255
635.731 8.95347
636.579 8.95439
637.428 8.9553
638.276 8.95621
639.125 8.95713
639.974 8.95804
640.823 8.95894
641.672 8.95985
642.521 8.96076
643.37 8.96166
644.219 8.96257
645.069 8.96347
645.918 8.96437
646.768 8.96527
647.617 8.96617
648.467 8.96706
649.317 8.96796
650.167 8.96885
651.017 8.96975
651.867 8.97064
652.717 8.97153
653.567 8.97242
654.418 8.97331
655.268 8.97419
656.119 8.97508
656.969 8.97596
657.82 8.97684
658.671 8.97773
659.522 8.97861
660.373 8.97949
661.224 8.98036
662.076 8.98124
662.927 8.98211
663.778 8.98299
664.63 8.98386
665.481 8.98473
666.333 8.9856
667.185 8.98647
668.037 8.98734
668.889 8.98821
669.741 8.98907
670.593 8.98993
671.445 8.9908
672.298 8.99166
673.15 8.99252
674.003 8.99338
674.855 8.99424
675.708 8.99509
676.561 8.99595
677.414 8.9968
678.266 8.99766
679.12 8.99851
679.973 8.99936
680.826 9.00021
681.679 9.00106
682.533 9.0019
683.386 9.00275
684.24 9.0036
685.094 9.00444
685.947 9.00528
686.801 9.00612
687.655 9.00696
688.509 9.0078
689.364 9.00864
690.218 9.00948
691.072 9.01031
691.927 9.01115
692.781 9.01198
693.636 9.01281
694.49 9.01364
695.345 9.01447
696.2 9.0153
697.055 9.01613
697.91 9.01696
698.765 9.01778
699.621 9.01861
700.476 9.01943
701.331 9.02025
702.187 9.02107
703.042 9.02189
703.898 9.02271
704.754 9.02353
705.61 9.02434
706.466 9.02516
707.322 9.02597
708.178 9.02679
709.034 9.0276
709.89 9.02841
710.747 9.02922
711.603 9.03003
712.46 9.03084
713.316 9.03164
714.173 9.03245
715.03 9.03325
715.887 9.03406
716.744 9.03486
717.601 9.03566
718.458 9.03646
719.315 9.03726
720.172 9.03806
721.03 9.03885
721.887 9.03965
722.745 9.04044
723.602 9.04124
724.46 9.04203
725.318 9.04282
726.176 9.04361
727.034 9.0444
727.892 9.04519
728.75 9.04598
729.608 9.04677
730.467 9.04755
731.325 9.04834
732.184 9.04912
733.042 9.0499
733.901 9.05068
734.76 9.05146
735.618 9.05224
736.477 9.05302
737.336 9.0538
738.195 9.05457
739.054 9.05535
739.914 9.05612
740.773 9.0569
741.632 9.05767
742.492 9.05844
743.351 9.05921
744.211 9.05998
745.071 9.06075
745.931 9.06152
746.791 9.06228
747.651 9.06305
748.511 9.06382
749.371 9.06458
750.231 9.06534
751.091 9.0661
751.952 9.06686
752.812 9.06762
753.673 9.06838
754.533 9.06914
755.394 9.0699
756.255 9.07065
757.116 9.07141
757.977 9.07216
758.838 9.07291
759.699 9.07366
760.56 9.07441
761.421 9.07516
762.283 9.07591
763.144 9.07666
764.006 9.07741
764.867 9.07815
765.729 9.0789
766.591 9.07964
767.452 9.08039
768.314 9.08113
769.176 9.08187
770.038 9.08261
770.901 9.08335
771.763 9.08409
772.625 9.08483
773.487 9.08557
774.35 9.0863
775.213 9.08704
776.075 9.08777
776.938 9.08851
777.801 9.08924
778.663 9.08997
779.526 9.0907
780.389 9.09143
781.253 9.09216
782.116 9.09289
782.979 9.09361
783.842 9.09434
784.706 9.09507
785.569 9.09579
786.433 9.09651
787.296 9.09724
788.16 9.09796
789.024 9.09868
789.888 9.0994
790.752 9.10012
791.616 9.10084
792.48 9.10155
793.344 9.10227
794.208 9.10299
795.072 9.1037
795.937 9.10441
796.801 9.10513
797.666 9.10584
798.531 9.10655
799.395 9.10726
800.26 9.10797
801.125 9.10868
801.99 9.10939
802.855 9.1101
803.72 9.1108
804.585 9.11151
805.45 9.11221
806.316 9.11292
807.181 9.11362
808.046 9.11432
808.912 9.11502
809.778 9.11572
810.643 9.11642
811.509 9.11712
812.375 9.11782
813.241 9.11852
814.107 9.11921
814.973 9.11991
815.839 9.1206
816.705 9.12129
817.571 9.12199
818.438 9.12268
819.304 9.12337
820.171 9.12406
821.037 9.12475
821.904 9.12544
822.771 9.12613
823.637 9.12681
824.504 9.1275
825.371 9.12819
826.238 9.12887
827.105 9.12956
827.972 9.13024
828.84 9.13092
829.707 9.1316
830.574 9.13228
831.442 9.13296
832.309 9.13364
833.177 9.13432
834.044 9.135
834.912 9.13568
835.78 9.13635
836.648 9.13703
837.516 9.1377
838.384 9.13838
839.252 9.13905
840.12 9.13972
840.988 9.14039
841.857 9.14106
842.725 9.14173
843.594 9.1424
844.462 9.14307
845.331 9.14374
846.199 9.1444
847.068 9.14507
847.937 9.14574
848.806 9.1464
849.675 9.14706
850.544 9.14773
851.413 9.14839
852.282 9.14905
853.151 9.14971
854.021 9.15037
854.89 9.15103
855.759 9.15169
856.629 9.15235
857.498 9.153
858.368 9.15366
859.238 9.15432
860.108 9.15497
860.977 9.15563
861.847 9.15628
862.717 9.15693
863.587 9.15758
864.458 9.15823
865.328 9.15889
866.198 9.15953
867.068 9.16018
867.939 9.16083
868.809 9.16148
869.68 9.16213
870.551 9.16277
871.421 9.16342
872.292 9.16406
873.163 9.16471
874.034 9.16535
874.905 9.16599
875.776 9.16663
876.647 9.16727
877.518 9.16791
878.389 9.16855
879.261 9.16919
880.132 9.16983
881.003 9.17047
881.875 9.17111
882.747 9.17174
883.618 9.17238
884.49 9.17301
885.362 9.17365
886.234 9.17428
887.106 9.17491
887.978 9.17554
888.85 9.17618
889.722 9.17681
890.594 9.17744
891.466 9.17807
892.339 9.17869
893.211 9.17932
894.083 9.17995
894.956 9.18058
895.828 9.1812
896.701 9.18183
897.574 9.18245
898.447 9.18308
899.32 9.1837
900.193 9.18432
901.065 9.18494
901.939 9.18556
902.812 9.18618
903.685 9.1868
904.558 9.18742
905.431 9.18804
906.305 9.18866
907.178 9.18928
908.052 9.18989
908.925 9.19051
909.799 9.19112
910.673 9.19174
911.547 9.19235
912.42 9.19297
913.294 9.19358
914.168 9.19419
915.042 9.1948
915.916 9.19541
916.791 9.19602
917.665 9.19663
918.539 9.19724
919.414 9.19785
920.288 9.19846
921.163 9.19906
922.037 9.19967
922.912 9.20027
923.786 9.20088
924.661 9.20148
925.536 9.20209
926.411 9.20269
927.286 9.20329
928.161 9.20389
929.036 9.20449
929.911 9.20509
930.786 9.20569
931.662 9.20629
932.537 9.20689
933.412 9.20749
934.288 9.20809
935.163 9.20868
936.039 9.20928
936.915 9.20987
937.79 9.21047
938.666 9.21106
939.542 9.21166
940.418 9.21225
941.294 9.21284
942.17 9.21343
943.046 9.21402
943.922 9.21461
944.798 9.2152
945.675 9.21579
946.551 9.21638
947.427 9.21697
948.304 9.21756
949.18 9.21814
950.057 9.21873
950.934 9.21932
951.81 9.2199
952.687 9.22049
953.564 9.22107
954.441 9.22165
955.318 9.22224
956.195 9.22282
957.072 9.2234
957.949 9.22398
958.826 9.22456
959.704 9.22514
960.581 9.22572
961.458 9.2263
962.336 9.22688
963.213 9.22745
964.091 9.22803
964.969 9.22861
965.846 9.22918
966.724 9.22976
967.602 9.23033
968.48 9.2309
969.358 9.23148
970.236 9.23205
971.114 9.23262
971.992 9.23319
972.871 9.23376
973.749 9.23433
974.627 9.2349
975.506 9.23547
976.384 9.23604
977.263 9.23661
978.141 9.23718
979.02 9.23774
979.899 9.23831
980.777 9.23888
981.656 9.23944
982.535 9.24001
983.414 9.24057
984.293 9.24113
985.172 9.2417
986.051 9.24226
986.93 9.24282
987.81 9.24338
988.689 9.24394
989.568 9.2445
990.448 9.24506
991.327 9.24562
992.206 9.24618
993.086 9.24674
993.966 9.24729
994.845 9.24785
995.725 9.24841
996.605 9.24896
997.485 9.24952
998.365 9.25007
999.245 9.25063
1000.12 9.25118
1001.01 9.25173
1001.89 9.25229
1002.77 9.25284
1003.65 9.25339
1004.53 9.25394
1005.41 9.25449
1006.29 9.25504
1007.17 9.25559
1008.05 9.25614
1008.93 9.25669
1009.81 9.25723
1010.69 9.25778
1011.57 9.25833
1012.45 9.25887
1013.33 9.25942
1014.21 9.25997
1015.1 9.26051
1015.98 9.26105
1016.86 9.2616
1017.74 9.26214
1018.62 9.26268
1019.5 9.26322
1020.38 9.26377
1021.26 9.26431
1022.15 9.26485
1023.03 9.26539
1023.91 9.26593
1024.79 9.26647
1025.67 9.267
1026.55 9.26754
1027.44 9.26808
1028.32 9.26861
1029.2 9.26915
1030.08 9.26969
1030.96 9.27022
1031.85 9.27076
1032.73 9.27129
1033.61 9.27182
1034.49 9.27236
1035.38 9.27289
1036.26 9.27342
1037.14 9.27395
1038.02 9.27449
1038.91 9.27502
1039.79 9.27555
1040.67 9.27608
1041.55 9.2766
1042.44 9.27713
1043.32 9.27766
1044.2 9.27819
1045.09 9.27872
1045.97 9.27924
1046.85 9.27977
1047.73 9.28029
1048.62 9.28082
1049.5 9.28134
1050.38 9.28187
1051.27 9.28239
1052.15 9.28292
1053.04 9.28344
1053.92 9.28396
1054.8 9.28448
1055.69 9.285
1056.57 9.28553
1057.45 9.28605
1058.34 9.28657
1059.22 9.28709
1060.11 9.2876
1060.99 9.28812
1061.87 9.28864
1062.76 9.28916
1063.64 9.28968
1064.53 9.29019
1065.41 9.29071
1066.29 9.29122
1067.18 9.29174
1068.06 9.29225
1068.95 9.29277
1069.83 9.29328
1070.72 9.2938
1071.6 9.29431
1072.49 9.29482
1073.37 9.29533
1074.26 9.29584
1075.14 9.29636
1076.03 9.29687
1076.91 9.29738
1077.8 9.29788
1078.68 9.29839
1079.57 9.2989
1080.45 9.29941
1081.34 9.29992
1082.22 9.30043
1083.11 9.30093
1083.99 9.30144
1084.88 9.30194
1085.76 9.30245
1086.65 9.30295
1087.53 9.30346
1088.42 9.30396
1089.31 9.30447
1090.19 9.30497
1091.08 9.30547
1091.96 9.30597
1092.85 9.30647
1093.74 9.30697
1094.62 9.30748
1095.51 9.30797
1096.39 9.30847
1097.28 9.30897
1098.17 9.30947
1099.05 9.30997
1099.94 9.31047
1100.83 9.31097
1101.71 9.31146
1102.6 9.31196
1103.49 9.31246
1104.37 9.31295
1105.26 9.31345
1106.15 9.31394
1107.03 9.31444
1107.92 9.31493
1108.81 9.31542
1109.69 9.31592
1110.58 9.31641
1111.47 9.3169
1112.35 9.3174
1113.24 9.31789
1114.13 9.31838
1115.02 9.31887
1115.9 9.31936
1116.79 9.31985
1117.68 9.32034
1118.57 9.32082
1119.45 9.32131
1120.34 9.3218
1121.23 9.32229
1122.12 9.32278
1123 9.32326
1123.89 9.32375
1124.78 9.32423
1125.67 9.32472
1126.56 9.3252
1127.44 9.32569
1128.33 9.32617
1129.22 9.32666
1130.11 9.32714
1131 9.32762
1131.89 9.3281
1132.77 9.32859
1133.66 9.32907
1134.55 9.32955
1135.44 9.33003
1136.33 9.33051
1137.22 9.33099
1138.1 9.33147
1138.99 9.33195
1139.88 9.33243
1140.77 9.3329
1141.66 9.33338
1142.55 9.33386
1143.44 9.33434
1144.33 9.33481
1145.22 9.33529
1146.1 9.33577
1146.99 9.33624
1147.88 9.33672
1148.77 9.33719
1149.66 9.33766
1150.55 9.33814
1151.44 9.33861
1152.33 9.33908
1153.22 9.33956
1154.11 9.34003
1155 9.3405
1155.89 9.34097
1156.78 9.34144
1157.67 9.34191
1158.56 9.34238
1159.45 9.34285
1160.34 9.34332
1161.23 9.34379
1162.12 9.34426
1163.01 9.34473
1163.9 9.34519
1164.79 9.34566
1165.68 9.34613
1166.57 9.34659
1167.46 9.34706
1168.35 9.34753
1169.24 9.34799
1170.13 9.34846
1171.02 9.34892
1171.91 9.34938
1172.8 9.34985
1173.69 9.35031
1174.58 9.35077
1175.47 9.35124
1176.36 9.3517
1177.25 9.35216
1178.15 9.35262
1179.04 9.35308
1179.93 9.35354
1180.82 9.354
1181.71 9.35446
1182.6 9.35492
1183.49 9.35538
1184.38 9.35584
1185.27 9.3563
1186.17 9.35676
1187.06 9.35721
1187.95 9.35767
1188.84 9.35813
1189.73 9.35858
1190.62 9.35904
1191.51 9.35949
1192.41 9.35995
1193.3 9.3604
1194.19 9.36086
1195.08 9.36131
1195.97 9.36177
1196.87 9.36222
1197.76 9.36267
1198.65 9.36312
1199.54 9.36358
1200.43 9.36403
1201.33 9.36448
1202.22 9.36493
1203.11 9.36538
1204 9.36583
1204.9 9.36628
1205.79 9.36673
1206.68 9.36718
1207.57 9.36763
1208.46 9.36808
1209.36 9.36853
1210.25 9.36897
1211.14 9.36942
1212.04 9.36987
1212.93 9.37031
1213.82 9.37076
1214.71 9.37121
1215.61 9.37165
1216.5 9.3721
1217.39 9.37254
1218.29 9.37299
1219.18 9.37343
1220.07 9.37387
1220.97 9.37432
1221.86 9.37476
1222.75 9.3752
1223.65 9.37565
1224.54 9.37609
1225.43 9.37653
1226.33 9.37697
1227.22 9.37741
1228.11 9.37785
1229.01 9.37829
1229.9 9.37873
1230.79 9.37917
1231.69 9.37961
1232.58 9.38005
1233.48 9.38049
1234.37 9.38092
1235.26 9.38136
1236.16 9.3818
1237.05 9.38224
1237.95 9.38267
1238.84 9.38311
1239.73 9.38354
1240.63 9.38398
1241.52 9.38442
1242.42 9.38485
1243.31 9.38529
1244.21 9.38572
1245.1 9.38615
1245.99 9.38659
1246.89 9.38702
1247.78 9.38745
1248.68 9.38788
1249.57 9.38832
1250.47 9.38875
1251.36 9.38918
1252.26 9.38961
1253.15 9.39004
1254.05 9.39047
1254.94 9.3909
1255.84 9.39133
1256.73 9.39176
1257.63 9.39219
1258.52 9.39262
1259.42 9.39305
1260.31 9.39347
1261.21 9.3939
1262.1 9.39433
1263 9.39476
1263.89 9.39518
1264.79 9.39561
1265.69 9.39604
1266.58 9.39646
1267.48 9.39689
1268.37 9.39731
1269.27 9.39774
1270.16 9.39816
1271.06 9.39858
1271.96 9.39901
1272.85 9.39943
1273.75 9.39985
1274.64 9.40028
1275.54 9.4007
1276.44 9.40112
1277.33 9.40154
1278.23 9.40196
1279.12 9.40238
1280.02 9.4028
1280.92 9.40322
1281.81 9.40364
1282.71 9.40406
1283.61 9.40448
1284.5 9.4049
1285.4 9.40532
1286.3 9.40574
1287.19 9.40616
1288.09 9.40658
1288.99 9.40699
1289.88 9.40741
1290.78 9.40783
1291.68 9.40824
1292.57 9.40866
1293.47 9.40907
1294.37 9.40949
1295.26 9.40991
1296.16 9.41032
1297.06 9.41074
1297.95 9.41115
1298.85 9.41156
1299.75 9.41198
1300.65 9.41239
1301.54 9.4128
1302.44 9.41322
1303.34 9.41363
1304.24 9.41404
1305.13 9.41445
1306.03 9.41486
1306.93 9.41527
1307.83 9.41568
1308.72 9.41609
1309.62 9.4165
1310.52 9.41691
1311.42 9.41732
1312.32 9.41773
1313.21 9.41814
1314.11 9.41855
1315.01 9.41896
1315.91 9.41937
1316.81 9.41977
1317.7 9.42018
1318.6 9.42059
1319.5 9.42099
1320.4 9.4214
1321.3 9.42181
1322.19 9.42221
1323.09 9.42262
1323.99 9.42302
1324.89 9.42343
1325.79 9.42383
1326.69 9.42424
1327.59 9.42464
1328.48 9.42504
1329.38 9.42545
1330.28 9.42585
1331.18 9.42625
1332.08 9.42666
1332.98 9.42706
1333.88 9.42746
1334.78 9.42786
1335.67 9.42826
1336.57 9.42866
1337.47 9.42906
1338.37 9.42946
1339.27 9.42986
1340.17 9.43026
1341.07 9.43066
1341.97 9.43106
1342.87 9.43146
1343.77 9.43186
1344.67 9.43226
1345.57 9.43266
1346.47 9.43305
1347.37 9.43345
1348.26 9.43385
1349.16 9.43424
1350.06 9.43464
1350.96 9.43504
1351.86 9.43543
1352.76 9.43583
1353.66 9.43622
1354.56 9.43662
1355.46 9.43701
1356.36 9.43741
1357.26 9.4378
1358.16 9.4382
1359.06 9.43859
1359.96 9.43898
1360.86 9.43937
1361.76 9.43977
1362.66 9.44016
1363.56 9.44055
1364.46 9.44094
1365.36 9.44133
1366.26 9.44173
1367.17 9.44212
1368.07 9.44251
1368.97 9.4429
1369.87 9.44329
1370.77 9.44368
1371.67 9.44407
1372.57 9.44446
1373.47 9.44485
1374.37 9.44523
1375.27 9.44562
1376.17 9.44601
1377.07 9.4464
1377.97 9.44678
1378.88 9.44717
1379.78 9.44756
1380.68 9.44795
1381.58 9.44833
1382.48 9.44872
1383.38 9.4491
1384.28 9.44949
1385.18 9.44987
1386.08 9.45026
1386.99 9.45064
1387.89 9.45103
1388.79 9.45141
1389.69 9.4518
1390.59 9.45218
1391.49 9.45256
1392.4 9.45295
1393.3 9.45333
1394.2 9.45371
1395.1 9.45409
1396 9.45448
1396.9 9.45486
1397.81 9.45524
1398.71 9.45562
1399.61 9.456
1400.51 9.45638
1401.41 9.45676
1402.32 9.45714
1403.22 9.45752
1404.12 9.4579
1405.02 9.45828
1405.92 9.45866
1406.83 9.45904
1407.73 9.45942
1408.63 9.45979
1409.53 9.46017
1410.44 9.46055
1411.34 9.46093
1412.24 9.4613
1413.14 9.46168
1414.05 9.46206
1414.95 9.46243
1415.85 9.46281
1416.75 9.46318
1417.66 9.46356
1418.56 9.46393
1419.46 9.46431
1420.37 9.46468
1421.27 9.46506
1422.17 9.46543
1423.07 9.46581
1423.98 9.46618
1424.88 9.46655
1425.78 9.46693
1426.69 9.4673
1427.59 9.46767
1428.49 9.46804
1429.4 9.46842
1430.3 9.46879
1431.2 9.46916
1432.11 9.46953
1433.01 9.4699
1433.91 9.47027
1434.82 9.47064
1435.72 9.47101
1436.62 9.47138
1437.53 9.47175
1438.43 9.47212
1439.33 9.47249
1440.24 9.47286
1441.14 9.47323
1442.05 9.4736
1442.95 9.47397
1443.85 9.47433
1444.76 9.4747
1445.66 9.47507
1446.57 9.47544
1447.47 9.4758
1448.37 9.47617
1449.28 9.47653
1450.18 9.4769
1451.09 9.47727
1451.99 9.47763
1452.89 9.478
1453.8 9.47836
1454.7 9.47873
1455.61 9.47909
1456.51 9.47946
1457.42 9.47982
1458.32 9.48018
1459.23 9.48055
1460.13 9.48091
1461.03 9.48127
1461.94 9.48164
1462.84 9.482
1463.75 9.48236
1464.65 9.48272
1465.56 9.48309
1466.46 9.48345
1467.37 9.48381
1468.27 9.48417
1469.18 9.48453
1470.08 9.48489
1470.99 9.48525
1471.89 9.48561
1472.8 9.48597
1473.7 9.48633
1474.61 9.48669
1475.51 9.48705
1476.42 9.48741
1477.32 9.48777
1478.23 9.48813
1479.14 9.48848
1480.04 9.48884
1480.95 9.4892
1481.85 9.48956
1482.76 9.48991
1483.66 9.49027
1484.57 9.49063
1485.47 9.49098
1486.38 9.49134
1487.29 9.4917
1488.19 9.49205
1489.1 9.49241
1490 9.49276
1490.91 9.49312
1491.82 9.49347
1492.72 9.49383
1493.63 9.49418
1494.53 9.49453
1495.44 9.49489
1496.35 9.49524
1497.25 9.49559
1498.16 9.49595
1499.06 9.4963
1499.97 9.49665
1500.88 9.497
1501.78 9.49736
1502.69 9.49771
1503.6 9.49806
1504.5 9.49841
1505.41 9.49876
1506.32 9.49911
1507.22 9.49946
1508.13 9.49981
1509.03 9.50016
1509.94 9.50051
1510.85 9.50086
1511.76 9.50121
1512.66 9.50156
1513.57 9.50191
1514.48 9.50226
1515.38 9.50261
1516.29 9.50296
1517.2 9.50331
1518.1 9.50365
1519.01 9.504
1519.92 9.50435
1520.82 9.5047
1521.73 9.50504
1522.64 9.50539
1523.55 9.50574
1524.45 9.50608
1525.36 9.50643
1526.27 9.50678
1527.18 9.50712
1528.08 9.50747
1528.99 9.50781
1529.9 9.50816
1530.81 9.5085
1531.71 9.50885
1532.62 9.50919
1533.53 9.50953
1534.44 9.50988
1535.34 9.51022
1536.25 9.51056
1537.16 9.51091
1538.07 9.51125
1538.98 9.51159
1539.88 9.51194
1540.79 9.51228
1541.7 9.51262
1542.61 9.51296
1543.52 9.5133
1544.42 9.51364
1545.33 9.51399
1546.24 9.51433
1547.15 9.51467
1548.06 9.51501
1548.96 9.51535
1549.87 9.51569
1550.78 9.51603
1551.69 9.51637
1552.6 9.51671
1553.51 9.51705
1554.41 9.51738
1555.32 9.51772
1556.23 9.51806
1557.14 9.5184
1558.05 9.51874
1558.96 9.51907
1559.87 9.51941
1560.77 9.51975
1561.68 9.52009
1562.59 9.52042
1563.5 9.52076
1564.41 9.5211
1565.32 9.52143
1566.23 9.52177
1567.14 9.5221
1568.05 9.52244
1568.96 9.52278
1569.86 9.52311
1570.77 9.52345
1571.68 9.52378
1572.59 9.52411
1573.5 9.52445
1574.41 9.52478
1575.32 9.52512
1576.23 9.52545
1577.14 9.52578
1578.05 9.52612
1578.96 9.52645
1579.87 9.52678
1580.78 9.52712
1581.69 9.52745
1582.6 9.52778
1583.5 9.52811
1584.41 9.52844
1585.32 9.52878
1586.23 9.52911
1587.14 9.52944
1588.05 9.52977
1588.96 9.5301
1589.87 9.53043
1590.78 9.53076
1591.69 9.53109
1592.6 9.53142
1593.51 9.53175
1594.42 9.53208
1595.33 9.53241
1596.24 9.53274
1597.15 9.53307
1598.06 9.5334
1598.97 9.53372
1599.88 9.53405
1600.79 9.53438
1601.7 9.53471
1602.62 9.53504
1603.53 9.53536
1604.44 9.53569
1605.35 9.53602
1606.26 9.53634
1607.17 9.53667
1608.08 9.537
1608.99 9.53732
1609.9 9.53765
1610.81 9.53797
1611.72 9.5383
1612.63 9.53862
1613.54 9.53895
1614.45 9.53928
1615.36 9.5396
1616.27 9.53992
1617.19 9.54025
1618.1 9.54057
1619.01 9.5409
1619.92 9.54122
1620.83 9.54154
1621.74 9.54187
1622.65 9.54219
1623.56 9.54251
1624.47 9.54284
1625.39 9.54316
1626.3 9.54348
1627.21 9.5438
1628.12 9.54412
1629.03 9.54445
1629.94 9.54477
1630.85 9.54509
1631.77 9.54541
1632.68 9.54573
1633.59 9.54605
1634.5 9.54637
1635.41 9.54669
1636.32 9.54701
1637.23 9.54733
1638.15 9.54765
1639.06 9.54797
1639.97 9.54829
1640.88 9.54861
1641.79 9.54893
1642.71 9.54925
1643.62 9.54956
1644.53 9.54988
1645.44 9.5502
1646.35 9.55052
1647.27 9.55084
1648.18 9.55115
1649.09 9.55147
1650 9.55179
1650.91 9.55211
1651.83 9.55242
1652.74 9.55274
1653.65 9.55306
1654.56 9.55337
1655.48 9.55369
1656.39 9.554
1657.3 9.55432
1658.21 9.55463
1659.13 9.55495
1660.04 9.55526
1660.95 9.55558
1661.86 9.55589
1662.78 9.55621
1663.69 9.55652
1664.6 9.55684
1665.51 9.55715
1666.43 9.55746
1667.34 9.55778
1668.25 9.55809
1669.17 9.5584
1670.08 9.55871
1670.99 9.55903
1671.9 9.55934
1672.82 9.55965
1673.73 9.55996
1674.64 9.56028
1675.56 9.56059
1676.47 9.5609
1677.38 9.56121
1678.3 9.56152
1679.21 9.56183
1680.12 9.56214
1681.04 9.56245
1681.95 9.56276
1682.86 9.56307
1683.78 9.56338
1684.69 9.56369
1685.6 9.564
1686.52 9.56431
1687.43 9.56462
1688.34 9.56493
1689.26 9.56524
1690.17 9.56555
1691.08 9.56586
1692 9.56617
1692.91 9.56647
1693.83 9.56678
1694.74 9.56709
1695.65 9.5674
1696.57 9.56771
1697.48 9.56801
1698.39 9.56832
1699.31 9.56863
1700.22 9.56893
1701.14 9.56924
1702.05 9.56955
1702.96 9.56985
1703.88 9.57016
1704.79 9.57047
1705.71 9.57077
1706.62 9.57108
1707.54 9.57138
1708.45 9.57169
1709.36 9.57199
1710.28 9.5723
1711.19 9.5726
1712.11 9.5729
1713.02 9.57321
1713.94 9.57351
1714.85 9.57382
1715.77 9.57412
1716.68 9.57442
1717.59 9.57473
1718.51 9.57503
1719.42 9.57533
1720.34 9.57563
1721.25 9.57594
1722.17 9.57624
1723.08 9.57654
1724 9.57684
1724.91 9.57715
1725.83 9.57745
1726.74 9.57775
1727.66 9.57805
1728.57 9.57835
1729.49 9.57865
1730.4 9.57895
1731.32 9.57925
1732.23 9.57955
1733.15 9.57985
1734.06 9.58015
1734.98 9.58045
1735.89 9.58075
1736.81 9.58105
1737.72 9.58135
1738.64 9.58165
1739.55 9.58195
1740.47 9.58225
1741.39 9.58255
1742.3 9.58285
1743.22 9.58315
1744.13 9.58344
1745.05 9.58374
1745.96 9.58404
1746.88 9.58434
1747.79 9.58463
1748.71 9.58493
1749.63 9.58523
1750.54 9.58553
1751.46 9.58582
1752.37 9.58612
1753.29 9.58642
1754.2 9.58671
1755.12 9.58701
1756.04 9.5873
1756.95 9.5876
1757.87 9.58789
1758.78 9.58819
1759.7 9.58849
1760.62 9.58878
1761.53 9.58908
1762.45 9.58937
1763.37 9.58966
1764.28 9.58996
1765.2 9.59025
1766.11 9.59055
1767.03 9.59084
1767.95 9.59113
1768.86 9.59143
1769.78 9.59172
1770.7 9.59201
1771.61 9.59231
1772.53 9.5926
1773.45 9.59289
1774.36 9.59319
1775.28 9.59348
1776.2 9.59377
1777.11 9.59406
1778.03 9.59435
1778.95 9.59465
1779.86 9.59494
1780.78 9.59523
1781.7 9.59552
1782.61 9.59581
1783.53 9.5961
1784.45 9.59639
1785.36 9.59668
1786.28 9.59697
1787.2 9.59726
1788.11 9.59755
1789.03 9.59784
1789.95 9.59813
1790.87 9.59842
1791.78 9.59871
1792.7 9.599
1793.62 9.59929
1794.53 9.59958
1795.45 9.59987
1796.37 9.60016
1797.29 9.60044
1798.2 9.60073
1799.12 9.60102
1800.04 9.60131
1800.96 9.6016
1801.87 9.60188
1802.79 9.60217
1803.71 9.60246
1804.63 9.60274
1805.54 9.60303
1806.46 9.60332
1807.38 9.6036
1808.3 9.60389
1809.22 9.60418
1810.13 9.60446
1811.05 9.60475
1811.97 9.60503
1812.89 9.60532
1813.8 9.60561
1814.72 9.60589
1815.64 9.60618
1816.56 9.60646
1817.48 9.60675
1818.39 9.60703
1819.31 9.60731
1820.23 9.6076
1821.15 9.60788
1822.07 9.60817
1822.98 9.60845
1823.9 9.60873
1824.82 9.60902
1825.74 9.6093
1826.66 9.60958
1827.58 9.60987
1828.49 9.61015
1829.41 9.61043
1830.33 9.61071
1831.25 9.611
1832.17 9.61128
1833.09 9.61156
1834.01 9.61184
1834.92 9.61213
1835.84 9.61241
1836.76 9.61269
1837.68 9.61297
1838.6 9.61325
1839.52 9.61353
1840.44 9.61381
1841.36 9.61409
1842.27 9.61437
1843.19 9.61465
1844.11 9.61493
1845.03 9.61521
1845.95 9.61549
1846.87 9.61577
1847.79 9.61605
1848.71 9.61633
1849.63 9.61661
1850.54 9.61689
1851.46 9.61717
1852.38 9.61745
1853.3 9.61773
1854.22 9.61801
1855.14 9.61828
1856.06 9.61856
1856.98 9.61884
1857.9 9.61912
1858.82 9.6194
1859.74 9.61967
1860.66 9.61995
1861.58 9.62023
1862.5 9.62051
1863.42 9.62078
1864.34 9.62106
1865.25 9.62134
1866.17 9.62161
1867.09 9.62189
1868.01 9.62217
1868.93 9.62244
1869.85 9.62272
1870.77 9.62299
1871.69 9.62327
1872.61 9.62354
1873.53 9.62382
1874.45 9.62409
1875.37 9.62437
1876.29 9.62464
1877.21 9.62492
1878.13 9.62519
1879.05 9.62547
1879.97 9.62574
1880.89 9.62602
1881.81 9.62629
1882.73 9.62656
1883.65 9.62684
1884.57 9.62711
1885.49 9.62739
1886.41 9.62766
1887.33 9.62793
1888.25 9.6282
1889.17 9.62848
1890.09 9.62875
1891.01 9.62902
1891.94 9.6293
1892.86 9.62957
1893.78 9.62984
1894.7 9.63011
1895.62 9.63038
1896.54 9.63065
1897.46 9.63093
1898.38 9.6312
1899.3 9.63147
1900.22 9.63174
1901.14 9.63201
1902.06 9.63228
1902.98 9.63255
1903.9 9.63282
1904.82 9.63309
1905.75 9.63336
1906.67 9.63363
1907.59 9.6339
1908.51 9.63417
1909.43 9.63444
1910.35 9.63471
1911.27 9.63498
1912.19 9.63525
1913.11 9.63552
1914.03 9.63579
1914.96 9.63606
1915.88 9.63632
1916.8 9.63659
1917.72 9.63686
1918.64 9.63713
1919.56 9.6374
1920.48 9.63766
1921.4 9.63793
1922.33 9.6382
1923.25 9.63847
1924.17 9.63873
1925.09 9.639
1926.01 9.63927
1926.93 9.63954
1927.85 9.6398
1928.78 9.64007
1929.7 9.64034
1930.62 9.6406
1931.54 9.64087
1932.46 9.64113
1933.38 9.6414
1934.31 9.64167
1935.23 9.64193
1936.15 9.6422
1937.07 9.64246
1937.99 9.64273
1938.92 9.64299
1939.84 9.64326
1940.76 9.64352
1941.68 9.64379
1942.6 9.64405
1943.53 9.64431
1944.45 9.64458
1945.37 9.64484
1946.29 9.64511
1947.21 9.64537
1948.14 9.64563
1949.06 9.6459
1949.98 9.64616
1950.9 9.64642
1951.82 9.64669
1952.75 9.64695
1953.67 9.64721
1954.59 9.64748
1955.51 9.64774
1956.44 9.648
1957.36 9.64826
1958.28 9.64853
1959.2 9.64879
1960.13 9.64905
1961.05 9.64931
1961.97 9.64957
1962.89 9.64983
1963.82 9.65009
1964.74 9.65036
1965.66 9.65062
1966.59 9.65088
1967.51 9.65114
1968.43 9.6514
1969.35 9.65166
1970.28 9.65192
1971.2 9.65218
1972.12 9.65244
1973.05 9.6527
1973.97 9.65296
1974.89 9.65322
1975.81 9.65348
1976.74 9.65374
1977.66 9.654
1978.58 9.65426
1979.51 9.65452
1980.43 9.65478
1981.35 9.65503
1982.28 9.65529
1983.2 9.65555
1984.12 9.65581
1985.05 9.65607
1985.97 9.65633
1986.89 9.65658
1987.82 9.65684
1988.74 9.6571
1989.66 9.65736
1990.59 9.65761
1991.51 9.65787
1992.43 9.65813
1993.36 9.65839
1994.28 9.65864
1995.2 9.6589
1996.13 9.65915
1997.05 9.65941
1997.97 9.65967
1998.9 9.65992
1999.82 9.66018
2000.75 9.66044
2001.67 9.66069
2002.59 9.66095
2003.52 9.6612
2004.44 9.66146
2005.36 9.66171
2006.29 9.66197
2007.21 9.66222
2008.14 9.66248
2009.06 9.66273
2009.98 9.66299
2010.91 9.66324
2011.83 9.6635
2012.76 9.66375
2013.68 9.66401
2014.61 9.66426
2015.53 9.66451
2016.45 9.66477
2017.38 9.66502
2018.3 9.66527
2019.23 9.66553
2020.15 9.66578
2021.08 9.66603
2022 9.66629
2022.92 9.66654
2023.85 9.66679
2024.77 9.66704
2025.7 9.6673
2026.62 9.66755
2027.55 9.6678
2028.47 9.66805
2029.4 9.6683
2030.32 9.66856
2031.24 9.66881
2032.17 9.66906
2033.09 9.66931
2034.02 9.66956
2034.94 9.66981
2035.87 9.67006
2036.79 9.67031
2037.72 9.67057
2038.64 9.67082
2039.57 9.67107
2040.49 9.67132
2041.42 9.67157
2042.34 9.67182
2043.27 9.67207
2044.19 9.67232
2045.12 9.67257
2046.04 9.67282
2046.97 9.67307
2047.89 9.67332
2048.82 9.67357
2049.74 9.67381
2050.67 9.67406
2051.59 9.67431
2052.52 9.67456
2053.44 9.67481
2054.37 9.67506
2055.3 9.67531
2056.22 9.67556
2057.15 9.6758
2058.07 9.67605
2059 9.6763
2059.92 9.67655
2060.85 9.6768
2061.77 9.67704
2062.7 9.67729
2063.62 9.67754
2064.55 9.67778
2065.48 9.67803
2066.4 9.67828
2067.33 9.67852
2068.25 9.67877
2069.18 9.67902
2070.1 9.67927
2071.03 9.67951
2071.96 9.67976
2072.88 9.68
2073.81 9.68025
2074.73 9.6805
2075.66 9.68074
2076.59 9.68099
2077.51 9.68123
2078.44 9.68148
2079.36 9.68172
2080.29 9.68197
2081.22 9.68221
2082.14 9.68246
2083.07 9.6827
2083.99 9.68295
2084.92 9.68319
2085.85 9.68343
2086.77 9.68368
2087.7 9.68392
2088.63 9.68417
2089.55 9.68441
2090.48 9.68466
2091.4 9.6849
2092.33 9.68514
2093.26 9.68538
2094.18 9.68563
2095.11 9.68587
2096.04 9.68611
2096.96 9.68636
2097.89 9.6866
2098.82 9.68684
2099.74 9.68709
2100.67 9.68733
2101.6 9.68757
2102.52 9.68781
2103.45 9.68805
2104.38 9.6883
2105.3 9.68854
2106.23 9.68878
2107.16 9.68902
2108.08 9.68926
2109.01 9.6895
2109.94 9.68974
2110.86 9.68999
2111.79 9.69023
2112.72 9.69047
2113.64 9.69071
2114.57 9.69095
2115.5 9.69119
2116.43 9.69143
2117.35 9.69167
2118.28 9.69191
2119.21 9.69215
2120.13 9.69239
2121.06 9.69263
2121.99 9.69287
2122.92 9.69311
2123.84 9.69335
2124.77 9.69359
2125.7 9.69383
2126.62 9.69407
2127.55 9.69431
2128.48 9.69455
2129.41 9.69478
2130.33 9.69502
2131.26 9.69526
2132.19 9.6955
2133.12 9.69574
2134.04 9.69598
2134.97 9.69621
2135.9 9.69645
2136.83 9.69669
2137.75 9.69693
2138.68 9.69717
2139.61 9.6974
2140.54 9.69764
2141.47 9.69788
2142.39 9.69812
2143.32 9.69835
2144.25 9.69859
2145.18 9.69883
2146.1 9.69906
2147.03 9.6993
2147.96 9.69954
2148.89 9.69977
2149.82 9.70001
2150.74 9.70024
2151.67 9.70048
2152.6 9.70072
2153.53 9.70095
2154.46 9.70119
2155.39 9.70142
2156.31 9.70166
2157.24 9.70189
2158.17 9.70213
2159.1 9.70237
2160.03 9.7026
2160.95 9.70284
2161.88 9.70307
2162.81 9.7033
2163.74 9.70354
2164.67 9.70377
2165.6 9.70401
2166.52 9.70424
2167.45 9.70448
2168.38 9.70471
2169.31 9.70494
2170.24 9.70518
2171.17 9.70541
2172.1 9.70565
2173.02 9.70588
2173.95 9.70611
2174.88 9.70635
2175.81 9.70658
2176.74 9.70681
2177.67 9.70704
2178.6 9.70728
2179.53 9.70751
2180.45 9.70774
2181.38 9.70798
2182.31 9.70821
2183.24 9.70844
2184.17 9.70867
2185.1 9.7089
2186.03 9.70914
2186.96 9.70937
2187.89 9.7096
2188.81 9.70983
2189.74 9.71006
2190.67 9.71029
2191.6 9.71053
2192.53 9.71076
2193.46 9.71099
2194.39 9.71122
2195.32 9.71145
2196.25 9.71168
2197.18 9.71191
2198.11 9.71214
2199.03 9.71237
2199.96 9.7126
2200.89 9.71283
2201.82 9.71306
2202.75 9.71329
2203.68 9.71352
2204.61 9.71375
2205.54 9.71398
2206.47 9.71421
2207.4 9.71444
2208.33 9.71467
2209.26 9.7149
2210.19 9.71513
2211.12 9.71536
2212.05 9.71559
2212.98 9.71581
2213.91 9.71604
2214.84 9.71627
2215.77 9.7165
2216.7 9.71673
2217.63 9.71696
2218.56 9.71719
2219.49 9.71741
2220.42 9.71764
2221.35 9.71787
2222.28 9.7181
2223.21 9.71832
2224.14 9.71855
2225.06 9.71878
2225.99 9.71901
2226.92 9.71923
2227.85 9.71946
2228.78 9.71969
2229.72 9.71991
2230.65 9.72014
2231.58 9.72037
2232.51 9.7206
2233.44 9.72082
2234.37 9.72105
2235.3 9.72127
2236.23 9.7215
2237.16 9.72173
2238.09 9.72195
2239.02 9.72218
2239.95 9.7224
2240.88 9.72263
2241.81 9.72285
2242.74 9.72308
2243.67 9.7233
2244.6 9.72353
2245.53 9.72375
2246.46 9.72398
2247.39 9.72421
2248.32 9.72443
2249.25 9.72466
2250.18 9.72488
2251.11 9.7251
2252.04 9.72533
2252.98 9.72555
2253.91 9.72578
2254.84 9.726
2255.77 9.72622
2256.7 9.72645
2257.63 9.72667
2258.56 9.7269
2259.49 9.72712
2260.42 9.72734
2261.35 9.72757
2262.28 9.72779
2263.21 9.72801
2264.15 9.72824
2265.08 9.72846
2266.01 9.72868
2266.94 9.72891
2267.87 9.72913
2268.8 9.72935
2269.73 9.72957
2270.66 9.72979
2271.59 9.73002
2272.53 9.73024
2273.46 9.73046
2274.39 9.73068
2275.32 9.73091
2276.25 9.73113
2277.18 9.73135
2278.11 9.73157
2279.04 9.73179
2279.98 9.73201
2280.91 9.73223
2281.84 9.73246
2282.77 9.73268
2283.7 9.7329
2284.63 9.73312
2285.56 9.73334
2286.5 9.73356
2287.43 9.73378
2288.36 9.734
2289.29 9.73422
2290.22 9.73444
2291.15 9.73466
2292.09 9.73488
2293.02 9.7351
2293.95 9.73532
2294.88 9.73554
2295.81 9.73576
2296.75 9.73598
2297.68 9.7362
2298.61 9.73642
2299.54 9.73664
2300.47 9.73686
2301.4 9.73708
2302.34 9.7373
2303.27 9.73751
2304.2 9.73773
2305.13 9.73795
2306.06 9.73817
2307 9.73839
2307.93 9.73861
2308.86 9.73882
2309.79 9.73904
2310.73 9.73926
2311.66 9.73948
2312.59 9.7397
2313.52 9.73991
2314.45 9.74013
2315.39 9.74035
2316.32 9.74057
2317.25 9.74078
2318.18 9.741
2319.12 9.74122
2320.05 9.74144
2320.98 9.74165
2321.91 9.74187
2322.85 9.74209
2323.78 9.7423
2324.71 9.74252
2325.64 9.74274
2326.58 9.74295
2327.51 9.74317
2328.44 9.74339
2329.37 9.7436
2330.31 9.74382
2331.24 9.74403
2332.17 9.74425
2333.1 9.74447
2334.04 9.74468
2334.97 9.7449
2335.9 9.74511
2336.84 9.74533
2337.77 9.74554
2338.7 9.74576
2339.63 9.74597
2340.57 9.74619
2341.5 9.7464
2342.43 9.74662
2343.37 9.74683
2344.3 9.74705
2345.23 9.74726
2346.16 9.74748
2347.1 9.74769
2348.03 9.74791
2348.96 9.74812
2349.9 9.74833
2350.83 9.74855
2351.76 9.74876
2352.7 9.74897
2353.63 9.74919
2354.56 9.7494
2355.5 9.74962
2356.43 9.74983
2357.36 9.75004
2358.3 9.75026
2359.23 9.75047
2360.16 9.75068
2361.1 9.75089
2362.03 9.75111
2362.96 9.75132
2363.9 9.75153
2364.83 9.75175
2365.76 9.75196
2366.7 9.75217
2367.63 9.75238
2368.56 9.75259
2369.5 9.75281
2370.43 9.75302
2371.37 9.75323
2372.3 9.75344
2373.23 9.75365
2374.17 9.75387
2375.1 9.75408
2376.03 9.75429
2376.97 9.7545
2377.9 9.75471
2378.84 9.75492
2379.77 9.75513
2380.7 9.75534
2381.64 9.75555
2382.57 9.75576
2383.5 9.75598
2384.44 9.75619
2385.37 9.7564
2386.31 9.75661
2387.24 9.75682
2388.18 9.75703
2389.11 9.75724
2390.04 9.75745
2390.98 9.75766
2391.91 9.75787
2392.85 9.75808
2393.78 9.75829
2394.71 9.7585
2395.65 9.75871
2396.58 9.75892
2397.52 9.75913
2398.45 9.75933
2399.39 9.75954
2400.32 9.75975
2401.25 9.75996
2402.19 9.76017
2403.12 9.76038
2404.06 9.76059
2404.99 9.7608
2405.93 9.76101
2406.86 9.76121
2407.8 9.76142
2408.73 9.76163
2409.66 9.76184
2410.6 9.76205
2411.53 9.76225
2412.47 9.76246
2413.4 9.76267
2414.34 9.76288
2415.27 9.76309
2416.21 9.76329
2417.14 9.7635
2418.08 9.76371
2419.01 9.76392
2419.95 9.76412
2420.88 9.76433
2421.82 9.76454
2422.75 9.76474
2423.69 9.76495
2424.62 9.76516
2425.56 9.76536
2426.49 9.76557
2427.43 9.76578
2428.36 9.76598
2429.3 9.76619
2430.23 9.76639
2431.17 9.7666
2432.1 9.76681
2433.04 9.76701
2433.97 9.76722
2434.91 9.76742
2435.84 9.76763
2436.78 9.76784
2437.71 9.76804
2438.65 9.76825
2439.58 9.76845
2440.52 9.76866
2441.45 9.76886
2442.39 9.76907
2443.32 9.76927
2444.26 9.76948
2445.19 9.76968
2446.13 9.76989
2447.07 9.77009
2448 9.7703
2448.94 9.7705
2449.87 9.7707
2450.81 9.77091
2451.74 9.77111
2452.68 9.77132
2453.61 9.77152
2454.55 9.77172
2455.49 9.77193
2456.42 9.77213
2457.36 9.77234
2458.29 9.77254
2459.23 9.77274
2460.16 9.77295
2461.1 9.77315
2462.04 9.77335
2462.97 9.77356
2463.91 9.77376
2464.84 9.77396
2465.78 9.77417
2466.71 9.77437
2467.65 9.77457
2468.59 9.77477
2469.52 9.77498
2470.46 9.77518
2471.4 9.77538
2472.33 9.77558
2473.27 9.77578
2474.2 9.77599
2475.14 9.77619
2476.08 9.77639
2477.01 9.77659
2477.95 9.7768
2478.88 9.777
2479.82 9.7772
2480.76 9.7774
2481.69 9.7776
2482.63 9.7778
2483.57 9.778
2484.5 9.7782
2485.44 9.77841
2486.37 9.77861
2487.31 9.77881
2488.25 9.77901
2489.18 9.77921
2490.12 9.77941
2491.06 9.77961
2491.99 9.77981
2492.93 9.78001
2493.87 9.78021
2494.8 9.78041
2495.74 9.78061
2496.68 9.78081
2497.61 9.78101
2498.55 9.78121
2499.49 9.78141
2500.42 9.78161
2501.36 9.78181
2502.3 9.78201
2503.23 9.78221
2504.17 9.78241
2505.11 9.78261
2506.04 9.78281
2506.98 9.78301
2507.92 9.78321
2508.85 9.78341
2509.79 9.78361
2510.73 9.7838
2511.66 9.784
2512.6 9.7842
2513.54 9.7844
2514.48 9.7846
2515.41 9.7848
2516.35 9.785
2517.29 9.78519
2518.22 9.78539
2519.16 9.78559
2520.1 9.78579
2521.03 9.78599
2521.97 9.78618
2522.91 9.78638
2523.85 9.78658
2524.78 9.78678
2525.72 9.78697
2526.66 9.78717
2527.6 9.78737
2528.53 9.78757
2529.47 9.78776
2530.41 9.78796
2531.34 9.78816
2532.28 9.78836
2533.22 9.78855
2534.16 9.78875
2535.09 9.78895
2536.03 9.78914
2536.97 9.78934
2537.91 9.78953
2538.84 9.78973
2539.78 9.78993
2540.72 9.79012
2541.66 9.79032
2542.59 9.79052
2543.53 9.79071
2544.47 9.79091
2545.41 9.7911
2546.35 9.7913
2547.28 9.7915
2548.22 9.79169
2549.16 9.79189
2550.1 9.79208
2551.03 9.79228
2551.97 9.79247
2552.91 9.79267
2553.85 9.79286
2554.79 9.79306
2555.72 9.79325
2556.66 9.79345
2557.6 9.79364
2558.54 9.79384
2559.48 9.79403
2560.41 9.79423
2561.35 9.79442
2562.29 9.79462
2563.23 9.79481
2564.17 9.795
2565.1 9.7952
2566.04 9.79539
2566.98 9.79559
2567.92 9.79578
2568.86 9.79597
2569.8 9.79617
2570.73 9.79636
2571.67 9.79656
2572.61 9.79675
2573.55 9.79694
2574.49 9.79714
2575.43 9.79733
2576.36 9.79752
2577.3 9.79772
2578.24 9.79791
2579.18 9.7981
2580.12 9.7983
2581.06 9.79849
2581.99 9.79868
2582.93 9.79887
2583.87 9.79907
2584.81 9.79926
2585.75 9.79945
2586.69 9.79964
2587.63 9.79984
2588.56 9.80003
2589.5 9.80022
2590.44 9.80041
2591.38 9.8006
2592.32 9.8008
2593.26 9.80099
2594.2 9.80118
2595.14 9.80137
2596.07 9.80156
2597.01 9.80175
2597.95 9.80195
2598.89 9.80214
2599.83 9.80233
2600.77 9.80252
2601.71 9.80271
2602.65 9.8029
2603.59 9.80309
2604.52 9.80328
2605.46 9.80347
2606.4 9.80367
2607.34 9.80386
2608.28 9.80405
2609.22 9.80424
2610.16 9.80443
2611.1 9.80462
2612.04 9.80481
2612.98 9.805
2613.92 9.80519
2614.85 9.80538
2615.79 9.80557
2616.73 9.80576
2617.67 9.80595
2618.61 9.80614
2619.55 9.80633
2620.49 9.80652
2621.43 9.80671
2622.37 9.8069
2623.31 9.80709
2624.25 9.80728
2625.19 9.80747
2626.13 9.80765
2627.07 9.80784
2628.01 9.80803
2628.95 9.80822
2629.89 9.80841
2630.82 9.8086
2631.76 9.80879
2632.7 9.80898
2633.64 9.80917
2634.58 9.80935
2635.52 9.80954
2636.46 9.80973
2637.4 9.80992
2638.34 9.81011
2639.28 9.8103
2640.22 9.81048
2641.16 9.81067
2642.1 9.81086
2643.04 9.81105
2643.98 9.81123
2644.92 9.81142
2645.86 9.81161
2646.8 9.8118
2647.74 9.81199
2648.68 9.81217
2649.62 9.81236
2650.56 9.81255
2651.5 9.81273
2652.44 9.81292
2653.38 9.81311
2654.32 9.81329
2655.26 9.81348
2656.2 9.81367
2657.14 9.81386
2658.08 9.81404
2659.02 9.81423
2659.96 9.81442
2660.9 9.8146
2661.84 9.81479
2662.78 9.81497
2663.72 9.81516
2664.66 9.81535
2665.6 9.81553
2666.54 9.81572
2667.48 9.8159
2668.42 9.81609
2669.36 9.81628
2670.3 9.81646
2671.25 9.81665
2672.19 9.81683
2673.13 9.81702
2674.07 9.8172
2675.01 9.81739
2675.95 9.81757
2676.89 9.81776
2677.83 9.81794
2678.77 9.81813
2679.71 9.81831
2680.65 9.8185
2681.59 9.81868
2682.53 9.81887
2683.47 9.81905
2684.41 9.81924
2685.35 9.81942
2686.29 9.81961
2687.24 9.81979
2688.18 9.81998
2689.12 9.82016
2690.06 9.82034
2691 9.82053
2691.94 9.82071
2692.88 9.8209
2693.82 9.82108
2694.76 9.82126
2695.7 9.82145
2696.64 9.82163
2697.58 9.82182
2698.53 9.822
2699.47 9.82218
2700.41 9.82237
2701.35 9.82255
2702.29 9.82273
2703.23 9.82292
2704.17 9.8231
2705.11 9.82328
2706.05 9.82346
2707 9.82365
2707.94 9.82383
2708.88 9.82401
2709.82 9.8242
2710.76 9.82438
2711.7 9.82456
2712.64 9.82474
2713.58 9.82493
2714.53 9.82511
2715.47 9.82529
2716.41 9.82547
2717.35 9.82565
2718.29 9.82584
2719.23 9.82602
2720.17 9.8262
2721.12 9.82638
2722.06 9.82656
2723 9.82675
2723.94 9.82693
2724.88 9.82711
2725.82 9.82729
2726.76 9.82747
2727.71 9.82765
2728.65 9.82783
2729.59 9.82802
2730.53 9.8282
2731.47 9.82838
2732.41 9.82856
2733.36 9.82874
2734.3 9.82892
2735.24 9.8291
2736.18 9.82928
2737.12 9.82946
2738.07 9.82964
2739.01 9.82982
2739.95 9.83
2740.89 9.83018
2741.83 9.83037
2742.77 9.83055
2743.72 9.83073
2744.66 9.83091
2745.6 9.83109
2746.54 9.83127
2747.48 9.83145
2748.43 9.83163
2749.37 9.83181
2750.31 9.83199
2751.25 9.83217
2752.19 9.83235
2753.14 9.83252
2754.08 9.8327
2755.02 9.83288
2755.96 9.83306
2756.91 9.83324
2757.85 9.83342
2758.79 9.8336
2759.73 9.83378
2760.67 9.83396
2761.62 9.83414
2762.56 9.83432
2763.5 9.8345
2764.44 9.83467
2765.39 9.83485
2766.33 9.83503
2767.27 9.83521
2768.21 9.83539
2769.16 9.83557
2770.1 9.83574
2771.04 9.83592
2771.98 9.8361
2772.93 9.83628
2773.87 9.83646
2774.81 9.83664
2775.75 9.83681
2776.7 9.83699
2777.64 9.83717
2778.58 9.83735
2779.52 9.83752
2780.47 9.8377
2781.41 9.83788
2782.35 9.83806
2783.29 9.83823
2784.24 9.83841
2785.18 9.83859
2786.12 9.83877
2787.07 9.83894
2788.01 9.83912
2788.95 9.8393
2789.89 9.83947
2790.84 9.83965
2791.78 9.83983
2792.72 9.84
2793.67 9.84018
2794.61 9.84036
2795.55 9.84053
2796.49 9.84071
2797.44 9.84089
2798.38 9.84106
2799.32 9.84124
2800.27 9.84141
2801.21 9.84159
2802.15 9.84177
2803.1 9.84194
2804.04 9.84212
2804.98 9.84229
2805.93 9.84247
2806.87 9.84265
2807.81 9.84282
2808.75 9.843
2809.7 9.84317
2810.64 9.84335
2811.58 9.84352
2812.53 9.8437
2813.47 9.84387
2814.42 9.84405
2815.36 9.84422
2816.3 9.8444
2817.25 9.84457
2818.19 9.84475
2819.13 9.84492
2820.08 9.8451
2821.02 9.84527
2821.96 9.84545
2822.91 9.84562
2823.85 9.8458
2824.79 9.84597
2825.74 9.84615
2826.68 9.84632
2827.62 9.84649
2828.57 9.84667
2829.51 9.84684
2830.45 9.84702
2831.4 9.84719
2832.34 9.84737
2833.29 9.84754
2834.23 9.84771
2835.17 9.84789
2836.12 9.84806
2837.06 9.84823
2838 9.84841
2838.95 9.84858
2839.89 9.84875
2840.84 9.84893
2841.78 9.8491
2842.72 9.84927
2843.67 9.84945
2844.61 9.84962
2845.56 9.84979
2846.5 9.84997
2847.44 9.85014
2848.39 9.85031
2849.33 9.85048
2850.28 9.85066
2851.22 9.85083
2852.16 9.851
2853.11 9.85118
2854.05 9.85135
2855 9.85152
2855.94 9.85169
2856.88 9.85187
2857.83 9.85204
2858.77 9.85221
2859.72 9.85238
2860.66 9.85255
2861.61 9.85273
2862.55 9.8529
2863.49 9.85307
2864.44 9.85324
2865.38 9.85341
2866.33 9.85358
2867.27 9.85376
2868.22 9.85393
2869.16 9.8541
2870.1 9.85427
2871.05 9.85444
2871.99 9.85461
2872.94 9.85479
2873.88 9.85496
2874.83 9.85513
2875.77 9.8553
2876.72 9.85547
2877.66 9.85564
2878.61 9.85581
2879.55 9.85598
2880.5 9.85615
2881.44 9.85632
2882.38 9.85649
2883.33 9.85666
2884.27 9.85683
2885.22 9.85701
2886.16 9.85718
2887.11 9.85735
2888.05 9.85752
2889 9.85769
2889.94 9.85786
2890.89 9.85803
2891.83 9.8582
2892.78 9.85837
2893.72 9.85853
2894.67 9.8587
2895.61 9.85887
2896.56 9.85904
2897.5 9.85921
2898.45 9.85938
2899.39 9.85955
2900.34 9.85972
2901.28 9.85989
2902.23 9.86006
2903.17 9.86023
2904.12 9.8604
2905.06 9.86057
2906.01 9.86074
2906.95 9.86091
2907.9 9.86108
2908.84 9.86124
2909.79 9.86141
2910.73 9.86158
2911.68 9.86175
2912.62 9.86192
2913.57 9.86209
2914.51 9.86226
2915.46 9.86243
2916.41 9.86259
2917.35 9.86276
2918.3 9.86293
2919.24 9.8631
2920.19 9.86327
2921.13 9.86343
2922.08 9.8636
2923.02 9.86377
2923.97 9.86394
2924.91 9.86411
2925.86 9.86427
2926.8 9.86444
2927.75 9.86461
2928.7 9.86478
2929.64 9.86495
2930.59 9.86511
2931.53 9.86528
2932.48 9.86545
2933.42 9.86561
2934.37 9.86578
2935.31 9.86595
2936.26 9.86612
2937.21 9.86628
2938.15 9.86645
2939.1 9.86662
2940.04 9.86678
2940.99 9.86695
2941.94 9.86712
2942.88 9.86728
2943.83 9.86745
2944.77 9.86762
2945.72 9.86778
2946.66 9.86795
2947.61 9.86812
2948.56 9.86828
2949.5 9.86845
2950.45 9.86862
2951.39 9.86878
2952.34 9.86895
2953.29 9.86911
2954.23 9.86928
2955.18 9.86944
2956.12 9.86961
2957.07 9.86978
2958.02 9.86994
2958.96 9.87011
2959.91 9.87027
2960.85 9.87044
2961.8 9.87061
2962.75 9.87077
2963.69 9.87094
2964.64 9.8711
2965.59 9.87127
2966.53 9.87143
2967.48 9.8716
2968.43 9.87176
2969.37 9.87193
2970.32 9.87209
2971.26 9.87226
2972.21 9.87242
2973.16 9.87259
2974.1 9.87275
2975.05 9.87292
2976 9.87308
2976.94 9.87325
2977.89 9.87341
2978.84 9.87358
2979.78 9.87374
2980.73 9.8739
2981.68 9.87407
2982.62 9.87423
2983.57 9.8744
2984.51 9.87456
2985.46 9.87472
2986.41 9.87489
2987.35 9.87505
2988.3 9.87522
2989.25 9.87538
2990.19 9.87554
2991.14 9.87571
2992.09 9.87587
2993.04 9.87604
2993.98 9.8762
2994.93 9.87636
2995.88 9.87653
2996.82 9.87669
2997.77 9.87685
2998.72 9.87702
2999.66 9.87718
3000.61 9.87734
3001.56 9.8775
3002.5 9.87767
3003.45 9.87783
3004.4 9.87799
3005.34 9.87816
3006.29 9.87832
3007.24 9.87848
3008.19 9.87865
3009.13 9.87881
3010.08 9.87897
3011.03 9.87913
3011.97 9.8793
3012.92 9.87946
3013.87 9.87962
3014.81 9.87978
3015.76 9.87994
3016.71 9.88011
3017.66 9.88027
3018.6 9.88043
3019.55 9.88059
3020.5 9.88075
3021.45 9.88092
3022.39 9.88108
3023.34 9.88124
3024.29 9.8814
3025.23 9.88157
3026.18 9.88173
3027.13 9.88189
3028.08 9.88205
3029.02 9.88221
3029.97 9.88237
3030.92 9.88253
3031.87 9.88269
3032.81 9.88285
3033.76 9.88302
3034.71 9.88318
3035.66 9.88334
3036.6 9.8835
3037.55 9.88366
3038.5 9.88382
3039.45 9.88398
3040.39 9.88414
3041.34 9.88431
3042.29 9.88447
3043.24 9.88463
3044.19 9.88479
3045.13 9.88495
3046.08 9.88511
3047.03 9.88527
3047.98 9.88543
3048.92 9.88559
3049.87 9.88575
3050.82 9.88591
3051.77 9.88607
3052.72 9.88623
3053.66 9.88639
3054.61 9.88655
3055.56 9.88671
3056.51 9.88687
3057.46 9.88703
3058.4 9.88719
3059.35 9.88735
3060.3 9.88751
3061.25 9.88767
3062.2 9.88783
3063.14 9.88798
3064.09 9.88814
3065.04 9.8883
3065.99 9.88846
3066.94 9.88862
3067.88 9.88878
3068.83 9.88894
3069.78 9.8891
3070.73 9.88926
3071.68 9.88942
3072.62 9.88958
3073.57 9.88974
3074.52 9.8899
3075.47 9.89005
3076.42 9.89021
3077.37 9.89037
3078.31 9.89053
3079.26 9.89069
3080.21 9.89085
3081.16 9.891
3082.11 9.89116
3083.06 9.89132
3084 9.89148
3084.95 9.89164
3085.9 9.8918
3086.85 9.89195
3087.8 9.89211
3088.75 9.89227
3089.69 9.89243
3090.64 9.89259
3091.59 9.89274
3092.54 9.8929
3093.49 9.89306
3094.44 9.89322
3095.39 9.89337
3096.33 9.89353
3097.28 9.89369
3098.23 9.89385
3099.18 9.894
3100.13 9.89416
3101.08 9.89432
3102.03 9.89447
3102.98 9.89463
3103.92 9.89479
3104.87 9.89495
3105.82 9.8951
3106.77 9.89526
3107.72 9.89542
3108.67 9.89558
3109.62 9.89573
3110.57 9.89589
3111.52 9.89604
3112.46 9.8962
3113.41 9.89636
3114.36 9.89651
3115.31 9.89667
3116.26 9.89683
3117.21 9.89698
3118.16 9.89714
3119.11 9.8973
3120.06 9.89745
3121 9.89761
3121.95 9.89777
3122.9 9.89792
3123.85 9.89808
3124.8 9.89823
3125.75 9.89839
3126.7 9.89855
3127.65 9.8987
3128.6 9.89886
3129.55 9.89901
3130.5 9.89917
3131.45 9.89932
3132.4 9.89948
3133.34 9.89963
3134.29 9.89979
3135.24 9.89994
3136.19 9.9001
3137.14 9.90026
3138.09 9.90041
3139.04 9.90057
3139.99 9.90072
3140.94 9.90088
3141.89 9.90103
3142.84 9.90119
3143.79 9.90134
3144.74 9.9015
3145.69 9.90165
3146.64 9.90181
3147.59 9.90196
3148.53 9.90211
3149.48 9.90227
3150.43 9.90242
3151.38 9.90258
3152.33 9.90273
3153.28 9.90289
3154.23 9.90304
3155.18 9.9032
3156.13 9.90335
3157.08 9.90351
3158.03 9.90366
3158.98 9.90381
3159.93 9.90397
3160.88 9.90412
3161.83 9.90428
3162.78 9.90443
3163.73 9.90458
3164.68 9.90474
3165.63 9.90489
3166.58 9.90504
3167.53 9.9052
3168.48 9.90535
3169.43 9.9055
3170.38 9.90566
3171.33 9.90581
3172.28 9.90596
3173.23 9.90612
3174.18 9.90627
3175.13 9.90643
3176.08 9.90658
3177.03 9.90673
3177.98 9.90689
3178.93 9.90704
3179.88 9.90719
3180.83 9.90734
3181.78 9.9075
3182.73 9.90765
3183.68 9.9078
3184.63 9.90795
3185.58 9.90811
3186.53 9.90826
3187.48 9.90841
3188.43 9.90856
3189.38 9.90872
3190.33 9.90887
3191.28 9.90902
3192.23 9.90917
3193.18 9.90933
3194.13 9.90948
3195.08 9.90963
3196.03 9.90979
3196.98 9.90994
3197.93 9.91009
3198.88 9.91024
3199.83 9.91039
3200.79 9.91054
3201.74 9.9107
3202.69 9.91085
3203.64 9.911
3204.59 9.91115
3205.54 9.9113
3206.49 9.91145
3207.44 9.9116
3208.39 9.91176
3209.34 9.91191
3210.29 9.91206
3211.24 9.91221
3212.19 9.91236
3213.14 9.91251
3214.09 9.91267
3215.04 9.91282
3215.99 9.91297
3216.95 9.91312
3217.9 9.91327
3218.85 9.91342
3219.8 9.91357
3220.75 9.91372
3221.7 9.91387
3222.65 9.91402
3223.6 9.91417
3224.55 9.91432
3225.5 9.91447
3226.45 9.91463
3227.4 9.91478
3228.35 9.91493
3229.31 9.91508
3230.26 9.91523
3231.21 9.91538
3232.16 9.91553
3233.11 9.91568
3234.06 9.91583
3235.01 9.91598
3235.96 9.91613
3236.91 9.91628
3237.86 9.91643
3238.82 9.91658
3239.77 9.91673
3240.72 9.91688
3241.67 9.91703
3242.62 9.91718
3243.57 9.91733
3244.52 9.91748
3245.47 9.91763
3246.43 9.91778
3247.38 9.91792
3248.33 9.91807
3249.28 9.91822
3250.23 9.91837
3251.18 9.91852
3252.13 9.91867
3253.08 9.91882
3254.04 9.91897
3254.99 9.91912
3255.94 9.91927
3256.89 9.91942
3257.84 9.91957
3258.79 9.91971
3259.74 9.91986
3260.7 9.92001
3261.65 9.92016
3262.6 9.92031
3263.55 9.92046
3264.5 9.92061
3265.45 9.92076
3266.4 9.9209
3267.36 9.92105
3268.31 9.9212
3269.26 9.92135
3270.21 9.9215
3271.16 9.92165
3272.11 9.92179
3273.07 9.92194
3274.02 9.92209
3274.97 9.92224
3275.92 9.92239
3276.87 9.92253
3277.82 9.92268
3278.78 9.92283
3279.73 9.92298
3280.68 9.92312
3281.63 9.92327
3282.58 9.92342
3283.53 9.92357
3284.49 9.92372
3285.44 9.92386
3286.39 9.92401
3287.34 9.92416
3288.29 9.92431
3289.25 9.92445
3290.2 9.9246
3291.15 9.92475
3292.1 9.92489
3293.05 9.92504
3294.01 9.92519
3294.96 9.92533
3295.91 9.92548
3296.86 9.92563
3297.81 9.92578
3298.77 9.92592
3299.72 9.92607
3300.67 9.92622
3301.62 9.92636
3302.57 9.92651
3303.53 9.92666
3304.48 9.9268
3305.43 9.92695
3306.38 9.9271
3307.34 9.92724
3308.29 9.92739
3309.24 9.92754
3310.19 9.92768
3311.14 9.92783
3312.1 9.92797
3313.05 9.92812
3314 9.92827
3314.95 9.92841
3315.91 9.92856
3316.86 9.9287
3317.81 9.92885
3318.76 9.929
3319.72 9.92914
3320.67 9.92929
3321.62 9.92943
3322.57 9.92958
3323.53 9.92973
3324.48 9.92987
3325.43 9.93002
3326.38 9.93016
3327.34 9.93031
3328.29 9.93045
3329.24 9.9306
3330.19 9.93074
3331.15 9.93089
3332.1 9.93103
3333.05 9.93118
3334 9.93132
3334.96 9.93147
3335.91 9.93161
3336.86 9.93176
3337.82 9.9319
3338.77 9.93205
3339.72 9.93219
3340.67 9.93234
3341.63 9.93248
3342.58 9.93263
3343.53 9.93277
3344.48 9.93292
3345.44 9.93306
3346.39 9.93321
3347.34 9.93335
3348.3 9.9335
3349.25 9.93364
3350.2 9.93379
3351.16 9.93393
3352.11 9.93407
3353.06 9.93422
3354.01 9.93436
3354.97 9.93451
3355.92 9.93465
3356.87 9.93479
3357.83 9.93494
3358.78 9.93508
3359.73 9.93523
3360.69 9.93537
3361.64 9.93551
3362.59 9.93566
3363.54 9.9358
3364.5 9.93595
3365.45 9.93609
3366.4 9.93623
3367.36 9.93638
3368.31 9.93652
3369.26 9.93666
3370.22 9.93681
3371.17 9.93695
3372.12 9.93709
3373.08 9.93724
3374.03 9.93738
3374.98 9.93752
3375.94 9.93766
3376.89 9.93781
3377.84 9.93795
3378.8 9.93809
3379.75 9.93824
3380.7 9.93838
3381.66 9.93852
3382.61 9.93867
3383.56 9.93881
3384.52 9.93895
3385.47 9.9391
3386.42 9.93924
3387.38 9.93938
3388.33 9.93952
3389.28 9.93967
3390.24 9.93981
3391.19 9.93995
3392.15 9.94009
3393.1 9.94023
3394.05 9.94038
3395.01 9.94052
3395.96 9.94066
3396.91 9.9408
3397.87 9.94094
3398.82 9.94109
3399.77 9.94123
3400.73 9.94137
3401.68 9.94151
3402.64 9.94166
3403.59 9.9418
3404.54 9.94194
3405.5 9.94208
3406.45 9.94222
3407.41 9.94237
3408.36 9.94251
3409.31 9.94265
3410.27 9.94279
3411.22 9.94293
3412.17 9.94307
3413.13 9.94321
3414.08 9.94335
3415.04 9.9435
3415.99 9.94364
3416.94 9.94378
3417.9 9.94392
3418.85 9.94406
3419.81 9.9442
3420.76 9.94434
3421.71 9.94448
3422.67 9.94462
3423.62 9.94477
3424.58 9.94491
3425.53 9.94505
3426.49 9.94519
3427.44 9.94533
3428.39 9.94547
3429.35 9.94561
3430.3 9.94575
3431.26 9.94589
3432.21 9.94603
3433.16 9.94617
3434.12 9.94631
3435.07 9.94645
3436.03 9.94659
3436.98 9.94673
3437.94 9.94687
3438.89 9.94701
3439.84 9.94715
3440.8 9.9473
3441.75 9.94744
3442.71 9.94758
3443.66 9.94772
3444.62 9.94786
3445.57 9.948
3446.53 9.94814
3447.48 9.94828
3448.43 9.94842
3449.39 9.94856
3450.34 9.9487
3451.3 9.94884
3452.25 9.94898
3453.21 9.94911
3454.16 9.94925
3455.12 9.94939
3456.07 9.94953
3457.03 9.94967
3457.98 9.94981
3458.93 9.94995
3459.89 9.95009
3460.84 9.95023
3461.8 9.95037
3462.75 9.95051
3463.71 9.95065
3464.66 9.95079
3465.62 9.95092
3466.57 9.95106
3467.53 9.9512
3468.48 9.95134
3469.44 9.95148
3470.39 9.95162
3471.35 9.95176
3472.3 9.9519
3473.26 9.95204
3474.21 9.95218
3475.17 9.95231
3476.12 9.95245
3477.08 9.95259
3478.03 9.95273
3478.99 9.95287
3479.94 9.953
3480.9 9.95314
3481.85 9.95328
3482.81 9.95342
3483.76 9.95356
3484.72 9.9537
3485.67 9.95383
3486.63 9.95397
3487.58 9.95411
3488.54 9.95425
3489.49 9.95439
3490.45 9.95453
3491.4 9.95466
3492.36 9.9548
3493.31 9.95494
3494.27 9.95508
3495.22 9.95522
3496.18 9.95535
3497.13 9.95549
3498.09 9.95563
3499.04 9.95576
3500 9.9559
3500.95 9.95604
3501.91 9.95618
3502.86 9.95631
3503.82 9.95645
3504.78 9.95659
3505.73 9.95673
3506.69 9.95686
3507.64 9.957
3508.6 9.95714
3509.55 9.95728
3510.51 9.95741
3511.46 9.95755
3512.42 9.95769
3513.37 9.95782
3514.33 9.95796
3515.29 9.9581
3516.24 9.95824
3517.2 9.95837
3518.15 9.95851
3519.11 9.95864
3520.06 9.95878
3521.02 9.95892
3521.97 9.95905
3522.93 9.95919
3523.89 9.95933
3524.84 9.95946
3525.8 9.9596
3526.75 9.95974
3527.71 9.95987
3528.66 9.96001
3529.62 9.96014
3530.58 9.96028
3531.53 9.96042
3532.49 9.96055
3533.44 9.96069
3534.4 9.96083
3535.35 9.96096
3536.31 9.9611
3537.27 9.96124
3538.22 9.96137
3539.18 9.96151
3540.13 9.96164
3541.09 9.96178
3542.05 9.96191
3543 9.96205
3543.96 9.96218
3544.91 9.96232
3545.87 9.96245
3546.83 9.96259
3547.78 9.96273
3548.74 9.96286
3549.69 9.963
3550.65 9.96313
3551.61 9.96327
3552.56 9.9634
3553.52 9.96354
3554.47 9.96367
3555.43 9.96381
3556.39 9.96394
3557.34 9.96408
3558.3 9.96422
3559.25 9.96435
3560.21 9.96449
3561.17 9.96462
3562.12 9.96476
3563.08 9.96489
3564.04 9.96502
3564.99 9.96516
3565.95 9.96529
3566.9 9.96543
3567.86 9.96556
3568.82 9.9657
3569.77 9.96583
3570.73 9.96597
3571.69 9.9661
3572.64 9.96623
3573.6 9.96637
3574.56 9.9665
3575.51 9.96664
3576.47 9.96677
3577.42 9.96691
3578.38 9.96704
3579.34 9.96718
3580.29 9.96731
3581.25 9.96744
3582.21 9.96758
3583.16 9.96771
3584.12 9.96785
3585.08 9.96798
3586.03 9.96811
3586.99 9.96825
3587.95 9.96838
3588.9 9.96851
3589.86 9.96865
3590.82 9.96878
3591.77 9.96891
3592.73 9.96905
3593.69 9.96918
3594.64 9.96931
3595.6 9.96945
3596.56 9.96958
3597.51 9.96972
3598.47 9.96985
3599.43 9.96998
3600.38 9.97012
3601.34 9.97025
3602.3 9.97038
3603.25 9.97052
3604.21 9.97065
3605.17 9.97078
3606.13 9.97092
3607.08 9.97105
3608.04 9.97118
3609 9.97131
3609.95 9.97145
3610.91 9.97158
3611.87 9.97171
3612.82 9.97184
3613.78 9.97198
3614.74 9.97211
3615.7 9.97224
3616.65 9.97237
3617.61 9.97251
3618.57 9.97264
3619.52 9.97277
3620.48 9.97291
3621.44 9.97304
3622.39 9.97317
3623.35 9.9733
3624.31 9.97344
3625.27 9.97357
3626.22 9.9737
3627.18 9.97383
3628.14 9.97397
3629.09 9.9741
3630.05 9.97423
3631.01 9.97436
3631.97 9.97449
3632.92 9.97462
3633.88 9.97476
3634.84 9.97489
3635.8 9.97502
3636.75 9.97515
3637.71 9.97528
3638.67 9.97541
3639.62 9.97555
3640.58 9.97568
3641.54 9.97581
3642.5 9.97594
3643.45 9.97607
3644.41 9.9762
3645.37 9.97634
3646.33 9.97647
3647.28 9.9766
3648.24 9.97673
3649.2 9.97686
3650.16 9.97699
3651.11 9.97713
3652.07 9.97726
3653.03 9.97739
3653.99 9.97752
3654.94 9.97765
3655.9 9.97778
3656.86 9.97791
3657.82 9.97804
3658.78 9.97817
3659.73 9.9783
3660.69 9.97843
3661.65 9.97856
3662.61 9.97869
3663.56 9.97883
3664.52 9.97896
3665.48 9.97909
3666.44 9.97922
3667.4 9.97935
3668.35 9.97948
3669.31 9.97961
3670.27 9.97974
3671.23 9.97987
3672.18 9.98
3673.14 9.98013
3674.1 9.98026
3675.06 9.98039
3676.02 9.98052
3676.97 9.98065
3677.93 9.98078
3678.89 9.98091
3679.85 9.98104
3680.81 9.98117
3681.76 9.9813
3682.72 9.98143
3683.68 9.98156
3684.64 9.98169
3685.6 9.98182
3686.55 9.98195
3687.51 9.98208
3688.47 9.98221
3689.43 9.98234
3690.39 9.98247
3691.34 9.9826
3692.3 9.98273
3693.26 9.98286
3694.22 9.98299
3695.18 9.98312
3696.14 9.98325
3697.09 9.98338
3698.05 9.98351
3699.01 9.98364
3699.97 9.98377
3700.93 9.9839
3701.88 9.98403
3702.84 9.98416
3703.8 9.98428
3704.76 9.98441
3705.72 9.98454
3706.68 9.98467
3707.63 9.9848
3708.59 9.98493
3709.55 9.98506
3710.51 9.98519
3711.47 9.98531
3712.43 9.98544
3713.39 9.98557
3714.34 9.9857
3715.3 9.98583
3716.26 9.98596
3717.22 9.98609
3718.18 9.98622
3719.14 9.98634
3720.09 9.98647
3721.05 9.9866
3722.01 9.98673
3722.97 9.98686
3723.93 9.98699
3724.89 9.98712
3725.85 9.98725
3726.8 9.98737
3727.76 9.9875
3728.72 9.98763
3729.68 9.98776
3730.64 9.98789
3731.6 9.98801
3732.56 9.98814
3733.52 9.98827
3734.47 9.9884
3735.43 9.98852
3736.39 9.98865
3737.35 9.98878
3738.31 9.98891
3739.27 9.98904
3740.23 9.98916
3741.19 9.98929
3742.14 9.98942
3743.1 9.98955
3744.06 9.98967
3745.02 9.9898
3745.98 9.98993
3746.94 9.99006
3747.9 9.99019
3748.86 9.99031
3749.82 9.99044
3750.78 9.99057
3751.73 9.9907
3752.69 9.99082
3753.65 9.99095
3754.61 9.99108
3755.57 9.9912
3756.53 9.99133
3757.49 9.99146
3758.45 9.99158
3759.41 9.99171
3760.37 9.99184
3761.32 9.99197
3762.28 9.99209
3763.24 9.99222
3764.2 9.99235
3765.16 9.99247
3766.12 9.9926
3767.08 9.99273
3768.04 9.99285
3769 9.99298
3769.96 9.99311
3770.92 9.99323
3771.88 9.99336
3772.84 9.99349
3773.79 9.99361
3774.75 9.99374
3775.71 9.99387
3776.67 9.99399
3777.63 9.99412
3778.59 9.99425
3779.55 9.99437
3780.51 9.9945
3781.47 9.99462
3782.43 9.99475
3783.39 9.99488
3784.35 9.995
3785.31 9.99513
3786.27 9.99525
3787.23 9.99538
3788.19 9.99551
3789.15 9.99563
3790.1 9.99576
3791.06 9.99588
3792.02 9.99601
3792.98 9.99613
3793.94 9.99626
3794.9 9.99639
3795.86 9.99651
3796.82 9.99664
3797.78 9.99676
3798.74 9.99689
3799.7 9.99702
3800.66 9.99714
3801.62 9.99727
3802.58 9.99739
3803.54 9.99752
3804.5 9.99764
3805.46 9.99777
3806.42 9.99789
3807.38 9.99802
3808.34 9.99814
3809.3 9.99827
3810.26 9.99839
3811.22 9.99852
3812.18 9.99864
3813.14 9.99877
3814.1 9.99889
3815.06 9.99902
3816.02 9.99914
3816.98 9.99927
3817.94 9.99939
3818.9 9.99952
3819.86 9.99964
3820.82 9.99977
3821.78 9.99989
3822.74 10
3823.7 10.0001
3824.66 10.0003
3825.62 10.0004
3826.58 10.0005
3827.54 10.0006
3828.5 10.0008
3829.46 10.0009
3830.42 10.001
3831.38 10.0011
3832.34 10.0013
3833.3 10.0014
3834.26 10.0015
3835.22 10.0016
3836.18 10.0018
3837.14 10.0019
3838.1 10.002
3839.06 10.0021
3840.02 10.0023
3840.98 10.0024
3841.94 10.0025
3842.9 10.0026
3843.86 10.0028
3844.82 10.0029
3845.78 10.003
3846.74 10.0031
3847.7 10.0032
3848.66 10.0034
3849.62 10.0035
3850.58 10.0036
3851.54 10.0037
3852.5 10.0039
3853.46 10.004
3854.42 10.0041
3855.38 10.0042
3856.35 10.0044
3857.31 10.0045
3858.27 10.0046
3859.23 10.0047
3860.19 10.0049
3861.15 10.005
3862.11 10.0051
3863.07 10.0052
3864.03 10.0053
3864.99 10.0055
3865.95 10.0056
3866.91 10.0057
3867.87 10.0058
3868.83 10.006
3869.79 10.0061
3870.75 10.0062
3871.71 10.0063
3872.67 10.0065
3873.64 10.0066
3874.6 10.0067
3875.56 10.0068
3876.52 10.0069
3877.48 10.0071
3878.44 10.0072
3879.4 10.0073
3880.36 10.0074
3881.32 10.0076
3882.28 10.0077
3883.24 10.0078
3884.2 10.0079
3885.16 10.0081
3886.13 10.0082
3887.09 10.0083
3888.05 10.0084
3889.01 10.0085
3889.97 10.0087
3890.93 10.0088
3891.89 10.0089
3892.85 10.009
3893.81 10.0092
3894.77 10.0093
3895.73 10.0094
3896.7 10.0095
3897.66 10.0096
3898.62 10.0098
3899.58 10.0099
3900.54 10.01
3901.5 10.0101
3902.46 10.0102
3903.42 10.0104
3904.38 10.0105
3905.35 10.0106
3906.31 10.0107
3907.27 10.0109
3908.23 10.011
3909.19 10.0111
3910.15 10.0112
3911.11 10.0113
3912.07 10.0115
3913.03 10.0116
3914 10.0117
3914.96 10.0118
3915.92 10.012
3916.88 10.0121
3917.84 10.0122
3918.8 10.0123
3919.76 10.0124
3920.72 10.0126
3921.69 10.0127
3922.65 10.0128
3923.61 10.0129
3924.57 10.013
3925.53 10.0132
3926.49 10.0133
3927.45 10.0134
3928.42 10.0135
3929.38 10.0136
3930.34 10.0138
3931.3 10.0139
3932.26 10.014
3933.22 10.0141
3934.18 10.0143
3935.15 10.0144
3936.11 10.0145
3937.07 10.0146
3938.03 10.0147
3938.99 10.0149
3939.95 10.015
3940.92 10.0151
3941.88 10.0152
3942.84 10.0153
3943.8 10.0155
3944.76 10.0156
3945.72 10.0157
3946.69 10.0158
3947.65 10.0159
3948.61 10.0161
3949.57 10.0162
3950.53 10.0163
3951.49 10.0164
3952.46 10.0165
3953.42 10.0167
3954.38 10.0168
3955.34 10.0169
3956.3 10.017
3957.26 10.0171
3958.23 10.0173
3959.19 10.0174
3960.15 10.0175
3961.11 10.0176
3962.07 10.0177
3963.04 10.0179
3964 10.018
3964.96 10.0181
3965.92 10.0182
3966.88 10.0183
3967.85 10.0185
3968.81 10.0186
3969.77 10.0187
3970.73 10.0188
3971.69 10.0189
3972.66 10.0191
3973.62 10.0192
3974.58 10.0193
3975.54 10.0194
3976.5 10.0195
3977.47 10.0197
3978.43 10.0198
3979.39 10.0199
3980.35 10.02
3981.31 10.0201
3982.28 10.0203
3983.24 10.0204
3984.2 10.0205
3985.16 10.0206
3986.13 10.0207
3987.09 10.0208
3988.05 10.021
3989.01 10.0211
3989.97 10.0212
3990.94 10.0213
3991.9 10.0214
3992.86 10.0216
3993.82 10.0217
3994.79 10.0218
3995.75 10.0219
3996.71 10.022
3997.67 10.0222
3998.64 10.0223
3999.6 10.0224
4000.56 10.0225
4001.52 10.0226
4002.48 10.0227
4003.45 10.0229
4004.41 10.023
4005.37 10.0231
4006.33 10.0232
4007.3 10.0233
4008.26 10.0235
4009.22 10.0236
4010.18 10.0237
4011.15 10.0238
4012.11 10.0239
4013.07 10.024
4014.03 10.0242
4015 10.0243
4015.96 10.0244
4016.92 10.0245
4017.89 10.0246
4018.85 10.0248
4019.81 10.0249
4020.77 10.025
4021.74 10.0251
4022.7 10.0252
4023.66 10.0253
4024.62 10.0255
4025.59 10.0256
4026.55 10.0257
4027.51 10.0258
4028.47 10.0259
4029.44 10.0261
4030.4 10.0262
4031.36 10.0263
4032.33 10.0264
4033.29 10.0265
4034.25 10.0266
4035.21 10.0268
4036.18 10.0269
4037.14 10.027
4038.1 10.0271
4039.07 10.0272
4040.03 10.0273
4040.99 10.0275
4041.95 10.0276
4042.92 10.0277
4043.88 10.0278
4044.84 10.0279
4045.81 10.028
4046.77 10.0282
4047.73 10.0283
4048.69 10.0284
4049.66 10.0285
4050.62 10.0286
4051.58 10.0288
4052.55 10.0289
4053.51 10.029
4054.47 10.0291
4055.44 10.0292
4056.4 10.0293
4057.36 10.0295
4058.33 10.0296
4059.29 10.0297
4060.25 10.0298
4061.22 10.0299
4062.18 10.03
4063.14 10.0302
4064.1 10.0303
4065.07 10.0304
4066.03 10.0305
4066.99 10.0306
4067.96 10.0307
4068.92 10.0308
4069.88 10.031
4070.85 10.0311
4071.81 10.0312
4072.77 10.0313
4073.74 10.0314
4074.7 10.0315
4075.66 10.0317
4076.63 10.0318
4077.59 10.0319
4078.55 10.032
4079.52 10.0321
4080.48 10.0322
4081.45 10.0324
4082.41 10.0325
4083.37 10.0326
4084.34 10.0327
4085.3 10.0328
4086.26 10.0329
4087.23 10.0331
4088.19 10.0332
4089.15 10.0333
4090.12 10.0334
4091.08 10.0335
4092.04 10.0336
4093.01 10.0337
4093.97 10.0339
4094.93 10.034
4095.9 10.0341
4096.86 10.0342
4097.83 10.0343
4098.79 10.0344
4099.75 10.0346
4100.72 10.0347
4101.68 10.0348
4102.65 10.0349
4103.61 10.035
4104.57 10.0351
4105.54 10.0352
4106.5 10.0354
4107.46 10.0355
4108.43 10.0356
4109.39 10.0357
4110.36 10.0358
4111.32 10.0359
4112.28 10.0361
4113.25 10.0362
4114.21 10.0363
4115.18 10.0364
4116.14 10.0365
4117.1 10.0366
4118.07 10.0367
4119.03 10.0369
4120 10.037
4120.96 10.0371
4121.92 10.0372
4122.89 10.0373
4123.85 10.0374
4124.81 10.0375
4125.78 10.0377
4126.74 10.0378
4127.71 10.0379
4128.67 10.038
4129.63 10.0381
4130.6 10.0382
4131.56 10.0383
4132.53 10.0385
4133.49 10.0386
4134.45 10.0387
4135.42 10.0388
4136.38 10.0389
4137.35 10.039
4138.31 10.0391
4139.28 10.0393
4140.24 10.0394
4141.2 10.0395
4142.17 10.0396
4143.13 10.0397
4144.1 10.0398
4145.06 10.0399
4146.03 10.0401
4146.99 10.0402
4147.95 10.0403
4148.92 10.0404
4149.88 10.0405
4150.85 10.0406
4151.81 10.0407
4152.78 10.0409
4153.74 10.041
4154.71 10.0411
4155.67 10.0412
4156.63 10.0413
4157.6 10.0414
4158.56 10.0415
4159.53 10.0417
4160.49 10.0418
4161.46 10.0419
4162.42 10.042
4163.38 10.0421
4164.35 10.0422
4165.31 10.0423
4166.28 10.0424
4167.24 10.0426
4168.21 10.0427
4169.17 10.0428
4170.13 10.0429
4171.1 10.043
4172.06 10.0431
4173.03 10.0432
4173.99 10.0434
4174.96 10.0435
4175.92 10.0436
4176.89 10.0437
4177.85 10.0438
4178.82 10.0439
4179.78 10.044
4180.75 10.0441
4181.71 10.0443
4182.68 10.0444
4183.64 10.0445
4184.61 10.0446
4185.57 10.0447
4186.54 10.0448
4187.5 10.0449
4188.47 10.045
4189.43 10.0452
4190.4 10.0453
4191.36 10.0454
4192.33 10.0455
4193.29 10.0456
4194.25 10.0457
4195.22 10.0458
4196.18 10.0459
4197.15 10.0461
4198.11 10.0462
4199.08 10.0463
4200.04 10.0464
4201.01 10.0465
4201.97 10.0466
4202.94 10.0467
4203.9 10.0468
4204.87 10.047
4205.83 10.0471
4206.8 10.0472
4207.76 10.0473
4208.73 10.0474
4209.69 10.0475
4210.66 10.0476
4211.62 10.0477
4212.59 10.0479
4213.55 10.048
4214.52 10.0481
4215.48 10.0482
4216.45 10.0483
4217.41 10.0484
4218.38 10.0485
4219.34 10.0486
4220.31 10.0487
4221.28 10.0489
4222.24 10.049
4223.21 10.0491
4224.17 10.0492
4225.14 10.0493
4226.1 10.0494
4227.07 10.0495
4228.03 10.0496
4229 10.0498
4229.96 10.0499
4230.93 10.05
4231.89 10.0501
4232.86 10.0502
4233.82 10.0503
4234.79 10.0504
4235.76 10.0505
4236.72 10.0506
4237.69 10.0508
4238.65 10.0509
4239.62 10.051
4240.58 10.0511
4241.55 10.0512
4242.51 10.0513
4243.48 10.0514
4244.44 10.0515
4245.41 10.0516
4246.37 10.0518
4247.34 10.0519
4248.3 10.052
4249.27 10.0521
4250.24 10.0522
4251.2 10.0523
4252.17 10.0524
4253.13 10.0525
4254.1 10.0526
4255.06 10.0528
4256.03 10.0529
4257 10.053
4257.96 10.0531
4258.93 10.0532
4259.89 10.0533
4260.86 10.0534
4261.82 10.0535
4262.79 10.0536
4263.76 10.0537
4264.72 10.0539
4265.69 10.054
4266.65 10.0541
4267.62 10.0542
4268.59 10.0543
4269.55 10.0544
4270.52 10.0545
4271.48 10.0546
4272.45 10.0547
4273.41 10.0549
4274.38 10.055
4275.35 10.0551
4276.31 10.0552
4277.28 10.0553
4278.24 10.0554
4279.21 10.0555
4280.18 10.0556
4281.14 10.0557
4282.11 10.0558
4283.07 10.056
4284.04 10.0561
4285 10.0562
4285.97 10.0563
4286.94 10.0564
4287.9 10.0565
4288.87 10.0566
4289.83 10.0567
4290.8 10.0568
4291.77 10.0569
4292.73 10.057
4293.7 10.0572
4294.66 10.0573
4295.63 10.0574
4296.6 10.0575
4297.56 10.0576
4298.53 10.0577
4299.5 10.0578
4300.46 10.0579
4301.43 10.058
4302.39 10.0581
4303.36 10.0583
4304.33 10.0584
4305.29 10.0585
4306.26 10.0586
4307.23 10.0587
4308.19 10.0588
4309.16 10.0589
4310.13 10.059
4311.09 10.0591
4312.06 10.0592
4313.02 10.0593
4313.99 10.0595
4314.96 10.0596
4315.92 10.0597
4316.89 10.0598
4317.86 10.0599
4318.82 10.06
4319.79 10.0601
4320.75 10.0602
4321.72 10.0603
4322.69 10.0604
4323.65 10.0605
4324.62 10.0607
4325.59 10.0608
4326.55 10.0609
4327.52 10.061
4328.48 10.0611
4329.45 10.0612
4330.42 10.0613
4331.38 10.0614
4332.35 10.0615
4333.32 10.0616
4334.28 10.0617
4335.25 10.0618
4336.22 10.062
4337.18 10.0621
4338.15 10.0622
4339.12 10.0623
4340.08 10.0624
4341.05 10.0625
4342.02 10.0626
4342.98 10.0627
4343.95 10.0628
4344.92 10.0629
4345.89 10.063
4346.85 10.0632
4347.82 10.0633
4348.79 10.0634
4349.75 10.0635
4350.72 10.0636
4351.69 10.0637
4352.65 10.0638
4353.62 10.0639
4354.59 10.064
4355.55 10.0641
4356.52 10.0642
4357.49 10.0643
4358.45 10.0644
4359.42 10.0646
4360.39 10.0647
4361.35 10.0648
4362.32 10.0649
4363.29 10.065
4364.25 10.0651
4365.22 10.0652
4366.19 10.0653
4367.15 10.0654
4368.12 10.0655
4369.09 10.0656
4370.06 10.0657
4371.02 10.0658
4371.99 10.066
4372.96 10.0661
4373.92 10.0662
4374.89 10.0663
4375.86 10.0664
4376.82 10.0665
4377.79 10.0666
4378.76 10.0667
4379.73 10.0668
4380.69 10.0669
4381.66 10.067
4382.63 10.0671
4383.6 10.0672
4384.56 10.0673
4385.53 10.0675
4386.5 10.0676
4387.46 10.0677
4388.43 10.0678
4389.4 10.0679
4390.37 10.068
4391.33 10.0681
4392.3 10.0682
4393.27 10.0683
4394.24 10.0684
4395.2 10.0685
4396.17 10.0686
4397.14 10.0687
4398.1 10.0688
4399.07 10.0689
4400.04 10.0691
4401.01 10.0692
4401.97 10.0693
4402.94 10.0694
4403.91 10.0695
4404.88 10.0696
4405.84 10.0697
4406.81 10.0698
4407.78 10.0699
4408.75 10.07
4409.71 10.0701
4410.68 10.0702
4411.65 10.0703
4412.61 10.0704
4413.58 10.0706
4414.55 10.0707
4415.52 10.0708
4416.48 10.0709
4417.45 10.071
4418.42 10.0711
4419.39 10.0712
4420.36 10.0713
4421.32 10.0714
4422.29 10.0715
4423.26 10.0716
4424.23 10.0717
4425.19 10.0718
4426.16 10.0719
4427.13 10.072
4428.1 10.0721
4429.07 10.0722
4430.03 10.0724
4431 10.0725
4431.97 10.0726
4432.94 10.0727
4433.9 10.0728
4434.87 10.0729
4435.84 10.073
4436.81 10.0731
4437.78 10.0732
4438.74 10.0733
4439.71 10.0734
4440.68 10.0735
4441.65 10.0736
4442.61 10.0737
4443.58 10.0738
4444.55 10.0739
4445.52 10.074
4446.49 10.0742
4447.45 10.0743
4448.42 10.0744
4449.39 10.0745
4450.36 10.0746
4451.32 10.0747
4452.29 10.0748
4453.26 10.0749
4454.23 10.075
4455.2 10.0751
