0 0
0.0309018 0.0951056
0.156036 0.19049
0.374767 0.28642
0.686652 0.383123
1.09139 0.48076
1.58873 0.579376
2.17837 0.678847
2.85986 0.778813
3.6324 0.878616
4.49477 0.977288
5.44518 1.07361
6.48114 1.16625
7.59945 1.25401
8.79623 1.33601
10.067 1.41178
11.4068 1.48123
12.8107 1.54462
14.2737 1.60235
15.791 1.65496
17.3582 1.70296
18.9713 1.74688
20.6267 1.78719
22.321 1.8243
24.0514 1.85859
25.8152 1.89038
27.61 1.91996
29.4338 1.94755
31.2848 1.97338
33.1611 1.99761
35.0614 2.02043
36.9842 2.04194
38.9282 2.06229
40.8924 2.08158
42.8756 2.09989
44.877 2.11731
46.8957 2.13392
48.9309 2.14977
50.9819 2.16493
53.0478 2.17945
55.1283 2.19337
57.2225 2.20675
59.3301 2.2196
61.4505 2.23198
63.5832 2.2439
65.7277 2.25541
67.8838 2.26652
70.0509 2.27726
72.2287 2.28765
74.4168 2.29771
76.615 2.30746
78.8229 2.31692
81.0403 2.3261
83.2668 2.33501
85.5022 2.34367
87.7462 2.3521
89.9986 2.3603
92.2592 2.36828
94.5278 2.37606
96.8042 2.38365
99.0881 2.39104
101.379 2.39826
103.678 2.40531
105.983 2.41219
108.296 2.41891
110.615 2.42549
112.941 2.43192
115.273 2.43821
117.611 2.44437
119.956 2.4504
122.306 2.45631
124.663 2.46209
127.025 2.46777
129.393 2.47333
131.766 2.47879
134.145 2.48414
136.53 2.4894
138.919 2.49455
141.314 2.49962
143.714 2.5046
146.118 2.50948
148.528 2.51429
150.942 2.51901
153.361 2.52366
155.785 2.52823
158.214 2.53272
160.646 2.53714
163.084 2.54149
165.525 2.54578
167.971 2.54999
170.421 2.55415
172.875 2.55824
175.334 2.56227
177.796 2.56624
180.262 2.57016
182.733 2.57401
185.207 2.57782
187.685 2.58157
190.166 2.58527
192.652 2.58892
195.141 2.59252
197.633 2.59607
200.129 2.59957
202.629 2.60303
205.132 2.60645
207.638 2.60982
210.148 2.61315
212.662 2.61644
215.178 2.61969
217.698 2.62289
220.221 2.62606
222.747 2.62919
225.276 2.63229
227.808 2.63535
230.344 2.63837
232.882 2.64136
235.424 2.64431
237.968 2.64723
240.515 2.65012
243.065 2.65298
245.618 2.6558
248.174 2.6586
250.733 2.66136
253.294 2.6641
255.858 2.6668
258.425 2.66948
260.995 2.67213
263.567 2.67475
266.142 2.67735
268.719 2.67992
271.299 2.68247
273.882 2.68499
276.467 2.68748
279.054 2.68995
281.644 2.6924
284.237 2.69482
286.831 2.69722
289.429 2.6996
292.028 2.70196
294.63 2.70429
297.235 2.7066
299.841 2.7089
302.45 2.71117
305.061 2.71342
307.675 2.71565
310.29 2.71786
312.908 2.72005
315.528 2.72222
318.151 2.72437
320.775 2.72651
323.402 2.72863
326.03 2.73073
328.661 2.73281
331.294 2.73487
333.929 2.73692
336.566 2.73895
339.205 2.74096
341.846 2.74296
344.489 2.74494
347.134 2.74691
349.78 2.74886
352.429 2.75079
355.08 2.75271
357.733 2.75461
360.388 2.7565
363.044 2.75838
365.702 2.76024
368.363 2.76209
371.025 2.76392
373.689 2.76574
376.355 2.76755
379.022 2.76934
381.691 2.77112
384.363 2.77289
387.035 2.77464
389.71 2.77638
392.387 2.77811
395.065 2.77983
397.745 2.78153
400.426 2.78323
403.109 2.78491
405.794 2.78658
408.481 2.78824
411.169 2.78988
413.859 2.79152
416.55 2.79314
419.244 2.79476
421.938 2.79636
424.635 2.79795
427.333 2.79953
430.032 2.8011
432.733 2.80266
435.436 2.80422
438.14 2.80576
440.846 2.80729
443.553 2.80881
446.262 2.81032
448.973 2.81182
451.684 2.81332
454.398 2.8148
457.112 2.81627
459.829 2.81774
462.547 2.8192
465.266 2.82064
467.986 2.82208
470.708 2.82351
473.432 2.82493
476.157 2.82635
478.883 2.82775
481.611 2.82915
484.34 2.83053
487.071 2.83191
489.803 2.83329
492.536 2.83465
495.271 2.836
498.007 2.83735
500.744 2.83869
503.483 2.84003
506.223 2.84135
508.964 2.84267
511.707 2.84398
514.451 2.84528
517.196 2.84658
519.943 2.84787
522.69 2.84915
525.44 2.85043
528.19 2.85169
530.942 2.85296
533.695 2.85421
536.449 2.85546
539.204 2.8567
541.961 2.85793
544.719 2.85916
547.478 2.86038
550.239 2.8616
553 2.86281
555.763 2.86401
558.527 2.8652
561.292 2.86639
564.059 2.86758
566.826 2.86876
569.595 2.86993
572.365 2.8711
575.136 2.87226
577.908 2.87341
580.682 2.87456
583.456 2.8757
586.232 2.87684
589.009 2.87797
591.787 2.8791
594.566 2.88022
597.346 2.88133
600.128 2.88244
602.91 2.88355
605.694 2.88465
608.478 2.88574
611.264 2.88683
614.051 2.88792
616.839 2.889
619.628 2.89007
622.418 2.89114
625.209 2.8922
628.001 2.89326
630.794 2.89431
633.589 2.89536
636.384 2.89641
639.181 2.89745
641.978 2.89848
644.776 2.89951
647.576 2.90054
650.376 2.90156
653.178 2.90258
655.981 2.90359
658.784 2.90459
661.589 2.9056
664.394 2.9066
667.201 2.90759
670.009 2.90858
672.817 2.90957
675.627 2.91055
678.437 2.91152
681.249 2.9125
684.061 2.91347
686.875 2.91443
689.689 2.91539
692.505 2.91635
695.321 2.9173
698.138 2.91825
700.957 2.91919
703.776 2.92013
706.596 2.92107
709.417 2.922
712.239 2.92293
715.062 2.92386
717.886 2.92478
720.711 2.9257
723.536 2.92661
726.363 2.92752
729.19 2.92843
732.019 2.92933
734.848 2.93023
737.678 2.93112
740.509 2.93202
743.341 2.9329
746.174 2.93379
749.008 2.93467
751.843 2.93555
754.678 2.93642
757.515 2.9373
760.352 2.93816
763.19 2.93903
766.029 2.93989
768.869 2.94075
771.71 2.9416
774.552 2.94245
777.394 2.9433
780.237 2.94415
783.082 2.94499
785.927 2.94583
788.772 2.94666
791.619 2.94749
794.467 2.94832
797.315 2.94915
800.164 2.94997
803.014 2.95079
805.865 2.95161
808.716 2.95242
811.569 2.95323
814.422 2.95404
817.276 2.95485
820.131 2.95565
822.987 2.95645
825.843 2.95725
828.7 2.95804
831.558 2.95883
834.417 2.95962
837.277 2.9604
840.137 2.96119
842.998 2.96197
845.86 2.96274
848.723 2.96352
851.587 2.96429
854.451 2.96506
857.316 2.96582
860.182 2.96659
863.048 2.96735
865.916 2.96811
868.784 2.96886
871.653 2.96961
874.522 2.97036
877.393 2.97111
880.264 2.97186
883.136 2.9726
886.008 2.97334
888.882 2.97408
891.756 2.97481
894.631 2.97555
897.506 2.97628
900.382 2.97701
903.259 2.97773
906.137 2.97846
909.016 2.97918
911.895 2.97989
914.775 2.98061
917.655 2.98132
920.537 2.98204
923.419 2.98275
926.301 2.98345
929.185 2.98416
932.069 2.98486
934.954 2.98556
937.839 2.98626
940.726 2.98695
943.613 2.98765
946.5 2.98834
949.389 2.98903
952.278 2.98971
955.167 2.9904
958.058 2.99108
960.949 2.99176
963.841 2.99244
966.733 2.99312
969.626 2.99379
972.52 2.99446
975.415 2.99513
978.31 2.9958
981.206 2.99647
984.102 2.99713
986.999 2.99779
989.897 2.99845
992.795 2.99911
995.694 2.99977
998.594 3.00042
1001.49 3.00107
1004.4 3.00172
1007.3 3.00237
1010.2 3.00302
1013.1 3.00366
1016.01 3.0043
1018.91 3.00494
1021.82 3.00558
1024.72 3.00622
1027.63 3.00685
1030.53 3.00749
1033.44 3.00812
1036.35 3.00875
1039.26 3.00937
1042.17 3.01
1045.08 3.01062
1047.99 3.01125
1050.9 3.01187
1053.81 3.01248
1056.72 3.0131
1059.64 3.01372
1062.55 3.01433
1065.47 3.01494
1068.38 3.01555
1071.3 3.01616
1074.21 3.01676
1077.13 3.01737
1080.05 3.01797
1082.96 3.01857
1085.88 3.01917
1088.8 3.01977
1091.72 3.02037
1094.64 3.02096
1097.56 3.02155
1100.48 3.02215
1103.41 3.02273
1106.33 3.02332
1109.25 3.02391
1112.18 3.02449
1115.1 3.02508
1118.03 3.02566
1120.95 3.02624
1123.88 3.02682
1126.81 3.02739
1129.73 3.02797
1132.66 3.02854
1135.59 3.02912
1138.52 3.02969
1141.45 3.03026
1144.38 3.03082
1147.31 3.03139
1150.24 3.03195
1153.17 3.03252
1156.1 3.03308
1159.04 3.03364
1161.97 3.0342
1164.91 3.03476
1167.84 3.03531
1170.78 3.03587
1173.71 3.03642
1176.65 3.03697
1179.59 3.03752
1182.52 3.03807
1185.46 3.03862
1188.4 3.03916
1191.34 3.03971
1194.28 3.04025
1197.22 3.04079
1200.16 3.04133
1203.1 3.04187
1206.04 3.04241
1208.98 3.04295
1211.93 3.04348
1214.87 3.04402
1217.82 3.04455
1220.76 3.04508
1223.71 3.04561
1226.65 3.04614
1229.6 3.04666
1232.54 3.04719
1235.49 3.04771
1238.44 3.04824
1241.39 3.04876
1244.34 3.04928
1247.28 3.0498
1250.23 3.05032
1253.18 3.05083
1256.14 3.05135
1259.09 3.05186
1262.04 3.05238
1264.99 3.05289
1267.94 3.0534
1270.9 3.05391
1273.85 3.05442
1276.81 3.05492
1279.76 3.05543
1282.72 3.05593
1285.67 3.05644
1288.63 3.05694
1291.59 3.05744
1294.54 3.05794
1297.5 3.05844
1300.46 3.05893
1303.42 3.05943
1306.38 3.05993
1309.34 3.06042
1312.3 3.06091
1315.26 3.0614
1318.22 3.06189
1321.18 3.06238
1324.14 3.06287
1327.11 3.06336
1330.07 3.06384
1333.03 3.06433
1336 3.06481
1338.96 3.06529
1341.93 3.06578
1344.9 3.06626
1347.86 3.06674
1350.83 3.06721
1353.8 3.06769
1356.76 3.06817
1359.73 3.06864
1362.7 3.06911
1365.67 3.06959
1368.64 3.07006
1371.61 3.07053
1374.58 3.071
1377.55 3.07147
1380.52 3.07194
1383.49 3.0724
1386.47 3.07287
1389.44 3.07333
1392.41 3.07379
1395.39 3.07426
1398.36 3.07472
1401.34 3.07518
1404.31 3.07564
1407.29 3.0761
1410.26 3.07655
1413.24 3.07701
1416.22 3.07746
1419.19 3.07792
1422.17 3.07837
1425.15 3.07882
1428.13 3.07928
1431.11 3.07973
1434.09 3.08018
1437.07 3.08062
1440.05 3.08107
1443.03 3.08152
1446.01 3.08196
1448.99 3.08241
1451.97 3.08285
1454.96 3.08329
1457.94 3.08374
1460.92 3.08418
1463.91 3.08462
1466.89 3.08506
1469.88 3.08549
1472.86 3.08593
1475.85 3.08637
1478.84 3.0868
1481.82 3.08724
1484.81 3.08767
1487.8 3.0881
1490.79 3.08854
1493.77 3.08897
1496.76 3.0894
1499.75 3.08982
1502.74 3.09025
1505.73 3.09068
1508.72 3.09111
1511.72 3.09153
1514.71 3.09196
1517.7 3.09238
1520.69 3.0928
1523.68 3.09323
1526.68 3.09365
1529.67 3.09407
1532.66 3.09449
1535.66 3.0949
1538.65 3.09532
1541.65 3.09574
1544.65 3.09616
1547.64 3.09657
1550.64 3.09699
1553.64 3.0974
1556.63 3.09781
1559.63 3.09822
1562.63 3.09863
1565.63 3.09905
1568.63 3.09945
1571.63 3.09986
1574.63 3.10027
1577.63 3.10068
1580.63 3.10108
1583.63 3.10149
1586.63 3.10189
1589.63 3.1023
1592.63 3.1027
1595.64 3.1031
1598.64 3.10351
1601.64 3.10391
1604.65 3.10431
1607.65 3.10471
1610.66 3.1051
1613.66 3.1055
1616.67 3.1059
1619.67 3.10629
1622.68 3.10669
1625.69 3.10708
1628.69 3.10748
1631.7 3.10787
1634.71 3.10826
1637.72 3.10866
1640.72 3.10905
1643.73 3.10944
1646.74 3.10983
1649.75 3.11021
1652.76 3.1106
1655.77 3.11099
1658.78 3.11138
1661.8 3.11176
1664.81 3.11215
1667.82 3.11253
1670.83 3.11292
1673.85 3.1133
1676.86 3.11368
1679.87 3.11406
1682.89 3.11444
1685.9 3.11482
1688.92 3.1152
1691.93 3.11558
1694.95 3.11596
1697.96 3.11634
1700.98 3.11671
1704 3.11709
1707.01 3.11746
1710.03 3.11784
1713.05 3.11821
1716.07 3.11858
1719.08 3.11896
1722.1 3.11933
1725.12 3.1197
1728.14 3.12007
1731.16 3.12044
1734.18 3.12081
1737.2 3.12118
1740.22 3.12155
1743.25 3.12191
1746.27 3.12228
1749.29 3.12265
1752.31 3.12301
1755.34 3.12337
1758.36 3.12374
1761.38 3.1241
1764.41 3.12446
1767.43 3.12483
1770.46 3.12519
1773.48 3.12555
1776.51 3.12591
1779.53 3.12627
1782.56 3.12663
1785.59 3.12698
1788.61 3.12734
1791.64 3.1277
1794.67 3.12806
1797.7 3.12841
1800.72 3.12877
1803.75 3.12912
1806.78 3.12947
1809.81 3.12983
1812.84 3.13018
1815.87 3.13053
1818.9 3.13088
1821.93 3.13123
1824.96 3.13158
1828 3.13193
1831.03 3.13228
1834.06 3.13263
1837.09 3.13298
1840.13 3.13333
1843.16 3.13367
1846.19 3.13402
1849.23 3.13436
1852.26 3.13471
1855.3 3.13505
1858.33 3.1354
1861.37 3.13574
1864.4 3.13608
1867.44 3.13642
1870.47 3.13677
1873.51 3.13711
1876.55 3.13745
1879.59 3.13779
1882.62 3.13812
1885.66 3.13846
1888.7 3.1388
1891.74 3.13914
1894.78 3.13948
1897.82 3.13981
1900.86 3.14015
1903.9 3.14048
1906.94 3.14082
1909.98 3.14115
1913.02 3.14148
1916.06 3.14182
1919.1 3.14215
1922.15 3.14248
1925.19 3.14281
1928.23 3.14314
1931.27 3.14347
1934.32 3.1438
1937.36 3.14413
1940.41 3.14446
1943.45 3.14479
1946.5 3.14512
1949.54 3.14544
1952.59 3.14577
1955.63 3.1461
1958.68 3.14642
1961.72 3.14675
1964.77 3.14707
1967.82 3.14739
1970.87 3.14772
1973.91 3.14804
1976.96 3.14836
1980.01 3.14869
1983.06 3.14901
1986.11 3.14933
1989.16 3.14965
1992.21 3.14997
1995.26 3.15029
1998.31 3.15061
2001.36 3.15092
2004.41 3.15124
2007.46 3.15156
2010.51 3.15188
2013.56 3.15219
2016.61 3.15251
2019.67 3.15282
2022.72 3.15314
2025.77 3.15345
2028.83 3.15377
2031.88 3.15408
2034.93 3.15439
2037.99 3.1547
2041.04 3.15502
2044.1 3.15533
2047.15 3.15564
2050.21 3.15595
2053.27 3.15626
2056.32 3.15657
2059.38 3.15688
2062.44 3.15719
2065.49 3.15749
2068.55 3.1578
2071.61 3.15811
2074.67 3.15841
2077.72 3.15872
2080.78 3.15903
2083.84 3.15933
2086.9 3.15964
2089.96 3.15994
2093.02 3.16024
2096.08 3.16055
2099.14 3.16085
2102.2 3.16115
2105.26 3.16146
2108.32 3.16176
2111.39 3.16206
2114.45 3.16236
2117.51 3.16266
2120.57 3.16296
2123.64 3.16326
2126.7 3.16356
2129.76 3.16386
2132.83 3.16415
2135.89 3.16445
2138.96 3.16475
2142.02 3.16504
2145.09 3.16534
2148.15 3.16564
2151.22 3.16593
2154.28 3.16623
2157.35 3.16652
2160.42 3.16682
2163.48 3.16711
2166.55 3.1674
2169.62 3.16769
2172.68 3.16799
2175.75 3.16828
2178.82 3.16857
2181.89 3.16886
2184.96 3.16915
2188.03 3.16944
2191.1 3.16973
2194.17 3.17002
2197.24 3.17031
2200.31 3.1706
2203.38 3.17089
2206.45 3.17118
2209.52 3.17146
2212.59 3.17175
2215.66 3.17204
2218.73 3.17232
2221.81 3.17261
2224.88 3.17289
2227.95 3.17318
2231.03 3.17346
2234.1 3.17375
2237.17 3.17403
2240.25 3.17431
2243.32 3.1746
2246.4 3.17488
2249.47 3.17516
2252.55 3.17544
2255.62 3.17572
2258.7 3.176
2261.77 3.17628
2264.85 3.17656
2267.93 3.17684
2271 3.17712
2274.08 3.1774
2277.16 3.17768
2280.23 3.17796
2283.31 3.17824
2286.39 3.17851
2289.47 3.17879
2292.55 3.17907
2295.63 3.17934
2298.71 3.17962
2301.79 3.17989
2304.87 3.18017
2307.95 3.18044
2311.03 3.18072
2314.11 3.18099
2317.19 3.18127
2320.27 3.18154
2323.35 3.18181
2326.43 3.18208
2329.52 3.18236
2332.6 3.18263
2335.68 3.1829
2338.76 3.18317
2341.85 3.18344
2344.93 3.18371
2348.01 3.18398
2351.1 3.18425
2354.18 3.18452
2357.27 3.18479
2360.35 3.18506
2363.44 3.18532
2366.52 3.18559
2369.61 3.18586
2372.69 3.18613
2375.78 3.18639
2378.87 3.18666
2381.95 3.18692
2385.04 3.18719
2388.13 3.18745
2391.21 3.18772
2394.3 3.18798
2397.39 3.18825
2400.48 3.18851
2403.57 3.18878
2406.65 3.18904
2409.74 3.1893
2412.83 3.18956
2415.92 3.18983
2419.01 3.19009
2422.1 3.19035
2425.19 3.19061
2428.28 3.19087
2431.37 3.19113
2434.47 3.19139
2437.56 3.19165
2440.65 3.19191
2443.74 3.19217
2446.83 3.19243
2449.93 3.19268
2453.02 3.19294
2456.11 3.1932
2459.2 3.19346
2462.3 3.19371
2465.39 3.19397
2468.49 3.19423
2471.58 3.19448
2474.67 3.19474
2477.77 3.19499
2480.86 3.19525
2483.96 3.1955
2487.05 3.19576
2490.15 3.19601
2493.25 3.19626
2496.34 3.19652
2499.44 3.19677
2502.54 3.19702
2505.63 3.19728
2508.73 3.19753
2511.83 3.19778
2514.92 3.19803
2518.02 3.19828
2521.12 3.19853
2524.22 3.19878
2527.32 3.19903
2530.42 3.19928
2533.52 3.19953
2536.62 3.19978
2539.72 3.20003
2542.82 3.20028
2545.92 3.20053
2549.02 3.20077
2552.12 3.20102
2555.22 3.20127
2558.32 3.20152
2561.42 3.20176
2564.52 3.20201
2567.63 3.20225
2570.73 3.2025
2573.83 3.20274
2576.93 3.20299
2580.04 3.20323
2583.14 3.20348
2586.24 3.20372
2589.35 3.20397
2592.45 3.20421
2595.56 3.20445
2598.66 3.2047
2601.77 3.20494
2604.87 3.20518
2607.98 3.20542
2611.08 3.20567
2614.19 3.20591
2617.29 3.20615
2620.4 3.20639
2623.51 3.20663
2626.61 3.20687
2629.72 3.20711
2632.83 3.20735
2635.93 3.20759
2639.04 3.20783
2642.15 3.20807
2645.26 3.20831
2648.37 3.20854
2651.47 3.20878
2654.58 3.20902
2657.69 3.20926
2660.8 3.20949
2663.91 3.20973
2667.02 3.20997
2670.13 3.2102
2673.24 3.21044
2676.35 3.21068
2679.46 3.21091
2682.57 3.21115
2685.68 3.21138
2688.79 3.21161
2691.91 3.21185
2695.02 3.21208
2698.13 3.21232
2701.24 3.21255
2704.35 3.21278
2707.47 3.21302
2710.58 3.21325
2713.69 3.21348
2716.81 3.21371
2719.92 3.21394
2723.04 3.21418
2726.15 3.21441
2729.26 3.21464
2732.38 3.21487
2735.49 3.2151
2738.61 3.21533
2741.72 3.21556
2744.84 3.21579
2747.96 3.21602
2751.07 3.21625
2754.19 3.21648
2757.3 3.21671
2760.42 3.21693
2763.54 3.21716
2766.65 3.21739
2769.77 3.21762
2772.89 3.21784
2776.01 3.21807
2779.13 3.2183
2782.24 3.21852
2785.36 3.21875
2788.48 3.21898
2791.6 3.2192
2794.72 3.21943
2797.84 3.21965
2800.96 3.21988
2804.08 3.2201
2807.2 3.22033
2810.32 3.22055
2813.44 3.22077
2816.56 3.221
2819.68 3.22122
2822.8 3.22144
2825.92 3.22167
2829.05 3.22189
2832.17 3.22211
2835.29 3.22233
2838.41 3.22255
2841.53 3.22278
2844.66 3.223
2847.78 3.22322
2850.9 3.22344
2854.03 3.22366
2857.15 3.22388
2860.27 3.2241
2863.4 3.22432
2866.52 3.22454
2869.65 3.22476
2872.77 3.22498
2875.9 3.2252
2879.02 3.22541
2882.15 3.22563
2885.27 3.22585
2888.4 3.22607
2891.53 3.22629
2894.65 3.2265
2897.78 3.22672
2900.9 3.22694
2904.03 3.22715
2907.16 3.22737
2910.29 3.22759
2913.41 3.2278
2916.54 3.22802
2919.67 3.22823
2922.8 3.22845
2925.93 3.22866
2929.05 3.22888
2932.18 3.22909
2935.31 3.22931
2938.44 3.22952
2941.57 3.22973
2944.7 3.22995
2947.83 3.23016
2950.96 3.23037
2954.09 3.23059
2957.22 3.2308
2960.35 3.23101
2963.48 3.23122
2966.62 3.23144
2969.75 3.23165
2972.88 3.23186
2976.01 3.23207
2979.14 3.23228
2982.27 3.23249
2985.41 3.2327
2988.54 3.23291
2991.67 3.23312
2994.81 3.23333
2997.94 3.23354
3001.07 3.23375
3004.21 3.23396
3007.34 3.23417
3010.48 3.23438
3013.61 3.23459
3016.74 3.2348
3019.88 3.235
3023.01 3.23521
3026.15 3.23542
3029.28 3.23563
3032.42 3.23583
3035.56 3.23604
3038.69 3.23625
3041.83 3.23645
3044.96 3.23666
3048.1 3.23687
3051.24 3.23707
3054.38 3.23728
3057.51 3.23748
3060.65 3.23769
3063.79 3.23789
3066.93 3.2381
3070.06 3.2383
3073.2 3.23851
3076.34 3.23871
3079.48 3.23891
3082.62 3.23912
3085.76 3.23932
3088.9 3.23952
3092.04 3.23973
3095.18 3.23993
3098.32 3.24013
3101.46 3.24034
3104.6 3.24054
3107.74 3.24074
3110.88 3.24094
3114.02 3.24114
3117.16 3.24134
3120.3 3.24155
3123.44 3.24175
3126.58 3.24195
3129.73 3.24215
3132.87 3.24235
3136.01 3.24255
3139.15 3.24275
3142.3 3.24295
3145.44 3.24315
3148.58 3.24335
3151.73 3.24355
3154.87 3.24374
3158.01 3.24394
3161.16 3.24414
3164.3 3.24434
3167.44 3.24454
3170.59 3.24474
3173.73 3.24493
3176.88 3.24513
3180.02 3.24533
3183.17 3.24552
3186.31 3.24572
3189.46 3.24592
3192.61 3.24611
3195.75 3.24631
3198.9 3.24651
3202.05 3.2467
3205.19 3.2469
3208.34 3.24709
3211.49 3.24729
3214.63 3.24748
3217.78 3.24768
3220.93 3.24787
3224.08 3.24807
3227.22 3.24826
3230.37 3.24846
3233.52 3.24865
3236.67 3.24884
3239.82 3.24904
3242.97 3.24923
3246.12 3.24942
3249.27 3.24962
3252.42 3.24981
3255.57 3.25
3258.72 3.25019
3261.87 3.25039
3265.02 3.25058
3268.17 3.25077
3271.32 3.25096
3274.47 3.25115
3277.62 3.25134
3280.77 3.25153
3283.92 3.25172
3287.07 3.25191
3290.23 3.25211
3293.38 3.2523
3296.53 3.25249
3299.68 3.25268
3302.84 3.25287
3305.99 3.25305
3309.14 3.25324
3312.29 3.25343
3315.45 3.25362
3318.6 3.25381
3321.76 3.254
3324.91 3.25419
3328.06 3.25438
3331.22 3.25456
3334.37 3.25475
3337.53 3.25494
3340.68 3.25513
3343.84 3.25531
3346.99 3.2555
3350.15 3.25569
3353.3 3.25587
3356.46 3.25606
3359.62 3.25625
3362.77 3.25643
3365.93 3.25662
3369.09 3.25681
3372.24 3.25699
3375.4 3.25718
3378.56 3.25736
3381.71 3.25755
3384.87 3.25773
3388.03 3.25792
3391.19 3.2581
3394.35 3.25829
3397.5 3.25847
3400.66 3.25865
3403.82 3.25884
3406.98 3.25902
3410.14 3.2592
3413.3 3.25939
3416.46 3.25957
3419.62 3.25975
3422.78 3.25994
3425.94 3.26012
3429.1 3.2603
3432.26 3.26048
3435.42 3.26067
3438.58 3.26085
3441.74 3.26103
3444.9 3.26121
3448.06 3.26139
3451.22 3.26157
3454.38 3.26175
3457.55 3.26194
3460.71 3.26212
3463.87 3.2623
3467.03 3.26248
3470.19 3.26266
3473.36 3.26284
3476.52 3.26302
3479.68 3.2632
3482.85 3.26338
3486.01 3.26356
3489.17 3.26374
3492.34 3.26391
3495.5 3.26409
3498.67 3.26427
3501.83 3.26445
3504.99 3.26463
3508.16 3.26481
3511.32 3.26499
3514.49 3.26516
3517.65 3.26534
3520.82 3.26552
3523.98 3.2657
3527.15 3.26587
3530.32 3.26605
3533.48 3.26623
3536.65 3.2664
3539.81 3.26658
3542.98 3.26676
3546.15 3.26693
3549.31 3.26711
3552.48 3.26728
3555.65 3.26746
3558.82 3.26764
3561.98 3.26781
3565.15 3.26799
3568.32 3.26816
3571.49 3.26834
3574.66 3.26851
3577.83 3.26869
3580.99 3.26886
3584.16 3.26903
3587.33 3.26921
3590.5 3.26938
3593.67 3.26956
3596.84 3.26973
3600.01 3.2699
3603.18 3.27008
3606.35 3.27025
3609.52 3.27042
3612.69 3.2706
3615.86 3.27077
3619.03 3.27094
3622.2 3.27111
3625.37 3.27129
3628.55 3.27146
3631.72 3.27163
3634.89 3.2718
3638.06 3.27197
3641.23 3.27214
3644.4 3.27232
3647.58 3.27249
3650.75 3.27266
3653.92 3.27283
3657.09 3.273
3660.27 3.27317
3663.44 3.27334
3666.61 3.27351
3669.79 3.27368
3672.96 3.27385
3676.14 3.27402
3679.31 3.27419
3682.48 3.27436
3685.66 3.27453
3688.83 3.2747
3692.01 3.27487
3695.18 3.27504
3698.36 3.27521
3701.53 3.27537
3704.71 3.27554
3707.88 3.27571
3711.06 3.27588
3714.23 3.27605
3717.41 3.27621
3720.59 3.27638
3723.76 3.27655
3726.94 3.27672
3730.12 3.27688
3733.29 3.27705
3736.47 3.27722
3739.65 3.27739
3742.82 3.27755
3746 3.27772
3749.18 3.27788
3752.36 3.27805
3755.54 3.27822
3758.71 3.27838
3761.89 3.27855
3765.07 3.27871
3768.25 3.27888
3771.43 3.27905
3774.61 3.27921
3777.79 3.27938
3780.97 3.27954
3784.15 3.27971
3787.33 3.27987
3790.51 3.28003
3793.69 3.2802
3796.87 3.28036
3800.05 3.28053
3803.23 3.28069
3806.41 3.28085
3809.59 3.28102
3812.77 3.28118
3815.95 3.28135
3819.13 3.28151
3822.31 3.28167
3825.49 3.28183
3828.68 3.282
3831.86 3.28216
3835.04 3.28232
3838.22 3.28249
3841.41 3.28265
3844.59 3.28281
3847.77 3.28297
3850.95 3.28313
3854.14 3.28329
3857.32 3.28346
3860.5 3.28362
3863.69 3.28378
3866.87 3.28394
3870.05 3.2841
3873.24 3.28426
3876.42 3.28442
3879.61 3.28458
3882.79 3.28474
3885.98 3.2849
3889.16 3.28506
3892.35 3.28522
3895.53 3.28538
3898.72 3.28554
3901.9 3.2857
3905.09 3.28586
3908.27 3.28602
3911.46 3.28618
3914.65 3.28634
3917.83 3.2865
3921.02 3.28666
3924.21 3.28682
3927.39 3.28698
3930.58 3.28714
3933.77 3.28729
3936.95 3.28745
3940.14 3.28761
3943.33 3.28777
3946.52 3.28793
3949.71 3.28808
3952.89 3.28824
3956.08 3.2884
3959.27 3.28856
3962.46 3.28871
3965.65 3.28887
3968.84 3.28903
3972.03 3.28918
3975.21 3.28934
3978.4 3.2895
3981.59 3.28965
3984.78 3.28981
3987.97 3.28996
3991.16 3.29012
3994.35 3.29028
3997.54 3.29043
4000.73 3.29059
4003.92 3.29074
4007.11 3.2909
4010.31 3.29105
4013.5 3.29121
4016.69 3.29136
4019.88 3.29152
4023.07 3.29167
4026.26 3.29183
4029.45 3.29198
4032.65 3.29214
4035.84 3.29229
4039.03 3.29245
4042.22 3.2926
4045.42 3.29275
4048.61 3.29291
4051.8 3.29306
4054.99 3.29321
4058.19 3.29337
4061.38 3.29352
4064.57 3.29367
4067.77 3.29383
4070.96 3.29398
4074.16 3.29413
4077.35 3.29428
4080.54 3.29444
4083.74 3.29459
4086.93 3.29474
4090.13 3.29489
4093.32 3.29505
4096.52 3.2952
4099.71 3.29535
4102.91 3.2955
4106.1 3.29565
4109.3 3.2958
4112.5 3.29595
4115.69 3.29611
4118.89 3.29626
4122.08 3.29641
4125.28 3.29656
4128.48 3.29671
4131.67 3.29686
4134.87 3.29701
4138.07 3.29716
4141.26 3.29731
4144.46 3.29746
4147.66 3.29761
4150.86 3.29776
4154.05 3.29791
4157.25 3.29806
4160.45 3.29821
4163.65 3.29836
4166.85 3.29851
4170.05 3.29866
4173.24 3.2988
4176.44 3.29895
4179.64 3.2991
4182.84 3.29925
4186.04 3.2994
4189.24 3.29955
4192.44 3.2997
4195.64 3.29984
4198.84 3.29999
4202.04 3.30014
4205.24 3.30029
4208.44 3.30044
4211.64 3.30058
4214.84 3.30073
4218.04 3.30088
4221.24 3.30102
4224.44 3.30117
4227.64 3.30132
4230.85 3.30147
4234.05 3.30161
4237.25 3.30176
4240.45 3.30191
4243.65 3.30205
4246.85 3.3022
4250.06 3.30234
4253.26 3.30249
4256.46 3.30264
4259.66 3.30278
4262.87 3.30293
4266.07 3.30307
4269.27 3.30322
4272.48 3.30336
4275.68 3.30351
4278.88 3.30366
4282.09 3.3038
4285.29 3.30395
4288.49 3.30409
4291.7 3.30423
4294.9 3.30438
4298.11 3.30452
4301.31 3.30467
4304.52 3.30481
4307.72 3.30496
4310.93 3.3051
4314.13 3.30524
4317.34 3.30539
4320.54 3.30553
4323.75 3.30568
4326.95 3.30582
4330.16 3.30596
4333.36 3.30611
4336.57 3.30625
4339.78 3.30639
4342.98 3.30654
4346.19 3.30668
4349.4 3.30682
4352.6 3.30696
4355.81 3.30711
4359.02 3.30725
4362.22 3.30739
4365.43 3.30753
4368.64 3.30767
4371.85 3.30782
4375.06 3.30796
4378.26 3.3081
4381.47 3.30824
4384.68 3.30838
4387.89 3.30853
4391.1 3.30867
4394.3 3.30881
4397.51 3.30895
4400.72 3.30909
4403.93 3.30923
4407.14 3.30937
4410.35 3.30951
4413.56 3.30965
4416.77 3.30979
4419.98 3.30993
4423.19 3.31007
4426.4 3.31021
4429.61 3.31035
4432.82 3.31049
4436.03 3.31063
4439.24 3.31077
4442.45 3.31091
4445.66 3.31105
4448.87 3.31119
4452.09 3.31133
4455.3 3.31147
4458.51 3.31161
4461.72 3.31175
4464.93 3.31189
4468.14 3.31203
4471.36 3.31217
4474.57 3.3123
4477.78 3.31244
4480.99 3.31258
4484.21 3.31272
4487.42 3.31286
4490.63 3.313
4493.84 3.31313
4497.06 3.31327
4500.27 3.31341
4503.48 3.31355
4506.7 3.31368
4509.91 3.31382
4513.12 3.31396
4516.34 3.3141
4519.55 3.31423
4522.77 3.31437
4525.98 3.31451
4529.2 3.31465
4532.41 3.31478
4535.63 3.31492
4538.84 3.31506
4542.05 3.31519
4545.27 3.31533
4548.49 3.31546
4551.7 3.3156
4554.92 3.31574
4558.13 3.31587
4561.35 3.31601
4564.56 3.31614
4567.78 3.31628
4571 3.31642
4574.21 3.31655
4577.43 3.31669
4580.65 3.31682
4583.86 3.31696
4587.08 3.31709
4590.3 3.31723
4593.51 3.31736
4596.73 3.3175
4599.95 3.31763
4603.17 3.31777
4606.38 3.3179
4609.6 3.31804
4612.82 3.31817
4616.04 3.3183
4619.26 3.31844
4622.48 3.31857
4625.69 3.31871
4628.91 3.31884
4632.13 3.31897
4635.35 3.31911
4638.57 3.31924
4641.79 3.31937
4645.01 3.31951
4648.23 3.31964
4651.45 3.31977
4654.67 3.31991
4657.89 3.32004
4661.11 3.32017
4664.33 3.32031
4667.55 3.32044
4670.77 3.32057
4673.99 3.3207
4677.21 3.32084
4680.43 3.32097
4683.65 3.3211
4686.87 3.32123
4690.09 3.32136
4693.31 3.3215
4696.54 3.32163
4699.76 3.32176
4702.98 3.32189
4706.2 3.32202
4709.42 3.32216
4712.65 3.32229
4715.87 3.32242
4719.09 3.32255
4722.31 3.32268
4725.54 3.32281
4728.76 3.32294
4731.98 3.32307
4735.2 3.3232
4738.43 3.32333
4741.65 3.32347
4744.87 3.3236
4748.1 3.32373
4751.32 3.32386
4754.55 3.32399
4757.77 3.32412
4760.99 3.32425
4764.22 3.32438
4767.44 3.32451
4770.67 3.32464
4773.89 3.32477
4777.12 3.3249
4780.34 3.32502
4783.57 3.32515
4786.79 3.32528
4790.02 3.32541
4793.24 3.32554
4796.47 3.32567
4799.69 3.3258
4802.92 3.32593
4806.15 3.32606
4809.37 3.32619
4812.6 3.32631
4815.82 3.32644
4819.05 3.32657
4822.28 3.3267
4825.5 3.32683
4828.73 3.32696
4831.96 3.32708
4835.18 3.32721
4838.41 3.32734
4841.64 3.32747
4844.87 3.3276
4848.09 3.32772
4851.32 3.32785
4854.55 3.32798
4857.78 3.32811
4861.01 3.32823
4864.23 3.32836
4867.46 3.32849
4870.69 3.32861
4873.92 3.32874
4877.15 3.32887
4880.38 3.32899
4883.61 3.32912
4886.83 3.32925
4890.06 3.32937
4893.29 3.3295
4896.52 3.32963
4899.75 3.32975
4902.98 3.32988
4906.21 3.33001
4909.44 3.33013
4912.67 3.33026
4915.9 3.33038
4919.13 3.33051
4922.36 3.33063
4925.59 3.33076
4928.82 3.33089
4932.06 3.33101
4935.29 3.33114
4938.52 3.33126
4941.75 3.33139
4944.98 3.33151
4948.21 3.33164
4951.44 3.33176
4954.68 3.33189
4957.91 3.33201
4961.14 3.33214
4964.37 3.33226
4967.6 3.33238
4970.84 3.33251
4974.07 3.33263
4977.3 3.33276
4980.53 3.33288
4983.77 3.33301
4987 3.33313
4990.23 3.33325
4993.47 3.33338
4996.7 3.3335
4999.93 3.33362
5003.17 3.33375
5006.4 3.33387
5009.63 3.33399
5012.87 3.33412
5016.1 3.33424
5019.34 3.33436
5022.57 3.33449
5025.8 3.33461
5029.04 3.33473
5032.27 3.33486
5035.51 3.33498
5038.74 3.3351
5041.98 3.33522
5045.21 3.33535
5048.45 3.33547
5051.68 3.33559
5054.92 3.33571
5058.16 3.33583
5061.39 3.33596
5064.63 3.33608
5067.86 3.3362
5071.1 3.33632
5074.34 3.33644
5077.57 3.33657
5080.81 3.33669
5084.05 3.33681
5087.28 3.33693
5090.52 3.33705
5093.76 3.33717
5096.99 3.33729
5100.23 3.33742
5103.47 3.33754
5106.71 3.33766
5109.94 3.33778
5113.18 3.3379
5116.42 3.33802
5119.66 3.33814
5122.89 3.33826
5126.13 3.33838
5129.37 3.3385
5132.61 3.33862
5135.85 3.33874
5139.09 3.33886
5142.33 3.33898
5145.56 3.3391
5148.8 3.33922
5152.04 3.33934
5155.28 3.33946
5158.52 3.33958
5161.76 3.3397
5165 3.33982
5168.24 3.33994
5171.48 3.34006
5174.72 3.34018
5177.96 3.3403
5181.2 3.34042
5184.44 3.34054
5187.68 3.34066
5190.92 3.34077
5194.16 3.34089
5197.4 3.34101
5200.65 3.34113
5203.89 3.34125
5207.13 3.34137
5210.37 3.34149
5213.61 3.34161
5216.85 3.34172
5220.09 3.34184
5223.34 3.34196
5226.58 3.34208
5229.82 3.3422
5233.06 3.34231
5236.3 3.34243
5239.55 3.34255
5242.79 3.34267
5246.03 3.34278
5249.27 3.3429
5252.52 3.34302
5255.76 3.34314
5259 3.34325
5262.25 3.34337
5265.49 3.34349
5268.73 3.34361
5271.98 3.34372
5275.22 3.34384
5278.46 3.34396
5281.71 3.34407
5284.95 3.34419
5288.2 3.34431
5291.44 3.34442
5294.69 3.34454
5297.93 3.34466
5301.18 3.34477
5304.42 3.34489
5307.67 3.34501
5310.91 3.34512
5314.16 3.34524
5317.4 3.34535
5320.65 3.34547
5323.89 3.34559
5327.14 3.3457
5330.38 3.34582
5333.63 3.34593
5336.87 3.34605
5340.12 3.34616
5343.37 3.34628
5346.61 3.3464
5349.86 3.34651
5353.11 3.34663
5356.35 3.34674
5359.6 3.34686
5362.85 3.34697
5366.09 3.34709
5369.34 3.3472
5372.59 3.34732
5375.83 3.34743
5379.08 3.34754
5382.33 3.34766
5385.58 3.34777
5388.82 3.34789
5392.07 3.348
5395.32 3.34812
5398.57 3.34823
5401.82 3.34835
5405.07 3.34846
5408.31 3.34857
5411.56 3.34869
5414.81 3.3488
5418.06 3.34891
5421.31 3.34903
5424.56 3.34914
5427.81 3.34926
5431.06 3.34937
5434.31 3.34948
5437.56 3.3496
5440.8 3.34971
5444.05 3.34982
5447.3 3.34994
5450.55 3.35005
5453.8 3.35016
5457.05 3.35028
5460.3 3.35039
5463.56 3.3505
5466.81 3.35061
5470.06 3.35073
5473.31 3.35084
5476.56 3.35095
5479.81 3.35106
5483.06 3.35118
5486.31 3.35129
5489.56 3.3514
5492.81 3.35151
5496.06 3.35162
5499.32 3.35174
5502.57 3.35185
5505.82 3.35196
5509.07 3.35207
5512.32 3.35218
5515.58 3.3523
5518.83 3.35241
5522.08 3.35252
5525.33 3.35263
5528.59 3.35274
5531.84 3.35285
5535.09 3.35297
5538.34 3.35308
5541.6 3.35319
5544.85 3.3533
5548.1 3.35341
5551.36 3.35352
5554.61 3.35363
5557.86 3.35374
5561.12 3.35385
5564.37 3.35396
5567.63 3.35407
5570.88 3.35419
5574.13 3.3543
5577.39 3.35441
5580.64 3.35452
5583.9 3.35463
5587.15 3.35474
5590.41 3.35485
5593.66 3.35496
5596.92 3.35507
5600.17 3.35518
5603.43 3.35529
5606.68 3.3554
5609.94 3.35551
5613.19 3.35562
5616.45 3.35573
5619.71 3.35584
5622.96 3.35595
5626.22 3.35605
5629.47 3.35616
5632.73 3.35627
5635.99 3.35638
5639.24 3.35649
5642.5 3.3566
5645.75 3.35671
5649.01 3.35682
5652.27 3.35693
5655.53 3.35704
5658.78 3.35715
5662.04 3.35725
5665.3 3.35736
5668.55 3.35747
5671.81 3.35758
5675.07 3.35769
5678.33 3.3578
5681.58 3.35791
5684.84 3.35801
5688.1 3.35812
5691.36 3.35823
5694.62 3.35834
5697.88 3.35845
5701.13 3.35855
5704.39 3.35866
5707.65 3.35877
5710.91 3.35888
5714.17 3.35899
5717.43 3.35909
5720.69 3.3592
5723.95 3.35931
5727.21 3.35942
5730.46 3.35952
5733.72 3.35963
5736.98 3.35974
5740.24 3.35984
5743.5 3.35995
5746.76 3.36006
5750.02 3.36017
5753.28 3.36027
5756.54 3.36038
5759.8 3.36049
5763.06 3.36059
5766.33 3.3607
5769.59 3.36081
5772.85 3.36091
5776.11 3.36102
5779.37 3.36113
5782.63 3.36123
5785.89 3.36134
5789.15 3.36145
5792.41 3.36155
5795.68 3.36166
5798.94 3.36176
5802.2 3.36187
5805.46 3.36198
5808.72 3.36208
5811.99 3.36219
5815.25 3.36229
5818.51 3.3624
5821.77 3.3625
5825.03 3.36261
5828.3 3.36272
5831.56 3.36282
5834.82 3.36293
5838.09 3.36303
5841.35 3.36314
5844.61 3.36324
5847.88 3.36335
5851.14 3.36345
5854.4 3.36356
5857.67 3.36366
5860.93 3.36377
5864.19 3.36387
5867.46 3.36398
5870.72 3.36408
5873.98 3.36419
5877.25 3.36429
5880.51 3.3644
5883.78 3.3645
5887.04 3.36461
5890.31 3.36471
5893.57 3.36481
5896.84 3.36492
5900.1 3.36502
5903.37 3.36513
5906.63 3.36523
5909.9 3.36533
5913.16 3.36544
5916.43 3.36554
5919.69 3.36565
5922.96 3.36575
5926.22 3.36585
5929.49 3.36596
5932.76 3.36606
5936.02 3.36616
5939.29 3.36627
5942.55 3.36637
5945.82 3.36648
5949.09 3.36658
5952.35 3.36668
5955.62 3.36679
5958.89 3.36689
5962.15 3.36699
5965.42 3.36709
5968.69 3.3672
5971.96 3.3673
5975.22 3.3674
5978.49 3.36751
5981.76 3.36761
5985.03 3.36771
5988.29 3.36781
5991.56 3.36792
5994.83 3.36802
5998.1 3.36812
6001.36 3.36822
6004.63 3.36833
6007.9 3.36843
6011.17 3.36853
6014.44 3.36863
6017.71 3.36874
6020.98 3.36884
6024.24 3.36894
6027.51 3.36904
6030.78 3.36914
6034.05 3.36924
6037.32 3.36935
6040.59 3.36945
6043.86 3.36955
6047.13 3.36965
6050.4 3.36975
6053.67 3.36985
6056.94 3.36996
6060.21 3.37006
6063.48 3.37016
6066.75 3.37026
6070.02 3.37036
6073.29 3.37046
6076.56 3.37056
6079.83 3.37066
6083.1 3.37077
6086.37 3.37087
6089.64 3.37097
6092.91 3.37107
6096.18 3.37117
6099.46 3.37127
6102.73 3.37137
6106 3.37147
6109.27 3.37157
6112.54 3.37167
6115.81 3.37177
6119.08 3.37187
6122.36 3.37197
6125.63 3.37207
6128.9 3.37217
6132.17 3.37227
6135.45 3.37237
6138.72 3.37247
6141.99 3.37257
6145.26 3.37267
6148.54 3.37277
6151.81 3.37287
6155.08 3.37297
6158.35 3.37307
6161.63 3.37317
6164.9 3.37327
6168.17 3.37337
6171.45 3.37347
6174.72 3.37357
6177.99 3.37367
6181.27 3.37377
6184.54 3.37387
6187.81 3.37397
6191.09 3.37407
6194.36 3.37417
6197.64 3.37426
6200.91 3.37436
6204.19 3.37446
6207.46 3.37456
6210.73 3.37466
6214.01 3.37476
6217.28 3.37486
6220.56 3.37496
6223.83 3.37506
6227.11 3.37515
6230.38 3.37525
6233.66 3.37535
6236.94 3.37545
6240.21 3.37555
6243.49 3.37565
6246.76 3.37574
6250.04 3.37584
6253.31 3.37594
6256.59 3.37604
6259.87 3.37614
6263.14 3.37623
6266.42 3.37633
6269.69 3.37643
6272.97 3.37653
6276.25 3.37663
6279.52 3.37672
6282.8 3.37682
6286.08 3.37692
6289.35 3.37702
6292.63 3.37711
6295.91 3.37721
6299.19 3.37731
6302.46 3.37741
6305.74 3.3775
6309.02 3.3776
6312.3 3.3777
6315.57 3.3778
6318.85 3.37789
6322.13 3.37799
6325.41 3.37809
6328.69 3.37818
6331.96 3.37828
6335.24 3.37838
6338.52 3.37847
6341.8 3.37857
6345.08 3.37867
6348.36 3.37876
6351.64 3.37886
6354.91 3.37896
6358.19 3.37905
6361.47 3.37915
6364.75 3.37925
6368.03 3.37934
6371.31 3.37944
6374.59 3.37954
6377.87 3.37963
6381.15 3.37973
6384.43 3.37982
6387.71 3.37992
6390.99 3.38002
6394.27 3.38011
6397.55 3.38021
6400.83 3.3803
6404.11 3.3804
6407.39 3.38049
6410.67 3.38059
6413.95 3.38069
6417.23 3.38078
6420.51 3.38088
6423.79 3.38097
6427.07 3.38107
6430.35 3.38116
6433.64 3.38126
6436.92 3.38135
6440.2 3.38145
6443.48 3.38154
6446.76 3.38164
6450.04 3.38173
6453.32 3.38183
6456.61 3.38192
6459.89 3.38202
6463.17 3.38211
6466.45 3.38221
6469.73 3.3823
6473.02 3.3824
6476.3 3.38249
6479.58 3.38259
6482.86 3.38268
6486.15 3.38278
6489.43 3.38287
6492.71 3.38297
6496 3.38306
6499.28 3.38315
6502.56 3.38325
6505.85 3.38334
6509.13 3.38344
6512.41 3.38353
6515.7 3.38363
6518.98 3.38372
6522.26 3.38381
6525.55 3.38391
6528.83 3.384
6532.11 3.3841
6535.4 3.38419
6538.68 3.38428
6541.97 3.38438
6545.25 3.38447
6548.54 3.38456
6551.82 3.38466
6555.1 3.38475
6558.39 3.38484
6561.67 3.38494
6564.96 3.38503
6568.24 3.38512
6571.53 3.38522
6574.81 3.38531
6578.1 3.3854
6581.39 3.3855
6584.67 3.38559
6587.96 3.38568
6591.24 3.38578
6594.53 3.38587
6597.81 3.38596
6601.1 3.38605
6604.39 3.38615
6607.67 3.38624
6610.96 3.38633
6614.24 3.38643
6617.53 3.38652
6620.82 3.38661
6624.1 3.3867
6627.39 3.3868
6630.68 3.38689
6633.96 3.38698
6637.25 3.38707
6640.54 3.38717
6643.83 3.38726
6647.11 3.38735
6650.4 3.38744
6653.69 3.38753
6656.98 3.38763
6660.26 3.38772
6663.55 3.38781
6666.84 3.3879
6670.13 3.38799
6673.41 3.38809
6676.7 3.38818
6679.99 3.38827
6683.28 3.38836
6686.57 3.38845
6689.86 3.38854
6693.14 3.38863
6696.43 3.38873
6699.72 3.38882
6703.01 3.38891
6706.3 3.389
6709.59 3.38909
6712.88 3.38918
6716.17 3.38927
6719.46 3.38937
6722.75 3.38946
6726.03 3.38955
6729.32 3.38964
6732.61 3.38973
6735.9 3.38982
6739.19 3.38991
6742.48 3.39
6745.77 3.39009
6749.06 3.39018
6752.35 3.39027
6755.64 3.39036
6758.93 3.39046
6762.22 3.39055
6765.52 3.39064
6768.81 3.39073
6772.1 3.39082
6775.39 3.39091
6778.68 3.391
6781.97 3.39109
6785.26 3.39118
6788.55 3.39127
6791.84 3.39136
6795.13 3.39145
6798.43 3.39154
6801.72 3.39163
6805.01 3.39172
6808.3 3.39181
6811.59 3.3919
6814.88 3.39199
6818.18 3.39208
6821.47 3.39217
6824.76 3.39226
6828.05 3.39235
6831.35 3.39244
6834.64 3.39253
6837.93 3.39262
6841.22 3.39271
6844.52 3.39279
6847.81 3.39288
6851.1 3.39297
6854.39 3.39306
6857.69 3.39315
6860.98 3.39324
6864.27 3.39333
6867.57 3.39342
6870.86 3.39351
6874.15 3.3936
6877.45 3.39369
6880.74 3.39378
6884.03 3.39386
6887.33 3.39395
6890.62 3.39404
6893.92 3.39413
6897.21 3.39422
6900.5 3.39431
6903.8 3.3944
6907.09 3.39449
6910.39 3.39457
6913.68 3.39466
6916.98 3.39475
6920.27 3.39484
6923.57 3.39493
6926.86 3.39502
6930.16 3.3951
6933.45 3.39519
6936.75 3.39528
6940.04 3.39537
6943.34 3.39546
6946.63 3.39555
6949.93 3.39563
6953.22 3.39572
6956.52 3.39581
6959.82 3.3959
6963.11 3.39598
6966.41 3.39607
6969.7 3.39616
6973 3.39625
6976.3 3.39634
6979.59 3.39642
6982.89 3.39651
6986.19 3.3966
6989.48 3.39669
6992.78 3.39677
6996.08 3.39686
6999.37 3.39695
7002.67 3.39704
7005.97 3.39712
7009.26 3.39721
7012.56 3.3973
7015.86 3.39738
7019.16 3.39747
7022.45 3.39756
7025.75 3.39765
7029.05 3.39773
7032.35 3.39782
7035.64 3.39791
7038.94 3.39799
7042.24 3.39808
7045.54 3.39817
7048.84 3.39825
7052.13 3.39834
7055.43 3.39843
7058.73 3.39851
7062.03 3.3986
7065.33 3.39869
7068.63 3.39877
7071.93 3.39886
7075.22 3.39895
7078.52 3.39903
7081.82 3.39912
7085.12 3.39921
7088.42 3.39929
7091.72 3.39938
7095.02 3.39946
7098.32 3.39955
7101.62 3.39964
7104.92 3.39972
7108.22 3.39981
7111.52 3.39989
7114.82 3.39998
7118.12 3.40007
7121.42 3.40015
7124.72 3.40024
7128.02 3.40032
7131.32 3.40041
7134.62 3.4005
7137.92 3.40058
7141.22 3.40067
7144.52 3.40075
7147.82 3.40084
7151.12 3.40092
7154.42 3.40101
7157.72 3.40109
7161.02 3.40118
7164.33 3.40126
7167.63 3.40135
7170.93 3.40143
7174.23 3.40152
7177.53 3.4016
7180.83 3.40169
7184.14 3.40178
7187.44 3.40186
7190.74 3.40195
7194.04 3.40203
7197.34 3.40211
7200.65 3.4022
7203.95 3.40228
7207.25 3.40237
7210.55 3.40245
7213.85 3.40254
7217.16 3.40262
7220.46 3.40271
7223.76 3.40279
7227.06 3.40288
7230.37 3.40296
7233.67 3.40305
7236.97 3.40313
7240.28 3.40321
7243.58 3.4033
7246.88 3.40338
7250.19 3.40347
7253.49 3.40355
7256.79 3.40364
7260.1 3.40372
7263.4 3.4038
7266.71 3.40389
7270.01 3.40397
7273.31 3.40406
7276.62 3.40414
7279.92 3.40422
7283.23 3.40431
7286.53 3.40439
7289.83 3.40448
7293.14 3.40456
7296.44 3.40464
7299.75 3.40473
7303.05 3.40481
7306.36 3.40489
7309.66 3.40498
7312.97 3.40506
7316.27 3.40514
7319.58 3.40523
7322.88 3.40531
7326.19 3.4054
7329.49 3.40548
7332.8 3.40556
7336.1 3.40564
7339.41 3.40573
7342.72 3.40581
7346.02 3.40589
7349.33 3.40598
7352.63 3.40606
7355.94 3.40614
7359.25 3.40623
7362.55 3.40631
7365.86 3.40639
7369.16 3.40648
7372.47 3.40656
7375.78 3.40664
7379.08 3.40672
7382.39 3.40681
7385.7 3.40689
7389 3.40697
7392.31 3.40705
7395.62 3.40714
7398.93 3.40722
7402.23 3.4073
7405.54 3.40738
7408.85 3.40747
7412.16 3.40755
7415.46 3.40763
7418.77 3.40771
7422.08 3.4078
7425.39 3.40788
7428.69 3.40796
7432 3.40804
7435.31 3.40812
7438.62 3.40821
7441.93 3.40829
7445.23 3.40837
7448.54 3.40845
7451.85 3.40853
7455.16 3.40862
7458.47 3.4087
7461.78 3.40878
7465.09 3.40886
7468.4 3.40894
7471.7 3.40903
7475.01 3.40911
7478.32 3.40919
7481.63 3.40927
7484.94 3.40935
7488.25 3.40943
7491.56 3.40951
7494.87 3.4096
7498.18 3.40968
7501.49 3.40976
7504.8 3.40984
7508.11 3.40992
7511.42 3.41
7514.73 3.41008
7518.04 3.41017
7521.35 3.41025
7524.66 3.41033
7527.97 3.41041
7531.28 3.41049
7534.59 3.41057
7537.9 3.41065
7541.21 3.41073
7544.52 3.41081
7547.83 3.41089
7551.14 3.41097
7554.45 3.41106
7557.77 3.41114
7561.08 3.41122
7564.39 3.4113
7567.7 3.41138
7571.01 3.41146
7574.32 3.41154
7577.63 3.41162
7580.95 3.4117
7584.26 3.41178
7587.57 3.41186
7590.88 3.41194
7594.19 3.41202
7597.5 3.4121
7600.82 3.41218
7604.13 3.41226
7607.44 3.41234
7610.75 3.41242
7614.07 3.4125
7617.38 3.41258
7620.69 3.41266
7624 3.41274
7627.32 3.41282
7630.63 3.4129
7633.94 3.41298
7637.26 3.41306
7640.57 3.41314
7643.88 3.41322
7647.19 3.4133
7650.51 3.41338
7653.82 3.41346
7657.13 3.41354
7660.45 3.41362
7663.76 3.4137
7667.08 3.41378
7670.39 3.41386
7673.7 3.41394
7677.02 3.41402
7680.33 3.4141
7683.65 3.41418
7686.96 3.41426
7690.27 3.41434
7693.59 3.41442
7696.9 3.41449
7700.22 3.41457
7703.53 3.41465
7706.85 3.41473
7710.16 3.41481
7713.48 3.41489
7716.79 3.41497
7720.11 3.41505
7723.42 3.41513
7726.74 3.41521
7730.05 3.41529
7733.37 3.41536
7736.68 3.41544
7740 3.41552
7743.31 3.4156
7746.63 3.41568
7749.94 3.41576
7753.26 3.41584
7756.58 3.41592
7759.89 3.41599
7763.21 3.41607
7766.52 3.41615
7769.84 3.41623
7773.16 3.41631
7776.47 3.41639
7779.79 3.41646
7783.1 3.41654
7786.42 3.41662
7789.74 3.4167
7793.05 3.41678
7796.37 3.41686
7799.69 3.41693
7803.01 3.41701
7806.32 3.41709
7809.64 3.41717
7812.96 3.41725
7816.27 3.41732
7819.59 3.4174
7822.91 3.41748
7826.23 3.41756
7829.54 3.41764
7832.86 3.41771
7836.18 3.41779
7839.5 3.41787
7842.81 3.41795
7846.13 3.41802
7849.45 3.4181
7852.77 3.41818
7856.09 3.41826
7859.41 3.41834
7862.72 3.41841
7866.04 3.41849
7869.36 3.41857
7872.68 3.41865
7876 3.41872
7879.32 3.4188
7882.64 3.41888
7885.95 3.41895
7889.27 3.41903
7892.59 3.41911
7895.91 3.41919
7899.23 3.41926
7902.55 3.41934
7905.87 3.41942
7909.19 3.41949
7912.51 3.41957
7915.83 3.41965
7919.15 3.41973
7922.47 3.4198
7925.79 3.41988
7929.11 3.41996
7932.43 3.42003
7935.75 3.42011
7939.07 3.42019
7942.39 3.42026
7945.71 3.42034
7949.03 3.42042
7952.35 3.42049
7955.67 3.42057
7958.99 3.42065
7962.31 3.42072
7965.63 3.4208
7968.95 3.42088
7972.27 3.42095
7975.59 3.42103
7978.91 3.4211
7982.23 3.42118
7985.56 3.42126
7988.88 3.42133
7992.2 3.42141
7995.52 3.42149
7998.84 3.42156
8002.16 3.42164
8005.48 3.42171
8008.81 3.42179
8012.13 3.42187
8015.45 3.42194
8018.77 3.42202
8022.09 3.42209
8025.42 3.42217
8028.74 3.42225
8032.06 3.42232
8035.38 3.4224
8038.71 3.42247
8042.03 3.42255
8045.35 3.42263
8048.67 3.4227
8052 3.42278
8055.32 3.42285
8058.64 3.42293
8061.96 3.423
8065.29 3.42308
8068.61 3.42315
8071.93 3.42323
8075.26 3.4233
8078.58 3.42338
8081.9 3.42346
8085.23 3.42353
8088.55 3.42361
8091.87 3.42368
8095.2 3.42376
8098.52 3.42383
8101.85 3.42391
8105.17 3.42398
8108.49 3.42406
8111.82 3.42413
8115.14 3.42421
8118.47 3.42428
8121.79 3.42436
8125.11 3.42443
8128.44 3.42451
8131.76 3.42458
8135.09 3.42466
8138.41 3.42473
8141.74 3.42481
8145.06 3.42488
8148.39 3.42496
8151.71 3.42503
8155.04 3.42511
8158.36 3.42518
8161.69 3.42525
8165.01 3.42533
8168.34 3.4254
8171.66 3.42548
8174.99 3.42555
8178.31 3.42563
8181.64 3.4257
8184.97 3.42578
8188.29 3.42585
8191.62 3.42592
8194.94 3.426
8198.27 3.42607
8201.6 3.42615
8204.92 3.42622
8208.25 3.4263
8211.57 3.42637
8214.9 3.42644
8218.23 3.42652
8221.55 3.42659
8224.88 3.42667
8228.21 3.42674
8231.53 3.42681
8234.86 3.42689
8238.19 3.42696
8241.51 3.42704
8244.84 3.42711
8248.17 3.42718
8251.5 3.42726
8254.82 3.42733
8258.15 3.4274
8261.48 3.42748
8264.8 3.42755
8268.13 3.42762
8271.46 3.4277
8274.79 3.42777
8278.12 3.42785
8281.44 3.42792
8284.77 3.42799
8288.1 3.42807
8291.43 3.42814
8294.76 3.42821
8298.08 3.42829
8301.41 3.42836
8304.74 3.42843
8308.07 3.42851
8311.4 3.42858
8314.72 3.42865
8318.05 3.42873
8321.38 3.4288
8324.71 3.42887
8328.04 3.42894
8331.37 3.42902
8334.7 3.42909
8338.03 3.42916
8341.36 3.42924
8344.69 3.42931
8348.02 3.42938
8351.34 3.42946
8354.67 3.42953
8358 3.4296
8361.33 3.42967
8364.66 3.42975
8367.99 3.42982
8371.32 3.42989
8374.65 3.42996
8377.98 3.43004
8381.31 3.43011
8384.64 3.43018
8387.97 3.43025
8391.3 3.43033
8394.63 3.4304
8397.96 3.43047
8401.29 3.43054
8404.62 3.43062
8407.96 3.43069
8411.29 3.43076
8414.62 3.43083
8417.95 3.43091
8421.28 3.43098
8424.61 3.43105
8427.94 3.43112
8431.27 3.43119
8434.6 3.43127
8437.93 3.43134
8441.27 3.43141
8444.6 3.43148
8447.93 3.43155
8451.26 3.43163
8454.59 3.4317
8457.92 3.43177
8461.26 3.43184
8464.59 3.43191
8467.92 3.43199
8471.25 3.43206
8474.58 3.43213
8477.92 3.4322
8481.25 3.43227
8484.58 3.43234
8487.91 3.43242
8491.24 3.43249
8494.58 3.43256
8497.91 3.43263
8501.24 3.4327
8504.58 3.43277
8507.91 3.43285
8511.24 3.43292
8514.57 3.43299
8517.91 3.43306
8521.24 3.43313
8524.57 3.4332
8527.91 3.43327
8531.24 3.43334
8534.57 3.43342
8537.91 3.43349
8541.24 3.43356
8544.57 3.43363
8547.91 3.4337
8551.24 3.43377
8554.57 3.43384
8557.91 3.43391
8561.24 3.43398
8564.58 3.43406
8567.91 3.43413
8571.24 3.4342
8574.58 3.43427
8577.91 3.43434
8581.25 3.43441
8584.58 3.43448
8587.92 3.43455
8591.25 3.43462
8594.58 3.43469
8597.92 3.43476
8601.25 3.43483
8604.59 3.43491
8607.92 3.43498
8611.26 3.43505
8614.59 3.43512
8617.93 3.43519
8621.26 3.43526
8624.6 3.43533
8627.93 3.4354
8631.27 3.43547
8634.61 3.43554
8637.94 3.43561
8641.28 3.43568
8644.61 3.43575
8647.95 3.43582
8651.29 3.43589
8654.62 3.43596
8657.96 3.43603
8661.29 3.4361
8664.63 3.43617
8667.96 3.43624
8671.3 3.43631
8674.64 3.43638
8677.97 3.43645
8681.31 3.43652
8684.65 3.43659
8687.98 3.43666
8691.32 3.43673
8694.66 3.4368
8697.99 3.43687
8701.33 3.43694
8704.67 3.43701
8708 3.43708
8711.34 3.43715
8714.68 3.43722
8718.02 3.43729
8721.35 3.43736
8724.69 3.43743
8728.03 3.4375
8731.37 3.43757
8734.7 3.43764
8738.04 3.43771
8741.38 3.43778
8744.72 3.43785
8748.05 3.43792
8751.39 3.43799
8754.73 3.43805
8758.07 3.43812
8761.41 3.43819
8764.74 3.43826
8768.08 3.43833
8771.42 3.4384
8774.76 3.43847
8778.1 3.43854
8781.44 3.43861
8784.78 3.43868
8788.11 3.43875
8791.45 3.43882
8794.79 3.43889
8798.13 3.43895
8801.47 3.43902
8804.81 3.43909
8808.15 3.43916
8811.49 3.43923
8814.83 3.4393
8818.16 3.43937
8821.5 3.43944
8824.84 3.43951
8828.18 3.43957
8831.52 3.43964
8834.86 3.43971
8838.2 3.43978
8841.54 3.43985
8844.88 3.43992
8848.22 3.43999
8851.56 3.44006
8854.9 3.44012
8858.24 3.44019
8861.58 3.44026
8864.92 3.44033
8868.26 3.4404
8871.6 3.44047
8874.94 3.44053
8878.28 3.4406
8881.63 3.44067
8884.97 3.44074
8888.31 3.44081
8891.65 3.44088
8894.99 3.44094
8898.33 3.44101
8901.67 3.44108
8905.01 3.44115
8908.35 3.44122
8911.69 3.44129
8915.03 3.44135
8918.38 3.44142
8921.72 3.44149
8925.06 3.44156
8928.4 3.44163
8931.74 3.44169
8935.08 3.44176
8938.43 3.44183
8941.77 3.4419
8945.11 3.44197
8948.45 3.44203
8951.79 3.4421
8955.13 3.44217
8958.48 3.44224
8961.82 3.4423
8965.16 3.44237
8968.5 3.44244
8971.85 3.44251
8975.19 3.44258
8978.53 3.44264
8981.88 3.44271
8985.22 3.44278
8988.56 3.44285
8991.9 3.44291
8995.25 3.44298
8998.59 3.44305
9001.93 3.44312
9005.27 3.44318
9008.62 3.44325
9011.96 3.44332
9015.3 3.44338
9018.65 3.44345
9021.99 3.44352
9025.33 3.44359
9028.68 3.44365
9032.02 3.44372
9035.37 3.44379
9038.71 3.44386
9042.05 3.44392
9045.4 3.44399
9048.74 3.44406
9052.08 3.44412
9055.43 3.44419
9058.77 3.44426
9062.12 3.44432
9065.46 3.44439
9068.81 3.44446
9072.15 3.44453
9075.5 3.44459
9078.84 3.44466
9082.19 3.44473
9085.53 3.44479
9088.88 3.44486
9092.22 3.44493
9095.56 3.44499
9098.91 3.44506
9102.25 3.44513
9105.6 3.44519
9108.94 3.44526
9112.29 3.44533
9115.63 3.44539
9118.98 3.44546
9122.33 3.44553
9125.67 3.44559
9129.02 3.44566
9132.36 3.44573
9135.71 3.44579
9139.05 3.44586
9142.4 3.44592
9145.75 3.44599
9149.09 3.44606
9152.44 3.44612
9155.78 3.44619
9159.13 3.44626
9162.48 3.44632
9165.82 3.44639
9169.17 3.44645
9172.52 3.44652
9175.86 3.44659
9179.21 3.44665
9182.56 3.44672
9185.9 3.44678
9189.25 3.44685
9192.6 3.44692
9195.94 3.44698
9199.29 3.44705
9202.64 3.44711
9205.98 3.44718
9209.33 3.44725
9212.68 3.44731
9216.03 3.44738
9219.37 3.44744
9222.72 3.44751
9226.07 3.44758
9229.42 3.44764
9232.76 3.44771
9236.11 3.44777
9239.46 3.44784
9242.81 3.4479
9246.15 3.44797
9249.5 3.44803
9252.85 3.4481
9256.2 3.44817
9259.55 3.44823
9262.89 3.4483
9266.24 3.44836
9269.59 3.44843
9272.94 3.44849
9276.29 3.44856
9279.64 3.44862
9282.99 3.44869
9286.33 3.44875
9289.68 3.44882
9293.03 3.44888
9296.38 3.44895
9299.73 3.44902
9303.08 3.44908
9306.43 3.44915
9309.78 3.44921
9313.13 3.44928
9316.48 3.44934
9319.83 3.44941
9323.17 3.44947
9326.52 3.44954
9329.87 3.4496
9333.22 3.44967
9336.57 3.44973
9339.92 3.4498
9343.27 3.44986
9346.62 3.44993
9349.97 3.44999
9353.32 3.45005
9356.67 3.45012
9360.02 3.45018
9363.37 3.45025
9366.72 3.45031
9370.07 3.45038
9373.42 3.45044
9376.77 3.45051
9380.13 3.45057
9383.48 3.45064
9386.83 3.4507
9390.18 3.45077
9393.53 3.45083
9396.88 3.4509
9400.23 3.45096
9403.58 3.45102
9406.93 3.45109
9410.28 3.45115
9413.63 3.45122
9416.98 3.45128
9420.34 3.45135
9423.69 3.45141
9427.04 3.45147
9430.39 3.45154
9433.74 3.4516
9437.09 3.45167
9440.45 3.45173
9443.8 3.4518
9447.15 3.45186
9450.5 3.45192
9453.85 3.45199
9457.2 3.45205
9460.56 3.45212
9463.91 3.45218
9467.26 3.45224
9470.61 3.45231
9473.97 3.45237
9477.32 3.45244
9480.67 3.4525
9484.02 3.45256
9487.38 3.45263
9490.73 3.45269
9494.08 3.45276
9497.43 3.45282
9500.79 3.45288
9504.14 3.45295
9507.49 3.45301
9510.84 3.45307
9514.2 3.45314
9517.55 3.4532
9520.9 3.45327
9524.26 3.45333
9527.61 3.45339
9530.96 3.45346
9534.32 3.45352
9537.67 3.45358
9541.03 3.45365
9544.38 3.45371
9547.73 3.45377
9551.09 3.45384
9554.44 3.4539
9557.79 3.45396
9561.15 3.45403
9564.5 3.45409
9567.86 3.45415
9571.21 3.45422
9574.56 3.45428
9577.92 3.45434
9581.27 3.45441
9584.63 3.45447
9587.98 3.45453
9591.34 3.4546
9594.69 3.45466
9598.05 3.45472
9601.4 3.45479
9604.75 3.45485
9608.11 3.45491
9611.46 3.45498
9614.82 3.45504
9618.17 3.4551
9621.53 3.45516
9624.88 3.45523
9628.24 3.45529
9631.6 3.45535
9634.95 3.45542
9638.31 3.45548
9641.66 3.45554
9645.02 3.4556
9648.37 3.45567
9651.73 3.45573
9655.08 3.45579
9658.44 3.45585
9661.79 3.45592
9665.15 3.45598
9668.51 3.45604
9671.86 3.45611
9675.22 3.45617
9678.58 3.45623
9681.93 3.45629
9685.29 3.45636
9688.65 3.45642
9692 3.45648
9695.36 3.45654
9698.71 3.45661
9702.07 3.45667
9705.43 3.45673
9708.78 3.45679
9712.14 3.45686
9715.5 3.45692
9718.85 3.45698
9722.21 3.45704
9725.57 3.4571
9728.93 3.45717
9732.28 3.45723
9735.64 3.45729
9739 3.45735
9742.36 3.45742
9745.71 3.45748
9749.07 3.45754
9752.43 3.4576
9755.79 3.45766
9759.14 3.45773
9762.5 3.45779
9765.86 3.45785
9769.21 3.45791
9772.57 3.45797
9775.93 3.45804
9779.29 3.4581
9782.65 3.45816
9786.01 3.45822
9789.37 3.45828
9792.72 3.45834
9796.08 3.45841
9799.44 3.45847
9802.8 3.45853
9806.16 3.45859
9809.52 3.45865
9812.87 3.45872
9816.23 3.45878
9819.59 3.45884
9822.95 3.4589
9826.31 3.45896
9829.67 3.45902
9833.03 3.45908
9836.39 3.45915
9839.75 3.45921
9843.11 3.45927
9846.46 3.45933
9849.82 3.45939
9853.18 3.45945
9856.54 3.45952
9859.9 3.45958
9863.26 3.45964
9866.62 3.4597
9869.98 3.45976
9873.34 3.45982
9876.7 3.45988
9880.06 3.45994
9883.42 3.46001
9886.78 3.46007
9890.14 3.46013
9893.5 3.46019
9896.86 3.46025
9900.22 3.46031
9903.58 3.46037
9906.94 3.46043
9910.3 3.46049
9913.66 3.46056
9917.02 3.46062
9920.38 3.46068
9923.74 3.46074
9927.1 3.4608
9930.46 3.46086
9933.83 3.46092
9937.19 3.46098
9940.55 3.46104
9943.91 3.4611
9947.27 3.46117
9950.63 3.46123
9953.99 3.46129
9957.36 3.46135
9960.72 3.46141
9964.08 3.46147
9967.44 3.46153
9970.8 3.46159
9974.16 3.46165
9977.52 3.46171
9980.88 3.46177
9984.25 3.46183
9987.61 3.46189
9990.97 3.46195
9994.33 3.46201
9997.7 3.46208
10001.1 3.46214
10004.4 3.4622
10007.8 3.46226
10011.1 3.46232
10014.5 3.46238
10017.9 3.46244
10021.2 3.4625
10024.6 3.46256
10028 3.46262
10031.3 3.46268
10034.7 3.46274
10038 3.4628
10041.4 3.46286
10044.8 3.46292
10048.1 3.46298
10051.5 3.46304
10054.9 3.4631
10058.2 3.46316
10061.6 3.46322
10064.9 3.46328
10068.3 3.46334
10071.7 3.4634
10075 3.46346
10078.4 3.46352
10081.8 3.46358
10085.1 3.46364
10088.5 3.4637
10091.9 3.46376
10095.2 3.46382
10098.6 3.46388
10101.9 3.46394
10105.3 3.464
10108.7 3.46406
10112 3.46412
10115.4 3.46418
10118.8 3.46424
10122.1 3.4643
10125.5 3.46436
10128.9 3.46442
10132.2 3.46448
10135.6 3.46454
10139 3.4646
10142.3 3.46466
10145.7 3.46472
10149 3.46478
10152.4 3.46484
10155.8 3.4649
10159.1 3.46496
10162.5 3.46502
10165.9 3.46508
10169.2 3.46513
10172.6 3.46519
10176 3.46525
10179.3 3.46531
10182.7 3.46537
10186.1 3.46543
10189.4 3.46549
10192.8 3.46555
10196.2 3.46561
10199.5 3.46567
10202.9 3.46573
10206.3 3.46579
10209.6 3.46585
10213 3.46591
10216.4 3.46596
10219.7 3.46602
10223.1 3.46608
10226.5 3.46614
10229.8 3.4662
10233.2 3.46626
10236.6 3.46632
10239.9 3.46638
10243.3 3.46644
10246.7 3.4665
10250 3.46656
10253.4 3.46661
10256.8 3.46667
10260.1 3.46673
10263.5 3.46679
10266.9 3.46685
10270.2 3.46691
10273.6 3.46697
10277 3.46703
10280.3 3.46709
10283.7 3.46714
10287.1 3.4672
10290.4 3.46726
10293.8 3.46732
10297.2 3.46738
10300.5 3.46744
10303.9 3.4675
10307.3 3.46755
10310.6 3.46761
10314 3.46767
10317.4 3.46773
10320.7 3.46779
10324.1 3.46785
10327.5 3.46791
10330.8 3.46796
10334.2 3.46802
10337.6 3.46808
10340.9 3.46814
10344.3 3.4682
10347.7 3.46826
10351 3.46832
10354.4 3.46837
10357.8 3.46843
10361.1 3.46849
10364.5 3.46855
10367.9 3.46861
10371.2 3.46867
10374.6 3.46872
10378 3.46878
10381.4 3.46884
10384.7 3.4689
10388.1 3.46896
10391.5 3.46901
10394.8 3.46907
10398.2 3.46913
10401.6 3.46919
10404.9 3.46925
10408.3 3.46931
10411.7 3.46936
10415 3.46942
10418.4 3.46948
10421.8 3.46954
10425.2 3.46959
10428.5 3.46965
10431.9 3.46971
10435.3 3.46977
10438.6 3.46983
10442 3.46988
10445.4 3.46994
10448.7 3.47
10452.1 3.47006
10455.5 3.47012
10458.9 3.47017
10462.2 3.47023
10465.6 3.47029
10469 3.47035
10472.3 3.4704
10475.7 3.47046
10479.1 3.47052
10482.4 3.47058
10485.8 3.47064
10489.2 3.47069
10492.6 3.47075
10495.9 3.47081
10499.3 3.47087
10502.7 3.47092
10506 3.47098
10509.4 3.47104
10512.8 3.4711
10516.2 3.47115
10519.5 3.47121
10522.9 3.47127
10526.3 3.47133
10529.6 3.47138
10533 3.47144
10536.4 3.4715
10539.8 3.47155
10543.1 3.47161
10546.5 3.47167
10549.9 3.47173
10553.2 3.47178
10556.6 3.47184
10560 3.4719
10563.4 3.47196
10566.7 3.47201
10570.1 3.47207
10573.5 3.47213
10576.8 3.47218
10580.2 3.47224
10583.6 3.4723
10587 3.47235
10590.3 3.47241
10593.7 3.47247
10597.1 3.47253
10600.5 3.47258
10603.8 3.47264
10607.2 3.4727
10610.6 3.47275
10613.9 3.47281
10617.3 3.47287
10620.7 3.47292
10624.1 3.47298
10627.4 3.47304
10630.8 3.47309
10634.2 3.47315
10637.6 3.47321
10640.9 3.47327
10644.3 3.47332
10647.7 3.47338
10651 3.47344
10654.4 3.47349
10657.8 3.47355
10661.2 3.47361
10664.5 3.47366
10667.9 3.47372
10671.3 3.47378
10674.7 3.47383
10678 3.47389
10681.4 3.47394
10684.8 3.474
10688.2 3.47406
10691.5 3.47411
10694.9 3.47417
10698.3 3.47423
10701.7 3.47428
10705 3.47434
10708.4 3.4744
10711.8 3.47445
10715.2 3.47451
10718.5 3.47457
10721.9 3.47462
10725.3 3.47468
10728.6 3.47473
10732 3.47479
10735.4 3.47485
10738.8 3.4749
10742.1 3.47496
10745.5 3.47502
10748.9 3.47507
10752.3 3.47513
10755.6 3.47518
10759 3.47524
10762.4 3.4753
10765.8 3.47535
10769.1 3.47541
10772.5 3.47546
10775.9 3.47552
10779.3 3.47558
10782.7 3.47563
10786 3.47569
10789.4 3.47574
10792.8 3.4758
10796.2 3.47586
10799.5 3.47591
10802.9 3.47597
10806.3 3.47602
10809.7 3.47608
10813 3.47614
10816.4 3.47619
10819.8 3.47625
10823.2 3.4763
10826.5 3.47636
10829.9 3.47641
10833.3 3.47647
10836.7 3.47653
10840 3.47658
10843.4 3.47664
10846.8 3.47669
10850.2 3.47675
10853.6 3.4768
10856.9 3.47686
10860.3 3.47691
10863.7 3.47697
10867.1 3.47703
10870.4 3.47708
10873.8 3.47714
10877.2 3.47719
10880.6 3.47725
10883.9 3.4773
10887.3 3.47736
10890.7 3.47741
10894.1 3.47747
10897.5 3.47752
10900.8 3.47758
10904.2 3.47764
10907.6 3.47769
10911 3.47775
10914.3 3.4778
10917.7 3.47786
10921.1 3.47791
10924.5 3.47797
10927.9 3.47802
10931.2 3.47808
10934.6 3.47813
10938 3.47819
10941.4 3.47824
10944.7 3.4783
10948.1 3.47835
10951.5 3.47841
10954.9 3.47846
10958.3 3.47852
10961.6 3.47857
10965 3.47863
10968.4 3.47868
10971.8 3.47874
10975.2 3.47879
10978.5 3.47885
10981.9 3.4789
10985.3 3.47896
10988.7 3.47901
10992 3.47907
10995.4 3.47912
10998.8 3.47918
11002.2 3.47923
11005.6 3.47929
11008.9 3.47934
11012.3 3.4794
11015.7 3.47945
11019.1 3.47951
11022.5 3.47956
11025.8 3.47962
11029.2 3.47967
11032.6 3.47973
11036 3.47978
11039.4 3.47984
11042.7 3.47989
11046.1 3.47994
11049.5 3.48
11052.9 3.48005
11056.3 3.48011
11059.6 3.48016
11063 3.48022
11066.4 3.48027
11069.8 3.48033
11073.2 3.48038
11076.5 3.48044
11079.9 3.48049
11083.3 3.48054
11086.7 3.4806
11090.1 3.48065
11093.4 3.48071
11096.8 3.48076
11100.2 3.48082
11103.6 3.48087
11107 3.48092
11110.3 3.48098
11113.7 3.48103
11117.1 3.48109
11120.5 3.48114
11123.9 3.4812
11127.3 3.48125
11130.6 3.4813
11134 3.48136
11137.4 3.48141
11140.8 3.48147
11144.2 3.48152
11147.5 3.48157
11150.9 3.48163
11154.3 3.48168
11157.7 3.48174
11161.1 3.48179
11164.5 3.48185
11167.8 3.4819
11171.2 3.48195
11174.6 3.48201
11178 3.48206
11181.4 3.48211
11184.7 3.48217
11188.1 3.48222
11191.5 3.48228
11194.9 3.48233
11198.3 3.48238
11201.7 3.48244
11205 3.48249
11208.4 3.48255
11211.8 3.4826
11215.2 3.48265
11218.6 3.48271
11221.9 3.48276
11225.3 3.48281
11228.7 3.48287
11232.1 3.48292
11235.5 3.48298
11238.9 3.48303
11242.2 3.48308
11245.6 3.48314
11249 3.48319
11252.4 3.48324
11255.8 3.4833
11259.2 3.48335
11262.5 3.4834
11265.9 3.48346
11269.3 3.48351
11272.7 3.48356
11276.1 3.48362
11279.5 3.48367
11282.8 3.48372
11286.2 3.48378
11289.6 3.48383
11293 3.48388
11296.4 3.48394
11299.8 3.48399
11303.1 3.48405
11306.5 3.4841
11309.9 3.48415
11313.3 3.48421
11316.7 3.48426
11320.1 3.48431
11323.5 3.48436
11326.8 3.48442
11330.2 3.48447
11333.6 3.48452
11337 3.48458
11340.4 3.48463
11343.8 3.48468
11347.1 3.48474
11350.5 3.48479
11353.9 3.48484
11357.3 3.4849
11360.7 3.48495
11364.1 3.485
11367.5 3.48506
11370.8 3.48511
11374.2 3.48516
11377.6 3.48521
11381 3.48527
11384.4 3.48532
11387.8 3.48537
11391.2 3.48543
11394.5 3.48548
11397.9 3.48553
11401.3 3.48558
11404.7 3.48564
11408.1 3.48569
11411.5 3.48574
11414.9 3.4858
11418.2 3.48585
11421.6 3.4859
11425 3.48595
11428.4 3.48601
11431.8 3.48606
11435.2 3.48611
11438.6 3.48616
11441.9 3.48622
11445.3 3.48627
11448.7 3.48632
11452.1 3.48638
11455.5 3.48643
11458.9 3.48648
11462.3 3.48653
11465.6 3.48659
11469 3.48664
11472.4 3.48669
11475.8 3.48674
11479.2 3.4868
11482.6 3.48685
11486 3.4869
11489.4 3.48695
11492.7 3.48701
11496.1 3.48706
11499.5 3.48711
11502.9 3.48716
11506.3 3.48722
11509.7 3.48727
11513.1 3.48732
11516.4 3.48737
11519.8 3.48742
11523.2 3.48748
11526.6 3.48753
11530 3.48758
11533.4 3.48763
11536.8 3.48769
11540.2 3.48774
11543.5 3.48779
11546.9 3.48784
11550.3 3.48789
11553.7 3.48795
11557.1 3.488
11560.5 3.48805
11563.9 3.4881
11567.3 3.48815
11570.7 3.48821
11574 3.48826
11577.4 3.48831
11580.8 3.48836
11584.2 3.48841
11587.6 3.48847
11591 3.48852
11594.4 3.48857
11597.8 3.48862
11601.1 3.48867
11604.5 3.48873
11607.9 3.48878
11611.3 3.48883
11614.7 3.48888
11618.1 3.48893
11621.5 3.48899
11624.9 3.48904
11628.3 3.48909
11631.6 3.48914
11635 3.48919
11638.4 3.48924
11641.8 3.4893
11645.2 3.48935
11648.6 3.4894
11652 3.48945
11655.4 3.4895
11658.8 3.48956
11662.2 3.48961
11665.5 3.48966
11668.9 3.48971
11672.3 3.48976
11675.7 3.48981
11679.1 3.48986
11682.5 3.48992
11685.9 3.48997
11689.3 3.49002
11692.7 3.49007
11696 3.49012
11699.4 3.49017
11702.8 3.49023
11706.2 3.49028
11709.6 3.49033
11713 3.49038
11716.4 3.49043
11719.8 3.49048
11723.2 3.49053
11726.6 3.49059
11730 3.49064
11733.3 3.49069
11736.7 3.49074
11740.1 3.49079
11743.5 3.49084
11746.9 3.49089
11750.3 3.49094
11753.7 3.491
11757.1 3.49105
11760.5 3.4911
11763.9 3.49115
11767.3 3.4912
11770.6 3.49125
11774 3.4913
11777.4 3.49135
11780.8 3.4914
11784.2 3.49146
11787.6 3.49151
11791 3.49156
11794.4 3.49161
11797.8 3.49166
11801.2 3.49171
11804.6 3.49176
11808 3.49181
11811.3 3.49186
11814.7 3.49191
11818.1 3.49197
11821.5 3.49202
11824.9 3.49207
11828.3 3.49212
11831.7 3.49217
11835.1 3.49222
11838.5 3.49227
11841.9 3.49232
11845.3 3.49237
11848.7 3.49242
11852 3.49247
11855.4 3.49252
11858.8 3.49258
11862.2 3.49263
11865.6 3.49268
11869 3.49273
11872.4 3.49278
11875.8 3.49283
11879.2 3.49288
11882.6 3.49293
11886 3.49298
11889.4 3.49303
11892.8 3.49308
11896.2 3.49313
11899.5 3.49318
11902.9 3.49323
11906.3 3.49328
11909.7 3.49334
11913.1 3.49339
11916.5 3.49344
11919.9 3.49349
11923.3 3.49354
11926.7 3.49359
11930.1 3.49364
11933.5 3.49369
11936.9 3.49374
11940.3 3.49379
11943.7 3.49384
11947.1 3.49389
11950.5 3.49394
11953.8 3.49399
11957.2 3.49404
11960.6 3.49409
11964 3.49414
11967.4 3.49419
11970.8 3.49424
11974.2 3.49429
11977.6 3.49434
11981 3.49439
11984.4 3.49444
11987.8 3.49449
11991.2 3.49454
11994.6 3.49459
11998 3.49464
12001.4 3.49469
12004.8 3.49474
12008.2 3.49479
12011.5 3.49484
12014.9 3.49489
12018.3 3.49494
12021.7 3.49499
12025.1 3.49504
12028.5 3.49509
12031.9 3.49514
12035.3 3.49519
12038.7 3.49524
12042.1 3.4953
12045.5 3.49535
12048.9 3.49539
12052.3 3.49544
12055.7 3.49549
12059.1 3.49554
12062.5 3.49559
12065.9 3.49564
12069.3 3.49569
12072.7 3.49574
12076.1 3.49579
12079.5 3.49584
12082.9 3.49589
12086.2 3.49594
12089.6 3.49599
12093 3.49604
12096.4 3.49609
12099.8 3.49614
12103.2 3.49619
12106.6 3.49624
12110 3.49629
12113.4 3.49634
12116.8 3.49639
12120.2 3.49644
12123.6 3.49649
12127 3.49654
12130.4 3.49659
12133.8 3.49664
12137.2 3.49669
12140.6 3.49674
12144 3.49679
12147.4 3.49684
12150.8 3.49689
12154.2 3.49694
12157.6 3.49699
12161 3.49703
12164.4 3.49708
12167.8 3.49713
12171.2 3.49718
12174.6 3.49723
12178 3.49728
12181.4 3.49733
12184.8 3.49738
12188.1 3.49743
12191.5 3.49748
12194.9 3.49753
12198.3 3.49758
12201.7 3.49763
12205.1 3.49768
12208.5 3.49773
12211.9 3.49778
12215.3 3.49782
12218.7 3.49787
12222.1 3.49792
12225.5 3.49797
12228.9 3.49802
12232.3 3.49807
12235.7 3.49812
12239.1 3.49817
12242.5 3.49822
12245.9 3.49827
12249.3 3.49832
12252.7 3.49836
12256.1 3.49841
12259.5 3.49846
12262.9 3.49851
12266.3 3.49856
12269.7 3.49861
12273.1 3.49866
12276.5 3.49871
12279.9 3.49876
12283.3 3.49881
12286.7 3.49885
12290.1 3.4989
12293.5 3.49895
12296.9 3.499
12300.3 3.49905
12303.7 3.4991
12307.1 3.49915
12310.5 3.4992
12313.9 3.49925
12317.3 3.49929
12320.7 3.49934
12324.1 3.49939
12327.5 3.49944
12330.9 3.49949
12334.3 3.49954
12337.7 3.49959
12341.1 3.49964
12344.5 3.49968
12347.9 3.49973
12351.3 3.49978
12354.7 3.49983
12358.1 3.49988
12361.5 3.49993
12364.9 3.49998
12368.3 3.50003
12371.7 3.50007
12375.1 3.50012
12378.5 3.50017
12381.9 3.50022
12385.3 3.50027
12388.7 3.50032
12392.1 3.50037
12395.5 3.50041
12398.9 3.50046
12402.3 3.50051
12405.7 3.50056
12409.1 3.50061
12412.5 3.50066
12415.9 3.5007
12419.3 3.50075
12422.7 3.5008
12426.1 3.50085
12429.5 3.5009
12432.9 3.50095
12436.3 3.50099
12439.7 3.50104
12443.1 3.50109
12446.5 3.50114
12449.9 3.50119
12453.3 3.50124
12456.7 3.50128
12460.1 3.50133
12463.5 3.50138
12466.9 3.50143
12470.3 3.50148
12473.7 3.50153
12477.1 3.50157
12480.5 3.50162
12483.9 3.50167
12487.3 3.50172
12490.7 3.50177
12494.1 3.50181
12497.5 3.50186
12500.9 3.50191
12504.3 3.50196
12507.7 3.50201
12511.1 3.50205
12514.5 3.5021
12517.9 3.50215
12521.3 3.5022
12524.7 3.50225
12528.1 3.50229
12531.5 3.50234
12534.9 3.50239
12538.3 3.50244
12541.7 3.50249
12545.1 3.50253
12548.5 3.50258
12551.9 3.50263
12555.4 3.50268
12558.8 3.50273
12562.2 3.50277
12565.6 3.50282
12569 3.50287
12572.4 3.50292
12575.8 3.50296
12579.2 3.50301
12582.6 3.50306
12586 3.50311
12589.4 3.50316
12592.8 3.5032
12596.2 3.50325
12599.6 3.5033
12603 3.50335
12606.4 3.50339
12609.8 3.50344
12613.2 3.50349
12616.6 3.50354
12620 3.50358
12623.4 3.50363
12626.8 3.50368
12630.2 3.50373
12633.6 3.50378
12637 3.50382
12640.4 3.50387
12643.8 3.50392
12647.2 3.50397
12650.6 3.50401
12654 3.50406
12657.5 3.50411
12660.9 3.50415
12664.3 3.5042
12667.7 3.50425
12671.1 3.5043
12674.5 3.50434
12677.9 3.50439
12681.3 3.50444
12684.7 3.50449
12688.1 3.50453
12691.5 3.50458
12694.9 3.50463
12698.3 3.50468
12701.7 3.50472
12705.1 3.50477
12708.5 3.50482
12711.9 3.50487
12715.3 3.50491
12718.7 3.50496
12722.1 3.50501
12725.5 3.50505
12728.9 3.5051
12732.4 3.50515
12735.8 3.5052
12739.2 3.50524
12742.6 3.50529
12746 3.50534
12749.4 3.50538
12752.8 3.50543
12756.2 3.50548
12759.6 3.50553
12763 3.50557
12766.4 3.50562
12769.8 3.50567
12773.2 3.50571
12776.6 3.50576
12780 3.50581
12783.4 3.50585
12786.8 3.5059
12790.2 3.50595
12793.7 3.506
12797.1 3.50604
12800.5 3.50609
12803.9 3.50614
12807.3 3.50618
12810.7 3.50623
12814.1 3.50628
12817.5 3.50632
12820.9 3.50637
12824.3 3.50642
12827.7 3.50646
12831.1 3.50651
12834.5 3.50656
12837.9 3.5066
12841.3 3.50665
12844.7 3.5067
12848.2 3.50674
12851.6 3.50679
12855 3.50684
12858.4 3.50688
12861.8 3.50693
12865.2 3.50698
12868.6 3.50703
12872 3.50707
12875.4 3.50712
12878.8 3.50717
12882.2 3.50721
12885.6 3.50726
12889 3.5073
12892.4 3.50735
12895.9 3.5074
12899.3 3.50744
12902.7 3.50749
12906.1 3.50754
12909.5 3.50758
12912.9 3.50763
12916.3 3.50768
12919.7 3.50772
12923.1 3.50777
12926.5 3.50782
12929.9 3.50786
12933.3 3.50791
12936.7 3.50796
12940.2 3.508
12943.6 3.50805
12947 3.5081
12950.4 3.50814
12953.8 3.50819
12957.2 3.50823
12960.6 3.50828
12964 3.50833
12967.4 3.50837
12970.8 3.50842
12974.2 3.50847
12977.6 3.50851
12981.1 3.50856
12984.5 3.5086
12987.9 3.50865
12991.3 3.5087
12994.7 3.50874
12998.1 3.50879
13001.5 3.50884
13004.9 3.50888
13008.3 3.50893
13011.7 3.50897
13015.1 3.50902
13018.6 3.50907
13022 3.50911
13025.4 3.50916
13028.8 3.5092
13032.2 3.50925
13035.6 3.5093
13039 3.50934
13042.4 3.50939
13045.8 3.50943
13049.2 3.50948
13052.6 3.50953
13056.1 3.50957
13059.5 3.50962
13062.9 3.50966
13066.3 3.50971
13069.7 3.50976
13073.1 3.5098
13076.5 3.50985
13079.9 3.50989
13083.3 3.50994
13086.7 3.50999
13090.2 3.51003
13093.6 3.51008
13097 3.51012
13100.4 3.51017
13103.8 3.51021
13107.2 3.51026
13110.6 3.51031
13114 3.51035
13117.4 3.5104
13120.8 3.51044
13124.3 3.51049
13127.7 3.51054
13131.1 3.51058
13134.5 3.51063
13137.9 3.51067
13141.3 3.51072
13144.7 3.51076
13148.1 3.51081
13151.5 3.51085
13154.9 3.5109
13158.4 3.51095
13161.8 3.51099
13165.2 3.51104
13168.6 3.51108
13172 3.51113
13175.4 3.51117
13178.8 3.51122
13182.2 3.51126
13185.6 3.51131
13189.1 3.51136
13192.5 3.5114
13195.9 3.51145
13199.3 3.51149
13202.7 3.51154
13206.1 3.51158
13209.5 3.51163
13212.9 3.51167
13216.4 3.51172
13219.8 3.51176
13223.2 3.51181
13226.6 3.51186
13230 3.5119
13233.4 3.51195
13236.8 3.51199
13240.2 3.51204
13243.6 3.51208
13247.1 3.51213
13250.5 3.51217
13253.9 3.51222
13257.3 3.51226
13260.7 3.51231
13264.1 3.51235
13267.5 3.5124
13270.9 3.51244
13274.4 3.51249
13277.8 3.51253
13281.2 3.51258
13284.6 3.51262
13288 3.51267
13291.4 3.51272
13294.8 3.51276
13298.2 3.51281
13301.7 3.51285
13305.1 3.5129
13308.5 3.51294
13311.9 3.51299
13315.3 3.51303
13318.7 3.51308
13322.1 3.51312
13325.5 3.51317
13329 3.51321
13332.4 3.51326
13335.8 3.5133
13339.2 3.51335
13342.6 3.51339
13346 3.51344
13349.4 3.51348
13352.9 3.51353
13356.3 3.51357
13359.7 3.51362
13363.1 3.51366
13366.5 3.51371
13369.9 3.51375
13373.3 3.51379
13376.8 3.51384
13380.2 3.51388
13383.6 3.51393
13387 3.51397
13390.4 3.51402
13393.8 3.51406
13397.2 3.51411
13400.6 3.51415
13404.1 3.5142
13407.5 3.51424
13410.9 3.51429
13414.3 3.51433
13417.7 3.51438
13421.1 3.51442
13424.5 3.51447
13428 3.51451
13431.4 3.51456
13434.8 3.5146
13438.2 3.51464
13441.6 3.51469
13445 3.51473
13448.5 3.51478
13451.9 3.51482
13455.3 3.51487
13458.7 3.51491
13462.1 3.51496
13465.5 3.515
13468.9 3.51505
13472.4 3.51509
13475.8 3.51514
13479.2 3.51518
13482.6 3.51522
13486 3.51527
13489.4 3.51531
13492.8 3.51536
13496.3 3.5154
13499.7 3.51545
13503.1 3.51549
13506.5 3.51553
13509.9 3.51558
13513.3 3.51562
13516.8 3.51567
13520.2 3.51571
13523.6 3.51576
13527 3.5158
13530.4 3.51585
13533.8 3.51589
13537.3 3.51593
13540.7 3.51598
13544.1 3.51602
13547.5 3.51607
13550.9 3.51611
13554.3 3.51616
13557.7 3.5162
13561.2 3.51624
13564.6 3.51629
13568 3.51633
13571.4 3.51638
13574.8 3.51642
13578.2 3.51646
13581.7 3.51651
13585.1 3.51655
13588.5 3.5166
13591.9 3.51664
13595.3 3.51669
13598.7 3.51673
13602.2 3.51677
13605.6 3.51682
13609 3.51686
13612.4 3.51691
13615.8 3.51695
13619.2 3.51699
13622.7 3.51704
13626.1 3.51708
13629.5 3.51713
13632.9 3.51717
13636.3 3.51721
13639.7 3.51726
13643.2 3.5173
13646.6 3.51735
13650 3.51739
13653.4 3.51743
13656.8 3.51748
13660.3 3.51752
13663.7 3.51756
13667.1 3.51761
13670.5 3.51765
13673.9 3.5177
13677.3 3.51774
13680.8 3.51778
13684.2 3.51783
13687.6 3.51787
13691 3.51792
13694.4 3.51796
13697.8 3.518
13701.3 3.51805
13704.7 3.51809
13708.1 3.51813
13711.5 3.51818
13714.9 3.51822
13718.4 3.51827
13721.8 3.51831
13725.2 3.51835
13728.6 3.5184
13732 3.51844
13735.4 3.51848
13738.9 3.51853
13742.3 3.51857
13745.7 3.51861
13749.1 3.51866
13752.5 3.5187
13756 3.51874
13759.4 3.51879
13762.8 3.51883
13766.2 3.51888
13769.6 3.51892
13773.1 3.51896
13776.5 3.51901
13779.9 3.51905
13783.3 3.51909
13786.7 3.51914
13790.1 3.51918
13793.6 3.51922
13797 3.51927
13800.4 3.51931
13803.8 3.51935
13807.2 3.5194
13810.7 3.51944
13814.1 3.51948
13817.5 3.51953
13820.9 3.51957
13824.3 3.51961
13827.8 3.51966
13831.2 3.5197
13834.6 3.51974
13838 3.51979
13841.4 3.51983
13844.9 3.51987
13848.3 3.51992
13851.7 3.51996
13855.1 3.52
13858.5 3.52005
13862 3.52009
13865.4 3.52013
13868.8 3.52018
13872.2 3.52022
13875.6 3.52026
13879.1 3.52031
13882.5 3.52035
13885.9 3.52039
13889.3 3.52044
13892.7 3.52048
13896.2 3.52052
13899.6 3.52056
13903 3.52061
13906.4 3.52065
13909.8 3.52069
13913.3 3.52074
13916.7 3.52078
13920.1 3.52082
13923.5 3.52087
13927 3.52091
13930.4 3.52095
13933.8 3.521
13937.2 3.52104
13940.6 3.52108
13944.1 3.52112
13947.5 3.52117
13950.9 3.52121
13954.3 3.52125
13957.7 3.5213
13961.2 3.52134
13964.6 3.52138
13968 3.52142
13971.4 3.52147
13974.8 3.52151
13978.3 3.52155
13981.7 3.5216
13985.1 3.52164
13988.5 3.52168
13992 3.52172
13995.4 3.52177
13998.8 3.52181
14002.2 3.52185
14005.6 3.5219
14009.1 3.52194
14012.5 3.52198
14015.9 3.52202
14019.3 3.52207
14022.8 3.52211
14026.2 3.52215
14029.6 3.52219
14033 3.52224
14036.4 3.52228
14039.9 3.52232
14043.3 3.52237
14046.7 3.52241
14050.1 3.52245
14053.6 3.52249
14057 3.52254
14060.4 3.52258
14063.8 3.52262
14067.2 3.52266
14070.7 3.52271
14074.1 3.52275
14077.5 3.52279
14080.9 3.52283
14084.4 3.52288
14087.8 3.52292
14091.2 3.52296
14094.6 3.523
14098 3.52305
14101.5 3.52309
14104.9 3.52313
14108.3 3.52317
14111.7 3.52322
14115.2 3.52326
14118.6 3.5233
14122 3.52334
14125.4 3.52339
14128.9 3.52343
14132.3 3.52347
14135.7 3.52351
14139.1 3.52356
14142.6 3.5236
14146 3.52364
14149.4 3.52368
14152.8 3.52373
14156.2 3.52377
14159.7 3.52381
14163.1 3.52385
14166.5 3.52389
14169.9 3.52394
14173.4 3.52398
14176.8 3.52402
14180.2 3.52406
14183.6 3.5241
14187.1 3.52415
14190.5 3.52419
14193.9 3.52423
14197.3 3.52427
14200.8 3.52432
14204.2 3.52436
14207.6 3.5244
14211 3.52444
14214.5 3.52448
14217.9 3.52453
14221.3 3.52457
14224.7 3.52461
14228.2 3.52465
14231.6 3.5247
14235 3.52474
14238.4 3.52478
14241.9 3.52482
14245.3 3.52486
14248.7 3.5249
14252.1 3.52495
14255.6 3.52499
14259 3.52503
14262.4 3.52507
14265.8 3.52511
14269.3 3.52516
14272.7 3.5252
14276.1 3.52524
14279.5 3.52528
14283 3.52532
14286.4 3.52537
14289.8 3.52541
14293.2 3.52545
14296.7 3.52549
14300.1 3.52553
14303.5 3.52558
14306.9 3.52562
14310.4 3.52566
14313.8 3.5257
14317.2 3.52574
14320.6 3.52578
14324.1 3.52583
14327.5 3.52587
14330.9 3.52591
14334.3 3.52595
14337.8 3.52599
14341.2 3.52604
14344.6 3.52608
14348 3.52612
14351.5 3.52616
14354.9 3.5262
14358.3 3.52624
14361.7 3.52629
14365.2 3.52633
14368.6 3.52637
14372 3.52641
14375.5 3.52645
14378.9 3.52649
14382.3 3.52654
14385.7 3.52658
14389.2 3.52662
14392.6 3.52666
14396 3.5267
14399.4 3.52674
14402.9 3.52679
14406.3 3.52683
14409.7 3.52687
14413.1 3.52691
14416.6 3.52695
14420 3.52699
14423.4 3.52703
14426.9 3.52708
14430.3 3.52712
14433.7 3.52716
14437.1 3.5272
14440.6 3.52724
14444 3.52728
14447.4 3.52732
14450.8 3.52737
14454.3 3.52741
14457.7 3.52745
14461.1 3.52749
14464.6 3.52753
14468 3.52757
14471.4 3.52761
14474.8 3.52766
14478.3 3.5277
14481.7 3.52774
14485.1 3.52778
14488.5 3.52782
14492 3.52786
14495.4 3.5279
14498.8 3.52794
14502.3 3.52799
14505.7 3.52803
14509.1 3.52807
14512.5 3.52811
14516 3.52815
14519.4 3.52819
14522.8 3.52823
14526.3 3.52827
14529.7 3.52832
14533.1 3.52836
14536.5 3.5284
14540 3.52844
14543.4 3.52848
14546.8 3.52852
14550.3 3.52856
14553.7 3.5286
14557.1 3.52864
14560.5 3.52869
14564 3.52873
14567.4 3.52877
14570.8 3.52881
14574.3 3.52885
14577.7 3.52889
14581.1 3.52893
14584.5 3.52897
14588 3.52901
14591.4 3.52905
14594.8 3.5291
14598.3 3.52914
14601.7 3.52918
14605.1 3.52922
14608.5 3.52926
14612 3.5293
14615.4 3.52934
14618.8 3.52938
14622.3 3.52942
14625.7 3.52946
14629.1 3.52951
14632.5 3.52955
14636 3.52959
14639.4 3.52963
14642.8 3.52967
14646.3 3.52971
14649.7 3.52975
14653.1 3.52979
14656.6 3.52983
14660 3.52987
14663.4 3.52991
14666.8 3.52995
14670.3 3.53
14673.7 3.53004
14677.1 3.53008
14680.6 3.53012
14684 3.53016
14687.4 3.5302
14690.9 3.53024
14694.3 3.53028
14697.7 3.53032
14701.1 3.53036
14704.6 3.5304
14708 3.53044
14711.4 3.53048
14714.9 3.53052
14718.3 3.53057
14721.7 3.53061
14725.2 3.53065
14728.6 3.53069
14732 3.53073
14735.5 3.53077
14738.9 3.53081
14742.3 3.53085
14745.7 3.53089
14749.2 3.53093
14752.6 3.53097
14756 3.53101
14759.5 3.53105
14762.9 3.53109
14766.3 3.53113
14769.8 3.53117
14773.2 3.53121
14776.6 3.53125
14780.1 3.5313
14783.5 3.53134
14786.9 3.53138
14790.4 3.53142
14793.8 3.53146
14797.2 3.5315
14800.6 3.53154
14804.1 3.53158
14807.5 3.53162
14810.9 3.53166
14814.4 3.5317
14817.8 3.53174
14821.2 3.53178
14824.7 3.53182
14828.1 3.53186
14831.5 3.5319
14835 3.53194
14838.4 3.53198
14841.8 3.53202
14845.3 3.53206
14848.7 3.5321
14852.1 3.53214
14855.6 3.53218
14859 3.53222
14862.4 3.53226
14865.9 3.5323
14869.3 3.53234
14872.7 3.53238
14876.1 3.53242
14879.6 3.53246
14883 3.53251
14886.4 3.53255
14889.9 3.53259
14893.3 3.53263
14896.7 3.53267
14900.2 3.53271
14903.6 3.53275
14907 3.53279
14910.5 3.53283
14913.9 3.53287
14917.3 3.53291
14920.8 3.53295
14924.2 3.53299
14927.6 3.53303
14931.1 3.53307
14934.5 3.53311
14937.9 3.53315
14941.4 3.53319
14944.8 3.53323
14948.2 3.53327
14951.7 3.53331
14955.1 3.53335
14958.5 3.53339
14962 3.53343
14965.4 3.53347
14968.8 3.53351
14972.3 3.53355
14975.7 3.53359
14979.1 3.53363
14982.6 3.53367
14986 3.53371
14989.4 3.53375
14992.9 3.53379
14996.3 3.53382
14999.7 3.53386
15003.2 3.5339
15006.6 3.53394
15010 3.53398
15013.5 3.53402
15016.9 3.53406
15020.3 3.5341
15023.8 3.53414
15027.2 3.53418
15030.6 3.53422
15034.1 3.53426
15037.5 3.5343
15041 3.53434
15044.4 3.53438
15047.8 3.53442
15051.3 3.53446
15054.7 3.5345
15058.1 3.53454
15061.6 3.53458
15065 3.53462
15068.4 3.53466
15071.9 3.5347
15075.3 3.53474
15078.7 3.53478
15082.2 3.53482
15085.6 3.53486
15089 3.5349
15092.5 3.53494
15095.9 3.53498
15099.3 3.53502
15102.8 3.53506
15106.2 3.5351
15109.6 3.53514
15113.1 3.53517
15116.5 3.53521
15119.9 3.53525
15123.4 3.53529
15126.8 3.53533
15130.3 3.53537
15133.7 3.53541
15137.1 3.53545
15140.6 3.53549
15144 3.53553
15147.4 3.53557
15150.9 3.53561
15154.3 3.53565
15157.7 3.53569
15161.2 3.53573
15164.6 3.53577
15168 3.53581
15171.5 3.53585
15174.9 3.53588
15178.4 3.53592
15181.8 3.53596
15185.2 3.536
15188.7 3.53604
15192.1 3.53608
15195.5 3.53612
15199 3.53616
15202.4 3.5362
15205.8 3.53624
15209.3 3.53628
15212.7 3.53632
15216.2 3.53636
15219.6 3.5364
15223 3.53644
15226.5 3.53647
15229.9 3.53651
15233.3 3.53655
15236.8 3.53659
15240.2 3.53663
15243.6 3.53667
15247.1 3.53671
15250.5 3.53675
15254 3.53679
15257.4 3.53683
15260.8 3.53687
15264.3 3.53691
15267.7 3.53694
15271.1 3.53698
15274.6 3.53702
15278 3.53706
15281.4 3.5371
15284.9 3.53714
15288.3 3.53718
15291.8 3.53722
15295.2 3.53726
15298.6 3.5373
15302.1 3.53734
15305.5 3.53737
15308.9 3.53741
15312.4 3.53745
15315.8 3.53749
15319.3 3.53753
15322.7 3.53757
15326.1 3.53761
15329.6 3.53765
15333 3.53769
15336.4 3.53773
15339.9 3.53776
15343.3 3.5378
15346.8 3.53784
15350.2 3.53788
15353.6 3.53792
15357.1 3.53796
15360.5 3.538
15363.9 3.53804
15367.4 3.53808
15370.8 3.53811
15374.3 3.53815
15377.7 3.53819
15381.1 3.53823
15384.6 3.53827
15388 3.53831
15391.5 3.53835
15394.9 3.53839
15398.3 3.53843
15401.8 3.53846
15405.2 3.5385
15408.6 3.53854
15412.1 3.53858
15415.5 3.53862
15419 3.53866
15422.4 3.5387
15425.8 3.53874
15429.3 3.53877
15432.7 3.53881
15436.2 3.53885
15439.6 3.53889
15443 3.53893
15446.5 3.53897
15449.9 3.53901
15453.4 3.53904
15456.8 3.53908
15460.2 3.53912
15463.7 3.53916
15467.1 3.5392
15470.5 3.53924
15474 3.53928
15477.4 3.53931
15480.9 3.53935
15484.3 3.53939
15487.7 3.53943
15491.2 3.53947
15494.6 3.53951
15498.1 3.53955
15501.5 3.53959
15504.9 3.53962
15508.4 3.53966
15511.8 3.5397
15515.3 3.53974
15518.7 3.53978
15522.1 3.53982
15525.6 3.53985
15529 3.53989
15532.5 3.53993
15535.9 3.53997
15539.3 3.54001
15542.8 3.54005
15546.2 3.54008
15549.7 3.54012
15553.1 3.54016
15556.5 3.5402
15560 3.54024
15563.4 3.54028
15566.9 3.54031
15570.3 3.54035
15573.7 3.54039
15577.2 3.54043
15580.6 3.54047
15584.1 3.54051
15587.5 3.54055
15590.9 3.54058
15594.4 3.54062
15597.8 3.54066
15601.3 3.5407
15604.7 3.54074
15608.1 3.54078
15611.6 3.54081
15615 3.54085
15618.5 3.54089
15621.9 3.54093
15625.4 3.54097
15628.8 3.541
15632.2 3.54104
15635.7 3.54108
15639.1 3.54112
15642.6 3.54116
15646 3.54119
15649.4 3.54123
15652.9 3.54127
15656.3 3.54131
15659.8 3.54135
15663.2 3.54139
15666.6 3.54142
15670.1 3.54146
15673.5 3.5415
15677 3.54154
15680.4 3.54158
15683.9 3.54161
15687.3 3.54165
15690.7 3.54169
15694.2 3.54173
15697.6 3.54177
15701.1 3.5418
15704.5 3.54184
15707.9 3.54188
15711.4 3.54192
15714.8 3.54196
15718.3 3.54199
15721.7 3.54203
15725.2 3.54207
15728.6 3.54211
15732 3.54215
15735.5 3.54218
15738.9 3.54222
15742.4 3.54226
15745.8 3.5423
15749.3 3.54234
15752.7 3.54237
15756.1 3.54241
15759.6 3.54245
15763 3.54249
15766.5 3.54253
15769.9 3.54256
15773.3 3.5426
15776.8 3.54264
15780.2 3.54268
15783.7 3.54271
15787.1 3.54275
15790.6 3.54279
15794 3.54283
15797.4 3.54287
15800.9 3.5429
15804.3 3.54294
15807.8 3.54298
15811.2 3.54302
15814.7 3.54305
15818.1 3.54309
15821.5 3.54313
15825 3.54317
15828.4 3.54321
15831.9 3.54324
15835.3 3.54328
15838.8 3.54332
15842.2 3.54336
15845.7 3.54339
15849.1 3.54343
15852.5 3.54347
15856 3.54351
15859.4 3.54354
15862.9 3.54358
15866.3 3.54362
15869.8 3.54366
15873.2 3.54369
15876.6 3.54373
15880.1 3.54377
15883.5 3.54381
15887 3.54385
15890.4 3.54388
15893.9 3.54392
15897.3 3.54396
15900.7 3.544
15904.2 3.54403
15907.6 3.54407
15911.1 3.54411
15914.5 3.54415
15918 3.54418
15921.4 3.54422
15924.9 3.54426
15928.3 3.54429
15931.7 3.54433
15935.2 3.54437
15938.6 3.54441
15942.1 3.54444
15945.5 3.54448
15949 3.54452
15952.4 3.54456
15955.9 3.54459
15959.3 3.54463
15962.7 3.54467
15966.2 3.54471
15969.6 3.54474
15973.1 3.54478
15976.5 3.54482
15980 3.54486
15983.4 3.54489
15986.9 3.54493
15990.3 3.54497
15993.7 3.54501
15997.2 3.54504
16000.6 3.54508
16004.1 3.54512
16007.5 3.54515
16011 3.54519
16014.4 3.54523
16017.9 3.54527
16021.3 3.5453
16024.8 3.54534
16028.2 3.54538
16031.6 3.54541
16035.1 3.54545
16038.5 3.54549
16042 3.54553
16045.4 3.54556
16048.9 3.5456
16052.3 3.54564
16055.8 3.54568
16059.2 3.54571
16062.7 3.54575
16066.1 3.54579
16069.5 3.54582
16073 3.54586
16076.4 3.5459
16079.9 3.54594
16083.3 3.54597
16086.8 3.54601
16090.2 3.54605
16093.7 3.54608
16097.1 3.54612
16100.6 3.54616
16104 3.5462
16107.5 3.54623
16110.9 3.54627
16114.3 3.54631
16117.8 3.54634
16121.2 3.54638
16124.7 3.54642
16128.1 3.54645
16131.6 3.54649
16135 3.54653
16138.5 3.54656
16141.9 3.5466
16145.4 3.54664
16148.8 3.54668
16152.3 3.54671
16155.7 3.54675
16159.1 3.54679
16162.6 3.54682
