0 0
0.0206012 0.0634037
0.0413705 0.126808
0.0623067 0.190213
0.0834089 0.253618
0.104676 0.317025
0.126107 0.380434
0.147701 0.443845
0.169456 0.507259
0.191372 0.570675
0.213447 0.634094
0.23568 0.697517
0.25807 0.760944
0.280616 0.824375
0.303317 0.887811
0.326171 0.951251
0.349177 1.0147
0.372334 1.07815
0.395641 1.14161
0.419096 1.20507
0.442698 1.26855
0.466446 1.33203
0.490338 1.39551
0.514373 1.45901
0.538549 1.52252
0.562865 1.58603
0.58732 1.64956
0.611912 1.71309
0.63664 1.77664
0.661502 1.84019
0.686496 1.90376
0.711621 1.96734
0.736876 2.03094
0.762258 2.09454
0.787766 2.15816
0.813399 2.2218
0.839154 2.28545
0.865029 2.34911
0.891024 2.41279
0.917136 2.47649
0.943363 2.5402
0.969704 2.60393
0.996156 2.66768
1.02272 2.73145
1.04939 2.79523
1.07616 2.85904
1.10304 2.92286
1.13001 2.98671
1.15709 3.05058
1.18426 3.11447
1.21153 3.17838
1.23889 3.24232
1.26634 3.30628
1.29387 3.37027
1.32149 3.43428
1.34919 3.49831
1.37697 3.56237
1.40483 3.62646
1.43276 3.69058
1.46076 3.75473
1.48883 3.8189
1.51696 3.88311
1.54516 3.94734
1.57341 4.01161
1.60172 4.07591
1.63008 4.14024
1.65849 4.2046
1.68694 4.269
1.71543 4.33344
1.74396 4.39791
1.77253 4.46241
1.80112 4.52695
1.82974 4.59153
1.85838 4.65615
1.88704 4.72081
1.91571 4.78551
1.94439 4.85025
1.97307 4.91503
2.00175 4.97985
2.03042 5.04472
2.05908 5.10962
2.08772 5.17458
2.11634 5.23958
2.14493 5.30462
2.17349 5.36971
2.202 5.43485
2.23047 5.50004
2.25888 5.56527
2.28723 5.63055
2.31552 5.69589
2.34372 5.76127
2.37184 5.8267
2.39988 5.89219
2.42781 5.95773
2.45563 6.02332
2.48333 6.08896
2.51091 6.15465
2.53835 6.2204
2.56564 6.2862
2.59278 6.35206
2.61974 6.41797
2.64652 6.48393
2.67311 6.54994
2.6995 6.61601
2.72566 6.68213
2.75159 6.7483
2.77727 6.81452
2.80269 6.8808
2.82783 6.94712
2.85267 7.01348
2.87719 7.0799
2.90137 7.14635
2.92521 7.21285
2.94866 7.27938
2.97171 7.34595
2.99435 7.41254
3.01653 7.47917
3.03823 7.54581
3.05944 7.61247
3.0801 7.67913
3.1002 7.7458
3.1197 7.81246
3.13856 7.87909
3.15673 7.9457
3.17419 8.01226
3.19088 8.07876
3.20675 8.14519
3.22175 8.21152
3.23583 8.27772
3.24892 8.34378
3.26095 8.40966
3.27185 8.47532
3.28155 8.54073
3.28995 8.60583
3.29696 8.67056
3.30248 8.73486
3.3064 8.79865
3.30859 8.86183
3.30892 8.9243
3.30723 8.9859
3.30337 9.04648
3.29714 9.10584
3.28835 9.16372
3.27678 9.21983
3.26218 9.27377
3.24431 9.32504
3.22289 9.37302
3.19764 9.41684
3.16831 9.45532
3.13473 9.48675
3.09693 9.50826
3.05579 9.51303
3.14547 9.49546
3.10526 9.50774
3.06411 9.51238
3.11344 9.45017
3.09692 9.50217
3.05776 9.51905
3.1257 9.46773
3.09646 9.50614
3.05578 9.51537
3.13998 9.484
3.10242 9.50623
3.06154 9.51386
3.13383 9.4665
3.10291 9.50242
3.06306 9.51636
3.10762 9.45252
3.09335 9.50624
3.05279 9.51623
3.13847 9.4878
3.10008 9.5075
3.05902 9.51327
3.14478 9.48505
3.10657 9.50533
3.06577 9.51362
3.07121 9.45
3.08959 9.51632
3.05003 9.50123
3.13178 9.53676
3.09511 9.51249
3.05395 9.50826
3.14452 9.52208
3.10393 9.51255
3.06272 9.50917
3.14364 9.54601
3.10828 9.51869
3.06813 9.50644
3.05179 9.55846
3.09462 9.49409
3.06161 9.52638
3.1001 9.46101
3.08676 9.51539
3.04702 9.50108
3.13121 9.5324
3.09329 9.51158
3.05203 9.50919
3.14368 9.51629
3.10256 9.51146
3.06128 9.50987
3.15208 9.5226
3.11143 9.51349
3.07027 9.50931
3.03065 9.52424
3.11793 9.49944
3.07801 9.51311
3.03792 9.50047
3.12568 9.52387
3.08595 9.50964
3.0447 9.51255
3.13641 9.50598
3.09523 9.51024
3.05393 9.51095
3.14592 9.50859
3.10463 9.51021
3.06332 9.5108
3.15453 9.50038
3.11363 9.5079
3.07241 9.51153
3.03165 9.5031
3.12203 9.51772
3.08126 9.50945
3.0401 9.51396
3.13152 9.50487
3.09044 9.51054
3.04913 9.5106
3.14116 9.51045
3.09986 9.51055
3.05855 9.51058
3.15058 9.51043
3.10927 9.51053
3.06797 9.51058
3.02666 9.51027
3.11869 9.51078
3.07739 9.51051
3.03608 9.51078
3.12811 9.51027
3.0868 9.51058
3.0455 9.51053
3.13753 9.51064
3.09622 9.51057
3.05492 9.51055
3.14694 9.51061
3.10564 9.51057
3.06433 9.51056
3.15636 9.51134
3.11506 9.51077
3.07375 9.51049
3.03245 9.51101
3.12447 9.51009
3.08317 9.51062
3.04186 9.51041
3.13389 9.51084
3.09259 9.51057
3.05128 9.51055
3.14331 9.51061
3.102 9.51057
3.0607 9.51056
3.15273 9.51065
3.11142 9.51058
3.07012 9.51055
3.02881 9.51066
3.12084 9.51048
3.07953 9.51058
3.03823 9.5105
3.13026 9.51065
3.08895 9.51056
3.04765 9.51057
3.13968 9.51055
3.09837 9.51056
3.05706 9.51056
3.14909 9.51055
3.10779 9.51056
3.06648 9.51056
3.02518 9.51052
3.11721 9.51059
3.0759 9.51056
3.0346 9.5106
3.12662 9.51052
3.08532 9.51056
3.04401 9.51056
3.13604 9.51058
3.09474 9.51056
3.05343 9.51056
3.14546 9.51057
3.10415 9.51056
3.06285 9.51056
3.15488 9.51059
3.11357 9.51057
3.07227 9.51056
3.03096 9.51058
3.12299 9.51054
3.08168 9.51056
3.04038 9.51055
3.13241 9.51058
3.0911 9.51056
3.0498 9.51056
3.14183 9.51056
3.10052 9.51056
3.05922 9.51056
3.15124 9.51056
3.10994 9.51056
3.06863 9.51056
3.02733 9.51056
3.11936 9.51056
3.07805 9.51056
3.03675 9.51056
3.12877 9.51056
3.08747 9.51056
3.04616 9.51056
3.13819 9.51056
3.09689 9.51056
3.05558 9.51056
3.14761 9.51056
3.10631 9.51056
3.065 9.51056
3.02369 9.51056
3.11572 9.51056
3.07442 9.51056
3.03311 9.51056
3.12514 9.51056
3.08384 9.51056
3.04253 9.51056
3.13456 9.51056
3.09325 9.51056
3.05195 9.51056
3.14398 9.51056
3.10267 9.51056
3.06137 9.51056
3.15339 9.51056
3.11209 9.51056
3.07078 9.51056
3.02948 9.51056
3.12151 9.51056
3.0802 9.51056
3.0389 9.51056
3.13093 9.51056
3.08962 9.51056
3.04832 9.51056
3.14034 9.51056
3.09904 9.51056
3.05773 9.51056
3.14976 9.51056
3.10846 9.51056
3.06715 9.51056
3.02585 9.51056
3.11787 9.51056
3.07657 9.51056
3.03526 9.51056
3.12729 9.51056
3.08599 9.51056
3.04468 9.51056
3.13671 9.51056
3.09541 9.51056
3.0541 9.51056
3.14613 9.51056
3.10482 9.51056
3.06352 9.51056
3.15555 9.51056
3.11424 9.51056
3.07294 9.51056
3.03163 9.51056
3.12366 9.51056
3.08235 9.51056
3.04105 9.51056
3.13308 9.51056
3.09177 9.51056
3.05047 9.51056
3.1425 9.51056
3.10119 9.51056
3.05989 9.51056
3.15191 9.51056
3.11061 9.51056
3.0693 9.51056
3.028 9.51056
3.12003 9.51056
3.07872 9.51056
3.03742 9.51056
3.12944 9.51056
3.08814 9.51056
3.04683 9.51056
3.13886 9.51056
3.09756 9.51056
3.05625 9.51056
3.14828 9.51056
3.10697 9.51056
3.06567 9.51056
3.02436 9.51056
3.11639 9.51056
3.07509 9.51056
3.03378 9.51056
3.12581 9.51056
3.08451 9.51056
3.0432 9.51056
3.13523 9.51056
3.09392 9.51056
3.05262 9.51056
3.14465 9.51056
3.10334 9.51056
3.06204 9.51056
3.15407 9.51056
3.11276 9.51056
3.07146 9.51056
3.03015 9.51056
3.12218 9.51056
3.08087 9.51056
3.03957 9.51056
3.1316 9.51056
3.09029 9.51056
3.04899 9.51056
3.14101 9.51056
3.09971 9.51056
3.0584 9.51056
3.15043 9.51056
3.10913 9.51056
3.06782 9.51056
3.02652 9.51056
3.11855 9.51056
3.07724 9.51056
3.03593 9.51056
3.12796 9.51056
3.08666 9.51056
3.04535 9.51056
3.13738 9.51056
3.09608 9.51056
3.05477 9.51056
3.1468 9.51056
3.10549 9.51056
3.06419 9.51056
3.15622 9.51056
3.11491 9.51056
3.07361 9.51056
3.0323 9.51056
3.12433 9.51056
3.08302 9.51056
3.04172 9.51056
3.13375 9.51056
3.09244 9.51056
3.05114 9.51056
3.14317 9.51056
3.10186 9.51056
3.06056 9.51056
3.15258 9.51056
3.11128 9.51056
3.06997 9.51056
3.02867 9.51056
3.1207 9.51056
3.07939 9.51056
3.03809 9.51056
3.13011 9.51056
3.08881 9.51056
3.0475 9.51056
3.13953 9.51056
3.09823 9.51056
3.05692 9.51056
3.14895 9.51056
3.10765 9.51056
3.06634 9.51056
3.02503 9.51056
3.11706 9.51056
3.07576 9.51056
3.03445 9.51056
3.12648 9.51056
3.08518 9.51056
3.04387 9.51056
3.1359 9.51056
3.09459 9.51056
3.05329 9.51056
3.14532 9.51056
3.10401 9.51056
3.06271 9.51056
3.15474 9.51056
3.11343 9.51056
3.07212 9.51056
3.03082 9.51056
3.12285 9.51056
3.08154 9.51056
3.04024 9.51056
3.13227 9.51056
3.09096 9.51056
3.04966 9.51056
3.14168 9.51056
3.10038 9.51056
3.05907 9.51056
3.1511 9.51056
3.1098 9.51056
3.06849 9.51056
3.02719 9.51056
3.11922 9.51056
3.07791 9.51056
3.0366 9.51056
3.12863 9.51056
3.08733 9.51056
3.04602 9.51056
3.13805 9.51056
3.09675 9.51056
3.05544 9.51056
3.14747 9.51056
3.10616 9.51056
3.06486 9.51056
3.02355 9.51056
3.11558 9.51056
3.07428 9.51056
3.03297 9.51056
3.125 9.51056
3.08369 9.51056
3.04239 9.51056
3.13442 9.51056
3.09311 9.51056
3.05181 9.51056
3.14384 9.51056
3.10253 9.51056
3.06122 9.51056
3.15325 9.51056
3.11195 9.51056
3.07064 9.51056
3.02934 9.51056
3.12137 9.51056
3.08006 9.51056
3.03876 9.51056
3.13078 9.51056
3.08948 9.51056
3.04817 9.51056
3.1402 9.51056
3.0989 9.51056
3.05759 9.51056
3.14962 9.51056
3.10831 9.51056
3.06701 9.51056
3.0257 9.51056
3.11773 9.51056
3.07643 9.51056
3.03512 9.51056
3.12715 9.51056
3.08585 9.51056
3.04454 9.51056
3.13657 9.51056
3.09526 9.51056
3.05396 9.51056
3.14599 9.51056
3.10468 9.51056
3.06338 9.51056
3.15541 9.51056
3.1141 9.51056
3.07279 9.51056
3.03149 9.51056
3.12352 9.51056
3.08221 9.51056
3.04091 9.51056
3.13294 9.51056
3.09163 9.51056
3.05033 9.51056
3.14235 9.51056
3.10105 9.51056
3.05974 9.51056
3.15177 9.51056
3.11047 9.51056
3.06916 9.51056
3.02786 9.51056
3.11988 9.51056
3.07858 9.51056
3.03727 9.51056
3.1293 9.51056
3.088 9.51056
3.04669 9.51056
3.13872 9.51056
3.09742 9.51056
3.05611 9.51056
3.14814 9.51056
3.10683 9.51056
3.06553 9.51056
3.02422 9.51056
3.11625 9.51056
3.07495 9.51056
3.03364 9.51056
3.12567 9.51056
3.08436 9.51056
3.04306 9.51056
3.13509 9.51056
3.09378 9.51056
3.05248 9.51056
3.14451 9.51056
3.1032 9.51056
3.0619 9.51056
3.15392 9.51056
3.11262 9.51056
3.07131 9.51056
3.03001 9.51056
3.12204 9.51056
3.08073 9.51056
3.03943 9.51056
3.13145 9.51056
3.09015 9.51056
3.04884 9.51056
3.14087 9.51056
3.09957 9.51056
3.05826 9.51056
3.15029 9.51056
3.10899 9.51056
3.06768 9.51056
3.02638 9.51056
3.1184 9.51056
3.0771 9.51056
3.03579 9.51056
3.12782 9.51056
3.08652 9.51056
3.04521 9.51056
3.13724 9.51056
3.09593 9.51056
3.05463 9.51056
3.14666 9.51056
3.10535 9.51056
3.06405 9.51056
3.15608 9.51056
3.11477 9.51056
3.07347 9.51056
3.03216 9.51056
3.12419 9.51056
3.08288 9.51056
3.04158 9.51056
3.13361 9.51056
3.0923 9.51056
3.051 9.51056
3.14302 9.51056
3.10172 9.51056
3.06041 9.51056
3.15244 9.51056
3.11114 9.51056
3.06983 9.51056
3.02853 9.51056
3.12056 9.51056
3.07925 9.51056
3.03795 9.51056
3.12997 9.51056
3.08867 9.51056
3.04736 9.51056
3.13939 9.51056
3.09809 9.51056
3.05678 9.51056
3.14881 9.51056
3.1075 9.51056
3.0662 9.51056
3.02489 9.51056
3.11692 9.51056
3.07562 9.51056
3.03431 9.51056
3.12634 9.51056
3.08504 9.51056
3.04373 9.51056
3.13576 9.51056
3.09445 9.51056
3.05315 9.51056
3.14518 9.51056
3.10387 9.51056
3.06257 9.51056
3.15459 9.51056
3.11329 9.51056
3.07198 9.51056
3.03068 9.51056
3.12271 9.51056
3.0814 9.51056
3.0401 9.51056
3.13213 9.51056
3.09082 9.51056
3.04952 9.51056
3.14154 9.51056
3.10024 9.51056
3.05893 9.51056
3.15096 9.51056
3.10966 9.51056
3.06835 9.51056
3.02705 9.51056
3.11907 9.51056
3.07777 9.51056
3.03646 9.51056
3.12849 9.51056
3.08719 9.51056
3.04588 9.51056
3.13791 9.51056
3.09661 9.51056
3.0553 9.51056
3.14733 9.51056
3.10602 9.51056
3.06472 9.51056
3.15674 9.51056
3.11544 9.51056
3.07413 9.51056
3.03283 9.51056
3.12486 9.51056
3.08355 9.51056
3.04225 9.51056
3.13428 9.51056
3.09297 9.51056
3.05167 9.51056
3.14369 9.51056
3.10239 9.51056
3.06108 9.51056
3.15311 9.51056
3.11181 9.51056
3.0705 9.51056
3.0292 9.51056
3.12122 9.51056
3.07992 9.51056
3.03861 9.51056
3.13064 9.51056
3.08934 9.51056
3.04803 9.51056
3.14006 9.51056
3.09876 9.51056
3.05745 9.51056
3.14948 9.51056
3.10817 9.51056
3.06687 9.51056
3.02556 9.51056
3.11759 9.51056
3.07629 9.51056
3.03498 9.51056
3.12701 9.51056
3.0857 9.51056
3.0444 9.51056
3.13643 9.51056
3.09512 9.51056
3.05382 9.51056
3.14585 9.51056
3.10454 9.51056
3.06324 9.51056
3.15526 9.51056
3.11396 9.51056
3.07265 9.51056
3.03135 9.51056
3.12338 9.51056
3.08207 9.51056
3.04077 9.51056
3.13279 9.51056
3.09149 9.51056
3.05018 9.51056
3.14221 9.51056
3.10091 9.51056
3.0596 9.51056
3.15163 9.51056
3.11033 9.51056
3.06902 9.51056
3.02772 9.51056
3.11974 9.51056
3.07844 9.51056
3.03713 9.51056
3.12916 9.51056
3.08786 9.51056
3.04655 9.51056
3.13858 9.51056
3.09727 9.51056
3.05597 9.51056
3.148 9.51056
3.10669 9.51056
3.06539 9.51056
3.02408 9.51056
3.11611 9.51056
3.07481 9.51056
3.0335 9.51056
3.12553 9.51056
3.08422 9.51056
3.04292 9.51056
3.13495 9.51056
3.09364 9.51056
3.05234 9.51056
3.14436 9.51056
3.10306 9.51056
3.06175 9.51056
3.15378 9.51056
3.11248 9.51056
3.07117 9.51056
3.02987 9.51056
3.1219 9.51056
3.08059 9.51056
3.03929 9.51056
3.13131 9.51056
3.09001 9.51056
3.0487 9.51056
3.14073 9.51056
3.09943 9.51056
3.05812 9.51056
3.15015 9.51056
3.10884 9.51056
3.06754 9.51056
3.02623 9.51056
3.11826 9.51056
3.07696 9.51056
3.03565 9.51056
3.12768 9.51056
3.08638 9.51056
3.04507 9.51056
3.1371 9.51056
3.09579 9.51056
3.05449 9.51056
3.14652 9.51056
3.10521 9.51056
3.06391 9.51056
3.15593 9.51056
3.11463 9.51056
3.07332 9.51056
3.03202 9.51056
3.12405 9.51056
3.08274 9.51056
3.04144 9.51056
3.13347 9.51056
3.09216 9.51056
3.05086 9.51056
3.14288 9.51056
3.10158 9.51056
3.06027 9.51056
3.1523 9.51056
3.111 9.51056
3.06969 9.51056
3.02839 9.51056
3.12041 9.51056
3.07911 9.51056
3.0378 9.51056
3.12983 9.51056
3.08853 9.51056
3.04722 9.51056
3.13925 9.51056
3.09795 9.51056
3.05664 9.51056
3.14867 9.51056
3.10736 9.51056
3.06606 9.51056
3.02475 9.51056
3.11678 9.51056
3.07548 9.51056
3.03417 9.51056
3.1262 9.51056
3.08489 9.51056
3.04359 9.51056
3.13562 9.51056
3.09431 9.51056
3.05301 9.51056
3.14504 9.51056
3.10373 9.51056
3.06243 9.51056
3.15445 9.51056
3.11315 9.51056
3.07184 9.51056
3.03054 9.51056
3.12257 9.51056
3.08126 9.51056
3.03996 9.51056
3.13198 9.51056
3.09068 9.51056
3.04937 9.51056
3.1414 9.51056
3.1001 9.51056
3.05879 9.51056
3.15082 9.51056
3.10952 9.51056
3.06821 9.51056
3.0269 9.51056
3.11893 9.51056
3.07763 9.51056
3.03632 9.51056
3.12835 9.51056
3.08705 9.51056
3.04574 9.51056
3.13777 9.51056
3.09646 9.51056
3.05516 9.51056
3.14719 9.51056
3.10588 9.51056
3.06458 9.51056
3.1566 9.51056
3.1153 9.51056
3.07399 9.51056
3.03269 9.51056
3.12472 9.51056
3.08341 9.51056
3.04211 9.51056
3.13414 9.51056
3.09283 9.51056
3.05153 9.51056
3.14355 9.51056
3.10225 9.51056
3.06094 9.51056
3.15297 9.51056
3.11167 9.51056
3.07036 9.51056
3.02906 9.51056
3.12108 9.51056
3.07978 9.51056
3.03847 9.51056
3.1305 9.51056
3.0892 9.51056
3.04789 9.51056
3.13992 9.51056
3.09862 9.51056
3.05731 9.51056
3.14934 9.51056
3.10803 9.51056
3.06673 9.51056
3.02542 9.51056
3.11745 9.51056
3.07615 9.51056
3.03484 9.51056
3.12687 9.51056
3.08556 9.51056
3.04426 9.51056
3.13629 9.51056
3.09498 9.51056
3.05368 9.51056
3.1457 9.51056
3.1044 9.51056
3.06309 9.51056
3.15512 9.51056
3.11382 9.51056
3.07251 9.51056
3.03121 9.51056
3.12324 9.51056
3.08193 9.51056
3.04063 9.51056
3.13265 9.51056
3.09135 9.51056
3.05004 9.51056
3.14207 9.51056
3.10077 9.51056
3.05946 9.51056
3.15149 9.51056
3.11019 9.51056
3.06888 9.51056
3.02758 9.51056
3.1196 9.51056
3.0783 9.51056
3.03699 9.51056
3.12902 9.51056
3.08772 9.51056
3.04641 9.51056
3.13844 9.51056
3.09713 9.51056
3.05583 9.51056
3.14786 9.51056
3.10655 9.51056
3.06525 9.51056
3.02394 9.51056
3.11597 9.51056
3.07466 9.51056
3.03336 9.51056
3.12539 9.51056
3.08408 9.51056
3.04278 9.51056
3.13481 9.51056
3.0935 9.51056
3.0522 9.51056
3.14422 9.51056
3.10292 9.51056
3.06161 9.51056
3.15364 9.51056
3.11234 9.51056
3.07103 9.51056
3.02973 9.51056
3.12175 9.51056
3.08045 9.51056
3.03914 9.51056
3.13117 9.51056
3.08987 9.51056
3.04856 9.51056
3.14059 9.51056
3.09929 9.51056
3.05798 9.51056
3.15001 9.51056
3.1087 9.51056
3.0674 9.51056
3.02609 9.51056
3.11812 9.51056
3.07682 9.51056
3.03551 9.51056
3.12754 9.51056
3.08623 9.51056
3.04493 9.51056
3.13696 9.51056
3.09565 9.51056
3.05435 9.51056
3.14638 9.51056
3.10507 9.51056
3.06377 9.51056
3.15579 9.51056
3.11449 9.51056
3.07318 9.51056
3.03188 9.51056
3.12391 9.51056
3.0826 9.51056
3.0413 9.51056
3.13332 9.51056
3.09202 9.51056
3.05071 9.51056
3.14274 9.51056
3.10144 9.51056
3.06013 9.51056
3.15216 9.51056
3.11086 9.51056
3.06955 9.51056
3.02824 9.51056
3.12027 9.51056
3.07897 9.51056
