0 0
0.00964966 -0.00262375
0.0192469 -0.00524748
0.0287916 -0.00787119
0.0382838 -0.0104949
0.0477236 -0.0131185
0.057111 -0.015742
0.0664459 -0.0183655
0.0757283 -0.0209889
0.0849583 -0.0236121
0.0941359 -0.0262353
0.103261 -0.0288583
0.112334 -0.0314812
0.121354 -0.0341039
0.130322 -0.0367264
0.139238 -0.0393487
0.148101 -0.0419709
0.156911 -0.0445928
0.16567 -0.0472145
0.174376 -0.0498359
0.183029 -0.0524571
0.191631 -0.0550781
0.20018 -0.0576987
0.208676 -0.060319
0.217121 -0.0629391
0.225513 -0.0655588
0.233852 -0.0681781
0.24214 -0.0707971
0.250375 -0.0734158
0.258557 -0.076034
0.266688 -0.0786519
0.274766 -0.0812694
0.282793 -0.0838864
0.290766 -0.086503
0.298688 -0.0891192
0.306558 -0.0917348
0.314375 -0.09435
0.32214 -0.0969648
0.329853 -0.099579
0.337514 -0.102193
0.345122 -0.104806
0.352679 -0.107418
0.360183 -0.11003
0.367636 -0.112642
0.375036 -0.115253
0.382384 -0.117863
0.389681 -0.120473
0.396925 -0.123082
0.404117 -0.12569
0.411257 -0.128298
0.418345 -0.130905
0.425382 -0.133511
0.432366 -0.136117
0.439298 -0.138722
0.446179 -0.141326
0.453008 -0.143929
0.459784 -0.146532
0.466509 -0.149134
0.473182 -0.151735
0.479804 -0.154336
0.486373 -0.156935
0.492891 -0.159534
0.499357 -0.162132
0.505771 -0.164729
0.512134 -0.167325
0.518445 -0.16992
0.524704 -0.172514
0.530911 -0.175108
0.537067 -0.1777
0.543172 -0.180292
0.549224 -0.182882
0.555226 -0.185472
0.561175 -0.18806
0.567074 -0.190648
0.57292 -0.193235
0.578716 -0.19582
0.584459 -0.198405
0.590152 -0.200988
0.595793 -0.203571
0.601383 -0.206152
0.606921 -0.208732
0.612408 -0.211311
0.617844 -0.213889
0.623228 -0.216466
0.628561 -0.219042
0.633843 -0.221616
0.639074 -0.22419
0.644254 -0.226762
0.649383 -0.229333
0.65446 -0.231903
0.659487 -0.234471
0.664462 -0.237038
0.669387 -0.239604
0.67426 -0.242169
0.679083 -0.244733
0.683854 -0.247295
0.688575 -0.249855
0.693245 -0.252415
0.697864 -0.254973
0.702432 -0.25753
0.706949 -0.260085
0.711416 -0.262639
0.715832 -0.265192
0.720197 -0.267743
0.724512 -0.270293
0.728776 -0.272841
0.732989 -0.275388
0.737152 -0.277933
0.741264 -0.280477
0.745326 -0.283019
0.749338 -0.28556
0.753299 -0.288099
0.757209 -0.290637
0.76107 -0.293173
0.76488 -0.295708
0.768639 -0.298241
0.772349 -0.300773
0.776008 -0.303303
0.779617 -0.305831
0.783176 -0.308358
0.786685 -0.310883
0.790144 -0.313406
0.793552 -0.315928
0.796911 -0.318448
0.80022 -0.320966
0.803479 -0.323483
0.806688 -0.325998
0.809847 -0.328511
0.812956 -0.331022
0.816015 -0.333532
0.819025 -0.33604
0.821985 -0.338546
0.824896 -0.34105
0.827757 -0.343552
0.830568 -0.346053
0.83333 -0.348552
0.836042 -0.351049
0.838705 -0.353544
0.841318 -0.356037
0.843882 -0.358528
0.846396 -0.361018
0.848862 -0.363505
0.851278 -0.365991
0.853645 -0.368475
0.855962 -0.370956
0.858231 -0.373436
0.86045 -0.375914
0.862621 -0.378389
0.864742 -0.380863
0.866814 -0.383335
0.868838 -0.385805
0.870813 -0.388272
0.872738 -0.390738
0.874615 -0.393202
0.876444 -0.395663
0.878223 -0.398123
0.879954 -0.40058
0.881637 -0.403035
0.88327 -0.405488
0.884856 -0.407939
0.886392 -0.410388
0.887881 -0.412835
0.889321 -0.415279
0.890712 -0.417721
0.892056 -0.420162
0.893351 -0.4226
0.894597 -0.425035
0.895796 -0.427469
0.896947 -0.4299
0.898049 -0.432329
0.899104 -0.434756
0.90011 -0.43718
0.901069 -0.439603
0.901979 -0.442023
0.902842 -0.44444
0.903657 -0.446855
0.904425 -0.449268
0.905145 -0.451679
0.905817 -0.454087
0.906441 -0.456493
0.907018 -0.458897
0.907548 -0.461298
0.90803 -0.463697
0.908464 -0.466094
0.908852 -0.468488
0.909192 -0.470879
0.909484 -0.473268
0.90973 -0.475655
0.909929 -0.47804
0.91008 -0.480421
0.910184 -0.482801
0.910242 -0.485178
0.910252 -0.487552
0.910216 -0.489924
0.910133 -0.492293
0.910003 -0.49466
0.909826 -0.497025
0.909602 -0.499387
0.909332 -0.501746
0.909016 -0.504103
0.908653 -0.506457
0.908243 -0.508808
0.907787 -0.511157
0.907285 -0.513504
0.906736 -0.515848
0.906141 -0.518189
0.9055 -0.520527
0.904813 -0.522863
0.90408 -0.525197
0.9033 -0.527527
0.902475 -0.529855
0.901604 -0.532181
0.900687 -0.534503
0.899724 -0.536823
0.898715 -0.539141
0.897661 -0.541455
0.896561 -0.543767
0.895415 -0.546076
0.894224 -0.548383
0.892988 -0.550687
0.891706 -0.552988
0.890378 -0.555286
0.889005 -0.557581
0.887587 -0.559874
0.886124 -0.562164
0.884616 -0.564451
0.883062 -0.566735
0.881464 -0.569017
0.87982 -0.571296
0.878132 -0.573572
0.876399 -0.575845
0.874621 -0.578115
0.872798 -0.580383
0.870931 -0.582647
0.869018 -0.584909
0.867062 -0.587168
0.865061 -0.589424
0.863015 -0.591677
0.860925 -0.593928
0.858791 -0.596175
0.856612 -0.59842
0.854389 -0.600661
0.852122 -0.6029
0.849811 -0.605136
0.847456 -0.607369
0.845056 -0.609599
0.842613 -0.611826
0.840126 -0.61405
0.837595 -0.616271
0.835021 -0.61849
0.832403 -0.620705
0.829741 -0.622917
0.827035 -0.625127
0.824286 -0.627333
0.821494 -0.629536
0.818658 -0.631737
0.815779 -0.633934
0.812857 -0.636129
0.809891 -0.63832
0.806882 -0.640508
0.80383 -0.642694
0.800735 -0.644876
0.797597 -0.647056
0.794417 -0.649232
0.791193 -0.651405
0.787927 -0.653576
0.784617 -0.655743
0.781265 -0.657907
0.777871 -0.660068
0.774434 -0.662226
0.770955 -0.664381
0.767433 -0.666533
0.763868 -0.668682
0.760262 -0.670827
0.756613 -0.67297
0.752922 -0.67511
0.749189 -0.677246
0.745414 -0.67938
0.741597 -0.68151
0.737738 -0.683637
0.733837 -0.685761
0.729894 -0.687882
0.72591 -0.69
0.721883 -0.692114
0.717816 -0.694226
0.713706 -0.696334
0.709556 -0.69844
0.705363 -0.700542
0.70113 -0.702641
0.696855 -0.704737
0.692539 -0.70683
0.688181 -0.708919
0.683783 -0.711006
0.679343 -0.713089
0.674863 -0.715169
0.670341 -0.717246
0.665779 -0.71932
0.661176 -0.72139
0.656532 -0.723457
0.651848 -0.725522
0.647122 -0.727583
0.642357 -0.729641
0.637551 -0.731695
0.632704 -0.733747
0.627817 -0.735795
0.62289 -0.73784
0.617922 -0.739882
0.612915 -0.741921
0.607867 -0.743956
0.602779 -0.745988
0.597651 -0.748017
0.592484 -0.750043
0.587276 -0.752066
0.582029 -0.754085
0.576742 -0.756101
0.571415 -0.758114
0.566049 -0.760124
0.560643 -0.762131
0.555197 -0.764134
0.549713 -0.766134
0.544188 -0.768131
0.538625 -0.770125
0.533023 -0.772115
0.527381 -0.774102
0.5217 -0.776086
0.51598 -0.778067
0.510221 -0.780044
0.504424 -0.782019
0.498587 -0.78399
0.492712 -0.785957
0.486798 -0.787922
0.480845 -0.789883
0.474854 -0.791841
0.468824 -0.793796
0.462756 -0.795747
0.456649 -0.797696
0.450504 -0.799641
0.444321 -0.801583
0.4381 -0.803521
0.43184 -0.805456
0.425543 -0.807388
0.419207 -0.809317
0.412834 -0.811243
0.406423 -0.813165
0.399973 -0.815084
0.393486 -0.817
0.386962 -0.818912
0.3804 -0.820822
0.3738 -0.822728
0.367163 -0.82463
0.360488 -0.82653
0.353776 -0.828426
0.347027 -0.830319
0.34024 -0.832209
0.333416 -0.834096
0.326555 -0.835979
0.319658 -0.837859
0.312723 -0.839736
0.305751 -0.841609
0.298742 -0.843479
0.291697 -0.845346
0.284615 -0.84721
0.277496 -0.849071
0.270341 -0.850928
0.263149 -0.852782
0.25592 -0.854633
0.248655 -0.85648
0.241354 -0.858325
0.234017 -0.860166
0.226643 -0.862003
0.219233 -0.863838
0.211788 -0.865669
0.204306 -0.867497
0.196788 -0.869322
0.189234 -0.871144
0.181644 -0.872962
0.174019 -0.874777
0.166358 -0.876589
0.158661 -0.878398
0.150929 -0.880203
0.143161 -0.882005
0.135358 -0.883804
0.127519 -0.8856
0.119646 -0.887392
0.111736 -0.889181
0.103792 -0.890967
0.0958123 -0.89275
0.0877977 -0.89453
0.0797481 -0.896306
0.0716635 -0.89808
0.063544 -0.899849
0.0553897 -0.901616
0.0472007 -0.90338
0.0389769 -0.90514
0.0307185 -0.906897
0.0224256 -0.908651
0.0140981 -0.910402
0.00573623 -0.912149
-0.00266005 -0.913893
-0.0110907 -0.915635
-0.0195555 -0.917372
-0.0280546 -0.919107
-0.0365878 -0.920839
-0.045155 -0.922567
-0.0537563 -0.924292
-0.0623915 -0.926014
-0.0710606 -0.927733
-0.0797635 -0.929449
-0.0885002 -0.931161
-0.0972706 -0.93287
-0.106075 -0.934576
-0.114912 -0.936279
-0.123783 -0.937979
-0.132688 -0.939676
-0.141626 -0.941369
-0.150597 -0.943059
-0.159602 -0.944746
-0.168639 -0.94643
-0.17771 -0.948111
-0.186814 -0.949789
-0.195951 -0.951463
-0.205121 -0.953135
-0.214324 -0.954803
-0.22356 -0.956468
-0.232828 -0.95813
-0.242129 -0.959789
-0.251463 -0.961445
-0.260829 -0.963097
-0.270228 -0.964747
-0.27966 -0.966393
-0.289123 -0.968036
-0.29862 -0.969676
-0.308148 -0.971314
-0.317709 -0.972947
-0.327302 -0.974578
-0.336926 -0.976206
-0.346583 -0.977831
-0.356272 -0.979452
-0.365993 -0.981071
-0.375746 -0.982686
-0.385531 -0.984298
-0.395347 -0.985908
-0.405195 -0.987514
-0.415075 -0.989117
-0.424986 -0.990717
-0.434928 -0.992314
-0.444903 -0.993908
-0.454908 -0.995499
-0.464945 -0.997087
-0.475013 -0.998671
-0.485112 -1.00025
-0.495243 -1.00183
-0.505404 -1.00341
-0.515597 -1.00498
-0.52582 -1.00655
-0.536075 -1.00812
-0.54636 -1.00968
-0.556676 -1.01124
-0.567023 -1.0128
-0.577401 -1.01435
-0.587809 -1.0159
-0.598248 -1.01745
-0.608717 -1.019
-0.619216 -1.02054
-0.629746 -1.02208
-0.640307 -1.02362
-0.650898 -1.02515
-0.661518 -1.02668
-0.672169 -1.02821
-0.68285 -1.02973
-0.693562 -1.03126
-0.704303 -1.03277
-0.715074 -1.03429
-0.725875 -1.0358
-0.736705 -1.03731
-0.747566 -1.03882
-0.758456 -1.04032
-0.769376 -1.04182
-0.780325 -1.04332
-0.791304 -1.04482
-0.802312 -1.04631
-0.81335 -1.0478
-0.824417 -1.04929
-0.835513 -1.05077
-0.846639 -1.05225
-0.857794 -1.05373
-0.868978 -1.0552
-0.880191 -1.05668
-0.891433 -1.05814
-0.902704 -1.05961
-0.914004 -1.06107
-0.925332 -1.06253
-0.93669 -1.06399
-0.948076 -1.06545
-0.959491 -1.0669
-0.970934 -1.06835
-0.982407 -1.06979
-0.993907 -1.07124
-1.00544 -1.07268
-1.01699 -1.07412
-1.02858 -1.07555
-1.04019 -1.07698
-1.05184 -1.07841
-1.06351 -1.07984
-1.0752 -1.08126
-1.08693 -1.08268
-1.09869 -1.0841
-1.11047 -1.08552
-1.12228 -1.08693
-1.13412 -1.08834
-1.14598 -1.08974
-1.15788 -1.09115
-1.1698 -1.09255
-1.18175 -1.09395
-1.19373 -1.09534
-1.20573 -1.09674
-1.21776 -1.09813
-1.22982 -1.09951
-1.24191 -1.1009
-1.25402 -1.10228
-1.26616 -1.10366
-1.27833 -1.10504
-1.29053 -1.10641
-1.30275 -1.10778
-1.315 -1.10915
-1.32728 -1.11052
-1.33958 -1.11188
-1.35191 -1.11324
-1.36427 -1.1146
-1.37665 -1.11595
-1.38906 -1.1173
-1.4015 -1.11865
-1.41396 -1.12
-1.42646 -1.12134
-1.43897 -1.12269
-1.45152 -1.12402
-1.46409 -1.12536
-1.47668 -1.12669
-1.48931 -1.12802
-1.50195 -1.12935
-1.51463 -1.13068
-1.52733 -1.132
-1.54006 -1.13332
-1.55281 -1.13464
-1.56559 -1.13595
-1.5784 -1.13727
-1.59123 -1.13858
-1.60409 -1.13988
-1.61697 -1.14119
-1.62988 -1.14249
-1.64281 -1.14379
-1.65577 -1.14509
-1.66876 -1.14638
-1.68177 -1.14767
-1.69481 -1.14896
-1.70787 -1.15025
-1.72096 -1.15153
-1.73407 -1.15281
-1.74721 -1.15409
-1.76037 -1.15537
-1.77356 -1.15664
-1.78678 -1.15791
-1.80002 -1.15918
-1.81328 -1.16045
-1.82657 -1.16171
-1.83988 -1.16297
-1.85322 -1.16423
-1.86659 -1.16549
-1.87997 -1.16674
-1.89339 -1.16799
-1.90683 -1.16924
-1.92029 -1.17049
-1.93378 -1.17173
-1.94729 -1.17297
-1.96082 -1.17421
-1.97439 -1.17545
-1.98797 -1.17668
-2.00158 -1.17792
-2.01522 -1.17914
-2.02887 -1.18037
-2.04256 -1.1816
-2.05626 -1.18282
-2.06999 -1.18404
-2.08375 -1.18525
-2.09753 -1.18647
-2.11133 -1.18768
-2.12516 -1.18889
-2.13901 -1.1901
-2.15288 -1.1913
-2.16678 -1.1925
-2.18071 -1.1937
-2.19465 -1.1949
-2.20862 -1.1961
-2.22261 -1.19729
-2.23663 -1.19848
-2.25067 -1.19967
-2.26474 -1.20085
-2.27882 -1.20204
-2.29293 -1.20322
-2.30707 -1.2044
-2.32123 -1.20557
-2.33541 -1.20675
-2.34961 -1.20792
-2.36384 -1.20909
-2.37809 -1.21026
-2.39236 -1.21142
-2.40666 -1.21258
-2.42098 -1.21374
-2.43532 -1.2149
-2.44968 -1.21606
-2.46407 -1.21721
-2.47848 -1.21836
-2.49291 -1.21951
-2.50737 -1.22066
-2.52185 -1.2218
-2.53635 -1.22294
-2.55088 -1.22408
-2.56542 -1.22522
-2.57999 -1.22636
-2.59458 -1.22749
-2.6092 -1.22862
-2.62383 -1.22975
-2.63849 -1.23088
-2.65317 -1.232
-2.66788 -1.23312
-2.6826 -1.23424
-2.69735 -1.23536
-2.71212 -1.23647
-2.72691 -1.23759
-2.74172 -1.2387
-2.75656 -1.23981
-2.77142 -1.24091
-2.78629 -1.24202
-2.8012 -1.24312
-2.81612 -1.24422
-2.83106 -1.24532
-2.84603 -1.24641
-2.86102 -1.24751
-2.87603 -1.2486
-2.89106 -1.24969
-2.90611 -1.25077
-2.92119 -1.25186
-2.93628 -1.25294
-2.9514 -1.25402
-2.96654 -1.2551
-2.9817 -1.25618
-2.99688 -1.25725
-3.01208 -1.25832
-3.02731 -1.25939
-3.04255 -1.26046
-3.05782 -1.26153
-3.07311 -1.26259
-3.08841 -1.26365
-3.10374 -1.26471
-3.11909 -1.26577
-3.13447 -1.26682
-3.14986 -1.26788
-3.16527 -1.26893
-3.1807 -1.26998
-3.19616 -1.27103
-3.21163 -1.27207
-3.22713 -1.27311
-3.24265 -1.27416
-3.25818 -1.2752
-3.27374 -1.27623
-3.28932 -1.27727
-3.30492 -1.2783
-3.32054 -1.27933
-3.33618 -1.28036
-3.35184 -1.28139
-3.36752 -1.28241
-3.38322 -1.28344
-3.39894 -1.28446
-3.41468 -1.28548
-3.43044 -1.28649
-3.44622 -1.28751
-3.46203 -1.28852
-3.47785 -1.28953
-3.49369 -1.29054
-3.50955 -1.29155
-3.52543 -1.29255
-3.54133 -1.29356
-3.55726 -1.29456
-3.5732 -1.29556
-3.58916 -1.29656
-3.60514 -1.29755
-3.62114 -1.29854
-3.63716 -1.29954
-3.6532 -1.30053
-3.66926 -1.30151
-3.68534 -1.3025
-3.70144 -1.30348
-3.71755 -1.30447
-3.73369 -1.30545
-3.74985 -1.30642
-3.76602 -1.3074
-3.78222 -1.30838
-3.79844 -1.30935
-3.81467 -1.31032
-3.83092 -1.31129
-3.8472 -1.31226
-3.86349 -1.31322
-3.8798 -1.31418
-3.89613 -1.31515
-3.91248 -1.31611
-3.92885 -1.31706
-3.94523 -1.31802
-3.96164 -1.31897
-3.97806 -1.31993
-3.99451 -1.32088
-4.01097 -1.32183
-4.02745 -1.32277
-4.04395 -1.32372
-4.06047 -1.32466
-4.07701 -1.3256
-4.09356 -1.32654
-4.11014 -1.32748
-4.12673 -1.32842
-4.14334 -1.32935
-4.15998 -1.33028
-4.17662 -1.33121
-4.19329 -1.33214
-4.20998 -1.33307
-4.22668 -1.334
-4.2434 -1.33492
-4.26015 -1.33584
-4.2769 -1.33676
-4.29368 -1.33768
-4.31048 -1.3386
-4.32729 -1.33951
-4.34412 -1.34042
-4.36097 -1.34134
-4.37784 -1.34225
-4.39473 -1.34315
-4.41163 -1.34406
-4.42855 -1.34496
-4.44549 -1.34587
-4.46245 -1.34677
-4.47943 -1.34767
-4.49642 -1.34857
-4.51343 -1.34946
-4.53046 -1.35036
-4.54751 -1.35125
-4.56457 -1.35214
-4.58166 -1.35303
-4.59876 -1.35392
-4.61587 -1.3548
-4.63301 -1.35569
-4.65016 -1.35657
-4.66733 -1.35745
-4.68452 -1.35833
-4.70173 -1.35921
-4.71895 -1.36009
-4.73619 -1.36096
-4.75344 -1.36183
-4.77072 -1.3627
-4.78801 -1.36357
-4.80532 -1.36444
-4.82265 -1.36531
-4.83999 -1.36617
-4.85735 -1.36703
-4.87473 -1.3679
-4.89212 -1.36876
-4.90954 -1.36961
-4.92697 -1.37047
-4.94441 -1.37133
-4.96187 -1.37218
-4.97935 -1.37303
-4.99685 -1.37388
-5.01437 -1.37473
-5.0319 -1.37558
-5.04944 -1.37642
-5.06701 -1.37727
-5.08459 -1.37811
-5.10219 -1.37895
-5.1198 -1.37979
-5.13743 -1.38063
-5.15508 -1.38146
-5.17274 -1.3823
-5.19042 -1.38313
-5.20812 -1.38396
-5.22583 -1.38479
-5.24356 -1.38562
-5.26131 -1.38645
-5.27907 -1.38727
-5.29685 -1.3881
-5.31465 -1.38892
-5.33246 -1.38974
-5.35029 -1.39056
-5.36813 -1.39138
-5.386 -1.39219
-5.40387 -1.39301
-5.42177 -1.39382
-5.43968 -1.39463
-5.4576 -1.39544
-5.47554 -1.39625
-5.4935 -1.39706
-5.51147 -1.39787
-5.52946 -1.39867
-5.54747 -1.39947
-5.56549 -1.40028
-5.58353 -1.40108
-5.60158 -1.40187
-5.61965 -1.40267
-5.63774 -1.40347
-5.65584 -1.40426
-5.67395 -1.40505
-5.69209 -1.40585
-5.71024 -1.40664
-5.7284 -1.40742
-5.74658 -1.40821
-5.76477 -1.409
-5.78298 -1.40978
-5.80121 -1.41056
-5.81945 -1.41135
-5.83771 -1.41212
-5.85598 -1.4129
-5.87427 -1.41368
-5.89257 -1.41446
-5.91089 -1.41523
-5.92923 -1.416
-5.94758 -1.41678
-5.96594 -1.41755
-5.98432 -1.41831
-6.00272 -1.41908
-6.02113 -1.41985
-6.03956 -1.42061
-6.058 -1.42138
-6.07645 -1.42214
-6.09493 -1.4229
-6.11341 -1.42366
-6.13192 -1.42441
-6.15043 -1.42517
-6.16896 -1.42593
-6.18751 -1.42668
-6.20607 -1.42743
-6.22465 -1.42818
-6.24324 -1.42893
-6.26185 -1.42968
-6.28047 -1.43043
-6.29911 -1.43117
-6.31776 -1.43192
-6.33642 -1.43266
-6.3551 -1.4334
-6.3738 -1.43414
-6.39251 -1.43488
-6.41123 -1.43562
-6.42997 -1.43636
-6.44873 -1.43709
-6.4675 -1.43783
-6.48628 -1.43856
-6.50508 -1.43929
-6.52389 -1.44002
-6.54272 -1.44075
-6.56156 -1.44148
-6.58041 -1.4422
-6.59929 -1.44293
-6.61817 -1.44365
-6.63707 -1.44437
-6.65598 -1.44509
-6.67491 -1.44581
-6.69385 -1.44653
-6.71281 -1.44725
-6.73178 -1.44796
-6.75076 -1.44868
-6.76976 -1.44939
-6.78878 -1.4501
-6.8078 -1.45082
-6.82684 -1.45152
-6.8459 -1.45223
-6.86497 -1.45294
-6.88405 -1.45365
-6.90315 -1.45435
-6.92226 -1.45505
-6.94139 -1.45576
-6.96053 -1.45646
-6.97968 -1.45716
-6.99885 -1.45786
-7.01803 -1.45855
-7.03723 -1.45925
-7.05644 -1.45994
-7.07566 -1.46064
-7.0949 -1.46133
-7.11415 -1.46202
-7.13341 -1.46271
-7.15269 -1.4634
-7.17198 -1.46409
-7.19129 -1.46478
-7.2106 -1.46546
-7.22994 -1.46615
-7.24928 -1.46683
-7.26864 -1.46751
-7.28802 -1.46819
-7.3074 -1.46887
-7.3268 -1.46955
-7.34622 -1.47023
-7.36565 -1.4709
-7.38509 -1.47158
-7.40454 -1.47225
-7.42401 -1.47292
-7.44349 -1.47359
-7.46298 -1.47426
-7.48249 -1.47493
-7.50201 -1.4756
-7.52155 -1.47627
-7.54109 -1.47693
-7.56066 -1.4776
-7.58023 -1.47826
-7.59982 -1.47892
-7.61942 -1.47958
-7.63903 -1.48024
-7.65866 -1.4809
-7.6783 -1.48156
-7.69795 -1.48222
-7.71762 -1.48287
-7.73729 -1.48353
-7.75699 -1.48418
-7.77669 -1.48483
-7.79641 -1.48548
-7.81614 -1.48613
-7.83588 -1.48678
-7.85564 -1.48743
-7.87541 -1.48808
-7.89519 -1.48872
-7.91499 -1.48937
-7.9348 -1.49001
-7.95462 -1.49065
-7.97445 -1.49129
-7.9943 -1.49193
-8.01416 -1.49257
-8.03403 -1.49321
-8.05391 -1.49385
-8.07381 -1.49448
-8.09372 -1.49512
-8.11364 -1.49575
-8.13358 -1.49639
-8.15352 -1.49702
-8.17348 -1.49765
-8.19346 -1.49828
-8.21344 -1.49891
-8.23344 -1.49953
-8.25345 -1.50016
-8.27347 -1.50079
-8.29351 -1.50141
-8.31355 -1.50203
-8.33361 -1.50265
-8.35369 -1.50328
-8.37377 -1.5039
-8.39387 -1.50452
-8.41398 -1.50513
-8.4341 -1.50575
-8.45423 -1.50637
-8.47438 -1.50698
-8.49454 -1.5076
-8.51471 -1.50821
-8.53489 -1.50882
-8.55509 -1.50943
-8.57529 -1.51004
-8.59551 -1.51065
-8.61574 -1.51126
-8.63599 -1.51187
-8.65624 -1.51247
-8.67651 -1.51308
-8.69679 -1.51368
-8.71708 -1.51428
-8.73739 -1.51489
-8.7577 -1.51549
-8.77803 -1.51609
-8.79837 -1.51669
-8.81872 -1.51728
-8.83909 -1.51788
-8.85946 -1.51848
-8.87985 -1.51907
-8.90025 -1.51967
-8.92066 -1.52026
-8.94108 -1.52085
-8.96152 -1.52144
-8.98196 -1.52203
-9.00242 -1.52262
-9.02289 -1.52321
-9.04337 -1.5238
-9.06386 -1.52438
-9.08437 -1.52497
-9.10489 -1.52555
-9.12541 -1.52614
-9.14595 -1.52672
-9.1665 -1.5273
-9.18707 -1.52788
-9.20764 -1.52846
-9.22823 -1.52904
-9.24883 -1.52962
-9.26943 -1.5302
-9.29005 -1.53077
-9.31069 -1.53135
-9.33133 -1.53192
-9.35198 -1.5325
-9.37265 -1.53307
-9.39333 -1.53364
-9.41402 -1.53421
-9.43472 -1.53478
-9.45543 -1.53535
-9.47615 -1.53592
-9.49689 -1.53648
-9.51763 -1.53705
-9.53839 -1.53761
-9.55916 -1.53818
-9.57994 -1.53874
-9.60073 -1.5393
-9.62153 -1.53987
-9.64234 -1.54043
-9.66317 -1.54099
-9.684 -1.54155
-9.70485 -1.5421
-9.72571 -1.54266
-9.74657 -1.54322
-9.76745 -1.54377
-9.78835 -1.54433
-9.80925 -1.54488
-9.83016 -1.54543
-9.85108 -1.54599
-9.87202 -1.54654
-9.89296 -1.54709
-9.91392 -1.54764
-9.93489 -1.54818
-9.95587 -1.54873
-9.97686 -1.54928
-9.99786 -1.54982
-10.0189 -1.55037
-10.0399 -1.55091
-10.0609 -1.55146
-10.082 -1.552
-10.103 -1.55254
-10.1241 -1.55308
-10.1452 -1.55362
-10.1663 -1.55416
-10.1873 -1.5547
-10.2085 -1.55523
-10.2296 -1.55577
-10.2507 -1.55631
-10.2718 -1.55684
-10.293 -1.55738
-10.3142 -1.55791
-10.3353 -1.55844
-10.3565 -1.55897
-10.3777 -1.5595
-10.3989 -1.56003
-10.4201 -1.56056
-10.4414 -1.56109
-10.4626 -1.56162
-10.4838 -1.56214
-10.5051 -1.56267
-10.5264 -1.56319
-10.5476 -1.56372
-10.5689 -1.56424
-10.5902 -1.56476
-10.6115 -1.56529
-10.6328 -1.56581
-10.6542 -1.56633
-10.6755 -1.56685
-10.6969 -1.56736
-10.7182 -1.56788
-10.7396 -1.5684
-10.761 -1.56892
-10.7824 -1.56943
-10.8038 -1.56995
-10.8252 -1.57046
-10.8466 -1.57097
-10.868 -1.57148
-10.8895 -1.572
-10.9109 -1.57251
-10.9324 -1.57302
-10.9539 -1.57353
-10.9754 -1.57403
-10.9969 -1.57454
-11.0184 -1.57505
-11.0399 -1.57555
-11.0614 -1.57606
-11.0829 -1.57656
-11.1045 -1.57707
-11.126 -1.57757
-11.1476 -1.57807
-11.1692 -1.57857
-11.1907 -1.57907
-11.2123 -1.57957
-11.2339 -1.58007
-11.2556 -1.58057
-11.2772 -1.58107
-11.2988 -1.58157
-11.3205 -1.58206
-11.3421 -1.58256
-11.3638 -1.58305
-11.3854 -1.58355
-11.4071 -1.58404
-11.4288 -1.58453
-11.4505 -1.58502
-11.4722 -1.58551
-11.494 -1.586
-11.5157 -1.58649
-11.5374 -1.58698
-11.5592 -1.58747
-11.5809 -1.58796
-11.6027 -1.58844
-11.6245 -1.58893
-11.6463 -1.58942
-11.6681 -1.5899
-11.6899 -1.59038
-11.7117 -1.59087
-11.7335 -1.59135
-11.7554 -1.59183
-11.7772 -1.59231
-11.7991 -1.59279
-11.821 -1.59327
-11.8428 -1.59375
-11.8647 -1.59423
-11.8866 -1.5947
-11.9085 -1.59518
-11.9304 -1.59566
-11.9524 -1.59613
-11.9743 -1.59661
-11.9962 -1.59708
-12.0182 -1.59755
-12.0402 -1.59803
-12.0621 -1.5985
-12.0841 -1.59897
-12.1061 -1.59944
-12.1281 -1.59991
-12.1501 -1.60038
-12.1721 -1.60085
-12.1942 -1.60131
-12.2162 -1.60178
-12.2382 -1.60225
-12.2603 -1.60271
-12.2824 -1.60318
-12.3044 -1.60364
-12.3265 -1.6041
-12.3486 -1.60457
-12.3707 -1.60503
-12.3928 -1.60549
-12.4149 -1.60595
-12.4371 -1.60641
-12.4592 -1.60687
-12.4814 -1.60733
-12.5035 -1.60779
-12.5257 -1.60825
-12.5479 -1.6087
-12.57 -1.60916
-12.5922 -1.60961
-12.6144 -1.61007
-12.6367 -1.61052
-12.6589 -1.61098
-12.6811 -1.61143
-12.7033 -1.61188
-12.7256 -1.61233
-12.7478 -1.61278
-12.7701 -1.61323
-12.7924 -1.61368
-12.8147 -1.61413
-12.837 -1.61458
-12.8593 -1.61503
-12.8816 -1.61548
-12.9039 -1.61592
-12.9262 -1.61637
-12.9486 -1.61681
-12.9709 -1.61726
-12.9933 -1.6177
-13.0156 -1.61814
-13.038 -1.61859
-13.0604 -1.61903
-13.0828 -1.61947
-13.1052 -1.61991
-13.1276 -1.62035
-13.15 -1.62079
-13.1724 -1.62123
-13.1949 -1.62167
-13.2173 -1.62211
-13.2397 -1.62254
-13.2622 -1.62298
-13.2847 -1.62341
-13.3072 -1.62385
-13.3296 -1.62428
-13.3521 -1.62472
-13.3746 -1.62515
-13.3972 -1.62558
-13.4197 -1.62602
-13.4422 -1.62645
-13.4647 -1.62688
-13.4873 -1.62731
-13.5098 -1.62774
-13.5324 -1.62817
-13.555 -1.6286
-13.5776 -1.62902
-13.6002 -1.62945
-13.6228 -1.62988
-13.6454 -1.6303
-13.668 -1.63073
-13.6906 -1.63115
-13.7132 -1.63158
-13.7359 -1.632
-13.7585 -1.63243
-13.7812 -1.63285
-13.8038 -1.63327
-13.8265 -1.63369
-13.8492 -1.63411
-13.8719 -1.63453
-13.8946 -1.63495
-13.9173 -1.63537
-13.94 -1.63579
-13.9627 -1.63621
-13.9855 -1.63662
-14.0082 -1.63704
-14.031 -1.63746
-14.0537 -1.63787
-14.0765 -1.63829
-14.0993 -1.6387
-14.122 -1.63912
-14.1448 -1.63953
-14.1676 -1.63994
-14.1904 -1.64035
-14.2133 -1.64077
-14.2361 -1.64118
-14.2589 -1.64159
-14.2818 -1.642
-14.3046 -1.64241
-14.3275 -1.64282
-14.3503 -1.64322
-14.3732 -1.64363
-14.3961 -1.64404
-14.419 -1.64444
-14.4419 -1.64485
-14.4648 -1.64526
-14.4877 -1.64566
-14.5106 -1.64607
-14.5335 -1.64647
-14.5565 -1.64687
-14.5794 -1.64728
-14.6024 -1.64768
-14.6253 -1.64808
-14.6483 -1.64848
-14.6713 -1.64888
-14.6943 -1.64928
-14.7173 -1.64968
-14.7403 -1.65008
-14.7633 -1.65048
-14.7863 -1.65087
-14.8093 -1.65127
-14.8323 -1.65167
-14.8554 -1.65207
-14.8784 -1.65246
-14.9015 -1.65286
-14.9246 -1.65325
-14.9476 -1.65364
-14.9707 -1.65404
-14.9938 -1.65443
-15.0169 -1.65482
-15.04 -1.65522
-15.0631 -1.65561
-15.0862 -1.656
-15.1094 -1.65639
-15.1325 -1.65678
-15.1556 -1.65717
-15.1788 -1.65756
-15.2019 -1.65795
-15.2251 -1.65833
-15.2483 -1.65872
-15.2715 -1.65911
-15.2947 -1.65949
-15.3179 -1.65988
-15.3411 -1.66026
-15.3643 -1.66065
-15.3875 -1.66103
-15.4107 -1.66142
-15.434 -1.6618
-15.4572 -1.66218
-15.4804 -1.66256
-15.5037 -1.66295
-15.527 -1.66333
-15.5502 -1.66371
-15.5735 -1.66409
-15.5968 -1.66447
-15.6201 -1.66485
-15.6434 -1.66523
-15.6667 -1.6656
-15.69 -1.66598
-15.7134 -1.66636
-15.7367 -1.66674
-15.76 -1.66711
-15.7834 -1.66749
-15.8068 -1.66786
-15.8301 -1.66824
-15.8535 -1.66861
-15.8769 -1.66899
-15.9003 -1.66936
-15.9237 -1.66973
-15.9471 -1.6701
-15.9705 -1.67048
-15.9939 -1.67085
-16.0173 -1.67122
-16.0407 -1.67159
-16.0642 -1.67196
-16.0876 -1.67233
-16.1111 -1.6727
-16.1345 -1.67307
-16.158 -1.67343
-16.1815 -1.6738
-16.205 -1.67417
-16.2284 -1.67453
-16.2519 -1.6749
-16.2754 -1.67527
-16.299 -1.67563
-16.3225 -1.676
-16.346 -1.67636
-16.3695 -1.67672
-16.3931 -1.67709
-16.4166 -1.67745
-16.4402 -1.67781
-16.4638 -1.67817
-16.4873 -1.67854
-16.5109 -1.6789
-16.5345 -1.67926
-16.5581 -1.67962
-16.5817 -1.67998
-16.6053 -1.68034
-16.6289 -1.68069
-16.6525 -1.68105
-16.6761 -1.68141
-16.6998 -1.68177
-16.7234 -1.68212
-16.7471 -1.68248
-16.7707 -1.68284
-16.7944 -1.68319
-16.8181 -1.68355
-16.8417 -1.6839
-16.8654 -1.68426
-16.8891 -1.68461
-16.9128 -1.68496
-16.9365 -1.68532
-16.9602 -1.68567
-16.9839 -1.68602
-17.0077 -1.68637
-17.0314 -1.68672
-17.0551 -1.68707
-17.0789 -1.68742
-17.1026 -1.68777
-17.1264 -1.68812
-17.1502 -1.68847
-17.174 -1.68882
-17.1977 -1.68917
-17.2215 -1.68951
-17.2453 -1.68986
-17.2691 -1.69021
-17.2929 -1.69055
-17.3167 -1.6909
-17.3406 -1.69124
-17.3644 -1.69159
-17.3882 -1.69193
-17.4121 -1.69228
-17.4359 -1.69262
-17.4598 -1.69296
-17.4837 -1.69331
-17.5075 -1.69365
-17.5314 -1.69399
-17.5553 -1.69433
-17.5792 -1.69467
-17.6031 -1.69501
-17.627 -1.69535
-17.6509 -1.69569
-17.6748 -1.69603
-17.6988 -1.69637
-17.7227 -1.69671
-17.7466 -1.69705
-17.7706 -1.69739
-17.7945 -1.69772
-17.8185 -1.69806
-17.8425 -1.6984
-17.8664 -1.69873
-17.8904 -1.69907
-17.9144 -1.6994
-17.9384 -1.69974
-17.9624 -1.70007
-17.9864 -1.70041
-18.0104 -1.70074
-18.0344 -1.70107
-18.0585 -1.70141
-18.0825 -1.70174
-18.1065 -1.70207
-18.1306 -1.7024
-18.1546 -1.70273
-18.1787 -1.70306
-18.2028 -1.70339
-18.2268 -1.70372
-18.2509 -1.70405
-18.275 -1.70438
-18.2991 -1.70471
-18.3232 -1.70504
-18.3473 -1.70537
-18.3714 -1.70569
-18.3955 -1.70602
-18.4197 -1.70635
-18.4438 -1.70667
-18.4679 -1.707
-18.4921 -1.70733
-18.5162 -1.70765
-18.5404 -1.70798
-18.5646 -1.7083
-18.5887 -1.70862
-18.6129 -1.70895
-18.6371 -1.70927
-18.6613 -1.70959
-18.6855 -1.70992
-18.7097 -1.71024
-18.7339 -1.71056
-18.7581 -1.71088
-18.7823 -1.7112
-18.8066 -1.71152
-18.8308 -1.71184
-18.855 -1.71216
-18.8793 -1.71248
-18.9035 -1.7128
-18.9278 -1.71312
-18.9521 -1.71344
-18.9763 -1.71375
-19.0006 -1.71407
-19.0249 -1.71439
-19.0492 -1.7147
-19.0735 -1.71502
-19.0978 -1.71534
-19.1221 -1.71565
-19.1464 -1.71597
-19.1708 -1.71628
-19.1951 -1.7166
-19.2194 -1.71691
-19.2438 -1.71722
-19.2681 -1.71754
-19.2925 -1.71785
-19.3168 -1.71816
-19.3412 -1.71847
-19.3656 -1.71879
-19.39 -1.7191
-19.4143 -1.71941
-19.4387 -1.71972
-19.4631 -1.72003
-19.4875 -1.72034
-19.5119 -1.72065
-19.5364 -1.72096
-19.5608 -1.72127
-19.5852 -1.72158
-19.6097 -1.72188
-19.6341 -1.72219
-19.6585 -1.7225
-19.683 -1.72281
-19.7075 -1.72311
-19.7319 -1.72342
-19.7564 -1.72372
-19.7809 -1.72403
-19.8054 -1.72433
-19.8299 -1.72464
-19.8544 -1.72494
-19.8789 -1.72525
-19.9034 -1.72555
-19.9279 -1.72586
-19.9524 -1.72616
-19.9769 -1.72646
-20.0015 -1.72676
-20.026 -1.72707
-20.0506 -1.72737
-20.0751 -1.72767
-20.0997 -1.72797
-20.1242 -1.72827
-20.1488 -1.72857
-20.1734 -1.72887
-20.198 -1.72917
-20.2225 -1.72947
-20.2471 -1.72977
-20.2717 -1.73007
-20.2963 -1.73036
-20.321 -1.73066
-20.3456 -1.73096
-20.3702 -1.73126
-20.3948 -1.73155
-20.4195 -1.73185
-20.4441 -1.73215
-20.4688 -1.73244
-20.4934 -1.73274
-20.5181 -1.73303
-20.5427 -1.73333
-20.5674 -1.73362
-20.5921 -1.73392
-20.6168 -1.73421
-20.6414 -1.7345
-20.6661 -1.7348
-20.6908 -1.73509
-20.7155 -1.73538
-20.7403 -1.73567
-20.765 -1.73597
-20.7897 -1.73626
-20.8144 -1.73655
-20.8392 -1.73684
-20.8639 -1.73713
-20.8886 -1.73742
-20.9134 -1.73771
-20.9382 -1.738
-20.9629 -1.73829
-20.9877 -1.73858
-21.0125 -1.73887
-21.0373 -1.73915
-21.062 -1.73944
-21.0868 -1.73973
-21.1116 -1.74002
-21.1364 -1.7403
-21.1613 -1.74059
-21.1861 -1.74088
-21.2109 -1.74116
-21.2357 -1.74145
-21.2606 -1.74173
-21.2854 -1.74202
-21.3102 -1.7423
-21.3351 -1.74259
-21.3599 -1.74287
-21.3848 -1.74315
-21.4097 -1.74344
-21.4345 -1.74372
-21.4594 -1.744
-21.4843 -1.74429
-21.5092 -1.74457
-21.5341 -1.74485
-21.559 -1.74513
-21.5839 -1.74541
-21.6088 -1.74569
-21.6337 -1.74597
-21.6586 -1.74625
-21.6836 -1.74653
-21.7085 -1.74681
-21.7335 -1.74709
-21.7584 -1.74737
-21.7834 -1.74765
-21.8083 -1.74793
-21.8333 -1.74821
-21.8582 -1.74848
-21.8832 -1.74876
-21.9082 -1.74904
-21.9332 -1.74931
-21.9582 -1.74959
-21.9832 -1.74987
-22.0082 -1.75014
-22.0332 -1.75042
-22.0582 -1.75069
-22.0832 -1.75097
-22.1082 -1.75124
-22.1332 -1.75152
-22.1583 -1.75179
-22.1833 -1.75207
-22.2084 -1.75234
-22.2334 -1.75261
-22.2585 -1.75288
-22.2835 -1.75316
-22.3086 -1.75343
-22.3337 -1.7537
-22.3588 -1.75397
-22.3838 -1.75424
-22.4089 -1.75452
-22.434 -1.75479
-22.4591 -1.75506
-22.4842 -1.75533
-22.5093 -1.7556
-22.5344 -1.75587
-22.5596 -1.75614
-22.5847 -1.7564
-22.6098 -1.75667
-22.635 -1.75694
-22.6601 -1.75721
-22.6853 -1.75748
-22.7104 -1.75774
-22.7356 -1.75801
-22.7607 -1.75828
-22.7859 -1.75855
-22.8111 -1.75881
-22.8363 -1.75908
-22.8614 -1.75934
-22.8866 -1.75961
-22.9118 -1.75987
-22.937 -1.76014
-22.9622 -1.7604
-22.9874 -1.76067
-23.0127 -1.76093
-23.0379 -1.7612
-23.0631 -1.76146
-23.0883 -1.76172
-23.1136 -1.76199
-23.1388 -1.76225
-23.1641 -1.76251
-23.1893 -1.76277
-23.2146 -1.76303
-23.2398 -1.7633
-23.2651 -1.76356
-23.2904 -1.76382
-23.3157 -1.76408
-23.341 -1.76434
-23.3662 -1.7646
-23.3915 -1.76486
-23.4168 -1.76512
-23.4421 -1.76538
-23.4675 -1.76564
-23.4928 -1.7659
-23.5181 -1.76616
-23.5434 -1.76641
-23.5688 -1.76667
-23.5941 -1.76693
-23.6194 -1.76719
-23.6448 -1.76744
-23.6701 -1.7677
-23.6955 -1.76796
-23.7209 -1.76821
-23.7462 -1.76847
-23.7716 -1.76872
-23.797 -1.76898
-23.8224 -1.76924
-23.8477 -1.76949
-23.8731 -1.76974
-23.8985 -1.77
-23.9239 -1.77025
-23.9493 -1.77051
-23.9748 -1.77076
-24.0002 -1.77101
-24.0256 -1.77127
-24.051 -1.77152
-24.0765 -1.77177
-24.1019 -1.77202
-24.1273 -1.77228
-24.1528 -1.77253
-24.1782 -1.77278
-24.2037 -1.77303
-24.2292 -1.77328
-24.2546 -1.77353
-24.2801 -1.77378
-24.3056 -1.77403
-24.3311 -1.77428
-24.3566 -1.77453
-24.3821 -1.77478
-24.4076 -1.77503
-24.4331 -1.77528
-24.4586 -1.77553
-24.4841 -1.77578
-24.5096 -1.77603
-24.5351 -1.77627
-24.5607 -1.77652
-24.5862 -1.77677
-24.6117 -1.77702
-24.6373 -1.77726
-24.6628 -1.77751
-24.6884 -1.77776
-24.7139 -1.778
-24.7395 -1.77825
-24.7651 -1.77849
-24.7906 -1.77874
-24.8162 -1.77898
-24.8418 -1.77923
-24.8674 -1.77947
-24.893 -1.77972
-24.9186 -1.77996
-24.9442 -1.7802
-24.9698 -1.78045
-24.9954 -1.78069
-25.021 -1.78093
-25.0466 -1.78118
-25.0723 -1.78142
-25.0979 -1.78166
-25.1235 -1.7819
-25.1492 -1.78215
-25.1748 -1.78239
-25.2005 -1.78263
-25.2261 -1.78287
-25.2518 -1.78311
-25.2774 -1.78335
-25.3031 -1.78359
-25.3288 -1.78383
-25.3545 -1.78407
-25.3801 -1.78431
-25.4058 -1.78455
-25.4315 -1.78479
-25.4572 -1.78503
-25.4829 -1.78527
-25.5086 -1.7855
-25.5344 -1.78574
-25.5601 -1.78598
-25.5858 -1.78622
-25.6115 -1.78646
-25.6372 -1.78669
-25.663 -1.78693
-25.6887 -1.78717
-25.7145 -1.7874
-25.7402 -1.78764
-25.766 -1.78787
-25.7917 -1.78811
-25.8175 -1.78835
-25.8433 -1.78858
-25.869 -1.78882
-25.8948 -1.78905
-25.9206 -1.78929
-25.9464 -1.78952
-25.9722 -1.78975
-25.998 -1.78999
-26.0238 -1.79022
-26.0496 -1.79045
-26.0754 -1.79069
-26.1012 -1.79092
-26.127 -1.79115
-26.1529 -1.79139
-26.1787 -1.79162
-26.2045 -1.79185
-26.2304 -1.79208
-26.2562 -1.79231
-26.2821 -1.79254
-26.3079 -1.79278
-26.3338 -1.79301
-26.3596 -1.79324
-26.3855 -1.79347
-26.4114 -1.7937
-26.4373 -1.79393
-26.4631 -1.79416
-26.489 -1.79439
-26.5149 -1.79462
-26.5408 -1.79484
-26.5667 -1.79507
-26.5926 -1.7953
-26.6185 -1.79553
-26.6444 -1.79576
-26.6704 -1.79599
-26.6963 -1.79621
-26.7222 -1.79644
-26.7481 -1.79667
-26.7741 -1.79689
-26.8 -1.79712
-26.826 -1.79735
-26.8519 -1.79757
-26.8779 -1.7978
-26.9038 -1.79803
-26.9298 -1.79825
-26.9558 -1.79848
-26.9817 -1.7987
-27.0077 -1.79893
-27.0337 -1.79915
-27.0597 -1.79938
-27.0857 -1.7996
-27.1117 -1.79982
-27.1377 -1.80005
-27.1637 -1.80027
-27.1897 -1.8005
-27.2157 -1.80072
-27.2417 -1.80094
-27.2677 -1.80116
-27.2937 -1.80139
-27.3198 -1.80161
-27.3458 -1.80183
-27.3718 -1.80205
-27.3979 -1.80228
-27.4239 -1.8025
-27.45 -1.80272
-27.476 -1.80294
-27.5021 -1.80316
-27.5282 -1.80338
-27.5542 -1.8036
-27.5803 -1.80382
-27.6064 -1.80404
-27.6325 -1.80426
-27.6586 -1.80448
-27.6847 -1.8047
-27.7108 -1.80492
-27.7369 -1.80514
-27.763 -1.80536
-27.7891 -1.80557
-27.8152 -1.80579
-27.8413 -1.80601
-27.8674 -1.80623
-27.8936 -1.80645
-27.9197 -1.80666
-27.9458 -1.80688
-27.972 -1.8071
-27.9981 -1.80731
-28.0243 -1.80753
-28.0504 -1.80775
-28.0766 -1.80796
-28.1027 -1.80818
-28.1289 -1.8084
-28.1551 -1.80861
-28.1812 -1.80883
-28.2074 -1.80904
-28.2336 -1.80926
-28.2598 -1.80947
-28.286 -1.80969
-28.3122 -1.8099
-28.3384 -1.81011
-28.3646 -1.81033
-28.3908 -1.81054
-28.417 -1.81076
-28.4432 -1.81097
-28.4694 -1.81118
-28.4957 -1.8114
-28.5219 -1.81161
-28.5481 -1.81182
-28.5744 -1.81203
-28.6006 -1.81224
-28.6269 -1.81246
-28.6531 -1.81267
-28.6794 -1.81288
-28.7056 -1.81309
-28.7319 -1.8133
-28.7582 -1.81351
-28.7844 -1.81372
-28.8107 -1.81393
-28.837 -1.81414
-28.8633 -1.81436
-28.8896 -1.81457
-28.9159 -1.81477
-28.9422 -1.81498
-28.9685 -1.81519
-28.9948 -1.8154
-29.0211 -1.81561
-29.0474 -1.81582
-29.0737 -1.81603
-29.1 -1.81624
-29.1264 -1.81645
-29.1527 -1.81665
-29.179 -1.81686
-29.2054 -1.81707
-29.2317 -1.81728
-29.2581 -1.81748
-29.2844 -1.81769
-29.3108 -1.8179
-29.3371 -1.8181
-29.3635 -1.81831
-29.3899 -1.81852
-29.4162 -1.81872
-29.4426 -1.81893
-29.469 -1.81913
-29.4954 -1.81934
-29.5218 -1.81954
-29.5481 -1.81975
-29.5745 -1.81995
-29.6009 -1.82016
-29.6274 -1.82036
-29.6538 -1.82057
-29.6802 -1.82077
-29.7066 -1.82098
-29.733 -1.82118
-29.7594 -1.82138
-29.7859 -1.82159
-29.8123 -1.82179
-29.8387 -1.82199
-29.8652 -1.8222
-29.8916 -1.8224
-29.9181 -1.8226
-29.9445 -1.8228
-29.971 -1.823
-29.9975 -1.82321
-30.0239 -1.82341
-30.0504 -1.82361
-30.0769 -1.82381
-30.1033 -1.82401
-30.1298 -1.82421
-30.1563 -1.82441
-30.1828 -1.82461
-30.2093 -1.82482
-30.2358 -1.82502
-30.2623 -1.82522
-30.2888 -1.82542
-30.3153 -1.82561
-30.3418 -1.82581
-30.3683 -1.82601
-30.3949 -1.82621
-30.4214 -1.82641
-30.4479 -1.82661
-30.4745 -1.82681
-30.501 -1.82701
-30.5275 -1.82721
-30.5541 -1.8274
-30.5806 -1.8276
-30.6072 -1.8278
-30.6337 -1.828
-30.6603 -1.82819
-30.6869 -1.82839
-30.7134 -1.82859
-30.74 -1.82878
-30.7666 -1.82898
-30.7932 -1.82918
-30.8198 -1.82937
-30.8463 -1.82957
-30.8729 -1.82977
-30.8995 -1.82996
-30.9261 -1.83016
-30.9527 -1.83035
-30.9794 -1.83055
-31.006 -1.83074
-31.0326 -1.83094
-31.0592 -1.83113
-31.0858 -1.83133
-31.1125 -1.83152
-31.1391 -1.83172
-31.1657 -1.83191
-31.1924 -1.8321
-31.219 -1.8323
-31.2457 -1.83249
-31.2723 -1.83268
-31.299 -1.83288
-31.3256 -1.83307
-31.3523 -1.83326
-31.379 -1.83345
-31.4056 -1.83365
-31.4323 -1.83384
-31.459 -1.83403
-31.4857 -1.83422
-31.5123 -1.83442
-31.539 -1.83461
-31.5657 -1.8348
-31.5924 -1.83499
-31.6191 -1.83518
-31.6458 -1.83537
-31.6725 -1.83556
-31.6993 -1.83575
-31.726 -1.83594
-31.7527 -1.83613
-31.7794 -1.83632
-31.8061 -1.83651
-31.8329 -1.8367
-31.8596 -1.83689
-31.8863 -1.83708
-31.9131 -1.83727
-31.9398 -1.83746
-31.9666 -1.83765
-31.9933 -1.83784
-32.0201 -1.83803
-32.0469 -1.83821
-32.0736 -1.8384
-32.1004 -1.83859
-32.1272 -1.83878
-32.154 -1.83897
-32.1807 -1.83915
-32.2075 -1.83934
-32.2343 -1.83953
-32.2611 -1.83972
-32.2879 -1.8399
-32.3147 -1.84009
-32.3415 -1.84028
-32.3683 -1.84046
-32.3951 -1.84065
-32.4219 -1.84083
-32.4487 -1.84102
-32.4756 -1.84121
-32.5024 -1.84139
-32.5292 -1.84158
-32.556 -1.84176
-32.5829 -1.84195
-32.6097 -1.84213
-32.6366 -1.84232
-32.6634 -1.8425
-32.6903 -1.84269
-32.7171 -1.84287
-32.744 -1.84305
-32.7708 -1.84324
-32.7977 -1.84342
-32.8246 -1.84361
-32.8515 -1.84379
-32.8783 -1.84397
-32.9052 -1.84416
-32.9321 -1.84434
-32.959 -1.84452
-32.9859 -1.8447
-33.0128 -1.84489
-33.0397 -1.84507
-33.0666 -1.84525
-33.0935 -1.84543
-33.1204 -1.84562
-33.1473 -1.8458
-33.1742 -1.84598
-33.2012 -1.84616
-33.2281 -1.84634
-33.255 -1.84652
-33.2819 -1.8467
-33.3089 -1.84688
-33.3358 -1.84707
-33.3628 -1.84725
-33.3897 -1.84743
-33.4167 -1.84761
-33.4436 -1.84779
-33.4706 -1.84797
-33.4975 -1.84815
-33.5245 -1.84833
-33.5515 -1.8485
-33.5784 -1.84868
-33.6054 -1.84886
-33.6324 -1.84904
-33.6594 -1.84922
-33.6864 -1.8494
-33.7133 -1.84958
-33.7403 -1.84976
-33.7673 -1.84993
-33.7943 -1.85011
-33.8213 -1.85029
-33.8483 -1.85047
-33.8754 -1.85065
-33.9024 -1.85082
