0 0
-0.0425778 0.0904828
-0.0761147 0.180962
-0.100619 0.271434
-0.116097 0.361896
-0.12256 0.452344
-0.120015 0.542774
-0.108471 0.633183
-0.0879386 0.723568
-0.0584272 0.813924
-0.0199471 0.904249
0.0274912 0.994538
0.0838766 1.08479
0.149198 1.175
0.223444 1.26516
0.306601 1.35527
0.398659 1.44533
0.499605 1.53533
0.609424 1.62527
0.728105 1.71514
0.855633 1.80495
0.991994 1.89468
1.13717 1.98434
1.29116 2.07392
1.45393 2.16341
1.62548 2.25282
1.80579 2.34214
1.99484 2.43136
2.19261 2.52048
2.3991 2.60949
2.61428 2.6984
2.83813 2.7872
3.07064 2.87589
3.31179 2.96445
3.56157 3.05289
3.81994 3.1412
4.0869 3.22938
4.36243 3.31743
4.64649 3.40533
4.93909 3.49309
5.24019 3.58071
5.54978 3.66817
5.86783 3.75547
6.19432 3.84261
6.52923 3.92959
6.87255 4.01639
7.22424 4.10303
7.58428 4.18948
7.95266 4.27575
8.32935 4.36184
8.71433 4.44773
9.10757 4.53343
9.50905 4.61893
9.91874 4.70422
10.3366 4.78931
10.7627 4.87418
11.1969 4.95884
11.6392 5.04327
12.0896 5.12748
12.548 5.21146
13.0145 5.29521
13.489 5.37871
13.9715 5.46198
14.462 5.54499
14.9603 5.62776
15.4666 5.71027
15.9808 5.79252
16.5028 5.87451
17.0326 5.95624
17.5702 6.03769
18.1156 6.11886
18.6687 6.19976
19.2295 6.28037
19.7979 6.3607
20.3741 6.44074
20.9578 6.52048
21.5491 6.59992
22.148 6.67907
22.7544 6.7579
23.3682 6.83643
23.9896 6.91465
24.6183 6.99255
25.2545 7.07014
25.898 7.1474
26.5489 7.22434
27.2071 7.30095
27.8725 7.37723
28.5452 7.45318
29.225 7.52879
29.9121 7.60406
30.6063 7.67899
31.3075 7.75357
32.0159 7.82781
32.7313 7.9017
33.4537 7.97524
34.1831 8.04842
34.9194 8.12125
35.6626 8.19372
36.4127 8.26583
37.1696 8.33758
37.9334 8.40897
38.7039 8.47999
39.4811 8.55064
40.265 8.62093
41.0556 8.69085
41.8529 8.7604
42.6567 8.82958
43.4671 8.89838
44.284 8.96681
45.1074 9.03487
45.9373 9.10255
46.7736 9.16986
47.6163 9.23679
48.4653 9.30334
49.3207 9.36951
50.1823 9.43531
51.0502 9.50073
51.9243 9.56577
52.8046 9.63043
53.6911 9.69471
54.5836 9.75862
55.4823 9.82214
56.3869 9.88529
57.2976 9.94806
58.2143 10.0105
59.1369 10.0725
60.0654 10.1341
60.9997 10.1954
61.94 10.2563
62.886 10.3168
63.8378 10.3769
64.7953 10.4367
65.7585 10.4961
66.7274 10.5551
67.7019 10.6138
68.682 10.6721
69.6677 10.73
70.6589 10.7875
71.6556 10.8447
72.6578 10.9015
73.6655 10.958
74.6785 11.0141
75.6969 11.0699
76.7206 11.1252
77.7496 11.1803
78.7839 11.2349
79.8234 11.2893
80.8682 11.3432
81.9181 11.3969
82.9732 11.4501
84.0333 11.5031
85.0986 11.5556
86.1689 11.6079
87.2442 11.6598
88.3245 11.7113
89.4097 11.7626
90.4999 11.8134
91.5949 11.864
92.6949 11.9142
93.7996 11.9641
94.9092 12.0137
96.0235 12.0629
97.1426 12.1119
98.2664 12.1605
99.3949 12.2087
100.528 12.2567
101.666 12.3044
102.808 12.3517
103.955 12.3987
105.106 12.4454
106.262 12.4919
107.423 12.538
108.588 12.5838
109.757 12.6293
110.931 12.6745
112.109 12.7194
113.291 12.764
114.478 12.8084
115.669 12.8524
116.865 12.8962
118.064 12.9396
119.268 12.9828
120.476 13.0257
121.688 13.0684
122.904 13.1107
124.125 13.1528
125.349 13.1946
126.577 13.2361
127.81 13.2774
129.047 13.3184
130.287 13.3592
131.532 13.3996
132.78 13.4399
134.032 13.4798
135.288 13.5195
136.549 13.559
137.812 13.5982
139.08 13.6372
140.352 13.6759
141.627 13.7144
142.906 13.7526
144.189 13.7906
145.475 13.8283
146.765 13.8658
148.059 13.9031
149.357 13.9401
150.658 13.977
151.962 14.0135
153.27 14.0499
154.582 14.086
155.897 14.1219
157.216 14.1576
158.538 14.1931
159.864 14.2283
161.193 14.2634
162.526 14.2982
163.862 14.3328
165.201 14.3672
166.544 14.4014
167.89 14.4354
169.24 14.4691
170.592 14.5027
171.948 14.5361
173.308 14.5693
174.67 14.6022
176.036 14.635
177.405 14.6676
178.777 14.7
180.152 14.7322
181.531 14.7642
182.912 14.796
184.297 14.8277
185.685 14.8591
187.076 14.8904
188.47 14.9214
189.867 14.9524
191.267 14.9831
192.67 15.0136
194.076 15.044
195.485 15.0742
196.897 15.1042
198.312 15.1341
199.73 15.1638
201.151 15.1933
202.575 15.2226
204.001 15.2518
205.431 15.2808
206.863 15.3097
208.298 15.3384
209.736 15.3669
211.177 15.3953
212.621 15.4235
214.067 15.4515
215.516 15.4795
216.968 15.5072
218.423 15.5348
219.88 15.5623
221.34 15.5896
222.803 15.6167
224.268 15.6437
225.736 15.6706
227.207 15.6973
228.68 15.7239
230.156 15.7503
231.635 15.7766
233.116 15.8027
234.6 15.8287
236.086 15.8546
237.575 15.8803
239.066 15.9059
240.56 15.9314
242.056 15.9567
243.555 15.9819
245.057 16.007
246.56 16.0319
248.067 16.0567
249.576 16.0814
251.087 16.1059
252.6 16.1304
254.116 16.1547
255.635 16.1789
257.156 16.2029
258.679 16.2268
260.204 16.2506
261.732 16.2743
263.263 16.2979
264.795 16.3214
266.33 16.3447
267.867 16.3679
269.407 16.391
270.949 16.414
272.493 16.4369
274.039 16.4597
275.587 16.4823
277.138 16.5049
278.691 16.5273
280.247 16.5496
281.804 16.5718
283.364 16.5939
284.926 16.6159
286.49 16.6378
288.056 16.6596
289.624 16.6813
291.195 16.7029
292.767 16.7244
294.342 16.7458
295.919 16.767
297.498 16.7882
299.079 16.8093
300.662 16.8303
302.247 16.8512
303.835 16.8719
305.424 16.8926
307.015 16.9132
308.609 16.9337
310.204 16.9541
311.802 16.9744
313.401 16.9947
315.003 17.0148
316.606 17.0348
318.212 17.0548
319.819 17.0746
321.429 17.0944
323.04 17.1141
324.653 17.1336
326.269 17.1531
327.886 17.1726
329.505 17.1919
331.126 17.2111
332.749 17.2303
334.374 17.2493
336.001 17.2683
337.629 17.2872
339.26 17.3061
340.892 17.3248
342.527 17.3435
344.163 17.362
345.801 17.3805
347.44 17.399
349.082 17.4173
350.725 17.4356
352.371 17.4537
354.018 17.4718
355.666 17.4899
357.317 17.5078
358.969 17.5257
360.624 17.5435
362.28 17.5612
363.937 17.5789
365.597 17.5965
367.258 17.614
368.921 17.6314
370.586 17.6488
372.252 17.666
373.92 17.6833
375.59 17.7004
377.261 17.7175
378.935 17.7345
380.609 17.7514
382.286 17.7683
383.964 17.7851
385.644 17.8018
387.326 17.8185
389.009 17.8351
390.694 17.8516
392.38 17.8681
394.069 17.8845
395.758 17.9008
397.45 17.9171
399.143 17.9333
400.837 17.9495
402.534 17.9655
404.232 17.9816
405.931 17.9975
407.632 18.0134
409.335 18.0292
411.039 18.045
412.744 18.0607
414.452 18.0764
416.161 18.0919
417.871 18.1075
419.583 18.1229
421.297 18.1384
423.012 18.1537
424.728 18.169
426.446 18.1842
428.166 18.1994
429.887 18.2145
431.609 18.2296
433.334 18.2446
435.059 18.2596
436.786 18.2744
438.515 18.2893
440.245 18.3041
441.976 18.3188
443.709 18.3335
445.444 18.3481
447.18 18.3627
448.917 18.3772
450.656 18.3916
452.396 18.4061
454.138 18.4204
455.881 18.4347
457.625 18.449
459.371 18.4632
461.118 18.4773
462.867 18.4914
464.617 18.5055
466.369 18.5195
468.122 18.5334
469.876 18.5473
471.632 18.5612
473.389 18.575
475.147 18.5887
476.907 18.6024
478.668 18.6161
480.431 18.6297
482.195 18.6433
483.96 18.6568
485.726 18.6703
487.494 18.6837
489.264 18.6971
491.034 18.7104
492.806 18.7237
494.579 18.7369
496.354 18.7501
498.13 18.7633
499.907 18.7764
501.686 18.7894
503.465 18.8024
505.246 18.8154
507.029 18.8283
508.812 18.8412
510.597 18.8541
512.384 18.8669
514.171 18.8796
515.96 18.8923
517.75 18.905
519.541 18.9176
521.334 18.9302
523.128 18.9428
524.923 18.9553
526.719 18.9677
528.517 18.9802
530.315 18.9925
532.115 19.0049
533.917 19.0172
535.719 19.0294
537.523 19.0417
539.328 19.0538
541.134 19.066
542.941 19.0781
544.75 19.0902
546.559 19.1022
548.37 19.1142
550.182 19.1261
551.996 19.138
553.81 19.1499
555.626 19.1618
557.443 19.1736
559.261 19.1853
561.08 19.1971
562.901 19.2087
564.722 19.2204
566.545 19.232
568.369 19.2436
570.194 19.2551
572.02 19.2667
573.847 19.2781
575.676 19.2896
577.505 19.301
579.336 19.3123
581.168 19.3237
583.001 19.335
584.835 19.3462
586.67 19.3575
588.507 19.3687
590.344 19.3798
592.183 19.391
594.022 19.4021
595.863 19.4131
597.705 19.4242
599.548 19.4352
601.392 19.4461
603.237 19.4571
605.084 19.468
606.931 19.4788
608.78 19.4897
610.629 19.5005
612.48 19.5112
614.332 19.522
616.184 19.5327
618.038 19.5434
619.893 19.554
621.749 19.5646
623.606 19.5752
625.464 19.5858
627.323 19.5963
629.183 19.6068
631.045 19.6172
632.907 19.6277
634.77 19.6381
636.634 19.6484
638.5 19.6588
640.366 19.6691
642.234 19.6794
644.102 19.6896
645.972 19.6999
647.842 19.7101
649.714 19.7202
651.586 19.7304
653.46 19.7405
655.334 19.7506
657.21 19.7606
659.086 19.7706
660.964 19.7806
662.843 19.7906
664.722 19.8006
666.603 19.8105
668.484 19.8204
670.367 19.8302
672.25 19.8401
674.135 19.8499
676.02 19.8596
677.906 19.8694
679.794 19.8791
681.682 19.8888
683.572 19.8985
685.462 19.9081
687.353 19.9178
689.245 19.9274
691.139 19.9369
693.033 19.9465
694.928 19.956
696.824 19.9655
698.721 19.975
700.619 19.9844
702.518 19.9938
704.418 20.0032
706.318 20.0126
708.22 20.0219
710.123 20.0313
712.026 20.0405
713.931 20.0498
715.836 20.0591
717.742 20.0683
719.65 20.0775
721.558 20.0867
723.467 20.0958
725.377 20.1049
727.288 20.114
729.199 20.1231
731.112 20.1322
733.026 20.1412
734.94 20.1502
736.856 20.1592
738.772 20.1682
740.689 20.1771
742.607 20.186
744.526 20.1949
746.446 20.2038
748.367 20.2126
750.289 20.2215
752.211 20.2303
754.135 20.239
756.059 20.2478
757.984 20.2565
759.91 20.2653
761.837 20.274
763.765 20.2826
765.693 20.2913
767.623 20.2999
769.553 20.3085
771.485 20.3171
773.417 20.3257
775.35 20.3342
777.283 20.3427
779.218 20.3512
781.153 20.3597
783.09 20.3682
785.027 20.3766
786.965 20.385
788.904 20.3934
790.844 20.4018
792.784 20.4102
794.725 20.4185
796.668 20.4268
798.611 20.4351
800.555 20.4434
802.499 20.4517
804.445 20.4599
806.391 20.4681
808.338 20.4763
810.286 20.4845
812.235 20.4927
814.185 20.5008
816.135 20.5089
818.086 20.517
820.038 20.5251
821.991 20.5332
823.945 20.5412
825.899 20.5493
827.854 20.5573
829.81 20.5653
831.767 20.5732
833.725 20.5812
835.683 20.5891
837.643 20.597
839.603 20.6049
841.563 20.6128
843.525 20.6207
845.487 20.6285
847.451 20.6363
849.415 20.6441
851.379 20.6519
853.345 20.6597
855.311 20.6674
857.278 20.6752
859.246 20.6829
861.214 20.6906
863.184 20.6983
865.154 20.7059
867.125 20.7136
869.096 20.7212
871.069 20.7288
873.042 20.7364
875.016 20.744
876.991 20.7516
878.966 20.7591
880.942 20.7666
882.919 20.7741
884.897 20.7816
886.875 20.7891
888.855 20.7966
890.835 20.804
892.815 20.8114
894.797 20.8189
896.779 20.8262
898.762 20.8336
900.745 20.841
902.73 20.8483
904.715 20.8557
906.701 20.863
908.687 20.8703
910.675 20.8776
912.663 20.8848
914.651 20.8921
916.641 20.8993
918.631 20.9065
920.622 20.9137
922.614 20.9209
924.606 20.9281
926.599 20.9353
928.593 20.9424
930.587 20.9495
932.582 20.9566
934.578 20.9637
936.575 20.9708
938.572 20.9779
940.57 20.9849
942.569 20.992
944.568 20.999
946.569 21.006
948.569 21.013
950.571 21.02
952.573 21.0269
954.576 21.0339
956.58 21.0408
958.584 21.0477
960.589 21.0546
962.595 21.0615
964.601 21.0684
966.608 21.0753
968.616 21.0821
970.624 21.0889
972.634 21.0958
974.643 21.1026
976.654 21.1094
978.665 21.1161
980.677 21.1229
982.689 21.1296
984.703 21.1364
986.716 21.1431
988.731 21.1498
990.746 21.1565
992.762 21.1632
994.779 21.1699
996.796 21.1765
998.814 21.1831
1000.83 21.1898
1002.85 21.1964
1004.87 21.203
1006.89 21.2096
1008.91 21.2161
1010.93 21.2227
1012.96 21.2292
1014.98 21.2358
1017 21.2423
1019.03 21.2488
1021.05 21.2553
1023.08 21.2618
1025.11 21.2683
1027.13 21.2747
1029.16 21.2812
1031.19 21.2876
1033.22 21.294
1035.25 21.3004
1037.28 21.3068
1039.31 21.3132
1041.34 21.3196
1043.37 21.3259
1045.41 21.3323
1047.44 21.3386
1049.47 21.3449
1051.51 21.3512
1053.54 21.3575
1055.58 21.3638
1057.62 21.3701
1059.65 21.3763
1061.69 21.3826
1063.73 21.3888
1065.77 21.395
1067.81 21.4012
1069.85 21.4074
1071.89 21.4136
1073.93 21.4198
1075.97 21.4259
1078.01 21.4321
1080.06 21.4382
1082.1 21.4444
1084.15 21.4505
1086.19 21.4566
1088.24 21.4627
1090.28 21.4687
1092.33 21.4748
1094.38 21.4809
1096.43 21.4869
1098.48 21.493
1100.53 21.499
1102.58 21.505
1104.63 21.511
1106.68 21.517
1108.73 21.523
1110.78 21.5289
1112.84 21.5349
1114.89 21.5408
1116.94 21.5468
1119 21.5527
1121.05 21.5586
1123.11 21.5645
1125.17 21.5704
1127.22 21.5763
1129.28 21.5821
1131.34 21.588
1133.4 21.5939
1135.46 21.5997
1137.52 21.6055
1139.58 21.6113
1141.64 21.6171
1143.7 21.6229
1145.76 21.6287
1147.83 21.6345
1149.89 21.6403
1151.96 21.646
1154.02 21.6518
1156.09 21.6575
1158.15 21.6632
1160.22 21.6689
1162.29 21.6746
1164.35 21.6803
1166.42 21.686
1168.49 21.6917
1170.56 21.6973
1172.63 21.703
1174.7 21.7086
1176.77 21.7142
1178.84 21.7199
1180.91 21.7255
1182.99 21.7311
1185.06 21.7367
1187.13 21.7423
1189.21 21.7478
1191.28 21.7534
1193.36 21.7589
1195.43 21.7645
1197.51 21.77
1199.59 21.7755
1201.67 21.781
1203.74 21.7866
1205.82 21.792
1207.9 21.7975
1209.98 21.803
1212.06 21.8085
1214.14 21.8139
1216.23 21.8194
1218.31 21.8248
1220.39 21.8302
1222.47 21.8357
1224.56 21.8411
1226.64 21.8465
1228.73 21.8519
1230.81 21.8572
1232.9 21.8626
1234.98 21.868
1237.07 21.8733
1239.16 21.8787
1241.25 21.884
1243.33 21.8893
1245.42 21.8946
1247.51 21.9
1249.6 21.9053
1251.69 21.9105
1253.79 21.9158
1255.88 21.9211
1257.97 21.9264
1260.06 21.9316
1262.16 21.9369
1264.25 21.9421
1266.34 21.9473
1268.44 21.9526
1270.53 21.9578
1272.63 21.963
1274.73 21.9682
1276.82 21.9734
1278.92 21.9785
1281.02 21.9837
1283.12 21.9889
1285.22 21.994
1287.32 21.9991
1289.42 22.0043
1291.52 22.0094
1293.62 22.0145
1295.72 22.0196
1297.82 22.0247
1299.92 22.0298
1302.03 22.0349
1304.13 22.04
1306.23 22.0451
1308.34 22.0501
1310.44 22.0552
1312.55 22.0602
1314.66 22.0652
1316.76 22.0703
1318.87 22.0753
1320.98 22.0803
1323.09 22.0853
1325.19 22.0903
1327.3 22.0953
1329.41 22.1003
1331.52 22.1052
1333.63 22.1102
1335.74 22.1151
1337.86 22.1201
1339.97 22.125
1342.08 22.13
1344.19 22.1349
1346.31 22.1398
1348.42 22.1447
1350.54 22.1496
1352.65 22.1545
1354.77 22.1594
1356.88 22.1643
1359 22.1691
1361.12 22.174
1363.24 22.1788
1365.35 22.1837
1367.47 22.1885
1369.59 22.1933
1371.71 22.1982
1373.83 22.203
1375.95 22.2078
1378.07 22.2126
1380.19 22.2174
1382.31 22.2222
1384.44 22.2269
1386.56 22.2317
1388.68 22.2365
1390.81 22.2412
1392.93 22.246
1395.06 22.2507
1397.18 22.2555
1399.31 22.2602
1401.43 22.2649
1403.56 22.2696
1405.69 22.2743
1407.81 22.279
1409.94 22.2837
1412.07 22.2884
1414.2 22.2931
1416.33 22.2977
1418.46 22.3024
1420.59 22.307
1422.72 22.3117
1424.85 22.3163
1426.98 22.321
1429.11 22.3256
1431.25 22.3302
1433.38 22.3348
1435.51 22.3394
1437.65 22.344
1439.78 22.3486
1441.92 22.3532
1444.05 22.3578
1446.19 22.3624
1448.33 22.3669
1450.46 22.3715
1452.6 22.376
1454.74 22.3806
1456.88 22.3851
1459.01 22.3896
1461.15 22.3942
1463.29 22.3987
1465.43 22.4032
1467.57 22.4077
1469.71 22.4122
1471.86 22.4167
1474 22.4212
1476.14 22.4256
1478.28 22.4301
1480.43 22.4346
1482.57 22.439
1484.71 22.4435
1486.86 22.4479
1489 22.4524
1491.15 22.4568
1493.29 22.4612
1495.44 22.4656
1497.59 22.4701
1499.73 22.4745
1501.88 22.4789
1504.03 22.4832
1506.18 22.4876
1508.33 22.492
1510.48 22.4964
1512.62 22.5008
1514.78 22.5051
1516.93 22.5095
1519.08 22.5138
1521.23 22.5182
1523.38 22.5225
1525.53 22.5268
1527.69 22.5311
1529.84 22.5355
1531.99 22.5398
1534.15 22.5441
1536.3 22.5484
1538.46 22.5527
1540.61 22.557
1542.77 22.5612
1544.92 22.5655
1547.08 22.5698
1549.24 22.574
1551.39 22.5783
1553.55 22.5826
1555.71 22.5868
1557.87 22.591
1560.03 22.5953
1562.19 22.5995
1564.35 22.6037
1566.51 22.6079
1568.67 22.6121
1570.83 22.6163
1572.99 22.6205
1575.15 22.6247
1577.32 22.6289
1579.48 22.6331
1581.64 22.6373
1583.81 22.6414
1585.97 22.6456
1588.14 22.6497
1590.3 22.6539
1592.47 22.658
1594.63 22.6622
1596.8 22.6663
1598.97 22.6704
1601.13 22.6746
1603.3 22.6787
1605.47 22.6828
1607.64 22.6869
1609.81 22.691
1611.97 22.6951
1614.14 22.6992
1616.31 22.7033
1618.48 22.7073
1620.66 22.7114
1622.83 22.7155
1625 22.7195
1627.17 22.7236
1629.34 22.7276
1631.52 22.7317
1633.69 22.7357
1635.86 22.7397
1638.04 22.7438
1640.21 22.7478
1642.39 22.7518
1644.56 22.7558
1646.74 22.7598
1648.91 22.7638
1651.09 22.7678
1653.27 22.7718
1655.44 22.7758
1657.62 22.7798
1659.8 22.7838
1661.98 22.7877
1664.16 22.7917
1666.34 22.7956
1668.52 22.7996
1670.7 22.8035
1672.88 22.8075
1675.06 22.8114
1677.24 22.8154
1679.42 22.8193
1681.6 22.8232
1683.78 22.8271
1685.97 22.831
1688.15 22.8349
1690.33 22.8388
1692.52 22.8427
1694.7 22.8466
1696.89 22.8505
1699.07 22.8544
1701.26 22.8583
1703.44 22.8621
1705.63 22.866
1707.82 22.8699
1710 22.8737
1712.19 22.8776
1714.38 22.8814
1716.57 22.8852
1718.76 22.8891
1720.94 22.8929
1723.13 22.8967
1725.32 22.9006
1727.51 22.9044
1729.7 22.9082
1731.89 22.912
1734.09 22.9158
1736.28 22.9196
1738.47 22.9234
1740.66 22.9272
1742.85 22.9309
1745.05 22.9347
1747.24 22.9385
1749.44 22.9422
1751.63 22.946
1753.82 22.9498
1756.02 22.9535
1758.22 22.9573
1760.41 22.961
1762.61 22.9647
1764.8 22.9685
1767 22.9722
1769.2 22.9759
1771.4 22.9797
1773.59 22.9834
1775.79 22.9871
1777.99 22.9908
1780.19 22.9945
1782.39 22.9982
1784.59 23.0019
1786.79 23.0056
1788.99 23.0092
1791.19 23.0129
1793.39 23.0166
1795.59 23.0203
1797.8 23.0239
1800 23.0276
1802.2 23.0312
1804.4 23.0349
1806.61 23.0385
1808.81 23.0422
1811.02 23.0458
1813.22 23.0494
1815.43 23.0531
1817.63 23.0567
1819.84 23.0603
1822.04 23.0639
1824.25 23.0675
1826.46 23.0711
1828.66 23.0747
1830.87 23.0783
1833.08 23.0819
1835.29 23.0855
1837.5 23.0891
1839.7 23.0927
1841.91 23.0962
1844.12 23.0998
1846.33 23.1034
1848.54 23.1069
1850.76 23.1105
1852.97 23.114
1855.18 23.1176
1857.39 23.1211
1859.6 23.1247
1861.81 23.1282
1864.03 23.1317
1866.24 23.1352
1868.45 23.1388
1870.67 23.1423
1872.88 23.1458
1875.1 23.1493
1877.31 23.1528
1879.53 23.1563
1881.74 23.1598
1883.96 23.1633
1886.18 23.1668
1888.39 23.1703
1890.61 23.1738
1892.83 23.1772
1895.04 23.1807
1897.26 23.1842
1899.48 23.1876
1901.7 23.1911
1903.92 23.1945
1906.14 23.198
1908.36 23.2014
1910.58 23.2049
1912.8 23.2083
1915.02 23.2118
1917.24 23.2152
1919.46 23.2186
1921.68 23.222
1923.91 23.2255
1926.13 23.2289
1928.35 23.2323
1930.58 23.2357
1932.8 23.2391
1935.02 23.2425
1937.25 23.2459
1939.47 23.2493
1941.7 23.2527
1943.92 23.256
1946.15 23.2594
1948.37 23.2628
1950.6 23.2662
1952.83 23.2695
1955.05 23.2729
1957.28 23.2762
1959.51 23.2796
1961.74 23.283
1963.97 23.2863
1966.19 23.2896
1968.42 23.293
1970.65 23.2963
1972.88 23.2997
1975.11 23.303
1977.34 23.3063
1979.57 23.3096
1981.8 23.3129
1984.04 23.3163
1986.27 23.3196
1988.5 23.3229
1990.73 23.3262
1992.96 23.3295
1995.2 23.3328
1997.43 23.3361
1999.66 23.3393
2001.9 23.3426
2004.13 23.3459
2006.37 23.3492
2008.6 23.3524
2010.84 23.3557
2013.07 23.359
2015.31 23.3622
2017.55 23.3655
2019.78 23.3687
2022.02 23.372
2024.26 23.3752
2026.49 23.3785
2028.73 23.3817
2030.97 23.385
2033.21 23.3882
2035.45 23.3914
2037.69 23.3946
2039.93 23.3979
2042.17 23.4011
2044.41 23.4043
2046.65 23.4075
2048.89 23.4107
2051.13 23.4139
2053.37 23.4171
2055.61 23.4203
2057.85 23.4235
2060.1 23.4267
2062.34 23.4299
2064.58 23.433
2066.83 23.4362
2069.07 23.4394
2071.31 23.4426
2073.56 23.4457
2075.8 23.4489
2078.05 23.452
2080.29 23.4552
2082.54 23.4584
2084.78 23.4615
2087.03 23.4646
2089.28 23.4678
2091.52 23.4709
2093.77 23.4741
2096.02 23.4772
2098.27 23.4803
2100.51 23.4834
2102.76 23.4866
2105.01 23.4897
2107.26 23.4928
2109.51 23.4959
2111.76 23.499
2114.01 23.5021
2116.26 23.5052
2118.51 23.5083
2120.76 23.5114
2123.01 23.5145
2125.26 23.5176
2127.51 23.5207
2129.77 23.5238
2132.02 23.5268
2134.27 23.5299
2136.53 23.533
2138.78 23.536
2141.03 23.5391
2143.29 23.5422
2145.54 23.5452
2147.79 23.5483
2150.05 23.5513
2152.3 23.5544
2154.56 23.5574
2156.82 23.5605
2159.07 23.5635
2161.33 23.5665
2163.59 23.5696
2165.84 23.5726
2168.1 23.5756
2170.36 23.5787
2172.61 23.5817
2174.87 23.5847
2177.13 23.5877
2179.39 23.5907
2181.65 23.5937
2183.91 23.5967
2186.17 23.5997
2188.43 23.6027
2190.69 23.6057
2192.95 23.6087
2195.21 23.6117
2197.47 23.6147
2199.73 23.6176
2202 23.6206
2204.26 23.6236
2206.52 23.6266
2208.78 23.6295
2211.05 23.6325
2213.31 23.6355
2215.57 23.6384
2217.84 23.6414
2220.1 23.6443
2222.36 23.6473
2224.63 23.6502
2226.89 23.6532
2229.16 23.6561
2231.43 23.659
2233.69 23.662
2235.96 23.6649
2238.22 23.6678
2240.49 23.6708
2242.76 23.6737
2245.03 23.6766
2247.29 23.6795
2249.56 23.6824
2251.83 23.6853
2254.1 23.6883
2256.37 23.6912
2258.64 23.6941
2260.91 23.697
2263.18 23.6999
2265.45 23.7027
2267.72 23.7056
2269.99 23.7085
2272.26 23.7114
2274.53 23.7143
2276.8 23.7172
2279.07 23.72
2281.34 23.7229
2283.62 23.7258
2285.89 23.7286
2288.16 23.7315
2290.44 23.7344
2292.71 23.7372
2294.98 23.7401
2297.26 23.7429
2299.53 23.7458
2301.81 23.7486
2304.08 23.7515
2306.36 23.7543
2308.63 23.7571
2310.91 23.76
2313.18 23.7628
2315.46 23.7656
2317.74 23.7685
2320.01 23.7713
2322.29 23.7741
2324.57 23.7769
2326.84 23.7797
2329.12 23.7825
2331.4 23.7853
2333.68 23.7882
2335.96 23.791
2338.24 23.7938
2340.52 23.7966
2342.8 23.7993
2345.08 23.8021
2347.36 23.8049
2349.64 23.8077
2351.92 23.8105
2354.2 23.8133
2356.48 23.8161
2358.76 23.8188
2361.04 23.8216
2363.33 23.8244
2365.61 23.8271
2367.89 23.8299
2370.17 23.8327
2372.46 23.8354
2374.74 23.8382
2377.03 23.8409
2379.31 23.8437
2381.59 23.8464
2383.88 23.8492
2386.16 23.8519
2388.45 23.8547
2390.73 23.8574
2393.02 23.8601
2395.31 23.8629
2397.59 23.8656
2399.88 23.8683
2402.17 23.871
2404.45 23.8738
2406.74 23.8765
2409.03 23.8792
2411.32 23.8819
2413.6 23.8846
2415.89 23.8873
2418.18 23.89
2420.47 23.8927
2422.76 23.8954
2425.05 23.8981
2427.34 23.9008
2429.63 23.9035
2431.92 23.9062
2434.21 23.9089
2436.5 23.9116
2438.79 23.9143
2441.08 23.9169
2443.38 23.9196
2445.67 23.9223
2447.96 23.925
2450.25 23.9276
2452.55 23.9303
2454.84 23.933
2457.13 23.9356
2459.43 23.9383
2461.72 23.9409
2464.01 23.9436
2466.31 23.9462
2468.6 23.9489
2470.9 23.9515
2473.19 23.9542
2475.49 23.9568
2477.78 23.9595
2480.08 23.9621
2482.38 23.9647
2484.67 23.9674
2486.97 23.97
2489.27 23.9726
2491.56 23.9752
2493.86 23.9779
2496.16 23.9805
2498.46 23.9831
2500.76 23.9857
2503.05 23.9883
2505.35 23.9909
2507.65 23.9935
2509.95 23.9961
2512.25 23.9987
2514.55 24.0013
2516.85 24.0039
2519.15 24.0065
2521.45 24.0091
2523.75 24.0117
2526.05 24.0143
2528.36 24.0169
2530.66 24.0195
2532.96 24.022
2535.26 24.0246
2537.56 24.0272
2539.87 24.0298
2542.17 24.0323
2544.47 24.0349
2546.78 24.0375
2549.08 24.04
2551.38 24.0426
2553.69 24.0452
2555.99 24.0477
2558.3 24.0503
2560.6 24.0528
2562.91 24.0554
2565.21 24.0579
2567.52 24.0604
2569.83 24.063
2572.13 24.0655
2574.44 24.0681
2576.75 24.0706
2579.05 24.0731
2581.36 24.0757
2583.67 24.0782
2585.98 24.0807
2588.28 24.0832
2590.59 24.0858
2592.9 24.0883
2595.21 24.0908
2597.52 24.0933
2599.83 24.0958
2602.14 24.0983
2604.45 24.1008
2606.76 24.1033
2609.07 24.1058
2611.38 24.1083
2613.69 24.1108
2616 24.1133
2618.31 24.1158
2620.62 24.1183
2622.93 24.1208
2625.25 24.1233
2627.56 24.1258
2629.87 24.1283
2632.18 24.1307
2634.5 24.1332
2636.81 24.1357
2639.12 24.1382
2641.44 24.1406
2643.75 24.1431
2646.07 24.1456
2648.38 24.148
2650.7 24.1505
2653.01 24.153
2655.33 24.1554
2657.64 24.1579
2659.96 24.1603
2662.27 24.1628
2664.59 24.1652
2666.91 24.1677
2669.22 24.1701
2671.54 24.1726
2673.86 24.175
2676.18 24.1774
2678.49 24.1799
2680.81 24.1823
2683.13 24.1847
2685.45 24.1872
2687.77 24.1896
2690.09 24.192
2692.41 24.1945
2694.73 24.1969
2697.05 24.1993
2699.37 24.2017
2701.69 24.2041
2704.01 24.2065
2706.33 24.2089
2708.65 24.2114
2710.97 24.2138
2713.29 24.2162
2715.61 24.2186
2717.94 24.221
2720.26 24.2234
2722.58 24.2258
2724.9 24.2281
2727.22 24.2305
2729.55 24.2329
2731.87 24.2353
2734.19 24.2377
2736.52 24.2401
2738.84 24.2425
2741.17 24.2448
2743.49 24.2472
2745.82 24.2496
2748.14 24.252
2750.47 24.2543
2752.79 24.2567
2755.12 24.2591
2757.44 24.2614
2759.77 24.2638
2762.1 24.2662
2764.42 24.2685
2766.75 24.2709
2769.08 24.2732
2771.4 24.2756
2773.73 24.2779
2776.06 24.2803
2778.39 24.2826
2780.72 24.285
2783.04 24.2873
2785.37 24.2897
2787.7 24.292
2790.03 24.2943
2792.36 24.2967
2794.69 24.299
2797.02 24.3013
2799.35 24.3037
2801.68 24.306
2804.01 24.3083
2806.34 24.3106
2808.67 24.3129
2811 24.3153
2813.34 24.3176
2815.67 24.3199
2818 24.3222
2820.33 24.3245
2822.66 24.3268
2825 24.3291
2827.33 24.3314
2829.66 24.3337
2832 24.336
2834.33 24.3383
2836.66 24.3406
2839 24.3429
2841.33 24.3452
2843.67 24.3475
2846 24.3498
2848.34 24.3521
2850.67 24.3544
2853.01 24.3566
2855.34 24.3589
2857.68 24.3612
2860.02 24.3635
2862.35 24.3658
2864.69 24.368
2867.03 24.3703
2869.36 24.3726
2871.7 24.3748
2874.04 24.3771
2876.37 24.3794
2878.71 24.3816
2881.05 24.3839
2883.39 24.3862
2885.73 24.3884
2888.07 24.3907
2890.41 24.3929
2892.75 24.3952
2895.08 24.3974
2897.42 24.3997
2899.76 24.4019
2902.1 24.4042
2904.45 24.4064
2906.79 24.4086
2909.13 24.4109
2911.47 24.4131
2913.81 24.4153
2916.15 24.4176
2918.49 24.4198
2920.83 24.422
2923.18 24.4243
2925.52 24.4265
2927.86 24.4287
2930.2 24.4309
2932.55 24.4331
2934.89 24.4354
2937.23 24.4376
2939.58 24.4398
2941.92 24.442
2944.27 24.4442
2946.61 24.4464
2948.96 24.4486
2951.3 24.4508
2953.65 24.453
2955.99 24.4552
2958.34 24.4574
2960.68 24.4596
2963.03 24.4618
2965.37 24.464
2967.72 24.4662
2970.07 24.4684
2972.41 24.4706
2974.76 24.4728
2977.11 24.475
2979.46 24.4772
2981.8 24.4793
2984.15 24.4815
2986.5 24.4837
2988.85 24.4859
2991.2 24.4881
2993.55 24.4902
2995.9 24.4924
2998.24 24.4946
3000.59 24.4967
3002.94 24.4989
3005.29 24.5011
3007.64 24.5032
3009.99 24.5054
3012.34 24.5075
3014.7 24.5097
3017.05 24.5119
3019.4 24.514
3021.75 24.5162
3024.1 24.5183
3026.45 24.5205
3028.8 24.5226
3031.16 24.5248
3033.51 24.5269
3035.86 24.529
3038.22 24.5312
3040.57 24.5333
3042.92 24.5355
3045.27 24.5376
3047.63 24.5397
3049.98 24.5419
3052.34 24.544
3054.69 24.5461
3057.05 24.5482
3059.4 24.5504
3061.76 24.5525
3064.11 24.5546
3066.47 24.5567
3068.82 24.5588
3071.18 24.561
3073.53 24.5631
3075.89 24.5652
3078.25 24.5673
3080.6 24.5694
3082.96 24.5715
3085.32 24.5736
3087.68 24.5757
3090.03 24.5778
3092.39 24.5799
3094.75 24.582
3097.11 24.5841
3099.47 24.5862
3101.82 24.5883
3104.18 24.5904
3106.54 24.5925
3108.9 24.5946
3111.26 24.5967
3113.62 24.5988
3115.98 24.6009
3118.34 24.603
3120.7 24.605
3123.06 24.6071
3125.42 24.6092
3127.78 24.6113
3130.14 24.6133
3132.51 24.6154
3134.87 24.6175
3137.23 24.6196
3139.59 24.6216
3141.95 24.6237
3144.32 24.6258
3146.68 24.6278
3149.04 24.6299
3151.4 24.632
3153.77 24.634
3156.13 24.6361
3158.49 24.6381
3160.86 24.6402
3163.22 24.6422
3165.59 24.6443
3167.95 24.6463
3170.32 24.6484
3172.68 24.6504
3175.05 24.6525
3177.41 24.6545
3179.78 24.6566
3182.14 24.6586
3184.51 24.6606
3186.87 24.6627
3189.24 24.6647
3191.61 24.6668
3193.97 24.6688
3196.34 24.6708
3198.71 24.6729
3201.07 24.6749
3203.44 24.6769
3205.81 24.6789
3208.18 24.681
3210.55 24.683
3212.91 24.685
3215.28 24.687
3217.65 24.689
3220.02 24.6911
3222.39 24.6931
3224.76 24.6951
3227.13 24.6971
3229.5 24.6991
3231.87 24.7011
3234.24 24.7031
3236.61 24.7051
3238.98 24.7071
3241.35 24.7091
3243.72 24.7111
3246.09 24.7131
3248.46 24.7151
3250.83 24.7171
3253.21 24.7191
3255.58 24.7211
3257.95 24.7231
3260.32 24.7251
3262.7 24.7271
3265.07 24.7291
3267.44 24.7311
3269.81 24.733
3272.19 24.735
3274.56 24.737
3276.93 24.739
3279.31 24.741
3281.68 24.7429
3284.06 24.7449
3286.43 24.7469
3288.81 24.7489
3291.18 24.7508
3293.56 24.7528
3295.93 24.7548
3298.31 24.7567
3300.68 24.7587
3303.06 24.7607
3305.43 24.7626
3307.81 24.7646
3310.19 24.7666
3312.56 24.7685
3314.94 24.7705
3317.32 24.7724
3319.7 24.7744
3322.07 24.7763
3324.45 24.7783
3326.83 24.7802
3329.21 24.7822
3331.58 24.7841
3333.96 24.7861
3336.34 24.788
3338.72 24.79
3341.1 24.7919
3343.48 24.7938
3345.86 24.7958
3348.24 24.7977
3350.62 24.7996
3353 24.8016
3355.38 24.8035
3357.76 24.8054
3360.14 24.8074
3362.52 24.8093
3364.9 24.8112
3367.28 24.8132
3369.66 24.8151
3372.04 24.817
3374.43 24.8189
3376.81 24.8208
3379.19 24.8228
3381.57 24.8247
3383.95 24.8266
3386.34 24.8285
3388.72 24.8304
3391.1 24.8323
3393.49 24.8342
3395.87 24.8362
3398.25 24.8381
3400.64 24.84
3403.02 24.8419
3405.41 24.8438
3407.79 24.8457
3410.17 24.8476
3412.56 24.8495
3414.94 24.8514
3417.33 24.8533
3419.71 24.8552
3422.1 24.8571
3424.49 24.859
3426.87 24.8608
3429.26 24.8627
3431.64 24.8646
3434.03 24.8665
3436.42 24.8684
3438.8 24.8703
3441.19 24.8722
3443.58 24.874
3445.97 24.8759
3448.35 24.8778
3450.74 24.8797
3453.13 24.8816
3455.52 24.8834
3457.91 24.8853
3460.29 24.8872
3462.68 24.889
3465.07 24.8909
3467.46 24.8928
3469.85 24.8947
3472.24 24.8965
3474.63 24.8984
3477.02 24.9002
3479.41 24.9021
3481.8 24.904
3484.19 24.9058
3486.58 24.9077
3488.97 24.9095
3491.36 24.9114
3493.75 24.9132
3496.14 24.9151
3498.54 24.917
3500.93 24.9188
3503.32 24.9207
3505.71 24.9225
3508.1 24.9243
3510.5 24.9262
3512.89 24.928
3515.28 24.9299
3517.68 24.9317
3520.07 24.9336
3522.46 24.9354
3524.86 24.9372
3527.25 24.9391
3529.64 24.9409
3532.04 24.9427
3534.43 24.9446
3536.83 24.9464
3539.22 24.9482
3541.62 24.9501
3544.01 24.9519
3546.41 24.9537
3548.8 24.9555
3551.2 24.9574
3553.59 24.9592
3555.99 24.961
3558.38 24.9628
3560.78 24.9646
3563.18 24.9664
3565.57 24.9683
3567.97 24.9701
3570.37 24.9719
3572.76 24.9737
3575.16 24.9755
3577.56 24.9773
3579.96 24.9791
3582.36 24.9809
3584.75 24.9827
3587.15 24.9845
3589.55 24.9863
3591.95 24.9882
3594.35 24.99
3596.75 24.9918
3599.15 24.9935
3601.55 24.9953
3603.95 24.9971
3606.34 24.9989
3608.74 25.0007
3611.14 25.0025
3613.54 25.0043
3615.95 25.0061
3618.35 25.0079
3620.75 25.0097
3623.15 25.0115
3625.55 25.0132
3627.95 25.015
3630.35 25.0168
3632.75 25.0186
3635.16 25.0204
3637.56 25.0222
3639.96 25.0239
3642.36 25.0257
3644.76 25.0275
3647.17 25.0293
3649.57 25.031
3651.97 25.0328
3654.38 25.0346
3656.78 25.0363
3659.18 25.0381
3661.59 25.0399
3663.99 25.0416
3666.4 25.0434
3668.8 25.0452
3671.2 25.0469
3673.61 25.0487
3676.01 25.0504
3678.42 25.0522
3680.82 25.054
3683.23 25.0557
3685.64 25.0575
3688.04 25.0592
3690.45 25.061
3692.85 25.0627
3695.26 25.0645
3697.67 25.0662
3700.07 25.068
3702.48 25.0697
3704.89 25.0715
3707.29 25.0732
3709.7 25.075
3712.11 25.0767
3714.52 25.0784
3716.92 25.0802
3719.33 25.0819
3721.74 25.0836
3724.15 25.0854
3726.56 25.0871
3728.97 25.0889
3731.38 25.0906
3733.78 25.0923
3736.19 25.094
3738.6 25.0958
3741.01 25.0975
3743.42 25.0992
3745.83 25.101
3748.24 25.1027
3750.65 25.1044
3753.06 25.1061
3755.47 25.1078
3757.88 25.1096
3760.3 25.1113
3762.71 25.113
3765.12 25.1147
3767.53 25.1164
3769.94 25.1182
3772.35 25.1199
3774.76 25.1216
3777.18 25.1233
3779.59 25.125
3782 25.1267
3784.41 25.1284
3786.83 25.1301
3789.24 25.1318
3791.65 25.1335
3794.07 25.1352
3796.48 25.1369
3798.89 25.1386
3801.31 25.1403
3803.72 25.142
3806.14 25.1437
3808.55 25.1454
3810.97 25.1471
3813.38 25.1488
3815.79 25.1505
3818.21 25.1522
3820.63 25.1539
3823.04 25.1556
3825.46 25.1573
3827.87 25.159
3830.29 25.1606
3832.7 25.1623
3835.12 25.164
3837.54 25.1657
3839.95 25.1674
3842.37 25.1691
3844.79 25.1707
3847.2 25.1724
3849.62 25.1741
3852.04 25.1758
3854.46 25.1774
3856.87 25.1791
3859.29 25.1808
3861.71 25.1825
3864.13 25.1841
3866.55 25.1858
3868.97 25.1875
3871.38 25.1891
3873.8 25.1908
3876.22 25.1925
3878.64 25.1941
3881.06 25.1958
3883.48 25.1975
3885.9 25.1991
3888.32 25.2008
3890.74 25.2025
3893.16 25.2041
3895.58 25.2058
3898 25.2074
3900.42 25.2091
3902.84 25.2107
3905.26 25.2124
3907.69 25.214
3910.11 25.2157
3912.53 25.2173
3914.95 25.219
3917.37 25.2206
3919.79 25.2223
3922.22 25.2239
3924.64 25.2256
3927.06 25.2272
3929.48 25.2289
3931.91 25.2305
3934.33 25.2321
3936.75 25.2338
3939.18 25.2354
3941.6 25.2371
3944.02 25.2387
3946.45 25.2403
3948.87 25.242
3951.3 25.2436
3953.72 25.2452
3956.15 25.2469
3958.57 25.2485
3960.99 25.2501
3963.42 25.2517
3965.85 25.2534
3968.27 25.255
3970.7 25.2566
3973.12 25.2582
3975.55 25.2599
3977.97 25.2615
3980.4 25.2631
3982.83 25.2647
3985.25 25.2664
3987.68 25.268
3990.11 25.2696
3992.53 25.2712
3994.96 25.2728
3997.39 25.2744
3999.82 25.276
4002.24 25.2777
4004.67 25.2793
4007.1 25.2809
4009.53 25.2825
4011.96 25.2841
4014.38 25.2857
4016.81 25.2873
4019.24 25.2889
4021.67 25.2905
4024.1 25.2921
4026.53 25.2937
4028.96 25.2953
4031.39 25.2969
4033.82 25.2985
4036.25 25.3001
4038.68 25.3017
4041.11 25.3033
4043.54 25.3049
4045.97 25.3065
4048.4 25.3081
4050.83 25.3097
4053.26 25.3113
4055.69 25.3129
4058.12 25.3145
4060.55 25.316
4062.99 25.3176
4065.42 25.3192
4067.85 25.3208
4070.28 25.3224
4072.71 25.324
4075.15 25.3256
4077.58 25.3271
4080.01 25.3287
4082.44 25.3303
4084.88 25.3319
4087.31 25.3334
4089.74 25.335
4092.18 25.3366
4094.61 25.3382
4097.04 25.3397
4099.48 25.3413
4101.91 25.3429
4104.35 25.3445
4106.78 25.346
4109.22 25.3476
4111.65 25.3492
4114.09 25.3507
4116.52 25.3523
4118.96 25.3539
4121.39 25.3554
4123.83 25.357
4126.26 25.3585
4128.7 25.3601
4131.13 25.3617
4133.57 25.3632
4136.01 25.3648
4138.44 25.3663
4140.88 25.3679
4143.32 25.3695
4145.75 25.371
4148.19 25.3726
4150.63 25.3741
4153.07 25.3757
4155.5 25.3772
4157.94 25.3788
4160.38 25.3803
4162.82 25.3819
4165.25 25.3834
4167.69 25.385
4170.13 25.3865
4172.57 25.388
4175.01 25.3896
4177.45 25.3911
4179.89 25.3927
4182.33 25.3942
4184.77 25.3958
4187.21 25.3973
4189.65 25.3988
4192.09 25.4004
4194.53 25.4019
4196.97 25.4034
4199.41 25.405
4201.85 25.4065
4204.29 25.408
4206.73 25.4096
4209.17 25.4111
4211.61 25.4126
4214.05 25.4142
4216.49 25.4157
4218.93 25.4172
4221.38 25.4187
4223.82 25.4203
4226.26 25.4218
4228.7 25.4233
4231.14 25.4248
4233.59 25.4263
4236.03 25.4279
4238.47 25.4294
4240.92 25.4309
4243.36 25.4324
4245.8 25.4339
4248.25 25.4355
4250.69 25.437
4253.13 25.4385
4255.58 25.44
4258.02 25.4415
4260.46 25.443
4262.91 25.4445
4265.35 25.446
4267.8 25.4475
4270.24 25.4491
4272.69 25.4506
4275.13 25.4521
4277.58 25.4536
4280.02 25.4551
4282.47 25.4566
4284.91 25.4581
4287.36 25.4596
4289.81 25.4611
4292.25 25.4626
4294.7 25.4641
4297.14 25.4656
4299.59 25.4671
4302.04 25.4686
4304.48 25.4701
4306.93 25.4716
4309.38 25.4731
4311.83 25.4746
4314.27 25.476
4316.72 25.4775
4319.17 25.479
4321.62 25.4805
4324.06 25.482
4326.51 25.4835
4328.96 25.485
4331.41 25.4865
4333.86 25.4879
4336.31 25.4894
4338.76 25.4909
4341.21 25.4924
4343.65 25.4939
4346.1 25.4954
4348.55 25.4968
4351 25.4983
4353.45 25.4998
4355.9 25.5013
4358.35 25.5028
4360.8 25.5042
4363.25 25.5057
4365.7 25.5072
4368.16 25.5086
4370.61 25.5101
4373.06 25.5116
4375.51 25.5131
4377.96 25.5145
4380.41 25.516
4382.86 25.5175
4385.31 25.5189
4387.77 25.5204
4390.22 25.5219
4392.67 25.5233
4395.12 25.5248
4397.58 25.5263
4400.03 25.5277
4402.48 25.5292
4404.93 25.5306
4407.39 25.5321
4409.84 25.5336
4412.29 25.535
4414.75 25.5365
4417.2 25.5379
4419.65 25.5394
4422.11 25.5408
4424.56 25.5423
4427.02 25.5437
4429.47 25.5452
4431.93 25.5466
4434.38 25.5481
4436.83 25.5495
4439.29 25.551
4441.74 25.5524
4444.2 25.5539
4446.66 25.5553
4449.11 25.5568
4451.57 25.5582
4454.02 25.5597
4456.48 25.5611
4458.93 25.5626
4461.39 25.564
4463.85 25.5654
4466.3 25.5669
4468.76 25.5683
4471.22 25.5698
4473.67 25.5712
4476.13 25.5726
4478.59 25.5741
4481.05 25.5755
4483.5 25.5769
4485.96 25.5784
4488.42 25.5798
4490.88 25.5812
4493.33 25.5827
4495.79 25.5841
4498.25 25.5855
4500.71 25.5869
4503.17 25.5884
4505.63 25.5898
4508.09 25.5912
4510.55 25.5926
4513.01 25.5941
4515.46 25.5955
4517.92 25.5969
4520.38 25.5983
4522.84 25.5998
4525.3 25.6012
4527.76 25.6026
4530.22 25.604
4532.68 25.6054
4535.15 25.6069
4537.61 25.6083
4540.07 25.6097
4542.53 25.6111
4544.99 25.6125
4547.45 25.6139
4549.91 25.6153
4552.37 25.6168
4554.83 25.6182
4557.3 25.6196
4559.76 25.621
4562.22 25.6224
4564.68 25.6238
4567.15 25.6252
4569.61 25.6266
4572.07 25.628
4574.53 25.6294
4577 25.6308
4579.46 25.6322
4581.92 25.6336
4584.39 25.635
4586.85 25.6364
4589.31 25.6378
4591.78 25.6392
4594.24 25.6406
4596.71 25.642
4599.17 25.6434
4601.63 25.6448
4604.1 25.6462
4606.56 25.6476
4609.03 25.649
4611.49 25.6504
4613.96 25.6518
4616.42 25.6532
4618.89 25.6546
4621.35 25.656
4623.82 25.6573
4626.29 25.6587
4628.75 25.6601
4631.22 25.6615
4633.68 25.6629
4636.15 25.6643
4638.62 25.6657
4641.08 25.667
4643.55 25.6684
4646.02 25.6698
4648.48 25.6712
4650.95 25.6726
4653.42 25.674
4655.88 25.6753
4658.35 25.6767
4660.82 25.6781
4663.29 25.6795
4665.76 25.6808
4668.22 25.6822
4670.69 25.6836
4673.16 25.685
4675.63 25.6863
4678.1 25.6877
4680.57 25.6891
4683.04 25.6905
4685.5 25.6918
4687.97 25.6932
4690.44 25.6946
4692.91 25.6959
4695.38 25.6973
4697.85 25.6987
4700.32 25.7
4702.79 25.7014
4705.26 25.7028
4707.73 25.7041
4710.2 25.7055
4712.67 25.7069
4715.14 25.7082
4717.61 25.7096
4720.09 25.7109
4722.56 25.7123
4725.03 25.7137
4727.5 25.715
4729.97 25.7164
4732.44 25.7177
4734.91 25.7191
4737.39 25.7204
4739.86 25.7218
4742.33 25.7231
4744.8 25.7245
4747.28 25.7258
4749.75 25.7272
4752.22 25.7285
4754.69 25.7299
4757.17 25.7312
4759.64 25.7326
4762.11 25.7339
4764.59 25.7353
4767.06 25.7366
4769.53 25.738
4772.01 25.7393
4774.48 25.7407
4776.96 25.742
4779.43 25.7434
4781.9 25.7447
4784.38 25.746
4786.85 25.7474
4789.33 25.7487
4791.8 25.7501
4794.28 25.7514
4796.75 25.7527
4799.23 25.7541
4801.7 25.7554
4804.18 25.7567
4806.65 25.7581
4809.13 25.7594
4811.61 25.7607
4814.08 25.7621
4816.56 25.7634
4819.04 25.7647
4821.51 25.7661
4823.99 25.7674
4826.46 25.7687
4828.94 25.7701
4831.42 25.7714
4833.9 25.7727
4836.37 25.774
4838.85 25.7754
4841.33 25.7767
4843.81 25.778
4846.28 25.7793
4848.76 25.7807
4851.24 25.782
4853.72 25.7833
4856.2 25.7846
4858.67 25.7859
4861.15 25.7873
4863.63 25.7886
4866.11 25.7899
4868.59 25.7912
4871.07 25.7925
4873.55 25.7938
4876.03 25.7952
4878.51 25.7965
4880.99 25.7978
4883.47 25.7991
4885.95 25.8004
4888.43 25.8017
4890.91 25.803
4893.39 25.8043
4895.87 25.8057
4898.35 25.807
4900.83 25.8083
4903.31 25.8096
4905.79 25.8109
4908.27 25.8122
4910.75 25.8135
4913.23 25.8148
4915.72 25.8161
4918.2 25.8174
4920.68 25.8187
4923.16 25.82
4925.64 25.8213
4928.13 25.8226
4930.61 25.8239
4933.09 25.8252
4935.57 25.8265
4938.05 25.8278
4940.54 25.8291
4943.02 25.8304
4945.5 25.8317
4947.99 25.833
4950.47 25.8343
4952.95 25.8356
4955.44 25.8369
4957.92 25.8382
4960.4 25.8395
4962.89 25.8408
4965.37 25.842
4967.86 25.8433
4970.34 25.8446
4972.83 25.8459
4975.31 25.8472
4977.79 25.8485
4980.28 25.8498
4982.76 25.8511
4985.25 25.8523
4987.74 25.8536
4990.22 25.8549
4992.71 25.8562
4995.19 25.8575
4997.68 25.8588
5000.16 25.86
5002.65 25.8613
5005.14 25.8626
5007.62 25.8639
5010.11 25.8652
5012.59 25.8664
5015.08 25.8677
5017.57 25.869
5020.06 25.8703
5022.54 25.8715
5025.03 25.8728
5027.52 25.8741
5030 25.8754
5032.49 25.8766
5034.98 25.8779
5037.47 25.8792
5039.95 25.8805
5042.44 25.8817
5044.93 25.883
5047.42 25.8843
5049.91 25.8855
5052.4 25.8868
5054.89 25.8881
5057.37 25.8893
5059.86 25.8906
5062.35 25.8919
5064.84 25.8931
5067.33 25.8944
5069.82 25.8957
5072.31 25.8969
5074.8 25.8982
5077.29 25.8994
5079.78 25.9007
5082.27 25.902
5084.76 25.9032
5087.25 25.9045
5089.74 25.9057
5092.23 25.907
5094.72 25.9083
5097.21 25.9095
5099.7 25.9108
5102.19 25.912
5104.69 25.9133
5107.18 25.9145
5109.67 25.9158
5112.16 25.917
5114.65 25.9183
5117.14 25.9195
5119.64 25.9208
5122.13 25.922
5124.62 25.9233
5127.11 25.9245
5129.6 25.9258
5132.1 25.927
5134.59 25.9283
5137.08 25.9295
5139.58 25.9308
5142.07 25.932
5144.56 25.9333
5147.06 25.9345
5149.55 25.9357
5152.04 25.937
5154.54 25.9382
5157.03 25.9395
5159.52 25.9407
5162.02 25.942
5164.51 25.9432
5167.01 25.9444
5169.5 25.9457
5172 25.9469
5174.49 25.9481
5176.98 25.9494
5179.48 25.9506
5181.98 25.9519
5184.47 25.9531
5186.97 25.9543
5189.46 25.9556
5191.96 25.9568
5194.45 25.958
5196.95 25.9592
5199.44 25.9605
5201.94 25.9617
5204.44 25.9629
5206.93 25.9642
5209.43 25.9654
5211.93 25.9666
5214.42 25.9679
5216.92 25.9691
5219.42 25.9703
5221.91 25.9715
5224.41 25.9728
5226.91 25.974
5229.4 25.9752
5231.9 25.9764
5234.4 25.9776
5236.9 25.9789
5239.4 25.9801
5241.89 25.9813
5244.39 25.9825
5246.89 25.9837
5249.39 25.985
5251.89 25.9862
5254.38 25.9874
5256.88 25.9886
5259.38 25.9898
5261.88 25.9911
5264.38 25.9923
5266.88 25.9935
5269.38 25.9947
5271.88 25.9959
5274.38 25.9971
5276.88 25.9983
5279.38 25.9995
5281.88 26.0008
5284.38 26.002
5286.88 26.0032
5289.38 26.0044
5291.88 26.0056
5294.38 26.0068
5296.88 26.008
5299.38 26.0092
5301.88 26.0104
5304.38 26.0116
5306.88 26.0128
5309.38 26.014
5311.89 26.0152
5314.39 26.0164
5316.89 26.0177
5319.39 26.0189
5321.89 26.0201
5324.4 26.0213
5326.9 26.0225
5329.4 26.0237
5331.9 26.0249
5334.4 26.0261
5336.91 26.0273
5339.41 26.0284
5341.91 26.0296
5344.42 26.0308
5346.92 26.032
5349.42 26.0332
5351.93 26.0344
5354.43 26.0356
5356.93 26.0368
5359.44 26.038
5361.94 26.0392
5364.44 26.0404
5366.95 26.0416
5369.45 26.0428
5371.96 26.044
5374.46 26.0452
5376.97 26.0463
5379.47 26.0475
5381.98 26.0487
5384.48 26.0499
5386.98 26.0511
5389.49 26.0523
5392 26.0535
5394.5 26.0546
5397.01 26.0558
5399.51 26.057
5402.02 26.0582
5404.52 26.0594
5407.03 26.0606
5409.53 26.0617
5412.04 26.0629
5414.55 26.0641
5417.05 26.0653
5419.56 26.0665
5422.07 26.0676
5424.57 26.0688
5427.08 26.07
5429.59 26.0712
5432.09 26.0724
5434.6 26.0735
5437.11 26.0747
5439.62 26.0759
5442.12 26.0771
5444.63 26.0782
5447.14 26.0794
5449.65 26.0806
5452.16 26.0817
5454.66 26.0829
5457.17 26.0841
5459.68 26.0853
5462.19 26.0864
5464.7 26.0876
5467.21 26.0888
5469.72 26.0899
5472.22 26.0911
5474.73 26.0923
5477.24 26.0934
5479.75 26.0946
5482.26 26.0958
5484.77 26.0969
5487.28 26.0981
5489.79 26.0993
5492.3 26.1004
5494.81 26.1016
5497.32 26.1027
5499.83 26.1039
5502.34 26.1051
5504.85 26.1062
5507.36 26.1074
5509.87 26.1085
5512.38 26.1097
5514.9 26.1109
5517.41 26.112
5519.92 26.1132
5522.43 26.1143
5524.94 26.1155
5527.45 26.1166
5529.96 26.1178
5532.48 26.119
5534.99 26.1201
5537.5 26.1213
5540.01 26.1224
5542.52 26.1236
5545.04 26.1247
5547.55 26.1259
5550.06 26.127
5552.57 26.1282
5555.09 26.1293
5557.6 26.1305
5560.11 26.1316
5562.63 26.1328
5565.14 26.1339
5567.65 26.1351
5570.17 26.1362
5572.68 26.1374
5575.19 26.1385
5577.71 26.1396
5580.22 26.1408
5582.74 26.1419
5585.25 26.1431
5587.76 26.1442
5590.28 26.1454
5592.79 26.1465
5595.31 26.1476
5597.82 26.1488
5600.34 26.1499
5602.85 26.1511
5605.37 26.1522
5607.88 26.1533
5610.4 26.1545
5612.91 26.1556
5615.43 26.1568
5617.94 26.1579
5620.46 26.159
5622.98 26.1602
5625.49 26.1613
5628.01 26.1624
5630.52 26.1636
5633.04 26.1647
5635.56 26.1658
5638.07 26.167
5640.59 26.1681
5643.11 26.1692
5645.62 26.1704
5648.14 26.1715
5650.66 26.1726
5653.18 26.1737
5655.69 26.1749
5658.21 26.176
5660.73 26.1771
5663.25 26.1783
5665.76 26.1794
5668.28 26.1805
5670.8 26.1816
5673.32 26.1828
5675.84 26.1839
5678.35 26.185
5680.87 26.1861
5683.39 26.1873
5685.91 26.1884
5688.43 26.1895
5690.95 26.1906
5693.47 26.1917
5695.99 26.1929
5698.51 26.194
5701.03 26.1951
5703.55 26.1962
5706.06 26.1973
5708.58 26.1985
5711.1 26.1996
5713.62 26.2007
5716.14 26.2018
5718.66 26.2029
5721.19 26.204
5723.71 26.2051
5726.23 26.2063
5728.75 26.2074
5731.27 26.2085
5733.79 26.2096
5736.31 26.2107
5738.83 26.2118
5741.35 26.2129
5743.87 26.214
5746.39 26.2152
5748.92 26.2163
5751.44 26.2174
5753.96 26.2185
5756.48 26.2196
5759 26.2207
5761.52 26.2218
5764.05 26.2229
5766.57 26.224
5769.09 26.2251
5771.61 26.2262
5774.14 26.2273
5776.66 26.2284
5779.18 26.2295
5781.71 26.2306
5784.23 26.2317
5786.75 26.2328
5789.27 26.234
5791.8 26.2351
5794.32 26.2362
5796.85 26.2373
5799.37 26.2384
5801.89 26.2395
5804.42 26.2406
5806.94 26.2416
5809.47 26.2427
5811.99 26.2438
5814.51 26.2449
5817.04 26.246
5819.56 26.2471
5822.09 26.2482
5824.61 26.2493
5827.14 26.2504
5829.66 26.2515
5832.19 26.2526
5834.71 26.2537
5837.24 26.2548
5839.76 26.2559
5842.29 26.257
5844.82 26.2581
5847.34 26.2592
5849.87 26.2602
5852.39 26.2613
5854.92 26.2624
5857.45 26.2635
5859.97 26.2646
5862.5 26.2657
5865.02 26.2668
5867.55 26.2679
5870.08 26.2689
5872.61 26.27
5875.13 26.2711
5877.66 26.2722
5880.19 26.2733
5882.71 26.2744
5885.24 26.2754
5887.77 26.2765
5890.3 26.2776
5892.82 26.2787
5895.35 26.2798
5897.88 26.2809
5900.41 26.2819
5902.94 26.283
5905.47 26.2841
5907.99 26.2852
5910.52 26.2863
5913.05 26.2873
5915.58 26.2884
5918.11 26.2895
5920.64 26.2906
5923.17 26.2916
5925.7 26.2927
5928.23 26.2938
5930.75 26.2949
5933.28 26.2959
5935.81 26.297
5938.34 26.2981
5940.87 26.2992
5943.4 26.3002
5945.93 26.3013
5948.46 26.3024
5950.99 26.3034
5953.52 26.3045
5956.05 26.3056
5958.58 26.3067
5961.12 26.3077
5963.65 26.3088
5966.18 26.3099
5968.71 26.3109
5971.24 26.312
5973.77 26.3131
5976.3 26.3141
5978.83 26.3152
5981.36 26.3163
5983.9 26.3173
5986.43 26.3184
5988.96 26.3194
5991.49 26.3205
5994.02 26.3216
5996.56 26.3226
5999.09 26.3237
6001.62 26.3248
6004.15 26.3258
6006.69 26.3269
6009.22 26.3279
6011.75 26.329
6014.28 26.3301
6016.82 26.3311
6019.35 26.3322
6021.88 26.3332
6024.42 26.3343
6026.95 26.3353
6029.48 26.3364
6032.02 26.3375
6034.55 26.3385
6037.08 26.3396
6039.62 26.3406
6042.15 26.3417
6044.69 26.3427
6047.22 26.3438
6049.76 26.3448
6052.29 26.3459
6054.82 26.3469
6057.36 26.348
6059.89 26.349
6062.43 26.3501
6064.96 26.3511
6067.5 26.3522
6070.03 26.3532
6072.57 26.3543
6075.1 26.3553
6077.64 26.3564
6080.18 26.3574
6082.71 26.3585
6085.25 26.3595
6087.78 26.3606
6090.32 26.3616
6092.86 26.3627
6095.39 26.3637
6097.93 26.3648
6100.46 26.3658
6103 26.3668
6105.54 26.3679
6108.07 26.3689
6110.61 26.37
6113.15 26.371
6115.69 26.372
6118.22 26.3731
6120.76 26.3741
6123.3 26.3752
6125.84 26.3762
6128.37 26.3772
6130.91 26.3783
6133.45 26.3793
6135.99 26.3804
6138.52 26.3814
6141.06 26.3824
6143.6 26.3835
6146.14 26.3845
6148.68 26.3855
6151.22 26.3866
6153.75 26.3876
6156.29 26.3886
6158.83 26.3897
6161.37 26.3907
6163.91 26.3917
6166.45 26.3928
6168.99 26.3938
6171.53 26.3948
6174.07 26.3959
6176.61 26.3969
6179.15 26.3979
6181.69 26.399
6184.23 26.4
6186.77 26.401
6189.31 26.402
6191.85 26.4031
6194.39 26.4041
6196.93 26.4051
6199.47 26.4062
6202.01 26.4072
6204.55 26.4082
6207.09 26.4092
6209.63 26.4103
6212.17 26.4113
6214.71 26.4123
6217.25 26.4133
6219.8 26.4143
6222.34 26.4154
6224.88 26.4164
6227.42 26.4174
6229.96 26.4184
6232.5 26.4195
6235.05 26.4205
6237.59 26.4215
6240.13 26.4225
6242.67 26.4235
6245.22 26.4246
6247.76 26.4256
6250.3 26.4266
6252.84 26.4276
6255.39 26.4286
6257.93 26.4296
6260.47 26.4307
6263.01 26.4317
6265.56 26.4327
6268.1 26.4337
6270.64 26.4347
6273.19 26.4357
6275.73 26.4367
6278.27 26.4378
6280.82 26.4388
6283.36 26.4398
6285.91 26.4408
6288.45 26.4418
6290.99 26.4428
6293.54 26.4438
6296.08 26.4448
6298.63 26.4459
6301.17 26.4469
6303.72 26.4479
6306.26 26.4489
6308.81 26.4499
6311.35 26.4509
6313.9 26.4519
6316.44 26.4529
6318.99 26.4539
6321.53 26.4549
6324.08 26.4559
6326.62 26.4569
6329.17 26.4579
6331.72 26.4589
6334.26 26.4599
6336.81 26.4609
6339.35 26.462
6341.9 26.463
6344.45 26.464
6346.99 26.465
6349.54 26.466
6352.09 26.467
6354.63 26.468
6357.18 26.469
6359.73 26.47
6362.27 26.471
6364.82 26.472
6367.37 26.473
6369.91 26.474
6372.46 26.475
6375.01 26.476
6377.56 26.4769
6380.1 26.4779
6382.65 26.4789
6385.2 26.4799
6387.75 26.4809
6390.3 26.4819
6392.84 26.4829
6395.39 26.4839
6397.94 26.4849
6400.49 26.4859
6403.04 26.4869
6405.59 26.4879
6408.14 26.4889
6410.69 26.4899
6413.23 26.4909
6415.78 26.4919
6418.33 26.4928
6420.88 26.4938
6423.43 26.4948
6425.98 26.4958
6428.53 26.4968
6431.08 26.4978
6433.63 26.4988
6436.18 26.4998
6438.73 26.5008
6441.28 26.5017
6443.83 26.5027
6446.38 26.5037
6448.93 26.5047
6451.48 26.5057
6454.03 26.5067
6456.58 26.5076
6459.13 26.5086
6461.68 26.5096
6464.23 26.5106
6466.79 26.5116
6469.34 26.5126
6471.89 26.5135
6474.44 26.5145
6476.99 26.5155
6479.54 26.5165
6482.09 26.5175
6484.65 26.5184
6487.2 26.5194
6489.75 26.5204
6492.3 26.5214
6494.85 26.5224
6497.41 26.5233
6499.96 26.5243
6502.51 26.5253
6505.06 26.5263
6507.62 26.5273
6510.17 26.5282
6512.72 26.5292
6515.27 26.5302
6517.83 26.5312
6520.38 26.5321
6522.93 26.5331
6525.49 26.5341
6528.04 26.535
6530.59 26.536
6533.15 26.537
6535.7 26.538
6538.26 26.5389
6540.81 26.5399
6543.36 26.5409
6545.92 26.5418
6548.47 26.5428
6551.03 26.5438
6553.58 26.5448
6556.14 26.5457
6558.69 26.5467
6561.24 26.5477
6563.8 26.5486
6566.35 26.5496
6568.91 26.5506
6571.46 26.5515
6574.02 26.5525
6576.57 26.5535
6579.13 26.5544
6581.69 26.5554
6584.24 26.5564
6586.8 26.5573
6589.35 26.5583
6591.91 26.5593
6594.46 26.5602
6597.02 26.5612
6599.58 26.5621
6602.13 26.5631
6604.69 26.5641
6607.25 26.565
6609.8 26.566
6612.36 26.5669
6614.92 26.5679
6617.47 26.5689
6620.03 26.5698
6622.59 26.5708
6625.14 26.5717
6627.7 26.5727
6630.26 26.5737
6632.81 26.5746
6635.37 26.5756
6637.93 26.5765
6640.49 26.5775
6643.05 26.5784
6645.6 26.5794
6648.16 26.5804
6650.72 26.5813
6653.28 26.5823
6655.84 26.5832
6658.39 26.5842
6660.95 26.5851
6663.51 26.5861
6666.07 26.587
6668.63 26.588
6671.19 26.5889
6673.75 26.5899
6676.3 26.5908
6678.86 26.5918
6681.42 26.5927
6683.98 26.5937
6686.54 26.5946
6689.1 26.5956
6691.66 26.5965
6694.22 26.5975
6696.78 26.5984
6699.34 26.5994
6701.9 26.6003
6704.46 26.6013
6707.02 26.6022
6709.58 26.6032
6712.14 26.6041
6714.7 26.6051
6717.26 26.606
6719.82 26.6069
6722.38 26.6079
6724.94 26.6088
6727.5 26.6098
6730.07 26.6107
6732.63 26.6117
6735.19 26.6126
6737.75 26.6135
6740.31 26.6145
6742.87 26.6154
6745.43 26.6164
6748 26.6173
6750.56 26.6182
6753.12 26.6192
6755.68 26.6201
6758.24 26.6211
6760.8 26.622
6763.37 26.6229
6765.93 26.6239
6768.49 26.6248
6771.05 26.6258
6773.62 26.6267
6776.18 26.6276
6778.74 26.6286
6781.31 26.6295
6783.87 26.6304
6786.43 26.6314
6788.99 26.6323
6791.56 26.6332
6794.12 26.6342
6796.68 26.6351
6799.25 26.636
6801.81 26.637
6804.38 26.6379
6806.94 26.6388
6809.5 26.6398
6812.07 26.6407
6814.63 26.6416
6817.19 26.6426
6819.76 26.6435
6822.32 26.6444
6824.89 26.6454
6827.45 26.6463
6830.02 26.6472
6832.58 26.6481
6835.15 26.6491
6837.71 26.65
6840.28 26.6509
6842.84 26.6518
6845.41 26.6528
6847.97 26.6537
6850.54 26.6546
6853.1 26.6556
6855.67 26.6565
6858.23 26.6574
6860.8 26.6583
6863.37 26.6593
6865.93 26.6602
6868.5 26.6611
6871.06 26.662
6873.63 26.6629
6876.2 26.6639
6878.76 26.6648
6881.33 26.6657
6883.9 26.6666
6886.46 26.6676
6889.03 26.6685
6891.6 26.6694
6894.16 26.6703
6896.73 26.6712
6899.3 26.6722
6901.86 26.6731
6904.43 26.674
6907 26.6749
6909.57 26.6758
6912.13 26.6767
6914.7 26.6777
6917.27 26.6786
6919.84 26.6795
6922.41 26.6804
6924.97 26.6813
6927.54 26.6822
6930.11 26.6832
6932.68 26.6841
6935.25 26.685
6937.82 26.6859
6940.38 26.6868
6942.95 26.6877
6945.52 26.6886
6948.09 26.6896
6950.66 26.6905
6953.23 26.6914
6955.8 26.6923
6958.37 26.6932
6960.94 26.6941
6963.51 26.695
6966.07 26.6959
6968.64 26.6968
6971.21 26.6978
6973.78 26.6987
6976.35 26.6996
6978.92 26.7005
6981.49 26.7014
6984.06 26.7023
6986.63 26.7032
6989.2 26.7041
6991.77 26.705
6994.35 26.7059
6996.92 26.7068
6999.49 26.7077
7002.06 26.7086
7004.63 26.7095
7007.2 26.7104
7009.77 26.7113
7012.34 26.7123
7014.91 26.7132
7017.48 26.7141
7020.06 26.715
7022.63 26.7159
7025.2 26.7168
7027.77 26.7177
7030.34 26.7186
7032.91 26.7195
7035.49 26.7204
7038.06 26.7213
7040.63 26.7222
7043.2 26.7231
7045.77 26.724
7048.35 26.7249
7050.92 26.7258
7053.49 26.7267
7056.06 26.7276
7058.64 26.7285
7061.21 26.7294
7063.78 26.7303
7066.36 26.7312
7068.93 26.7321
7071.5 26.733
7074.08 26.7338
7076.65 26.7347
7079.22 26.7356
7081.8 26.7365
7084.37 26.7374
7086.94 26.7383
7089.52 26.7392
7092.09 26.7401
7094.67 26.741
7097.24 26.7419
7099.81 26.7428
7102.39 26.7437
7104.96 26.7446
7107.54 26.7455
7110.11 26.7464
7112.69 26.7472
7115.26 26.7481
7117.84 26.749
7120.41 26.7499
7122.99 26.7508
7125.56 26.7517
7128.14 26.7526
7130.71 26.7535
7133.29 26.7544
7135.86 26.7552
7138.44 26.7561
7141.01 26.757
7143.59 26.7579
7146.16 26.7588
7148.74 26.7597
7151.32 26.7606
7153.89 26.7614
7156.47 26.7623
7159.04 26.7632
7161.62 26.7641
7164.2 26.765
7166.77 26.7659
7169.35 26.7668
7171.93 26.7676
7174.5 26.7685
7177.08 26.7694
7179.66 26.7703
7182.23 26.7712
7184.81 26.772
7187.39 26.7729
7189.97 26.7738
7192.54 26.7747
7195.12 26.7756
7197.7 26.7764
7200.28 26.7773
7202.85 26.7782
7205.43 26.7791
7208.01 26.78
7210.59 26.7808
7213.17 26.7817
7215.74 26.7826
7218.32 26.7835
7220.9 26.7844
7223.48 26.7852
7226.06 26.7861
7228.64 26.787
7231.21 26.7879
7233.79 26.7887
7236.37 26.7896
7238.95 26.7905
7241.53 26.7914
7244.11 26.7922
7246.69 26.7931
7249.27 26.794
7251.85 26.7949
7254.43 26.7957
7257.01 26.7966
7259.59 26.7975
7262.17 26.7983
7264.75 26.7992
7267.33 26.8001
7269.91 26.801
7272.49 26.8018
7275.07 26.8027
7277.65 26.8036
7280.23 26.8044
7282.81 26.8053
7285.39 26.8062
7287.97 26.807
7290.55 26.8079
7293.13 26.8088
7295.71 26.8096
7298.29 26.8105
7300.87 26.8114
7303.45 26.8122
7306.04 26.8131
7308.62 26.814
7311.2 26.8148
7313.78 26.8157
7316.36 26.8166
7318.94 26.8174
7321.52 26.8183
7324.11 26.8192
7326.69 26.82
7329.27 26.8209
7331.85 26.8218
7334.43 26.8226
7337.02 26.8235
7339.6 26.8243
7342.18 26.8252
7344.76 26.8261
7347.35 26.8269
7349.93 26.8278
7352.51 26.8287
7355.1 26.8295
7357.68 26.8304
7360.26 26.8312
7362.84 26.8321
7365.43 26.833
7368.01 26.8338
7370.59 26.8347
7373.18 26.8355
7375.76 26.8364
7378.34 26.8372
7380.93 26.8381
7383.51 26.839
7386.1 26.8398
7388.68 26.8407
7391.26 26.8415
7393.85 26.8424
7396.43 26.8432
7399.02 26.8441
7401.6 26.8449
7404.19 26.8458
7406.77 26.8467
7409.35 26.8475
7411.94 26.8484
7414.52 26.8492
7417.11 26.8501
7419.69 26.8509
7422.28 26.8518
7424.86 26.8526
7427.45 26.8535
7430.04 26.8543
7432.62 26.8552
7435.21 26.856
7437.79 26.8569
7440.38 26.8577
7442.96 26.8586
7445.55 26.8594
7448.14 26.8603
7450.72 26.8611
7453.31 26.862
7455.89 26.8628
7458.48 26.8637
7461.07 26.8645
7463.65 26.8654
7466.24 26.8662
7468.83 26.8671
7471.41 26.8679
7474 26.8688
7476.59 26.8696
7479.17 26.8705
7481.76 26.8713
7484.35 26.8721
7486.93 26.873
7489.52 26.8738
7492.11 26.8747
7494.7 26.8755
7497.28 26.8764
7499.87 26.8772
7502.46 26.878
7505.05 26.8789
7507.64 26.8797
7510.22 26.8806
7512.81 26.8814
7515.4 26.8823
7517.99 26.8831
7520.58 26.8839
7523.16 26.8848
7525.75 26.8856
7528.34 26.8865
7530.93 26.8873
7533.52 26.8881
7536.11 26.889
7538.7 26.8898
7541.29 26.8907
7543.87 26.8915
7546.46 26.8923
7549.05 26.8932
7551.64 26.894
7554.23 26.8948
7556.82 26.8957
7559.41 26.8965
7562 26.8974
7564.59 26.8982
7567.18 26.899
7569.77 26.8999
7572.36 26.9007
7574.95 26.9015
7577.54 26.9024
7580.13 26.9032
7582.72 26.904
7585.31 26.9049
7587.9 26.9057
7590.49 26.9065
7593.08 26.9074
7595.67 26.9082
7598.26 26.909
7600.85 26.9099
7603.45 26.9107
7606.04 26.9115
7608.63 26.9124
7611.22 26.9132
7613.81 26.914
7616.4 26.9148
7618.99 26.9157
7621.59 26.9165
7624.18 26.9173
7626.77 26.9182
7629.36 26.919
7631.95 26.9198
7634.54 26.9206
7637.14 26.9215
7639.73 26.9223
7642.32 26.9231
7644.91 26.924
7647.51 26.9248
7650.1 26.9256
7652.69 26.9264
7655.28 26.9273
7657.88 26.9281
7660.47 26.9289
7663.06 26.9297
7665.65 26.9306
7668.25 26.9314
7670.84 26.9322
7673.43 26.933
7676.03 26.9339
7678.62 26.9347
7681.21 26.9355
7683.81 26.9363
7686.4 26.9371
7689 26.938
7691.59 26.9388
7694.18 26.9396
7696.78 26.9404
7699.37 26.9412
7701.97 26.9421
7704.56 26.9429
7707.15 26.9437
7709.75 26.9445
7712.34 26.9454
7714.94 26.9462
7717.53 26.947
7720.13 26.9478
7722.72 26.9486
7725.32 26.9494
7727.91 26.9503
7730.51 26.9511
7733.1 26.9519
7735.7 26.9527
7738.29 26.9535
7740.89 26.9543
7743.48 26.9552
7746.08 26.956
7748.67 26.9568
7751.27 26.9576
7753.86 26.9584
7756.46 26.9592
7759.06 26.96
7761.65 26.9609
7764.25 26.9617
7766.84 26.9625
7769.44 26.9633
7772.04 26.9641
7774.63 26.9649
7777.23 26.9657
7779.83 26.9666
7782.42 26.9674
7785.02 26.9682
7787.62 26.969
7790.21 26.9698
7792.81 26.9706
7795.41 26.9714
7798 26.9722
7800.6 26.973
7803.2 26.9738
7805.8 26.9747
7808.39 26.9755
7810.99 26.9763
7813.59 26.9771
7816.19 26.9779
7818.78 26.9787
7821.38 26.9795
7823.98 26.9803
7826.58 26.9811
7829.18 26.9819
7831.77 26.9827
7834.37 26.9835
7836.97 26.9843
7839.57 26.9852
7842.17 26.986
7844.77 26.9868
7847.37 26.9876
7849.96 26.9884
7852.56 26.9892
7855.16 26.99
7857.76 26.9908
7860.36 26.9916
7862.96 26.9924
7865.56 26.9932
7868.16 26.994
7870.76 26.9948
7873.36 26.9956
7875.96 26.9964
7878.56 26.9972
7881.16 26.998
7883.76 26.9988
7886.36 26.9996
7888.96 27.0004
7891.56 27.0012
7894.16 27.002
7896.76 27.0028
7899.36 27.0036
7901.96 27.0044
7904.56 27.0052
7907.16 27.006
7909.76 27.0068
7912.36 27.0076
7914.96 27.0084
7917.56 27.0092
7920.16 27.01
7922.76 27.0108
7925.36 27.0116
7927.96 27.0124
7930.57 27.0132
7933.17 27.014
7935.77 27.0148
7938.37 27.0156
7940.97 27.0164
7943.57 27.0171
7946.18 27.0179
7948.78 27.0187
7951.38 27.0195
7953.98 27.0203
7956.58 27.0211
7959.19 27.0219
7961.79 27.0227
7964.39 27.0235
7966.99 27.0243
7969.59 27.0251
7972.2 27.0259
7974.8 27.0267
7977.4 27.0275
7980 27.0282
7982.61 27.029
7985.21 27.0298
7987.81 27.0306
7990.42 27.0314
7993.02 27.0322
7995.62 27.033
7998.23 27.0338
8000.83 27.0346
8003.43 27.0354
8006.04 27.0361
8008.64 27.0369
8011.24 27.0377
8013.85 27.0385
8016.45 27.0393
8019.06 27.0401
8021.66 27.0409
8024.26 27.0416
8026.87 27.0424
8029.47 27.0432
8032.08 27.044
8034.68 27.0448
8037.29 27.0456
8039.89 27.0464
8042.49 27.0471
8045.1 27.0479
8047.7 27.0487
8050.31 27.0495
8052.91 27.0503
8055.52 27.0511
8058.12 27.0518
8060.73 27.0526
8063.33 27.0534
8065.94 27.0542
8068.54 27.055
8071.15 27.0558
8073.76 27.0565
8076.36 27.0573
8078.97 27.0581
8081.57 27.0589
8084.18 27.0597
8086.79 27.0604
8089.39 27.0612
8092 27.062
8094.6 27.0628
8097.21 27.0636
8099.82 27.0643
8102.42 27.0651
8105.03 27.0659
8107.64 27.0667
8110.24 27.0675
8112.85 27.0682
8115.46 27.069
8118.06 27.0698
8120.67 27.0706
8123.28 27.0713
8125.88 27.0721
8128.49 27.0729
8131.1 27.0737
8133.71 27.0744
8136.31 27.0752
8138.92 27.076
8141.53 27.0768
8144.14 27.0775
8146.74 27.0783
8149.35 27.0791
8151.96 27.0799
8154.57 27.0806
8157.18 27.0814
8159.78 27.0822
8162.39 27.083
8165 27.0837
8167.61 27.0845
8170.22 27.0853
8172.83 27.086
8175.43 27.0868
8178.04 27.0876
8180.65 27.0884
8183.26 27.0891
8185.87 27.0899
8188.48 27.0907
8191.09 27.0914
8193.7 27.0922
8196.31 27.093
8198.92 27.0937
8201.52 27.0945
8204.13 27.0953
8206.74 27.0961
8209.35 27.0968
8211.96 27.0976
8214.57 27.0984
8217.18 27.0991
8219.79 27.0999
8222.4 27.1007
8225.01 27.1014
8227.62 27.1022
8230.23 27.103
8232.84 27.1037
8235.45 27.1045
8238.06 27.1053
8240.67 27.106
8243.28 27.1068
8245.89 27.1075
8248.5 27.1083
8251.12 27.1091
8253.73 27.1098
8256.34 27.1106
8258.95 27.1114
8261.56 27.1121
8264.17 27.1129
8266.78 27.1137
8269.39 27.1144
8272.01 27.1152
8274.62 27.1159
8277.23 27.1167
8279.84 27.1175
8282.45 27.1182
8285.06 27.119
8287.68 27.1197
8290.29 27.1205
8292.9 27.1213
8295.51 27.122
8298.13 27.1228
8300.74 27.1235
8303.35 27.1243
8305.96 27.1251
8308.57 27.1258
8311.19 27.1266
8313.8 27.1273
8316.41 27.1281
8319.02 27.1289
8321.64 27.1296
8324.25 27.1304
8326.86 27.1311
8329.48 27.1319
8332.09 27.1326
8334.7 27.1334
8337.32 27.1342
8339.93 27.1349
8342.54 27.1357
8345.16 27.1364
8347.77 27.1372
8350.38 27.1379
8353 27.1387
8355.61 27.1394
8358.23 27.1402
8360.84 27.1409
8363.46 27.1417
8366.07 27.1425
8368.68 27.1432
8371.3 27.144
8373.91 27.1447
8376.53 27.1455
8379.14 27.1462
8381.75 27.147
8384.37 27.1477
8386.98 27.1485
8389.6 27.1492
8392.21 27.15
8394.83 27.1507
8397.45 27.1515
8400.06 27.1522
8402.68 27.153
8405.29 27.1537
8407.91 27.1545
8410.52 27.1552
8413.14 27.156
8415.75 27.1567
8418.37 27.1575
8420.98 27.1582
8423.6 27.159
8426.22 27.1597
8428.83 27.1605
8431.45 27.1612
8434.06 27.162
8436.68 27.1627
8439.3 27.1634
8441.91 27.1642
8444.53 27.1649
8447.15 27.1657
8449.76 27.1664
8452.38 27.1672
8455 27.1679
8457.61 27.1687
8460.23 27.1694
8462.85 27.1702
8465.46 27.1709
8468.08 27.1716
8470.7 27.1724
8473.32 27.1731
8475.93 27.1739
8478.55 27.1746
8481.17 27.1754
8483.78 27.1761
8486.4 27.1768
8489.02 27.1776
8491.64 27.1783
8494.26 27.1791
8496.87 27.1798
8499.49 27.1806
8502.11 27.1813
8504.73 27.182
8507.35 27.1828
8509.96 27.1835
8512.58 27.1843
8515.2 27.185
8517.82 27.1857
8520.44 27.1865
8523.06 27.1872
8525.67 27.188
8528.29 27.1887
8530.91 27.1894
8533.53 27.1902
8536.15 27.1909
8538.77 27.1916
8541.39 27.1924
8544.01 27.1931
8546.63 27.1939
8549.25 27.1946
8551.87 27.1953
8554.49 27.1961
8557.1 27.1968
8559.72 27.1975
8562.34 27.1983
8564.96 27.199
8567.58 27.1997
8570.21 27.2005
8572.83 27.2012
8575.45 27.2019
8578.07 27.2027
8580.69 27.2034
8583.31 27.2041
8585.93 27.2049
8588.55 27.2056
8591.17 27.2063
8593.79 27.2071
8596.41 27.2078
8599.03 27.2085
8601.65 27.2093
8604.27 27.21
8606.89 27.2107
8609.51 27.2115
8612.13 27.2122
8614.76 27.2129
8617.38 27.2137
8620 27.2144
8622.62 27.2151
8625.24 27.2159
8627.86 27.2166
8630.48 27.2173
8633.11 27.218
8635.73 27.2188
8638.35 27.2195
8640.97 27.2202
8643.59 27.221
8646.22 27.2217
8648.84 27.2224
8651.46 27.2231
8654.08 27.2239
8656.71 27.2246
8659.33 27.2253
8661.95 27.226
8664.57 27.2268
8667.2 27.2275
8669.82 27.2282
8672.44 27.229
8675.06 27.2297
8677.69 27.2304
8680.31 27.2311
8682.93 27.2318
8685.56 27.2326
8688.18 27.2333
8690.8 27.234
8693.43 27.2347
8696.05 27.2355
8698.67 27.2362
8701.3 27.2369
8703.92 27.2376
8706.54 27.2384
8709.17 27.2391
8711.79 27.2398
8714.42 27.2405
8717.04 27.2413
8719.67 27.242
8722.29 27.2427
8724.91 27.2434
8727.54 27.2441
8730.16 27.2449
8732.79 27.2456
8735.41 27.2463
8738.04 27.247
8740.66 27.2477
8743.29 27.2485
8745.91 27.2492
8748.54 27.2499
8751.16 27.2506
8753.79 27.2513
8756.41 27.2521
8759.04 27.2528
8761.66 27.2535
8764.29 27.2542
8766.91 27.2549
8769.54 27.2556
8772.16 27.2564
8774.79 27.2571
8777.41 27.2578
8780.04 27.2585
8782.67 27.2592
8785.29 27.2599
8787.92 27.2607
8790.54 27.2614
8793.17 27.2621
8795.8 27.2628
8798.42 27.2635
8801.05 27.2642
8803.67 27.265
8806.3 27.2657
8808.93 27.2664
8811.55 27.2671
8814.18 27.2678
8816.81 27.2685
8819.44 27.2692
8822.06 27.2699
8824.69 27.2707
8827.32 27.2714
8829.94 27.2721
8832.57 27.2728
8835.2 27.2735
8837.82 27.2742
8840.45 27.2749
8843.08 27.2756
8845.71 27.2764
8848.33 27.2771
8850.96 27.2778
8853.59 27.2785
8856.22 27.2792
8858.85 27.2799
8861.47 27.2806
8864.1 27.2813
8866.73 27.282
8869.36 27.2827
8871.99 27.2835
8874.61 27.2842
8877.24 27.2849
8879.87 27.2856
8882.5 27.2863
8885.13 27.287
8887.76 27.2877
8890.39 27.2884
8893.02 27.2891
8895.65 27.2898
8898.27 27.2905
8900.9 27.2912
8903.53 27.2919
8906.16 27.2927
8908.79 27.2934
8911.42 27.2941
8914.05 27.2948
8916.68 27.2955
8919.31 27.2962
8921.94 27.2969
8924.57 27.2976
8927.2 27.2983
8929.83 27.299
8932.46 27.2997
8935.09 27.3004
8937.72 27.3011
8940.35 27.3018
8942.98 27.3025
8945.61 27.3032
8948.24 27.3039
8950.87 27.3046
8953.5 27.3053
8956.13 27.306
8958.76 27.3067
8961.39 27.3074
8964.02 27.3081
8966.65 27.3088
8969.28 27.3095
8971.92 27.3102
8974.55 27.3109
8977.18 27.3116
8979.81 27.3123
8982.44 27.313
8985.07 27.3137
8987.7 27.3144
8990.33 27.3151
8992.96 27.3158
8995.6 27.3165
8998.23 27.3172
9000.86 27.3179
9003.49 27.3186
9006.12 27.3193
9008.76 27.32
9011.39 27.3207
9014.02 27.3214
9016.65 27.3221
9019.28 27.3228
9021.92 27.3235
9024.55 27.3242
9027.18 27.3249
9029.81 27.3256
9032.45 27.3263
9035.08 27.327
9037.71 27.3277
9040.34 27.3284
9042.98 27.3291
9045.61 27.3298
9048.24 27.3305
9050.88 27.3312
9053.51 27.3319
9056.14 27.3326
9058.77 27.3332
9061.41 27.3339
9064.04 27.3346
9066.68 27.3353
9069.31 27.336
9071.94 27.3367
9074.58 27.3374
9077.21 27.3381
9079.84 27.3388
9082.48 27.3395
9085.11 27.3402
9087.75 27.3409
9090.38 27.3416
9093.01 27.3422
9095.65 27.3429
9098.28 27.3436
9100.92 27.3443
9103.55 27.345
9106.19 27.3457
9108.82 27.3464
9111.46 27.3471
9114.09 27.3478
9116.73 27.3485
9119.36 27.3491
9122 27.3498
9124.63 27.3505
9127.26 27.3512
9129.9 27.3519
9132.53 27.3526
9135.17 27.3533
9137.81 27.354
9140.44 27.3547
9143.08 27.3553
9145.71 27.356
9148.35 27.3567
9150.98 27.3574
9153.62 27.3581
9156.26 27.3588
9158.89 27.3595
9161.53 27.3601
9164.16 27.3608
9166.8 27.3615
9169.43 27.3622
9172.07 27.3629
9174.71 27.3636
9177.34 27.3643
9179.98 27.3649
9182.62 27.3656
9185.25 27.3663
9187.89 27.367
9190.53 27.3677
9193.16 27.3684
9195.8 27.369
9198.44 27.3697
9201.07 27.3704
9203.71 27.3711
9206.35 27.3718
9208.98 27.3725
9211.62 27.3731
9214.26 27.3738
9216.9 27.3745
9219.54 27.3752
9222.17 27.3759
9224.81 27.3765
9227.45 27.3772
9230.09 27.3779
9232.72 27.3786
9235.36 27.3793
9238 27.3799
9240.64 27.3806
9243.27 27.3813
9245.91 27.382
9248.55 27.3827
9251.19 27.3833
9253.83 27.384
9256.47 27.3847
9259.11 27.3854
9261.74 27.3861
9264.38 27.3867
9267.02 27.3874
9269.66 27.3881
9272.3 27.3888
9274.94 27.3894
9277.58 27.3901
9280.21 27.3908
9282.85 27.3915
9285.49 27.3921
9288.13 27.3928
9290.77 27.3935
9293.41 27.3942
9296.05 27.3948
9298.69 27.3955
9301.33 27.3962
9303.97 27.3969
9306.61 27.3976
9309.25 27.3982
9311.89 27.3989
9314.53 27.3996
9317.17 27.4002
9319.81 27.4009
9322.45 27.4016
9325.09 27.4023
9327.73 27.4029
9330.37 27.4036
9333.01 27.4043
9335.65 27.405
9338.29 27.4056
9340.93 27.4063
9343.57 27.407
9346.21 27.4076
9348.85 27.4083
9351.49 27.409
9354.13 27.4097
9356.78 27.4103
9359.42 27.411
9362.06 27.4117
9364.7 27.4123
9367.34 27.413
9369.98 27.4137
9372.62 27.4144
9375.26 27.415
9377.91 27.4157
9380.55 27.4164
9383.19 27.417
9385.83 27.4177
9388.47 27.4184
9391.11 27.419
9393.76 27.4197
9396.4 27.4204
9399.04 27.421
9401.68 27.4217
9404.32 27.4224
9406.97 27.423
9409.61 27.4237
9412.25 27.4244
9414.89 27.425
9417.54 27.4257
9420.18 27.4264
9422.82 27.427
9425.46 27.4277
9428.11 27.4284
9430.75 27.429
9433.39 27.4297
9436.04 27.4304
9438.68 27.431
9441.32 27.4317
9443.96 27.4324
9446.61 27.433
9449.25 27.4337
9451.9 27.4344
9454.54 27.435
9457.18 27.4357
9459.83 27.4363
9462.47 27.437
9465.11 27.4377
9467.76 27.4383
9470.4 27.439
9473.04 27.4397
9475.69 27.4403
9478.33 27.441
9480.98 27.4417
9483.62 27.4423
9486.26 27.443
9488.91 27.4436
9491.55 27.4443
9494.2 27.445
9496.84 27.4456
9499.49 27.4463
9502.13 27.4469
9504.78 27.4476
9507.42 27.4483
9510.07 27.4489
9512.71 27.4496
9515.35 27.4502
9518 27.4509
9520.65 27.4516
9523.29 27.4522
9525.94 27.4529
9528.58 27.4535
9531.23 27.4542
9533.87 27.4548
9536.52 27.4555
9539.16 27.4562
9541.81 27.4568
9544.46 27.4575
9547.1 27.4581
9549.75 27.4588
9552.39 27.4595
9555.04 27.4601
9557.68 27.4608
9560.33 27.4614
9562.98 27.4621
9565.62 27.4627
9568.27 27.4634
9570.92 27.464
9573.56 27.4647
9576.21 27.4654
9578.86 27.466
9581.5 27.4667
9584.15 27.4673
9586.79 27.468
9589.44 27.4686
9592.09 27.4693
9594.73 27.4699
9597.38 27.4706
9600.03 27.4712
9602.68 27.4719
9605.32 27.4725
9607.97 27.4732
9610.62 27.4739
9613.27 27.4745
9615.91 27.4752
9618.56 27.4758
9621.21 27.4765
9623.86 27.4771
9626.5 27.4778
9629.15 27.4784
9631.8 27.4791
9634.45 27.4797
9637.09 27.4804
9639.74 27.481
9642.39 27.4817
9645.04 27.4823
9647.69 27.483
9650.34 27.4836
9652.99 27.4843
9655.63 27.4849
9658.28 27.4856
9660.93 27.4862
9663.58 27.4869
9666.23 27.4875
9668.88 27.4882
9671.52 27.4888
9674.17 27.4895
9676.82 27.4901
9679.47 27.4908
9682.12 27.4914
9684.77 27.4921
9687.42 27.4927
9690.07 27.4934
9692.72 27.494
9695.37 27.4946
9698.02 27.4953
9700.67 27.4959
9703.32 27.4966
9705.97 27.4972
9708.62 27.4979
9711.26 27.4985
9713.91 27.4992
9716.56 27.4998
9719.21 27.5005
9721.87 27.5011
9724.52 27.5017
9727.17 27.5024
9729.82 27.503
9732.47 27.5037
9735.12 27.5043
9737.77 27.505
9740.42 27.5056
9743.07 27.5063
9745.72 27.5069
9748.37 27.5075
9751.02 27.5082
9753.67 27.5088
9756.32 27.5095
9758.97 27.5101
9761.62 27.5108
9764.28 27.5114
9766.93 27.512
9769.58 27.5127
9772.23 27.5133
9774.88 27.514
9777.53 27.5146
9780.18 27.5152
9782.83 27.5159
9785.49 27.5165
9788.14 27.5172
9790.79 27.5178
9793.44 27.5184
9796.09 27.5191
9798.74 27.5197
9801.4 27.5204
9804.05 27.521
9806.7 27.5216
9809.35 27.5223
9812.01 27.5229
9814.66 27.5236
9817.31 27.5242
9819.96 27.5248
9822.62 27.5255
9825.27 27.5261
9827.92 27.5268
9830.57 27.5274
9833.22 27.528
9835.88 27.5287
9838.53 27.5293
9841.18 27.5299
9843.84 27.5306
9846.49 27.5312
9849.14 27.5319
9851.8 27.5325
9854.45 27.5331
9857.1 27.5338
9859.76 27.5344
9862.41 27.535
9865.06 27.5357
9867.72 27.5363
9870.37 27.5369
9873.02 27.5376
9875.68 27.5382
9878.33 27.5388
9880.99 27.5395
9883.64 27.5401
9886.29 27.5407
9888.95 27.5414
9891.6 27.542
9894.26 27.5426
9896.91 27.5433
9899.57 27.5439
9902.22 27.5445
9904.87 27.5452
9907.53 27.5458
9910.18 27.5464
9912.84 27.5471
9915.49 27.5477
9918.15 27.5483
9920.8 27.549
9923.46 27.5496
9926.11 27.5502
9928.77 27.5509
9931.42 27.5515
9934.08 27.5521
9936.73 27.5528
9939.39 27.5534
9942.04 27.554
9944.7 27.5546
9947.35 27.5553
9950.01 27.5559
9952.66 27.5565
9955.32 27.5572
9957.97 27.5578
9960.63 27.5584
9963.29 27.559
9965.94 27.5597
9968.6 27.5603
9971.26 27.5609
9973.91 27.5616
9976.57 27.5622
9979.22 27.5628
9981.88 27.5634
9984.54 27.5641
9987.19 27.5647
9989.85 27.5653
9992.51 27.566
9995.16 27.5666
9997.82 27.5672
10000.5 27.5678
10003.1 27.5685
10005.8 27.5691
10008.4 27.5697
10011.1 27.5703
10013.8 27.571
10016.4 27.5716
10019.1 27.5722
10021.7 27.5728
10024.4 27.5735
10027 27.5741
10029.7 27.5747
10032.4 27.5753
10035 27.576
10037.7 27.5766
10040.3 27.5772
10043 27.5778
10045.6 27.5785
10048.3 27.5791
10051 27.5797
10053.6 27.5803
10056.3 27.581
10058.9 27.5816
10061.6 27.5822
10064.3 27.5828
10066.9 27.5834
10069.6 27.5841
10072.2 27.5847
10074.9 27.5853
10077.5 27.5859
10080.2 27.5865
10082.9 27.5872
10085.5 27.5878
10088.2 27.5884
10090.8 27.589
10093.5 27.5897
10096.2 27.5903
10098.8 27.5909
10101.5 27.5915
10104.1 27.5921
10106.8 27.5928
10109.5 27.5934
10112.1 27.594
10114.8 27.5946
10117.4 27.5952
10120.1 27.5958
10122.8 27.5965
10125.4 27.5971
10128.1 27.5977
10130.7 27.5983
10133.4 27.5989
10136.1 27.5996
10138.7 27.6002
10141.4 27.6008
10144 27.6014
10146.7 27.602
10149.4 27.6026
10152 27.6033
10154.7 27.6039
10157.3 27.6045
10160 27.6051
10162.7 27.6057
10165.3 27.6063
10168 27.607
10170.6 27.6076
10173.3 27.6082
10176 27.6088
10178.6 27.6094
10181.3 27.61
10183.9 27.6106
10186.6 27.6113
10189.3 27.6119
10191.9 27.6125
10194.6 27.6131
10197.2 27.6137
10199.9 27.6143
10202.6 27.6149
10205.2 27.6156
10207.9 27.6162
10210.6 27.6168
10213.2 27.6174
10215.9 27.618
10218.5 27.6186
10221.2 27.6192
10223.9 27.6199
10226.5 27.6205
10229.2 27.6211
10231.8 27.6217
10234.5 27.6223
10237.2 27.6229
10239.8 27.6235
10242.5 27.6241
10245.2 27.6247
10247.8 27.6254
10250.5 27.626
10253.1 27.6266
10255.8 27.6272
10258.5 27.6278
10261.1 27.6284
10263.8 27.629
10266.5 27.6296
10269.1 27.6302
10271.8 27.6308
10274.5 27.6315
10277.1 27.6321
10279.8 27.6327
10282.4 27.6333
10285.1 27.6339
10287.8 27.6345
10290.4 27.6351
10293.1 27.6357
10295.8 27.6363
10298.4 27.6369
10301.1 27.6375
10303.7 27.6381
10306.4 27.6388
10309.1 27.6394
10311.7 27.64
10314.4 27.6406
10317.1 27.6412
10319.7 27.6418
10322.4 27.6424
10325.1 27.643
10327.7 27.6436
10330.4 27.6442
10333.1 27.6448
10335.7 27.6454
10338.4 27.646
10341 27.6466
10343.7 27.6472
10346.4 27.6478
10349 27.6484
10351.7 27.649
10354.4 27.6497
10357 27.6503
10359.7 27.6509
10362.4 27.6515
10365 27.6521
10367.7 27.6527
10370.4 27.6533
10373 27.6539
10375.7 27.6545
10378.4 27.6551
10381 27.6557
10383.7 27.6563
10386.4 27.6569
10389 27.6575
10391.7 27.6581
10394.4 27.6587
10397 27.6593
10399.7 27.6599
10402.3 27.6605
10405 27.6611
10407.7 27.6617
10410.3 27.6623
10413 27.6629
10415.7 27.6635
10418.3 27.6641
10421 27.6647
10423.7 27.6653
10426.3 27.6659
10429 27.6665
10431.7 27.6671
10434.3 27.6677
10437 27.6683
10439.7 27.6689
10442.3 27.6695
10445 27.6701
10447.7 27.6707
10450.3 27.6713
10453 27.6719
10455.7 27.6725
10458.3 27.6731
10461 27.6737
10463.7 27.6743
10466.3 27.6749
10469 27.6755
10471.7 27.6761
10474.4 27.6767
10477 27.6773
10479.7 27.6779
10482.4 27.6785
10485 27.6791
10487.7 27.6797
10490.4 27.6803
10493 27.6809
10495.7 27.6815
10498.4 27.6821
10501 27.6827
10503.7 27.6832
10506.4 27.6838
10509 27.6844
10511.7 27.685
10514.4 27.6856
10517 27.6862
10519.7 27.6868
10522.4 27.6874
10525 27.688
10527.7 27.6886
10530.4 27.6892
10533.1 27.6898
10535.7 27.6904
10538.4 27.691
10541.1 27.6916
10543.7 27.6922
10546.4 27.6928
10549.1 27.6933
10551.7 27.6939
10554.4 27.6945
10557.1 27.6951
10559.7 27.6957
10562.4 27.6963
10565.1 27.6969
10567.8 27.6975
10570.4 27.6981
10573.1 27.6987
10575.8 27.6993
10578.4 27.6999
10581.1 27.7004
10583.8 27.701
10586.4 27.7016
10589.1 27.7022
10591.8 27.7028
10594.5 27.7034
10597.1 27.704
10599.8 27.7046
10602.5 27.7052
10605.1 27.7058
10607.8 27.7063
10610.5 27.7069
10613.2 27.7075
10615.8 27.7081
10618.5 27.7087
10621.2 27.7093
10623.8 27.7099
10626.5 27.7105
10629.2 27.7111
10631.8 27.7116
10634.5 27.7122
10637.2 27.7128
10639.9 27.7134
10642.5 27.714
10645.2 27.7146
10647.9 27.7152
10650.5 27.7158
10653.2 27.7163
10655.9 27.7169
10658.6 27.7175
10661.2 27.7181
10663.9 27.7187
10666.6 27.7193
10669.3 27.7199
10671.9 27.7204
10674.6 27.721
10677.3 27.7216
10679.9 27.7222
10682.6 27.7228
10685.3 27.7234
10688 27.724
10690.6 27.7245
10693.3 27.7251
10696 27.7257
10698.6 27.7263
10701.3 27.7269
10704 27.7275
10706.7 27.7281
10709.3 27.7286
10712 27.7292
10714.7 27.7298
10717.4 27.7304
10720 27.731
10722.7 27.7316
10725.4 27.7321
10728 27.7327
10730.7 27.7333
10733.4 27.7339
10736.1 27.7345
10738.7 27.735
10741.4 27.7356
10744.1 27.7362
10746.8 27.7368
10749.4 27.7374
10752.1 27.738
10754.8 27.7385
10757.5 27.7391
10760.1 27.7397
10762.8 27.7403
10765.5 27.7409
10768.2 27.7414
10770.8 27.742
10773.5 27.7426
10776.2 27.7432
10778.8 27.7438
10781.5 27.7443
10784.2 27.7449
10786.9 27.7455
10789.5 27.7461
10792.2 27.7467
10794.9 27.7472
10797.6 27.7478
10800.2 27.7484
10802.9 27.749
10805.6 27.7495
10808.3 27.7501
10810.9 27.7507
10813.6 27.7513
10816.3 27.7519
10819 27.7524
10821.6 27.753
10824.3 27.7536
10827 27.7542
10829.7 27.7547
10832.3 27.7553
10835 27.7559
10837.7 27.7565
10840.4 27.757
10843.1 27.7576
10845.7 27.7582
10848.4 27.7588
10851.1 27.7594
10853.8 27.7599
10856.4 27.7605
10859.1 27.7611
10861.8 27.7617
10864.5 27.7622
10867.1 27.7628
10869.8 27.7634
10872.5 27.764
10875.2 27.7645
10877.8 27.7651
10880.5 27.7657
10883.2 27.7663
10885.9 27.7668
10888.5 27.7674
10891.2 27.768
10893.9 27.7685
10896.6 27.7691
10899.3 27.7697
10901.9 27.7703
10904.6 27.7708
10907.3 27.7714
10910 27.772
10912.6 27.7726
10915.3 27.7731
10918 27.7737
10920.7 27.7743
10923.3 27.7748
10926 27.7754
10928.7 27.776
10931.4 27.7766
10934.1 27.7771
10936.7 27.7777
10939.4 27.7783
10942.1 27.7788
10944.8 27.7794
10947.4 27.78
10950.1 27.7806
10952.8 27.7811
10955.5 27.7817
10958.2 27.7823
10960.8 27.7828
10963.5 27.7834
10966.2 27.784
10968.9 27.7845
10971.6 27.7851
10974.2 27.7857
10976.9 27.7863
10979.6 27.7868
10982.3 27.7874
10984.9 27.788
10987.6 27.7885
10990.3 27.7891
10993 27.7897
10995.7 27.7902
10998.3 27.7908
11001 27.7914
11003.7 27.7919
11006.4 27.7925
11009.1 27.7931
11011.7 27.7936
11014.4 27.7942
11017.1 27.7948
11019.8 27.7953
11022.5 27.7959
11025.1 27.7965
11027.8 27.797
11030.5 27.7976
11033.2 27.7982
11035.9 27.7987
11038.5 27.7993
11041.2 27.7999
11043.9 27.8004
11046.6 27.801
11049.3 27.8016
11051.9 27.8021
11054.6 27.8027
11057.3 27.8033
11060 27.8038
11062.7 27.8044
11065.3 27.8049
11068 27.8055
11070.7 27.8061
11073.4 27.8066
11076.1 27.8072
11078.7 27.8078
11081.4 27.8083
11084.1 27.8089
11086.8 27.8095
11089.5 27.81
11092.1 27.8106
11094.8 27.8111
11097.5 27.8117
11100.2 27.8123
11102.9 27.8128
11105.5 27.8134
11108.2 27.814
11110.9 27.8145
11113.6 27.8151
11116.3 27.8156
11119 27.8162
11121.6 27.8168
11124.3 27.8173
11127 27.8179
11129.7 27.8184
11132.4 27.819
11135 27.8196
11137.7 27.8201
11140.4 27.8207
11143.1 27.8212
11145.8 27.8218
11148.5 27.8224
11151.1 27.8229
11153.8 27.8235
11156.5 27.824
11159.2 27.8246
11161.9 27.8252
11164.5 27.8257
11167.2 27.8263
11169.9 27.8268
11172.6 27.8274
11175.3 27.828
11178 27.8285
11180.6 27.8291
11183.3 27.8296
11186 27.8302
11188.7 27.8308
11191.4 27.8313
11194.1 27.8319
11196.7 27.8324
11199.4 27.833
11202.1 27.8335
11204.8 27.8341
11207.5 27.8347
11210.2 27.8352
11212.8 27.8358
11215.5 27.8363
11218.2 27.8369
11220.9 27.8374
11223.6 27.838
11226.3 27.8385
11228.9 27.8391
11231.6 27.8397
11234.3 27.8402
11237 27.8408
11239.7 27.8413
11242.4 27.8419
11245 27.8424
11247.7 27.843
11250.4 27.8435
11253.1 27.8441
11255.8 27.8447
11258.5 27.8452
11261.2 27.8458
11263.8 27.8463
11266.5 27.8469
11269.2 27.8474
11271.9 27.848
11274.6 27.8485
11277.3 27.8491
11279.9 27.8496
11282.6 27.8502
11285.3 27.8507
11288 27.8513
11290.7 27.8518
11293.4 27.8524
11296.1 27.853
11298.7 27.8535
11301.4 27.8541
11304.1 27.8546
11306.8 27.8552
11309.5 27.8557
11312.2 27.8563
11314.9 27.8568
11317.5 27.8574
11320.2 27.8579
11322.9 27.8585
11325.6 27.859
11328.3 27.8596
11331 27.8601
11333.7 27.8607
11336.3 27.8612
11339 27.8618
11341.7 27.8623
11344.4 27.8629
11347.1 27.8634
11349.8 27.864
11352.5 27.8645
11355.2 27.8651
11357.8 27.8656
11360.5 27.8662
11363.2 27.8667
11365.9 27.8673
11368.6 27.8678
11371.3 27.8684
11374 27.8689
11376.6 27.8695
11379.3 27.87
11382 27.8706
11384.7 27.8711
11387.4 27.8717
11390.1 27.8722
11392.8 27.8727
11395.5 27.8733
11398.1 27.8738
11400.8 27.8744
11403.5 27.8749
11406.2 27.8755
11408.9 27.876
11411.6 27.8766
11414.3 27.8771
11417 27.8777
11419.6 27.8782
11422.3 27.8788
11425 27.8793
11427.7 27.8799
11430.4 27.8804
11433.1 27.8809
11435.8 27.8815
11438.5 27.882
11441.1 27.8826
11443.8 27.8831
11446.5 27.8837
11449.2 27.8842
11451.9 27.8848
11454.6 27.8853
11457.3 27.8858
11460 27.8864
11462.7 27.8869
11465.3 27.8875
11468 27.888
11470.7 27.8886
11473.4 27.8891
11476.1 27.8897
11478.8 27.8902
11481.5 27.8907
11484.2 27.8913
11486.9 27.8918
11489.5 27.8924
11492.2 27.8929
11494.9 27.8935
11497.6 27.894
11500.3 27.8945
11503 27.8951
11505.7 27.8956
11508.4 27.8962
11511.1 27.8967
11513.7 27.8972
11516.4 27.8978
11519.1 27.8983
11521.8 27.8989
11524.5 27.8994
11527.2 27.9
11529.9 27.9005
11532.6 27.901
11535.3 27.9016
11538 27.9021
11540.6 27.9027
11543.3 27.9032
11546 27.9037
11548.7 27.9043
11551.4 27.9048
11554.1 27.9054
11556.8 27.9059
11559.5 27.9064
11562.2 27.907
11564.9 27.9075
11567.6 27.9081
11570.2 27.9086
11572.9 27.9091
11575.6 27.9097
11578.3 27.9102
11581 27.9107
11583.7 27.9113
11586.4 27.9118
11589.1 27.9124
11591.8 27.9129
11594.5 27.9134
11597.2 27.914
11599.8 27.9145
11602.5 27.915
11605.2 27.9156
11607.9 27.9161
11610.6 27.9167
11613.3 27.9172
11616 27.9177
11618.7 27.9183
11621.4 27.9188
11624.1 27.9193
11626.8 27.9199
11629.5 27.9204
11632.1 27.9209
11634.8 27.9215
11637.5 27.922
11640.2 27.9226
11642.9 27.9231
11645.6 27.9236
11648.3 27.9242
11651 27.9247
11653.7 27.9252
11656.4 27.9258
11659.1 27.9263
11661.8 27.9268
11664.5 27.9274
11667.1 27.9279
11669.8 27.9284
11672.5 27.929
11675.2 27.9295
11677.9 27.93
11680.6 27.9306
11683.3 27.9311
11686 27.9316
11688.7 27.9322
11691.4 27.9327
11694.1 27.9332
11696.8 27.9338
11699.5 27.9343
11702.2 27.9348
11704.9 27.9354
11707.5 27.9359
11710.2 27.9364
11712.9 27.937
11715.6 27.9375
11718.3 27.938
11721 27.9386
11723.7 27.9391
11726.4 27.9396
