0 0
-0.0448074 -0.0893997
-0.10735 -0.178872
-0.187494 -0.268489
-0.285114 -0.358327
-0.400094 -0.44846
-0.532321 -0.538963
-0.681691 -0.629909
-0.8481 -0.721373
-1.03145 -0.813425
-1.23162 -0.90613
-1.44852 -0.99955
-1.68203 -1.09374
-1.93201 -1.18873
-2.19833 -1.28457
-2.48082 -1.38124
-2.7793 -1.47874
-3.09357 -1.57701
-3.42337 -1.67596
-3.76846 -1.77547
-4.12853 -1.87535
-4.50328 -1.97535
-4.89236 -2.07517
-5.29544 -2.17445
-5.71217 -2.27279
-6.14221 -2.36974
-6.58525 -2.46484
-7.04098 -2.55765
-7.50915 -2.64776
-7.98948 -2.73481
-8.48173 -2.81851
-8.98565 -2.89868
-9.501 -2.97519
-10.0275 -3.048
-10.5648 -3.11714
-11.1128 -3.18269
-11.6709 -3.24479
-12.239 -3.30356
-12.8166 -3.35919
-13.4034 -3.41186
-13.9991 -3.46174
-14.6033 -3.50902
-15.2158 -3.55387
-15.8361 -3.59644
-16.4639 -3.63691
-17.099 -3.67542
-17.741 -3.71209
-18.3898 -3.74707
-19.0449 -3.78046
-19.7063 -3.81238
-20.3735 -3.84292
-21.0465 -3.87217
-21.7249 -3.90023
-22.4087 -3.92715
-23.0975 -3.95303
-23.7912 -3.97792
-24.4897 -4.00188
-25.1928 -4.02497
-25.9003 -4.04723
-26.6121 -4.06873
-27.328 -4.0895
-28.048 -4.10958
-28.7718 -4.129
-29.4994 -4.14782
-30.2306 -4.16605
-30.9654 -4.18372
-31.7036 -4.20087
-32.4452 -4.21752
-33.19 -4.2337
-33.938 -4.24942
-34.6891 -4.26472
-35.4431 -4.2796
-36.2001 -4.2941
-36.9599 -4.30821
-37.7225 -4.32197
-38.4878 -4.33539
-39.2558 -4.34848
-40.0263 -4.36126
-40.7993 -4.37373
-41.5748 -4.38592
-42.3527 -4.39782
-43.1329 -4.40947
-43.9155 -4.42085
-44.7003 -4.43199
-45.4873 -4.44289
-46.2764 -4.45356
-47.0677 -4.46402
-47.861 -4.47426
-48.6564 -4.48429
-49.4537 -4.49413
-50.253 -4.50378
-51.0542 -4.51324
-51.8573 -4.52252
-52.6622 -4.53164
-53.4689 -4.54058
-54.2774 -4.54936
-55.0877 -4.55799
-55.8996 -4.56646
-56.7133 -4.57479
-57.5286 -4.58298
-58.3455 -4.59103
-59.164 -4.59894
-59.9841 -4.60672
-60.8057 -4.61438
-61.6289 -4.62191
-62.4536 -4.62933
-63.2797 -4.63663
-64.1073 -4.64382
-64.9363 -4.65089
-65.7667 -4.65786
-66.5985 -4.66473
-67.4317 -4.67149
-68.2662 -4.67816
-69.1021 -4.68473
-69.9392 -4.69121
-70.7777 -4.69759
-71.6174 -4.70389
-72.4584 -4.7101
-73.3006 -4.71623
-74.144 -4.72227
-74.9886 -4.72823
-75.8344 -4.73412
-76.6814 -4.73992
-77.5296 -4.74566
-78.3789 -4.75132
-79.2293 -4.7569
-80.0808 -4.76242
-80.9335 -4.76787
-81.7872 -4.77325
-82.642 -4.77857
-83.4978 -4.78382
-84.3547 -4.78901
-85.2126 -4.79414
-86.0716 -4.79921
-86.9316 -4.80422
-87.7925 -4.80917
-88.6545 -4.81407
-89.5174 -4.81891
-90.3813 -4.82369
-91.2462 -4.82843
-92.112 -4.83311
-92.9787 -4.83774
-93.8464 -4.84232
-94.7149 -4.84685
-95.5844 -4.85133
-96.4548 -4.85577
-97.326 -4.86016
-98.1981 -4.8645
-99.0711 -4.8688
-99.945 -4.87306
-100.82 -4.87727
-101.695 -4.88144
-102.572 -4.88557
-103.449 -4.88966
-104.327 -4.89371
-105.206 -4.89772
-106.085 -4.90169
-106.966 -4.90563
-107.847 -4.90952
-108.729 -4.91338
-109.612 -4.91721
-110.495 -4.921
-111.379 -4.92475
-112.264 -4.92847
-113.15 -4.93215
-114.037 -4.93581
-114.924 -4.93943
-115.812 -4.94301
-116.701 -4.94657
-117.59 -4.9501
-118.48 -4.95359
-119.371 -4.95705
-120.262 -4.96049
-121.154 -4.9639
-122.047 -4.96727
-122.941 -4.97062
-123.835 -4.97394
-124.73 -4.97724
-125.625 -4.9805
-126.521 -4.98374
-127.418 -4.98696
-128.316 -4.99015
-129.214 -4.99331
-130.112 -4.99645
-131.012 -4.99956
-131.912 -5.00265
-132.812 -5.00571
-133.713 -5.00875
-134.615 -5.01177
-135.518 -5.01476
-136.421 -5.01773
-137.324 -5.02068
-138.228 -5.02361
-139.133 -5.02652
-140.039 -5.0294
-140.944 -5.03226
-141.851 -5.0351
-142.758 -5.03792
-143.666 -5.04072
-144.574 -5.0435
-145.483 -5.04627
-146.392 -5.04901
-147.302 -5.05173
-148.212 -5.05443
-149.123 -5.05711
-150.034 -5.05978
-150.946 -5.06242
-151.859 -5.06505
-152.772 -5.06766
-153.686 -5.07026
-154.6 -5.07283
-155.514 -5.07539
-156.429 -5.07793
-157.345 -5.08045
-158.261 -5.08296
-159.178 -5.08545
-160.095 -5.08793
-161.012 -5.09039
-161.931 -5.09283
-162.849 -5.09526
-163.768 -5.09767
-164.688 -5.10006
-165.608 -5.10244
-166.528 -5.10481
-167.449 -5.10716
-168.371 -5.1095
-169.293 -5.11182
-170.215 -5.11413
-171.138 -5.11642
-172.061 -5.1187
-172.985 -5.12097
-173.909 -5.12322
-174.834 -5.12546
-175.759 -5.12768
-176.685 -5.1299
-177.611 -5.13209
-178.537 -5.13428
-179.464 -5.13645
-180.391 -5.13861
-181.319 -5.14076
-182.247 -5.1429
-183.176 -5.14502
-184.105 -5.14713
-185.034 -5.14923
-185.964 -5.15132
-186.894 -5.15339
-187.825 -5.15546
-188.756 -5.15751
-189.688 -5.15955
-190.62 -5.16158
-191.552 -5.1636
-192.485 -5.1656
-193.418 -5.1676
-194.351 -5.16959
-195.285 -5.17156
-196.22 -5.17352
-197.154 -5.17548
-198.09 -5.17742
-199.025 -5.17935
-199.961 -5.18128
-200.897 -5.18319
-201.834 -5.18509
-202.771 -5.18698
-203.708 -5.18887
-204.646 -5.19074
-205.584 -5.1926
-206.523 -5.19445
-207.462 -5.1963
-208.401 -5.19813
-209.341 -5.19996
-210.281 -5.20177
-211.221 -5.20358
-212.162 -5.20538
-213.103 -5.20717
-214.044 -5.20895
-214.986 -5.21072
-215.928 -5.21248
-216.871 -5.21424
-217.814 -5.21598
-218.757 -5.21772
-219.7 -5.21945
-220.644 -5.22117
-221.588 -5.22288
-222.533 -5.22458
-223.478 -5.22628
-224.423 -5.22797
-225.369 -5.22965
-226.315 -5.23132
-227.261 -5.23298
-228.208 -5.23464
-229.155 -5.23629
-230.102 -5.23793
-231.05 -5.23956
-231.997 -5.24118
-232.946 -5.2428
-233.894 -5.24441
-234.843 -5.24602
-235.792 -5.24761
-236.742 -5.2492
-237.692 -5.25078
-238.642 -5.25236
-239.592 -5.25392
-240.543 -5.25549
-241.494 -5.25704
-242.446 -5.25859
-243.397 -5.26013
-244.35 -5.26166
-245.302 -5.26319
-246.255 -5.26471
-247.207 -5.26622
-248.161 -5.26773
-249.114 -5.26923
-250.068 -5.27072
-251.022 -5.27221
-251.977 -5.27369
-252.932 -5.27516
-253.887 -5.27663
-254.842 -5.2781
-255.798 -5.27955
-256.753 -5.281
-257.71 -5.28245
-258.666 -5.28388
-259.623 -5.28532
-260.58 -5.28674
-261.537 -5.28816
-262.495 -5.28958
-263.453 -5.29099
-264.411 -5.29239
-265.37 -5.29379
-266.328 -5.29518
-267.287 -5.29657
-268.247 -5.29795
-269.206 -5.29932
-270.166 -5.30069
-271.126 -5.30206
-272.087 -5.30341
-273.048 -5.30477
-274.008 -5.30612
-274.97 -5.30746
-275.931 -5.3088
-276.893 -5.31013
-277.855 -5.31146
-278.817 -5.31278
-279.78 -5.31409
-280.743 -5.31541
-281.706 -5.31671
-282.669 -5.31802
-283.633 -5.31931
-284.597 -5.3206
-285.561 -5.32189
-286.525 -5.32317
-287.49 -5.32445
-288.455 -5.32572
-289.42 -5.32699
-290.385 -5.32825
-291.351 -5.32951
-292.317 -5.33077
-293.283 -5.33202
-294.249 -5.33326
-295.216 -5.3345
-296.183 -5.33574
-297.15 -5.33697
-298.118 -5.33819
-299.085 -5.33942
-300.053 -5.34063
-301.021 -5.34185
-301.99 -5.34306
-302.958 -5.34426
-303.927 -5.34546
-304.896 -5.34666
-305.866 -5.34785
-306.835 -5.34904
-307.805 -5.35022
-308.775 -5.3514
-309.745 -5.35257
-310.716 -5.35374
-311.687 -5.35491
-312.658 -5.35607
-313.629 -5.35723
-314.6 -5.35839
-315.572 -5.35954
-316.544 -5.36069
-317.516 -5.36183
-318.488 -5.36297
-319.461 -5.3641
-320.434 -5.36523
-321.407 -5.36636
-322.38 -5.36749
-323.354 -5.36861
-324.327 -5.36972
-325.301 -5.37083
-326.275 -5.37194
-327.25 -5.37305
-328.224 -5.37415
-329.199 -5.37525
-330.174 -5.37634
-331.15 -5.37743
-332.125 -5.37852
-333.101 -5.3796
-334.077 -5.38068
-335.053 -5.38176
-336.029 -5.38283
-337.006 -5.3839
-337.983 -5.38497
-338.96 -5.38603
-339.937 -5.38709
-340.914 -5.38814
-341.892 -5.3892
-342.87 -5.39024
-343.848 -5.39129
-344.826 -5.39233
-345.804 -5.39337
-346.783 -5.39441
-347.762 -5.39544
-348.741 -5.39647
-349.72 -5.3975
-350.7 -5.39852
-351.68 -5.39954
-352.66 -5.40055
-353.64 -5.40157
-354.62 -5.40258
-355.6 -5.40358
-356.581 -5.40459
-357.562 -5.40559
-358.543 -5.40659
-359.525 -5.40758
-360.506 -5.40857
-361.488 -5.40956
-362.47 -5.41055
-363.452 -5.41153
-364.434 -5.41251
-365.417 -5.41349
-366.399 -5.41446
-367.382 -5.41543
-368.365 -5.4164
-369.349 -5.41737
-370.332 -5.41833
-371.316 -5.41929
-372.3 -5.42025
-373.284 -5.4212
-374.268 -5.42215
-375.252 -5.4231
-376.237 -5.42405
-377.222 -5.42499
-378.207 -5.42593
-379.192 -5.42687
-380.177 -5.4278
-381.163 -5.42874
-382.149 -5.42966
-383.135 -5.43059
-384.121 -5.43152
-385.107 -5.43244
-386.094 -5.43336
-387.08 -5.43427
-388.067 -5.43519
-389.054 -5.4361
-390.041 -5.43701
-391.029 -5.43791
-392.016 -5.43882
-393.004 -5.43972
-393.992 -5.44061
-394.98 -5.44151
-395.968 -5.4424
-396.957 -5.44329
-397.946 -5.44418
-398.934 -5.44507
-399.923 -5.44595
-400.913 -5.44683
-401.902 -5.44771
-402.892 -5.44859
-403.881 -5.44946
-404.871 -5.45033
-405.861 -5.4512
-406.851 -5.45207
-407.842 -5.45294
-408.832 -5.4538
-409.823 -5.45466
-410.814 -5.45551
-411.805 -5.45637
-412.797 -5.45722
-413.788 -5.45807
-414.78 -5.45892
-415.771 -5.45977
-416.763 -5.46061
-417.755 -5.46145
-418.748 -5.46229
-419.74 -5.46313
-420.733 -5.46396
-421.726 -5.4648
-422.719 -5.46563
-423.712 -5.46646
-424.705 -5.46728
-425.698 -5.46811
-426.692 -5.46893
-427.686 -5.46975
-428.68 -5.47057
-429.674 -5.47138
-430.668 -5.4722
-431.663 -5.47301
-432.657 -5.47382
-433.652 -5.47463
-434.647 -5.47543
-435.642 -5.47623
-436.637 -5.47704
-437.633 -5.47783
-438.628 -5.47863
-439.624 -5.47943
-440.62 -5.48022
-441.616 -5.48101
-442.612 -5.4818
-443.609 -5.48259
-444.605 -5.48337
-445.602 -5.48416
-446.599 -5.48494
-447.596 -5.48572
-448.593 -5.4865
-449.59 -5.48727
-450.587 -5.48805
-451.585 -5.48882
-452.583 -5.48959
-453.581 -5.49036
-454.579 -5.49112
-455.577 -5.49189
-456.575 -5.49265
-457.574 -5.49341
-458.573 -5.49417
-459.572 -5.49493
-460.571 -5.49568
-461.57 -5.49643
-462.569 -5.49719
-463.568 -5.49794
-464.568 -5.49868
-465.568 -5.49943
-466.568 -5.50017
-467.568 -5.50092
-468.568 -5.50166
-469.568 -5.5024
-470.569 -5.50313
-471.569 -5.50387
-472.57 -5.5046
-473.571 -5.50534
-474.572 -5.50607
-475.573 -5.50679
-476.575 -5.50752
-477.576 -5.50825
-478.578 -5.50897
-479.58 -5.50969
-480.582 -5.51041
-481.584 -5.51113
-482.586 -5.51185
-483.588 -5.51256
-484.591 -5.51328
-485.593 -5.51399
-486.596 -5.5147
-487.599 -5.51541
-488.602 -5.51612
-489.605 -5.51682
-490.609 -5.51753
-491.612 -5.51823
-492.616 -5.51893
-493.62 -5.51963
-494.624 -5.52033
-495.628 -5.52102
-496.632 -5.52172
-497.636 -5.52241
-498.641 -5.5231
-499.645 -5.52379
-500.65 -5.52448
-501.655 -5.52517
-502.66 -5.52585
-503.665 -5.52654
-504.671 -5.52722
-505.676 -5.5279
-506.682 -5.52858
-507.687 -5.52926
-508.693 -5.52993
-509.699 -5.53061
-510.705 -5.53128
-511.712 -5.53195
-512.718 -5.53262
-513.724 -5.53329
-514.731 -5.53396
-515.738 -5.53463
-516.745 -5.53529
-517.752 -5.53595
-518.759 -5.53661
-519.766 -5.53728
-520.774 -5.53793
-521.781 -5.53859
-522.789 -5.53925
-523.797 -5.5399
-524.805 -5.54056
-525.813 -5.54121
-526.821 -5.54186
-527.83 -5.54251
-528.838 -5.54316
-529.847 -5.5438
-530.856 -5.54445
-531.865 -5.54509
-532.874 -5.54573
-533.883 -5.54637
-534.892 -5.54701
-535.901 -5.54765
-536.911 -5.54829
-537.921 -5.54892
-538.93 -5.54956
-539.94 -5.55019
-540.95 -5.55082
-541.96 -5.55145
-542.971 -5.55208
-543.981 -5.55271
-544.992 -5.55334
-546.002 -5.55396
-547.013 -5.55459
-548.024 -5.55521
-549.035 -5.55583
-550.046 -5.55645
-551.058 -5.55707
-552.069 -5.55769
-553.081 -5.5583
-554.092 -5.55892
-555.104 -5.55953
-556.116 -5.56015
-557.128 -5.56076
-558.14 -5.56137
-559.152 -5.56198
-560.165 -5.56258
-561.177 -5.56319
-562.19 -5.5638
-563.203 -5.5644
-564.216 -5.565
-565.229 -5.56561
-566.242 -5.56621
-567.255 -5.5668
-568.268 -5.5674
-569.282 -5.568
-570.295 -5.5686
-571.309 -5.56919
-572.323 -5.56978
-573.337 -5.57038
-574.351 -5.57097
-575.365 -5.57156
-576.38 -5.57215
-577.394 -5.57273
-578.409 -5.57332
-579.423 -5.57391
-580.438 -5.57449
-581.453 -5.57507
-582.468 -5.57566
-583.483 -5.57624
-584.498 -5.57682
-585.514 -5.5774
-586.529 -5.57797
-587.545 -5.57855
-588.56 -5.57912
-589.576 -5.5797
-590.592 -5.58027
-591.608 -5.58084
-592.624 -5.58142
-593.641 -5.58199
-594.657 -5.58255
-595.674 -5.58312
-596.69 -5.58369
-597.707 -5.58425
-598.724 -5.58482
-599.741 -5.58538
-600.758 -5.58595
-601.775 -5.58651
-602.792 -5.58707
-603.81 -5.58763
-604.827 -5.58818
-605.845 -5.58874
-606.863 -5.5893
-607.881 -5.58985
-608.899 -5.59041
-609.917 -5.59096
-610.935 -5.59151
-611.953 -5.59206
-612.972 -5.59261
-613.99 -5.59316
-615.009 -5.59371
-616.027 -5.59426
-617.046 -5.5948
-618.065 -5.59535
-619.084 -5.59589
-620.104 -5.59644
-621.123 -5.59698
-622.142 -5.59752
-623.162 -5.59806
-624.181 -5.5986
-625.201 -5.59914
-626.221 -5.59968
-627.241 -5.60021
-628.261 -5.60075
-629.281 -5.60128
-630.301 -5.60182
-631.322 -5.60235
-632.342 -5.60288
-633.363 -5.60341
-634.383 -5.60394
-635.404 -5.60447
-636.425 -5.605
-637.446 -5.60552
-638.467 -5.60605
-639.488 -5.60657
-640.51 -5.6071
-641.531 -5.60762
-642.553 -5.60814
-643.574 -5.60866
-644.596 -5.60919
-645.618 -5.6097
-646.64 -5.61022
-647.662 -5.61074
-648.684 -5.61126
-649.706 -5.61177
-650.729 -5.61229
-651.751 -5.6128
-652.774 -5.61332
-653.796 -5.61383
-654.819 -5.61434
-655.842 -5.61485
-656.865 -5.61536
-657.888 -5.61587
-658.911 -5.61638
-659.934 -5.61688
-660.958 -5.61739
-661.981 -5.61789
-663.005 -5.6184
-664.029 -5.6189
-665.052 -5.6194
-666.076 -5.61991
-667.1 -5.62041
-668.124 -5.62091
-669.148 -5.62141
-670.173 -5.62191
-671.197 -5.6224
-672.222 -5.6229
-673.246 -5.6234
-674.271 -5.62389
-675.296 -5.62439
-676.321 -5.62488
-677.346 -5.62537
-678.371 -5.62586
-679.396 -5.62635
-680.421 -5.62684
-681.446 -5.62733
-682.472 -5.62782
-683.497 -5.62831
-684.523 -5.6288
-685.549 -5.62928
-686.575 -5.62977
-687.601 -5.63025
-688.627 -5.63074
-689.653 -5.63122
-690.679 -5.6317
-691.705 -5.63218
-692.732 -5.63266
-693.758 -5.63314
-694.785 -5.63362
-695.812 -5.6341
-696.839 -5.63458
-697.865 -5.63505
-698.893 -5.63553
-699.92 -5.636
-700.947 -5.63648
-701.974 -5.63695
-703.002 -5.63743
-704.029 -5.6379
-705.057 -5.63837
-706.084 -5.63884
-707.112 -5.63931
-708.14 -5.63978
-709.168 -5.64025
-710.196 -5.64071
-711.224 -5.64118
-712.252 -5.64165
-713.281 -5.64211
-714.309 -5.64258
-715.338 -5.64304
-716.366 -5.6435
-717.395 -5.64397
-718.424 -5.64443
-719.453 -5.64489
-720.482 -5.64535
-721.511 -5.64581
-722.54 -5.64627
-723.569 -5.64672
-724.598 -5.64718
-725.628 -5.64764
-726.657 -5.64809
-727.687 -5.64855
-728.717 -5.649
-729.746 -5.64946
-730.776 -5.64991
-731.806 -5.65036
-732.836 -5.65081
-733.867 -5.65126
-734.897 -5.65171
-735.927 -5.65216
-736.958 -5.65261
-737.988 -5.65306
-739.019 -5.65351
-740.049 -5.65396
-741.08 -5.6544
-742.111 -5.65485
-743.142 -5.65529
-744.173 -5.65574
-745.204 -5.65618
-746.236 -5.65662
-747.267 -5.65706
-748.298 -5.6575
-749.33 -5.65795
-750.361 -5.65839
-751.393 -5.65882
-752.425 -5.65926
-753.457 -5.6597
-754.489 -5.66014
-755.521 -5.66057
-756.553 -5.66101
-757.585 -5.66145
-758.617 -5.66188
-759.65 -5.66231
-760.682 -5.66275
-761.715 -5.66318
-762.747 -5.66361
-763.78 -5.66404
-764.813 -5.66447
-765.846 -5.66491
-766.879 -5.66533
-767.912 -5.66576
-768.945 -5.66619
-769.978 -5.66662
-771.011 -5.66705
-772.045 -5.66747
-773.078 -5.6679
-774.112 -5.66832
-775.146 -5.66875
-776.179 -5.66917
-777.213 -5.66959
-778.247 -5.67002
-779.281 -5.67044
-780.315 -5.67086
-781.349 -5.67128
-782.384 -5.6717
-783.418 -5.67212
-784.452 -5.67254
-785.487 -5.67296
-786.522 -5.67338
-787.556 -5.67379
-788.591 -5.67421
-789.626 -5.67463
-790.661 -5.67504
-791.696 -5.67546
-792.731 -5.67587
-793.766 -5.67628
-794.801 -5.6767
-795.837 -5.67711
-796.872 -5.67752
-797.908 -5.67793
-798.943 -5.67834
-799.979 -5.67875
-801.015 -5.67916
-802.05 -5.67957
-803.086 -5.67998
-804.122 -5.68039
-805.158 -5.68079
-806.194 -5.6812
-807.231 -5.6816
-808.267 -5.68201
-809.303 -5.68242
-810.34 -5.68282
-811.376 -5.68322
-812.413 -5.68363
-813.45 -5.68403
-814.487 -5.68443
-815.523 -5.68483
-816.56 -5.68523
-817.598 -5.68563
-818.635 -5.68603
-819.672 -5.68643
-820.709 -5.68683
-821.747 -5.68723
-822.784 -5.68763
-823.822 -5.68802
-824.859 -5.68842
-825.897 -5.68881
-826.935 -5.68921
-827.972 -5.6896
-829.01 -5.69
-830.048 -5.69039
-831.086 -5.69079
-832.125 -5.69118
-833.163 -5.69157
-834.201 -5.69196
-835.24 -5.69235
-836.278 -5.69274
-837.317 -5.69313
-838.355 -5.69352
-839.394 -5.69391
-840.433 -5.6943
-841.471 -5.69469
-842.51 -5.69507
-843.549 -5.69546
-844.589 -5.69585
-845.628 -5.69623
-846.667 -5.69662
-847.706 -5.697
-848.746 -5.69739
-849.785 -5.69777
-850.825 -5.69815
-851.864 -5.69853
-852.904 -5.69892
-853.944 -5.6993
-854.984 -5.69968
-856.024 -5.70006
-857.064 -5.70044
-858.104 -5.70082
-859.144 -5.7012
-860.184 -5.70158
-861.224 -5.70196
-862.265 -5.70233
-863.305 -5.70271
-864.346 -5.70309
-865.386 -5.70346
-866.427 -5.70384
-867.468 -5.70421
-868.509 -5.70459
-869.55 -5.70496
-870.591 -5.70533
-871.632 -5.70571
-872.673 -5.70608
-873.714 -5.70645
-874.755 -5.70682
-875.797 -5.70719
-876.838 -5.70756
-877.88 -5.70793
-878.921 -5.7083
-879.963 -5.70867
-881.005 -5.70904
-882.047 -5.70941
-883.088 -5.70978
-884.13 -5.71014
-885.172 -5.71051
-886.215 -5.71088
-887.257 -5.71124
-888.299 -5.71161
-889.341 -5.71197
-890.384 -5.71234
-891.426 -5.7127
-892.469 -5.71306
-893.511 -5.71343
-894.554 -5.71379
-895.597 -5.71415
-896.64 -5.71451
-897.682 -5.71487
-898.725 -5.71523
-899.768 -5.71559
-900.812 -5.71595
-901.855 -5.71631
-902.898 -5.71667
-903.941 -5.71703
-904.985 -5.71739
-906.028 -5.71774
-907.072 -5.7181
-908.115 -5.71846
-909.159 -5.71881
-910.203 -5.71917
-911.247 -5.71953
-912.291 -5.71988
-913.335 -5.72023
-914.379 -5.72059
-915.423 -5.72094
-916.467 -5.72129
-917.511 -5.72165
-918.556 -5.722
-919.6 -5.72235
-920.644 -5.7227
-921.689 -5.72305
-922.734 -5.7234
-923.778 -5.72375
-924.823 -5.7241
-925.868 -5.72445
-926.913 -5.7248
-927.958 -5.72515
-929.003 -5.7255
-930.048 -5.72584
-931.093 -5.72619
-932.138 -5.72654
-933.184 -5.72688
-934.229 -5.72723
-935.274 -5.72757
-936.32 -5.72792
-937.365 -5.72826
-938.411 -5.72861
-939.457 -5.72895
-940.503 -5.72929
-941.548 -5.72963
-942.594 -5.72998
-943.64 -5.73032
-944.686 -5.73066
-945.733 -5.731
-946.779 -5.73134
-947.825 -5.73168
-948.871 -5.73202
-949.918 -5.73236
-950.964 -5.7327
-952.011 -5.73304
-953.057 -5.73338
-954.104 -5.73371
-955.151 -5.73405
-956.198 -5.73439
-957.245 -5.73472
-958.292 -5.73506
-959.339 -5.7354
-960.386 -5.73573
-961.433 -5.73607
-962.48 -5.7364
-963.527 -5.73673
-964.575 -5.73707
-965.622 -5.7374
-966.669 -5.73773
-967.717 -5.73807
-968.765 -5.7384
-969.812 -5.73873
-970.86 -5.73906
-971.908 -5.73939
-972.956 -5.73972
-974.004 -5.74005
-975.052 -5.74038
-976.1 -5.74071
-977.148 -5.74104
-978.196 -5.74137
-979.244 -5.7417
-980.293 -5.74202
-981.341 -5.74235
-982.39 -5.74268
-983.438 -5.743
-984.487 -5.74333
-985.535 -5.74366
-986.584 -5.74398
-987.633 -5.74431
-988.682 -5.74463
-989.731 -5.74496
-990.78 -5.74528
-991.829 -5.7456
-992.878 -5.74593
-993.927 -5.74625
-994.976 -5.74657
-996.026 -5.74689
-997.075 -5.74722
-998.125 -5.74754
-999.174 -5.74786
-1000.22 -5.74818
-1001.27 -5.7485
-1002.32 -5.74882
-1003.37 -5.74914
-1004.42 -5.74946
-1005.47 -5.74977
-1006.52 -5.75009
-1007.57 -5.75041
-1008.62 -5.75073
-1009.67 -5.75105
-1010.72 -5.75136
-1011.77 -5.75168
-1012.82 -5.752
-1013.87 -5.75231
-1014.92 -5.75263
-1015.97 -5.75294
-1017.03 -5.75326
-1018.08 -5.75357
-1019.13 -5.75389
-1020.18 -5.7542
-1021.23 -5.75451
-1022.28 -5.75483
-1023.33 -5.75514
-1024.38 -5.75545
-1025.43 -5.75576
-1026.48 -5.75607
-1027.53 -5.75639
-1028.59 -5.7567
-1029.64 -5.75701
-1030.69 -5.75732
-1031.74 -5.75763
-1032.79 -5.75794
-1033.84 -5.75824
-1034.9 -5.75855
-1035.95 -5.75886
-1037 -5.75917
-1038.05 -5.75948
-1039.1 -5.75979
-1040.15 -5.76009
-1041.21 -5.7604
-1042.26 -5.7607
-1043.31 -5.76101
-1044.36 -5.76132
-1045.42 -5.76162
-1046.47 -5.76193
-1047.52 -5.76223
-1048.57 -5.76254
-1049.63 -5.76284
-1050.68 -5.76314
-1051.73 -5.76345
-1052.78 -5.76375
-1053.84 -5.76405
-1054.89 -5.76436
-1055.94 -5.76466
-1056.99 -5.76496
-1058.05 -5.76526
-1059.1 -5.76556
-1060.15 -5.76586
-1061.21 -5.76616
-1062.26 -5.76646
-1063.31 -5.76676
-1064.37 -5.76706
-1065.42 -5.76736
-1066.47 -5.76766
-1067.53 -5.76796
-1068.58 -5.76826
-1069.63 -5.76855
-1070.69 -5.76885
-1071.74 -5.76915
-1072.8 -5.76944
-1073.85 -5.76974
-1074.9 -5.77004
-1075.96 -5.77033
-1077.01 -5.77063
-1078.07 -5.77092
-1079.12 -5.77122
-1080.17 -5.77151
-1081.23 -5.77181
-1082.28 -5.7721
-1083.34 -5.77239
-1084.39 -5.77269
-1085.45 -5.77298
-1086.5 -5.77327
-1087.56 -5.77357
-1088.61 -5.77386
-1089.66 -5.77415
-1090.72 -5.77444
-1091.77 -5.77473
-1092.83 -5.77502
-1093.88 -5.77531
-1094.94 -5.7756
-1095.99 -5.77589
-1097.05 -5.77618
-1098.11 -5.77647
-1099.16 -5.77676
-1100.22 -5.77705
-1101.27 -5.77734
-1102.33 -5.77763
-1103.38 -5.77791
-1104.44 -5.7782
-1105.49 -5.77849
-1106.55 -5.77878
-1107.6 -5.77906
-1108.66 -5.77935
-1109.72 -5.77963
-1110.77 -5.77992
-1111.83 -5.7802
-1112.88 -5.78049
-1113.94 -5.78077
-1115 -5.78106
-1116.05 -5.78134
-1117.11 -5.78163
-1118.17 -5.78191
-1119.22 -5.78219
-1120.28 -5.78248
-1121.33 -5.78276
-1122.39 -5.78304
-1123.45 -5.78332
-1124.5 -5.78361
-1125.56 -5.78389
-1126.62 -5.78417
-1127.68 -5.78445
-1128.73 -5.78473
-1129.79 -5.78501
-1130.85 -5.78529
-1131.9 -5.78557
-1132.96 -5.78585
-1134.02 -5.78613
-1135.07 -5.78641
-1136.13 -5.78669
-1137.19 -5.78697
-1138.25 -5.78724
-1139.3 -5.78752
-1140.36 -5.7878
-1141.42 -5.78808
-1142.48 -5.78835
-1143.53 -5.78863
-1144.59 -5.78891
-1145.65 -5.78918
-1146.71 -5.78946
-1147.77 -5.78973
-1148.82 -5.79001
-1149.88 -5.79028
-1150.94 -5.79056
-1152 -5.79083
-1153.06 -5.79111
-1154.11 -5.79138
-1155.17 -5.79165
-1156.23 -5.79193
-1157.29 -5.7922
-1158.35 -5.79247
-1159.41 -5.79275
-1160.46 -5.79302
-1161.52 -5.79329
-1162.58 -5.79356
-1163.64 -5.79383
-1164.7 -5.7941
-1165.76 -5.79438
-1166.82 -5.79465
-1167.88 -5.79492
-1168.94 -5.79519
-1169.99 -5.79546
-1171.05 -5.79573
-1172.11 -5.79599
-1173.17 -5.79626
-1174.23 -5.79653
-1175.29 -5.7968
-1176.35 -5.79707
-1177.41 -5.79734
-1178.47 -5.7976
-1179.53 -5.79787
-1180.59 -5.79814
-1181.65 -5.79841
-1182.71 -5.79867
-1183.77 -5.79894
-1184.83 -5.79921
-1185.89 -5.79947
-1186.95 -5.79974
-1188.01 -5.8
-1189.07 -5.80027
-1190.13 -5.80053
-1191.19 -5.8008
-1192.25 -5.80106
-1193.31 -5.80132
-1194.37 -5.80159
-1195.43 -5.80185
-1196.49 -5.80211
-1197.55 -5.80238
-1198.61 -5.80264
-1199.67 -5.8029
-1200.73 -5.80317
-1201.79 -5.80343
-1202.85 -5.80369
-1203.91 -5.80395
-1204.97 -5.80421
-1206.03 -5.80447
-1207.09 -5.80473
-1208.16 -5.80499
-1209.22 -5.80525
-1210.28 -5.80551
-1211.34 -5.80577
-1212.4 -5.80603
-1213.46 -5.80629
-1214.52 -5.80655
-1215.58 -5.80681
-1216.64 -5.80707
-1217.71 -5.80733
-1218.77 -5.80758
-1219.83 -5.80784
-1220.89 -5.8081
-1221.95 -5.80836
-1223.01 -5.80861
-1224.08 -5.80887
-1225.14 -5.80913
-1226.2 -5.80938
-1227.26 -5.80964
-1228.32 -5.80989
-1229.38 -5.81015
-1230.45 -5.81041
-1231.51 -5.81066
-1232.57 -5.81091
-1233.63 -5.81117
-1234.7 -5.81142
-1235.76 -5.81168
-1236.82 -5.81193
-1237.88 -5.81219
-1238.94 -5.81244
-1240.01 -5.81269
-1241.07 -5.81294
-1242.13 -5.8132
-1243.2 -5.81345
-1244.26 -5.8137
-1245.32 -5.81395
-1246.38 -5.81421
-1247.45 -5.81446
-1248.51 -5.81471
-1249.57 -5.81496
-1250.64 -5.81521
-1251.7 -5.81546
-1252.76 -5.81571
-1253.82 -5.81596
-1254.89 -5.81621
-1255.95 -5.81646
-1257.01 -5.81671
-1258.08 -5.81696
-1259.14 -5.81721
-1260.2 -5.81745
-1261.27 -5.8177
-1262.33 -5.81795
-1263.39 -5.8182
-1264.46 -5.81845
-1265.52 -5.8187
-1266.59 -5.81894
-1267.65 -5.81919
-1268.71 -5.81944
-1269.78 -5.81968
-1270.84 -5.81993
-1271.91 -5.82018
-1272.97 -5.82042
-1274.03 -5.82067
-1275.1 -5.82091
-1276.16 -5.82116
-1277.23 -5.8214
-1278.29 -5.82165
-1279.35 -5.82189
-1280.42 -5.82214
-1281.48 -5.82238
-1282.55 -5.82262
-1283.61 -5.82287
-1284.68 -5.82311
-1285.74 -5.82336
-1286.81 -5.8236
-1287.87 -5.82384
-1288.94 -5.82408
-1290 -5.82433
-1291.07 -5.82457
-1292.13 -5.82481
-1293.2 -5.82505
-1294.26 -5.82529
-1295.33 -5.82553
-1296.39 -5.82578
-1297.46 -5.82602
-1298.52 -5.82626
-1299.59 -5.8265
-1300.65 -5.82674
-1301.72 -5.82698
-1302.78 -5.82722
-1303.85 -5.82746
-1304.91 -5.8277
-1305.98 -5.82794
-1307.04 -5.82817
-1308.11 -5.82841
-1309.18 -5.82865
-1310.24 -5.82889
-1311.31 -5.82913
-1312.37 -5.82937
-1313.44 -5.8296
-1314.5 -5.82984
-1315.57 -5.83008
-1316.64 -5.83031
-1317.7 -5.83055
-1318.77 -5.83079
-1319.84 -5.83102
-1320.9 -5.83126
-1321.97 -5.8315
-1323.03 -5.83173
-1324.1 -5.83197
-1325.17 -5.8322
-1326.23 -5.83244
-1327.3 -5.83267
-1328.37 -5.83291
-1329.43 -5.83314
-1330.5 -5.83338
-1331.57 -5.83361
-1332.63 -5.83384
-1333.7 -5.83408
-1334.77 -5.83431
-1335.83 -5.83454
-1336.9 -5.83478
-1337.97 -5.83501
-1339.03 -5.83524
-1340.1 -5.83548
-1341.17 -5.83571
-1342.24 -5.83594
-1343.3 -5.83617
-1344.37 -5.8364
-1345.44 -5.83663
-1346.5 -5.83687
-1347.57 -5.8371
-1348.64 -5.83733
-1349.71 -5.83756
-1350.77 -5.83779
-1351.84 -5.83802
-1352.91 -5.83825
-1353.98 -5.83848
-1355.04 -5.83871
-1356.11 -5.83894
-1357.18 -5.83917
-1358.25 -5.8394
-1359.32 -5.83962
-1360.38 -5.83985
-1361.45 -5.84008
-1362.52 -5.84031
-1363.59 -5.84054
-1364.66 -5.84077
-1365.72 -5.84099
-1366.79 -5.84122
-1367.86 -5.84145
-1368.93 -5.84168
-1370 -5.8419
-1371.07 -5.84213
-1372.13 -5.84236
-1373.2 -5.84258
-1374.27 -5.84281
-1375.34 -5.84303
-1376.41 -5.84326
-1377.48 -5.84348
-1378.55 -5.84371
-1379.61 -5.84394
-1380.68 -5.84416
-1381.75 -5.84439
-1382.82 -5.84461
-1383.89 -5.84483
-1384.96 -5.84506
-1386.03 -5.84528
-1387.1 -5.84551
-1388.17 -5.84573
-1389.24 -5.84595
-1390.3 -5.84618
-1391.37 -5.8464
-1392.44 -5.84662
-1393.51 -5.84685
-1394.58 -5.84707
-1395.65 -5.84729
-1396.72 -5.84751
-1397.79 -5.84773
-1398.86 -5.84796
-1399.93 -5.84818
-1401 -5.8484
-1402.07 -5.84862
-1403.14 -5.84884
-1404.21 -5.84906
-1405.28 -5.84928
-1406.35 -5.8495
-1407.42 -5.84972
-1408.49 -5.84994
-1409.56 -5.85016
-1410.63 -5.85038
-1411.7 -5.8506
-1412.77 -5.85082
-1413.84 -5.85104
-1414.91 -5.85126
-1415.98 -5.85148
-1417.05 -5.8517
-1418.12 -5.85192
-1419.19 -5.85213
-1420.26 -5.85235
-1421.33 -5.85257
-1422.4 -5.85279
-1423.47 -5.853
-1424.54 -5.85322
-1425.61 -5.85344
-1426.68 -5.85366
-1427.75 -5.85387
-1428.82 -5.85409
-1429.9 -5.85431
-1430.97 -5.85452
-1432.04 -5.85474
-1433.11 -5.85495
-1434.18 -5.85517
-1435.25 -5.85539
-1436.32 -5.8556
-1437.39 -5.85582
-1438.46 -5.85603
-1439.53 -5.85625
-1440.61 -5.85646
-1441.68 -5.85668
-1442.75 -5.85689
-1443.82 -5.8571
-1444.89 -5.85732
-1445.96 -5.85753
-1447.03 -5.85775
-1448.11 -5.85796
-1449.18 -5.85817
-1450.25 -5.85839
-1451.32 -5.8586
-1452.39 -5.85881
-1453.46 -5.85902
-1454.54 -5.85924
-1455.61 -5.85945
-1456.68 -5.85966
-1457.75 -5.85987
-1458.82 -5.86008
-1459.9 -5.8603
-1460.97 -5.86051
-1462.04 -5.86072
-1463.11 -5.86093
-1464.18 -5.86114
-1465.26 -5.86135
-1466.33 -5.86156
-1467.4 -5.86177
-1468.47 -5.86198
-1469.55 -5.86219
-1470.62 -5.8624
-1471.69 -5.86261
-1472.76 -5.86282
-1473.84 -5.86303
-1474.91 -5.86324
-1475.98 -5.86345
-1477.05 -5.86366
-1478.13 -5.86387
-1479.2 -5.86408
-1480.27 -5.86428
-1481.34 -5.86449
-1482.42 -5.8647
-1483.49 -5.86491
-1484.56 -5.86512
-1485.64 -5.86532
-1486.71 -5.86553
-1487.78 -5.86574
-1488.86 -5.86595
-1489.93 -5.86615
-1491 -5.86636
-1492.08 -5.86657
-1493.15 -5.86677
-1494.22 -5.86698
-1495.3 -5.86719
-1496.37 -5.86739
-1497.44 -5.8676
-1498.52 -5.8678
-1499.59 -5.86801
-1500.66 -5.86821
-1501.74 -5.86842
-1502.81 -5.86862
-1503.88 -5.86883
-1504.96 -5.86903
-1506.03 -5.86924
-1507.11 -5.86944
-1508.18 -5.86965
-1509.25 -5.86985
-1510.33 -5.87005
-1511.4 -5.87026
-1512.48 -5.87046
-1513.55 -5.87067
-1514.62 -5.87087
-1515.7 -5.87107
-1516.77 -5.87127
-1517.85 -5.87148
-1518.92 -5.87168
-1520 -5.87188
-1521.07 -5.87209
-1522.14 -5.87229
-1523.22 -5.87249
-1524.29 -5.87269
-1525.37 -5.87289
-1526.44 -5.87309
-1527.52 -5.8733
-1528.59 -5.8735
-1529.67 -5.8737
-1530.74 -5.8739
-1531.82 -5.8741
-1532.89 -5.8743
-1533.97 -5.8745
-1535.04 -5.8747
-1536.12 -5.8749
-1537.19 -5.8751
-1538.27 -5.8753
-1539.34 -5.8755
-1540.42 -5.8757
-1541.49 -5.8759
-1542.57 -5.8761
-1543.64 -5.8763
-1544.72 -5.8765
-1545.79 -5.8767
-1546.87 -5.87689
-1547.94 -5.87709
-1549.02 -5.87729
-1550.09 -5.87749
-1551.17 -5.87769
-1552.24 -5.87788
-1553.32 -5.87808
-1554.4 -5.87828
-1555.47 -5.87848
-1556.55 -5.87867
-1557.62 -5.87887
-1558.7 -5.87907
-1559.77 -5.87927
-1560.85 -5.87946
-1561.93 -5.87966
-1563 -5.87985
-1564.08 -5.88005
-1565.15 -5.88025
-1566.23 -5.88044
-1567.31 -5.88064
-1568.38 -5.88083
-1569.46 -5.88103
-1570.53 -5.88123
-1571.61 -5.88142
-1572.69 -5.88162
-1573.76 -5.88181
-1574.84 -5.882
-1575.92 -5.8822
-1576.99 -5.88239
-1578.07 -5.88259
-1579.15 -5.88278
-1580.22 -5.88298
-1581.3 -5.88317
-1582.38 -5.88336
-1583.45 -5.88356
-1584.53 -5.88375
-1585.61 -5.88394
-1586.68 -5.88414
-1587.76 -5.88433
-1588.84 -5.88452
-1589.91 -5.88472
-1590.99 -5.88491
-1592.07 -5.8851
-1593.14 -5.88529
-1594.22 -5.88549
-1595.3 -5.88568
-1596.38 -5.88587
-1597.45 -5.88606
-1598.53 -5.88625
-1599.61 -5.88644
-1600.68 -5.88663
-1601.76 -5.88683
-1602.84 -5.88702
-1603.92 -5.88721
-1604.99 -5.8874
-1606.07 -5.88759
-1607.15 -5.88778
-1608.23 -5.88797
-1609.3 -5.88816
-1610.38 -5.88835
-1611.46 -5.88854
-1612.54 -5.88873
-1613.61 -5.88892
-1614.69 -5.88911
-1615.77 -5.8893
-1616.85 -5.88949
-1617.93 -5.88968
-1619 -5.88987
-1620.08 -5.89005
-1621.16 -5.89024
-1622.24 -5.89043
-1623.32 -5.89062
-1624.39 -5.89081
-1625.47 -5.891
-1626.55 -5.89118
-1627.63 -5.89137
-1628.71 -5.89156
-1629.79 -5.89175
-1630.86 -5.89193
-1631.94 -5.89212
-1633.02 -5.89231
-1634.1 -5.8925
-1635.18 -5.89268
-1636.26 -5.89287
-1637.33 -5.89306
-1638.41 -5.89324
-1639.49 -5.89343
-1640.57 -5.89361
-1641.65 -5.8938
-1642.73 -5.89399
-1643.81 -5.89417
-1644.89 -5.89436
-1645.96 -5.89454
-1647.04 -5.89473
-1648.12 -5.89491
-1649.2 -5.8951
-1650.28 -5.89528
-1651.36 -5.89547
-1652.44 -5.89565
-1653.52 -5.89584
-1654.6 -5.89602
-1655.68 -5.89621
-1656.76 -5.89639
-1657.83 -5.89658
-1658.91 -5.89676
-1659.99 -5.89694
-1661.07 -5.89713
-1662.15 -5.89731
-1663.23 -5.89749
-1664.31 -5.89768
-1665.39 -5.89786
-1666.47 -5.89804
-1667.55 -5.89823
-1668.63 -5.89841
-1669.71 -5.89859
-1670.79 -5.89877
-1671.87 -5.89896
-1672.95 -5.89914
-1674.03 -5.89932
-1675.11 -5.8995
-1676.19 -5.89968
-1677.27 -5.89987
-1678.35 -5.90005
-1679.43 -5.90023
-1680.51 -5.90041
-1681.59 -5.90059
-1682.67 -5.90077
-1683.75 -5.90095
-1684.83 -5.90114
-1685.91 -5.90132
-1686.99 -5.9015
-1688.07 -5.90168
-1689.15 -5.90186
-1690.23 -5.90204
-1691.31 -5.90222
-1692.39 -5.9024
-1693.47 -5.90258
-1694.55 -5.90276
-1695.63 -5.90294
-1696.71 -5.90312
-1697.79 -5.9033
-1698.87 -5.90347
-1699.96 -5.90365
-1701.04 -5.90383
-1702.12 -5.90401
-1703.2 -5.90419
-1704.28 -5.90437
-1705.36 -5.90455
-1706.44 -5.90473
-1707.52 -5.9049
-1708.6 -5.90508
-1709.68 -5.90526
-1710.76 -5.90544
-1711.85 -5.90562
-1712.93 -5.90579
-1714.01 -5.90597
-1715.09 -5.90615
-1716.17 -5.90633
-1717.25 -5.9065
-1718.33 -5.90668
-1719.41 -5.90686
-1720.5 -5.90703
-1721.58 -5.90721
-1722.66 -5.90739
-1723.74 -5.90756
-1724.82 -5.90774
-1725.9 -5.90791
-1726.98 -5.90809
-1728.07 -5.90827
-1729.15 -5.90844
-1730.23 -5.90862
-1731.31 -5.90879
-1732.39 -5.90897
-1733.47 -5.90914
-1734.56 -5.90932
-1735.64 -5.90949
-1736.72 -5.90967
-1737.8 -5.90984
-1738.88 -5.91002
-1739.97 -5.91019
-1741.05 -5.91037
-1742.13 -5.91054
-1743.21 -5.91072
-1744.29 -5.91089
-1745.38 -5.91106
-1746.46 -5.91124
-1747.54 -5.91141
-1748.62 -5.91159
-1749.71 -5.91176
-1750.79 -5.91193
-1751.87 -5.91211
-1752.95 -5.91228
-1754.03 -5.91245
-1755.12 -5.91263
-1756.2 -5.9128
-1757.28 -5.91297
-1758.36 -5.91314
-1759.45 -5.91332
-1760.53 -5.91349
-1761.61 -5.91366
-1762.7 -5.91383
-1763.78 -5.914
-1764.86 -5.91418
-1765.94 -5.91435
-1767.03 -5.91452
-1768.11 -5.91469
-1769.19 -5.91486
-1770.28 -5.91503
-1771.36 -5.9152
-1772.44 -5.91538
-1773.52 -5.91555
-1774.61 -5.91572
-1775.69 -5.91589
-1776.77 -5.91606
-1777.86 -5.91623
-1778.94 -5.9164
-1780.02 -5.91657
-1781.11 -5.91674
-1782.19 -5.91691
-1783.27 -5.91708
-1784.36 -5.91725
-1785.44 -5.91742
-1786.52 -5.91759
-1787.61 -5.91776
-1788.69 -5.91793
-1789.78 -5.9181
-1790.86 -5.91827
-1791.94 -5.91844
-1793.03 -5.9186
-1794.11 -5.91877
-1795.19 -5.91894
-1796.28 -5.91911
-1797.36 -5.91928
-1798.45 -5.91945
-1799.53 -5.91962
-1800.61 -5.91978
-1801.7 -5.91995
-1802.78 -5.92012
-1803.86 -5.92029
-1804.95 -5.92046
-1806.03 -5.92062
-1807.12 -5.92079
-1808.2 -5.92096
-1809.29 -5.92113
-1810.37 -5.92129
-1811.45 -5.92146
-1812.54 -5.92163
-1813.62 -5.92179
-1814.71 -5.92196
-1815.79 -5.92213
-1816.88 -5.92229
-1817.96 -5.92246
-1819.04 -5.92263
-1820.13 -5.92279
-1821.21 -5.92296
-1822.3 -5.92312
-1823.38 -5.92329
-1824.47 -5.92346
-1825.55 -5.92362
-1826.64 -5.92379
-1827.72 -5.92395
-1828.81 -5.92412
-1829.89 -5.92428
-1830.98 -5.92445
-1832.06 -5.92461
-1833.15 -5.92478
-1834.23 -5.92494
-1835.32 -5.92511
-1836.4 -5.92527
-1837.49 -5.92544
-1838.57 -5.9256
-1839.66 -5.92576
-1840.74 -5.92593
-1841.83 -5.92609
-1842.91 -5.92626
-1844 -5.92642
-1845.08 -5.92658
-1846.17 -5.92675
-1847.25 -5.92691
-1848.34 -5.92707
-1849.42 -5.92724
-1850.51 -5.9274
-1851.59 -5.92756
-1852.68 -5.92773
-1853.77 -5.92789
-1854.85 -5.92805
-1855.94 -5.92822
-1857.02 -5.92838
-1858.11 -5.92854
-1859.19 -5.9287
-1860.28 -5.92886
-1861.37 -5.92903
-1862.45 -5.92919
-1863.54 -5.92935
-1864.62 -5.92951
-1865.71 -5.92967
-1866.79 -5.92984
-1867.88 -5.93
-1868.97 -5.93016
-1870.05 -5.93032
-1871.14 -5.93048
-1872.23 -5.93064
-1873.31 -5.9308
-1874.4 -5.93096
-1875.48 -5.93113
-1876.57 -5.93129
-1877.66 -5.93145
-1878.74 -5.93161
-1879.83 -5.93177
-1880.92 -5.93193
-1882 -5.93209
-1883.09 -5.93225
-1884.17 -5.93241
-1885.26 -5.93257
-1886.35 -5.93273
-1887.43 -5.93289
-1888.52 -5.93305
-1889.61 -5.93321
-1890.69 -5.93337
-1891.78 -5.93353
-1892.87 -5.93368
-1893.95 -5.93384
-1895.04 -5.934
-1896.13 -5.93416
-1897.21 -5.93432
-1898.3 -5.93448
-1899.39 -5.93464
-1900.47 -5.9348
-1901.56 -5.93495
-1902.65 -5.93511
-1903.74 -5.93527
-1904.82 -5.93543
-1905.91 -5.93559
-1907 -5.93575
-1908.08 -5.9359
-1909.17 -5.93606
-1910.26 -5.93622
-1911.35 -5.93638
-1912.43 -5.93653
-1913.52 -5.93669
-1914.61 -5.93685
-1915.7 -5.93701
-1916.78 -5.93716
-1917.87 -5.93732
-1918.96 -5.93748
-1920.05 -5.93763
-1921.13 -5.93779
-1922.22 -5.93795
-1923.31 -5.9381
-1924.4 -5.93826
-1925.48 -5.93842
-1926.57 -5.93857
-1927.66 -5.93873
-1928.75 -5.93888
-1929.83 -5.93904
-1930.92 -5.93919
-1932.01 -5.93935
-1933.1 -5.93951
-1934.19 -5.93966
-1935.27 -5.93982
-1936.36 -5.93997
-1937.45 -5.94013
-1938.54 -5.94028
-1939.63 -5.94044
-1940.71 -5.94059
-1941.8 -5.94075
-1942.89 -5.9409
-1943.98 -5.94106
-1945.07 -5.94121
-1946.15 -5.94136
-1947.24 -5.94152
-1948.33 -5.94167
-1949.42 -5.94183
-1950.51 -5.94198
-1951.6 -5.94214
-1952.68 -5.94229
-1953.77 -5.94244
-1954.86 -5.9426
-1955.95 -5.94275
-1957.04 -5.9429
-1958.13 -5.94306
-1959.22 -5.94321
-1960.3 -5.94336
-1961.39 -5.94352
-1962.48 -5.94367
-1963.57 -5.94382
-1964.66 -5.94398
-1965.75 -5.94413
-1966.84 -5.94428
-1967.93 -5.94443
-1969.01 -5.94459
-1970.1 -5.94474
-1971.19 -5.94489
-1972.28 -5.94504
-1973.37 -5.9452
-1974.46 -5.94535
-1975.55 -5.9455
-1976.64 -5.94565
-1977.73 -5.9458
-1978.82 -5.94595
-1979.91 -5.94611
-1980.99 -5.94626
-1982.08 -5.94641
-1983.17 -5.94656
-1984.26 -5.94671
-1985.35 -5.94686
-1986.44 -5.94701
-1987.53 -5.94716
-1988.62 -5.94732
-1989.71 -5.94747
-1990.8 -5.94762
-1991.89 -5.94777
-1992.98 -5.94792
-1994.07 -5.94807
-1995.16 -5.94822
-1996.25 -5.94837
-1997.34 -5.94852
-1998.43 -5.94867
-1999.52 -5.94882
-2000.61 -5.94897
-2001.7 -5.94912
-2002.79 -5.94927
-2003.87 -5.94942
-2004.96 -5.94957
-2006.05 -5.94972
-2007.14 -5.94987
-2008.23 -5.95001
-2009.32 -5.95016
-2010.41 -5.95031
-2011.5 -5.95046
-2012.59 -5.95061
-2013.68 -5.95076
-2014.78 -5.95091
-2015.87 -5.95106
