0 0
0.00309018 0.00951056
0.0063704 0.0190212
0.00984049 0.0285319
0.0135003 0.0380428
0.0173496 0.0475539
0.0213882 0.0570653
0.0256161 0.0665771
0.030033 0.0760892
0.0346387 0.0856018
0.0394331 0.0951149
0.0444161 0.104629
0.0495874 0.114143
0.0549469 0.123658
0.0604944 0.133173
0.0662298 0.14269
0.0721529 0.152207
0.0782635 0.161725
0.0845615 0.171245
0.0910468 0.180765
0.097719 0.190286
0.104578 0.199809
0.111624 0.209332
0.118857 0.218857
0.126276 0.228383
0.133881 0.237911
0.141672 0.24744
0.149649 0.25697
0.157813 0.266502
0.166161 0.276035
0.174695 0.28557
0.183415 0.295107
0.19232 0.304646
0.201409 0.314186
0.210684 0.323729
0.220143 0.333273
0.229787 0.342819
0.239616 0.352367
0.249628 0.361917
0.259825 0.37147
0.270206 0.381024
0.28077 0.390581
0.291518 0.40014
0.30245 0.409702
0.313565 0.419266
0.324863 0.428832
0.336344 0.438401
0.348008 0.447972
0.359855 0.457546
0.371885 0.467123
0.384097 0.476702
0.396491 0.486285
0.409068 0.49587
0.421826 0.505458
0.434766 0.515049
0.447888 0.524642
0.461192 0.534239
0.474677 0.543839
0.488343 0.553442
0.50219 0.563048
0.516219 0.572658
0.530428 0.582271
0.544818 0.591887
0.559388 0.601506
0.574139 0.611129
0.58907 0.620755
0.604181 0.630385
0.619471 0.640018
0.634942 0.649655
0.650592 0.659296
0.666422 0.66894
0.682431 0.678588
0.698619 0.688239
0.714986 0.697895
0.731532 0.707554
0.748257 0.717217
0.76516 0.726884
0.782242 0.736556
0.799501 0.746231
0.816939 0.75591
0.834555 0.765593
0.852349 0.77528
0.87032 0.784971
0.888468 0.794667
0.906794 0.804366
0.925297 0.81407
0.943977 0.823778
0.962834 0.833491
0.981867 0.843207
1.00108 0.852928
1.02046 0.862654
1.04003 0.872383
1.05976 0.882117
1.07968 0.891856
1.09977 0.901599
1.12003 0.911346
1.14047 0.921098
1.16109 0.930855
1.18188 0.940616
1.20284 0.950381
1.22398 0.960151
1.2453 0.969926
1.26679 0.979705
1.28845 0.989488
1.31029 0.999277
1.3323 1.00907
1.35448 1.01887
1.37684 1.02867
1.39937 1.03848
1.42207 1.04829
1.44495 1.0581
1.468 1.06792
1.49122 1.07775
1.51461 1.08758
1.53818 1.09741
1.56192 1.10725
1.58583 1.11709
1.60991 1.12694
1.63416 1.13679
1.65858 1.14665
1.68318 1.15651
1.70794 1.16638
1.73287 1.17625
1.75798 1.18612
1.78326 1.196
1.8087 1.20588
1.83431 1.21577
1.8601 1.22566
1.88605 1.23556
1.91217 1.24546
1.93846 1.25536
1.96492 1.26527
1.99155 1.27518
2.01835 1.2851
2.04531 1.29502
2.07244 1.30494
2.09974 1.31487
2.12721 1.3248
2.15484 1.33474
2.18264 1.34467
2.21061 1.35462
2.23874 1.36456
2.26704 1.37451
2.2955 1.38446
2.32413 1.39442
2.35292 1.40438
2.38188 1.41434
2.41101 1.42431
2.44029 1.43427
2.46975 1.44424
2.49936 1.45422
2.52914 1.46419
2.55909 1.47417
2.58919 1.48415
2.61946 1.49414
2.64989 1.50412
2.68049 1.51411
2.71124 1.5241
2.74216 1.53409
2.77324 1.54408
2.80448 1.55407
2.83588 1.56407
2.86744 1.57406
2.89917 1.58406
2.93105 1.59406
2.96309 1.60406
2.99529 1.61406
3.02765 1.62406
3.06017 1.63406
3.09285 1.64406
3.12568 1.65406
3.15868 1.66405
3.19183 1.67405
3.22514 1.68405
3.2586 1.69405
3.29223 1.70405
3.326 1.71404
3.35994 1.72404
3.39403 1.73403
3.42827 1.74402
3.46268 1.75401
3.49723 1.76399
3.53194 1.77398
3.5668 1.78396
3.60182 1.79394
3.63699 1.80391
3.67232 1.81388
3.70779 1.82385
3.74342 1.83382
3.7792 1.84378
3.81514 1.85373
3.85122 1.86368
3.88746 1.87363
3.92384 1.88357
3.96038 1.8935
3.99707 1.90343
4.0339 1.91336
4.07089 1.92327
4.10802 1.93319
4.1453 1.94309
4.18274 1.95299
4.22031 1.96288
4.25804 1.97276
4.29591 1.98263
4.33394 1.9925
4.3721 2.00236
4.41042 2.0122
4.44887 2.02204
4.48748 2.03187
4.52623 2.04169
4.56512 2.0515
4.60416 2.0613
4.64334 2.07109
4.68267 2.08087
4.72214 2.09064
4.76175 2.10039
4.8015 2.11014
4.8414 2.11987
4.88144 2.12958
4.92162 2.13929
4.96194 2.14898
5.0024 2.15866
5.04301 2.16832
5.08375 2.17797
5.12463 2.18761
5.16565 2.19723
5.20682 2.20683
5.24812 2.21642
5.28955 2.22599
5.33113 2.23555
5.37284 2.24509
5.41469 2.25461
5.45668 2.26412
5.49881 2.27361
5.54107 2.28308
5.58346 2.29253
5.626 2.30196
5.66866 2.31138
5.71147 2.32077
5.7544 2.33015
5.79747 2.3395
5.84068 2.34884
5.88402 2.35815
5.92749 2.36745
5.97109 2.37672
6.01483 2.38597
6.0587 2.3952
6.1027 2.40441
6.14683 2.41359
6.19109 2.42275
6.23549 2.43189
6.28001 2.44101
6.32467 2.4501
6.36945 2.45917
6.41437 2.46821
6.45941 2.47723
6.50459 2.48622
6.54989 2.49519
6.59532 2.50413
6.64087 2.51305
6.68656 2.52194
6.73237 2.53081
6.77831 2.53965
6.82438 2.54846
6.87057 2.55725
6.91689 2.566
6.96333 2.57473
7.0099 2.58344
7.0566 2.59211
7.10342 2.60076
7.15036 2.60938
7.19743 2.61797
7.24462 2.62653
7.29194 2.63506
7.33938 2.64357
7.38694 2.65204
7.43463 2.66049
7.48243 2.6689
7.53036 2.67729
7.57842 2.68564
7.62659 2.69397
7.67488 2.70226
7.7233 2.71053
7.77183 2.71876
7.82049 2.72696
7.86926 2.73513
7.91816 2.74327
7.96717 2.75138
8.0163 2.75946
8.06556 2.76751
8.11493 2.77552
8.16441 2.78351
8.21402 2.79146
8.26374 2.79938
8.31359 2.80727
8.36354 2.81512
8.41362 2.82295
8.46381 2.83074
8.51412 2.8385
8.56454 2.84623
8.61508 2.85392
8.66573 2.86158
8.7165 2.86921
8.76738 2.87681
8.81838 2.88438
8.86949 2.89191
8.92071 2.89941
8.97205 2.90688
9.0235 2.91431
9.07506 2.92171
9.12673 2.92908
9.17852 2.93642
9.23042 2.94372
9.28243 2.951
9.33455 2.95823
9.38678 2.96544
9.43913 2.97262
9.49158 2.97976
9.54414 2.98687
9.59681 2.99394
9.64959 3.00099
9.70248 3.008
9.75548 3.01498
9.80859 3.02192
9.8618 3.02884
9.91512 3.03572
9.96855 3.04257
10.0221 3.04939
10.0757 3.05618
10.1295 3.06293
10.1833 3.06965
10.2373 3.07634
10.2914 3.083
10.3455 3.08963
10.3998 3.09623
10.4542 3.10279
10.5087 3.10932
10.5633 3.11583
10.618 3.1223
10.6728 3.12873
10.7276 3.13514
10.7826 3.14152
10.8378 3.14787
10.893 3.15418
10.9483 3.16047
11.0037 3.16672
11.0592 3.17295
11.1148 3.17914
11.1705 3.18531
11.2263 3.19144
11.2822 3.19754
11.3382 3.20362
11.3943 3.20966
11.4505 3.21568
11.5068 3.22166
11.5632 3.22762
11.6197 3.23355
11.6763 3.23944
11.733 3.24531
11.7898 3.25115
11.8467 3.25697
11.9037 3.26275
11.9608 3.2685
12.0179 3.27423
12.0752 3.27993
12.1326 3.2856
12.19 3.29124
12.2476 3.29686
12.3052 3.30244
12.3629 3.308
12.4208 3.31354
12.4787 3.31904
12.5367 3.32452
12.5948 3.32997
12.653 3.3354
12.7113 3.34079
12.7697 3.34617
12.8282 3.35151
12.8867 3.35683
12.9454 3.36212
13.0041 3.36739
13.0629 3.37263
13.1219 3.37785
13.1809 3.38304
13.24 3.3882
13.2992 3.39334
13.3584 3.39846
13.4178 3.40355
13.4772 3.40861
13.5368 3.41365
13.5964 3.41867
13.6561 3.42366
13.7159 3.42863
13.7758 3.43357
13.8357 3.43849
13.8958 3.44339
13.9559 3.44826
14.0162 3.45311
14.0765 3.45793
14.1368 3.46274
14.1973 3.46752
14.2579 3.47227
14.3185 3.47701
14.3792 3.48172
14.44 3.4864
14.5009 3.49107
14.5619 3.49571
14.6229 3.50034
14.684 3.50494
14.7453 3.50951
14.8065 3.51407
14.8679 3.5186
14.9294 3.52312
14.9909 3.52761
15.0525 3.53208
15.1142 3.53653
15.1759 3.54096
15.2378 3.54536
15.2997 3.54975
15.3617 3.55412
15.4238 3.55847
15.4859 3.56279
15.5482 3.5671
15.6105 3.57138
15.6729 3.57565
15.7353 3.5799
15.7979 3.58412
15.8605 3.58833
15.9232 3.59252
15.9859 3.59669
16.0487 3.60083
16.1117 3.60496
16.1746 3.60908
16.2377 3.61317
16.3008 3.61724
16.364 3.6213
16.4273 3.62534
16.4907 3.62935
16.5541 3.63336
16.6176 3.63734
16.6811 3.6413
16.7448 3.64525
16.8085 3.64918
16.8723 3.65309
16.9361 3.65698
17 3.66086
17.064 3.66472
17.1281 3.66856
17.1922 3.67239
17.2564 3.6762
17.3207 3.67999
17.385 3.68376
17.4494 3.68752
17.5139 3.69126
17.5785 3.69499
17.6431 3.69869
17.7078 3.70239
17.7725 3.70606
17.8373 3.70972
17.9022 3.71337
17.9672 3.717
18.0322 3.72061
18.0973 3.72421
18.1624 3.72779
18.2276 3.73136
18.2929 3.73491
18.3582 3.73845
18.4236 3.74197
18.4891 3.74547
18.5547 3.74896
18.6203 3.75244
18.6859 3.7559
18.7517 3.75935
18.8175 3.76278
18.8833 3.7662
18.9492 3.7696
19.0152 3.77299
19.0813 3.77637
19.1474 3.77973
19.2135 3.78308
19.2798 3.78641
19.3461 3.78973
19.4124 3.79304
19.4788 3.79633
19.5453 3.79961
19.6119 3.80287
19.6785 3.80613
19.7451 3.80936
19.8119 3.81259
19.8786 3.8158
19.9455 3.819
20.0124 3.82219
20.0793 3.82536
20.1464 3.82852
20.2134 3.83167
20.2806 3.8348
20.3478 3.83793
20.415 3.84104
20.4823 3.84413
20.5497 3.84722
20.6171 3.85029
20.6846 3.85335
20.7522 3.8564
20.8198 3.85944
20.8874 3.86246
20.9551 3.86548
21.0229 3.86848
21.0907 3.87147
21.1586 3.87445
21.2266 3.87741
21.2946 3.88037
21.3626 3.88331
21.4307 3.88624
21.4989 3.88916
21.5671 3.89207
21.6354 3.89497
21.7037 3.89786
21.7721 3.90073
21.8405 3.9036
21.909 3.90645
21.9775 3.9093
22.0461 3.91213
22.1148 3.91495
22.1835 3.91776
22.2522 3.92056
22.321 3.92335
22.3899 3.92613
22.4588 3.9289
22.5278 3.93166
22.5968 3.93441
22.6659 3.93715
22.735 3.93987
22.8042 3.94259
22.8734 3.9453
22.9427 3.948
23.012 3.95069
23.0814 3.95336
23.1508 3.95603
23.2203 3.95869
23.2898 3.96134
23.3594 3.96398
23.429 3.96661
23.4987 3.96923
23.5684 3.97184
23.6382 3.97444
23.708 3.97703
23.7779 3.97962
23.8479 3.98219
23.9178 3.98476
23.9879 3.98731
24.0579 3.98986
24.1281 3.99239
24.1982 3.99492
24.2685 3.99744
24.3387 3.99995
24.409 4.00245
24.4794 4.00495
24.5498 4.00743
24.6203 4.00991
24.6908 4.01237
24.7613 4.01483
24.8319 4.01728
24.9026 4.01972
24.9733 4.02215
25.044 4.02458
25.1148 4.02699
25.1856 4.0294
25.2565 4.0318
25.3275 4.03419
25.3984 4.03658
25.4694 4.03895
25.5405 4.04132
25.6116 4.04368
25.6828 4.04603
25.754 4.04837
25.8252 4.05071
25.8965 4.05303
25.9678 4.05535
26.0392 4.05766
26.1106 4.05997
26.1821 4.06226
26.2536 4.06455
26.3252 4.06683
26.3968 4.06911
26.4684 4.07137
26.5401 4.07363
26.6118 4.07588
26.6836 4.07813
26.7554 4.08036
26.8273 4.08259
26.8992 4.08482
26.9711 4.08703
27.0431 4.08924
27.1151 4.09144
27.1872 4.09363
27.2593 4.09582
27.3315 4.098
27.4037 4.10017
27.4759 4.10233
27.5482 4.10449
27.6205 4.10664
27.6929 4.10879
27.7653 4.11093
27.8377 4.11306
27.9102 4.11518
27.9828 4.1173
28.0553 4.11941
28.1279 4.12151
28.2006 4.12361
28.2733 4.1257
28.346 4.12779
28.4188 4.12986
28.4916 4.13194
28.5645 4.134
28.6374 4.13606
28.7103 4.13811
28.7833 4.14016
28.8563 4.1422
28.9293 4.14423
29.0024 4.14626
29.0756 4.14828
29.1487 4.15029
29.2219 4.1523
29.2952 4.15431
29.3685 4.1563
29.4418 4.15829
29.5152 4.16028
29.5886 4.16226
29.662 4.16423
29.7355 4.16619
29.809 4.16816
29.8826 4.17011
29.9562 4.17206
30.0298 4.174
30.1035 4.17594
30.1772 4.17787
30.2509 4.1798
30.3247 4.18172
30.3985 4.18363
30.4724 4.18554
30.5463 4.18744
30.6202 4.18934
30.6942 4.19123
30.7682 4.19312
30.8422 4.195
30.9163 4.19688
30.9904 4.19875
31.0646 4.20061
31.1387 4.20247
31.213 4.20433
31.2872 4.20618
31.3615 4.20802
31.4358 4.20986
31.5102 4.21169
31.5846 4.21352
31.6591 4.21534
31.7335 4.21716
31.808 4.21897
31.8826 4.22078
31.9572 4.22258
32.0318 4.22437
32.1064 4.22617
32.1811 4.22795
32.2558 4.22973
32.3306 4.23151
32.4054 4.23328
32.4802 4.23505
32.555 4.23681
32.6299 4.23857
32.7049 4.24032
32.7798 4.24207
32.8548 4.24381
32.9298 4.24555
33.0049 4.24728
33.08 4.24901
33.1551 4.25073
33.2303 4.25245
33.3055 4.25416
33.3807 4.25587
33.456 4.25758
33.5313 4.25928
33.6066 4.26097
33.682 4.26266
33.7574 4.26435
33.8328 4.26603
33.9083 4.26771
33.9838 4.26938
34.0593 4.27105
34.1348 4.27271
34.2104 4.27437
34.2861 4.27603
34.3617 4.27768
34.4374 4.27932
34.5131 4.28097
34.5889 4.2826
34.6647 4.28424
34.7405 4.28587
34.8163 4.28749
34.8922 4.28911
34.9681 4.29073
35.0441 4.29234
35.1201 4.29395
35.1961 4.29555
35.2721 4.29715
35.3482 4.29874
35.4243 4.30033
35.5004 4.30192
35.5766 4.3035
35.6528 4.30508
35.729 4.30666
35.8053 4.30823
35.8815 4.30979
35.9579 4.31136
36.0342 4.31291
36.1106 4.31447
36.187 4.31602
36.2634 4.31756
36.3399 4.31911
36.4164 4.32065
36.4929 4.32218
36.5695 4.32371
36.6461 4.32524
36.7227 4.32676
36.7994 4.32828
36.8761 4.3298
36.9528 4.33131
37.0295 4.33282
37.1063 4.33432
37.1831 4.33582
37.2599 4.33732
37.3368 4.33881
37.4137 4.3403
37.4906 4.34179
37.5675 4.34327
37.6445 4.34475
37.7215 4.34623
37.7985 4.3477
37.8756 4.34916
37.9527 4.35063
38.0298 4.35209
38.1069 4.35355
38.1841 4.355
38.2613 4.35645
38.3386 4.3579
38.4158 4.35934
38.4931 4.36078
38.5704 4.36222
38.6478 4.36365
38.7252 4.36508
38.8026 4.3665
38.88 4.36792
38.9575 4.36934
39.0349 4.37076
39.1125 4.37217
39.19 4.37358
39.2676 4.37499
39.3452 4.37639
39.4228 4.37779
39.5004 4.37918
39.5781 4.38057
39.6558 4.38196
39.7336 4.38335
39.8113 4.38473
39.8891 4.38611
39.9669 4.38749
40.0448 4.38886
40.1227 4.39023
40.2006 4.3916
40.2785 4.39296
40.3564 4.39432
40.4344 4.39568
40.5124 4.39703
40.5905 4.39838
40.6685 4.39973
40.7466 4.40107
40.8247 4.40241
40.9029 4.40375
40.981 4.40509
41.0592 4.40642
41.1374 4.40775
41.2157 4.40908
41.2939 4.4104
41.3722 4.41172
41.4506 4.41304
41.5289 4.41435
41.6073 4.41566
41.6857 4.41697
41.7641 4.41828
41.8426 4.41958
41.921 4.42088
41.9995 4.42217
42.0781 4.42347
42.1566 4.42476
42.2352 4.42605
42.3138 4.42733
42.3924 4.42861
42.4711 4.42989
42.5498 4.43117
42.6285 4.43244
42.7072 4.43372
42.7859 4.43498
42.8647 4.43625
42.9435 4.43751
43.0224 4.43877
43.1012 4.44003
43.1801 4.44128
43.259 4.44254
43.3379 4.44378
43.4169 4.44503
43.4959 4.44627
43.5749 4.44752
43.6539 4.44875
43.7329 4.44999
43.812 4.45122
43.8911 4.45245
43.9702 4.45368
44.0494 4.45491
44.1286 4.45613
44.2078 4.45735
44.287 4.45857
44.3662 4.45978
44.4455 4.46099
44.5248 4.4622
44.6041 4.46341
44.6835 4.46461
44.7628 4.46581
44.8422 4.46701
44.9216 4.46821
45.0011 4.4694
45.0805 4.4706
45.16 4.47179
45.2395 4.47297
45.319 4.47416
45.3986 4.47534
45.4782 4.47652
45.5578 4.47769
45.6374 4.47887
45.717 4.48004
45.7967 4.48121
45.8764 4.48238
45.9561 4.48354
46.0359 4.4847
46.1156 4.48587
46.1954 4.48702
46.2752 4.48818
46.355 4.48933
46.4349 4.49048
46.5148 4.49163
46.5947 4.49278
46.6746 4.49392
46.7545 4.49506
46.8345 4.4962
46.9145 4.49734
46.9945 4.49847
47.0745 4.4996
47.1546 4.50073
47.2347 4.50186
47.3148 4.50298
47.3949 4.50411
47.475 4.50523
47.5552 4.50635
47.6354 4.50746
47.7156 4.50858
47.7958 4.50969
47.8761 4.5108
47.9564 4.5119
48.0367 4.51301
48.117 4.51411
48.1973 4.51521
48.2777 4.51631
48.3581 4.51741
48.4385 4.5185
48.5189 4.51959
48.5994 4.52068
48.6798 4.52177
48.7603 4.52286
48.8409 4.52394
48.9214 4.52502
49.002 4.5261
49.0825 4.52718
49.1631 4.52825
49.2438 4.52933
49.3244 4.5304
49.4051 4.53147
49.4858 4.53253
49.5665 4.5336
49.6472 4.53466
49.7279 4.53572
49.8087 4.53678
49.8895 4.53784
49.9703 4.53889
50.0512 4.53994
50.132 4.54099
50.2129 4.54204
50.2938 4.54309
50.3747 4.54413
50.4556 4.54518
50.5366 4.54622
50.6176 4.54726
50.6986 4.54829
50.7796 4.54933
50.8606 4.55036
50.9417 4.55139
51.0228 4.55242
51.1039 4.55345
51.185 4.55447
51.2661 4.5555
51.3473 4.55652
51.4285 4.55754
51.5097 4.55855
51.5909 4.55957
51.6721 4.56058
51.7534 4.5616
51.8347 4.56261
51.916 4.56361
51.9973 4.56462
52.0787 4.56562
52.16 4.56663
52.2414 4.56763
52.3228 4.56863
52.4042 4.56962
52.4857 4.57062
52.5671 4.57161
52.6486 4.5726
52.7301 4.57359
52.8116 4.57458
52.8932 4.57557
52.9747 4.57655
53.0563 4.57753
53.1379 4.57851
53.2195 4.57949
53.3012 4.58047
53.3828 4.58144
53.4645 4.58242
53.5462 4.58339
53.6279 4.58436
53.7097 4.58533
53.7914 4.5863
53.8732 4.58726
53.955 4.58822
54.0368 4.58919
54.1186 4.59015
54.2005 4.5911
54.2823 4.59206
54.3642 4.59301
54.4461 4.59397
54.528 4.59492
54.61 4.59587
54.6919 4.59682
54.7739 4.59776
54.8559 4.59871
54.9379 4.59965
55.02 4.60059
55.102 4.60153
55.1841 4.60247
55.2662 4.60341
55.3483 4.60434
55.4305 4.60527
55.5126 4.60621
55.5948 4.60714
55.677 4.60806
55.7592 4.60899
55.8414 4.60992
55.9236 4.61084
56.0059 4.61176
56.0882 4.61268
56.1705 4.6136
56.2528 4.61452
56.3351 4.61543
56.4175 4.61635
56.4998 4.61726
56.5822 4.61817
56.6646 4.61908
56.747 4.61999
56.8295 4.62089
56.9119 4.6218
56.9944 4.6227
57.0769 4.6236
57.1594 4.6245
57.2419 4.6254
57.3245 4.6263
57.4071 4.62719
57.4896 4.62809
57.5723 4.62898
57.6549 4.62987
57.7375 4.63076
57.8202 4.63165
57.9028 4.63253
57.9855 4.63342
58.0682 4.6343
58.151 4.63518
58.2337 4.63607
58.3165 4.63694
58.3992 4.63782
58.482 4.6387
58.5648 4.63957
58.6477 4.64045
58.7305 4.64132
58.8134 4.64219
58.8963 4.64306
58.9792 4.64392
59.0621 4.64479
59.145 4.64565
59.228 4.64652
59.3109 4.64738
59.3939 4.64824
59.4769 4.6491
59.5599 4.64995
59.643 4.65081
59.726 4.65167
59.8091 4.65252
59.8922 4.65337
59.9753 4.65422
60.0584 4.65507
60.1415 4.65592
60.2247 4.65677
60.3079 4.65761
60.391 4.65845
60.4743 4.6593
60.5575 4.66014
60.6407 4.66098
60.724 4.66182
60.8072 4.66265
60.8905 4.66349
60.9738 4.66432
61.0572 4.66516
61.1405 4.66599
61.2238 4.66682
61.3072 4.66765
61.3906 4.66847
61.474 4.6693
61.5574 4.67013
61.6409 4.67095
61.7243 4.67177
61.8078 4.67259
61.8913 4.67341
61.9748 4.67423
62.0583 4.67505
62.1418 4.67587
62.2254 4.67668
62.3089 4.67749
62.3925 4.67831
62.4761 4.67912
62.5597 4.67993
62.6434 4.68073
62.727 4.68154
62.8107 4.68235
62.8944 4.68315
62.9781 4.68396
63.0618 4.68476
63.1455 4.68556
63.2292 4.68636
63.313 4.68716
63.3968 4.68795
63.4806 4.68875
63.5644 4.68954
63.6482 4.69034
63.732 4.69113
63.8159 4.69192
63.8998 4.69271
63.9836 4.6935
64.0675 4.69429
64.1515 4.69507
64.2354 4.69586
64.3193 4.69664
64.4033 4.69742
64.4873 4.69821
64.5713 4.69899
64.6553 4.69976
64.7393 4.70054
64.8233 4.70132
64.9074 4.70209
64.9915 4.70287
65.0755 4.70364
65.1596 4.70441
65.2438 4.70518
65.3279 4.70595
65.4121 4.70672
65.4962 4.70749
65.5804 4.70826
65.6646 4.70902
65.7488 4.70979
65.833 4.71055
65.9173 4.71131
66.0015 4.71207
66.0858 4.71283
66.1701 4.71359
66.2544 4.71435
66.3387 4.7151
66.423 4.71586
66.5074 4.71661
66.5917 4.71736
66.6761 4.71811
66.7605 4.71886
66.8449 4.71961
66.9293 4.72036
67.0137 4.72111
67.0982 4.72186
67.1827 4.7226
67.2671 4.72334
67.3516 4.72409
67.4361 4.72483
67.5207 4.72557
67.6052 4.72631
67.6898 4.72705
67.7743 4.72778
67.8589 4.72852
67.9435 4.72926
68.0281 4.72999
68.1128 4.73072
68.1974 4.73146
68.2821 4.73219
68.3667 4.73292
68.4514 4.73365
68.5361 4.73437
68.6208 4.7351
68.7056 4.73583
68.7903 4.73655
68.8751 4.73727
68.9598 4.738
69.0446 4.73872
69.1294 4.73944
69.2142 4.74016
69.2991 4.74088
69.3839 4.74159
69.4688 4.74231
69.5536 4.74303
69.6385 4.74374
69.7234 4.74445
69.8083 4.74517
69.8933 4.74588
69.9782 4.74659
70.0632 4.7473
70.1481 4.74801
70.2331 4.74871
70.3181 4.74942
70.4031 4.75013
70.4882 4.75083
70.5732 4.75153
70.6582 4.75224
70.7433 4.75294
70.8284 4.75364
70.9135 4.75434
70.9986 4.75504
71.0837 4.75573
71.1689 4.75643
71.254 4.75713
71.3392 4.75782
71.4244 4.75851
71.5096 4.75921
71.5948 4.7599
71.68 4.76059
71.7652 4.76128
71.8505 4.76197
71.9358 4.76266
72.021 4.76334
72.1063 4.76403
72.1916 4.76472
72.2769 4.7654
72.3623 4.76608
72.4476 4.76677
72.533 4.76745
72.6183 4.76813
72.7037 4.76881
72.7891 4.76949
72.8745 4.77016
72.96 4.77084
73.0454 4.77152
73.1309 4.77219
73.2163 4.77287
73.3018 4.77354
73.3873 4.77421
73.4728 4.77488
73.5583 4.77555
73.6439 4.77622
73.7294 4.77689
73.815 4.77756
73.9006 4.77822
73.9861 4.77889
74.0717 4.77956
74.1573 4.78022
74.243 4.78088
74.3286 4.78155
74.4143 4.78221
74.4999 4.78287
74.5856 4.78353
74.6713 4.78419
74.757 4.78484
74.8427 4.7855
74.9285 4.78616
75.0142 4.78681
75.1 4.78747
75.1857 4.78812
75.2715 4.78877
75.3573 4.78943
75.4431 4.79008
75.5289 4.79073
75.6148 4.79138
75.7006 4.79203
75.7865 4.79267
75.8724 4.79332
75.9583 4.79397
76.0442 4.79461
76.1301 4.79526
76.216 4.7959
76.3019 4.79654
76.3879 4.79718
76.4738 4.79782
76.5598 4.79846
76.6458 4.7991
76.7318 4.79974
76.8178 4.80038
76.9039 4.80102
76.9899 4.80165
77.076 4.80229
77.162 4.80292
77.2481 4.80355
77.3342 4.80419
77.4203 4.80482
77.5064 4.80545
77.5925 4.80608
77.6787 4.80671
77.7648 4.80734
77.851 4.80797
77.9372 4.80859
78.0234 4.80922
78.1096 4.80984
78.1958 4.81047
78.282 4.81109
78.3683 4.81172
78.4545 4.81234
78.5408 4.81296
78.6271 4.81358
78.7133 4.8142
78.7997 4.81482
78.886 4.81544
78.9723 4.81606
79.0586 4.81667
79.145 4.81729
79.2314 4.8179
79.3177 4.81852
79.4041 4.81913
79.4905 4.81974
79.5769 4.82036
79.6634 4.82097
79.7498 4.82158
79.8363 4.82219
79.9227 4.8228
80.0092 4.8234
80.0957 4.82401
80.1822 4.82462
80.2687 4.82522
80.3552 4.82583
80.4417 4.82643
80.5283 4.82704
80.6148 4.82764
80.7014 4.82824
80.788 4.82884
80.8746 4.82945
80.9612 4.83005
81.0478 4.83064
81.1345 4.83124
81.2211 4.83184
81.3077 4.83244
81.3944 4.83303
81.4811 4.83363
81.5678 4.83422
81.6545 4.83482
81.7412 4.83541
81.8279 4.836
81.9147 4.8366
82.0014 4.83719
82.0882 4.83778
82.1749 4.83837
82.2617 4.83896
82.3485 4.83955
82.4353 4.84013
82.5222 4.84072
82.609 4.84131
82.6958 4.84189
82.7827 4.84248
82.8696 4.84306
82.9564 4.84364
83.0433 4.84423
83.1302 4.84481
83.2171 4.84539
83.3041 4.84597
83.391 4.84655
83.4779 4.84713
83.5649 4.84771
83.6519 4.84828
83.7389 4.84886
83.8258 4.84944
83.9128 4.85001
83.9999 4.85059
84.0869 4.85116
84.1739 4.85174
84.261 4.85231
84.348 4.85288
84.4351 4.85345
84.5222 4.85402
84.6093 4.85459
84.6964 4.85516
84.7835 4.85573
84.8706 4.8563
84.9578 4.85687
85.0449 4.85744
85.1321 4.858
85.2193 4.85857
85.3065 4.85913
85.3937 4.8597
85.4809 4.86026
85.5681 4.86082
85.6553 4.86138
85.7426 4.86195
85.8298 4.86251
85.9171 4.86307
86.0044 4.86363
86.0917 4.86419
86.179 4.86474
86.2663 4.8653
86.3536 4.86586
86.4409 4.86642
86.5283 4.86697
86.6156 4.86753
86.703 4.86808
86.7904 4.86863
86.8777 4.86919
86.9651 4.86974
87.0526 4.87029
87.14 4.87084
87.2274 4.87139
87.3148 4.87194
87.4023 4.87249
87.4898 4.87304
87.5772 4.87359
87.6647 4.87414
87.7522 4.87468
87.8397 4.87523
87.9273 4.87578
88.0148 4.87632
88.1023 4.87686
88.1899 4.87741
88.2774 4.87795
88.365 4.87849
88.4526 4.87903
88.5402 4.87958
88.6278 4.88012
88.7154 4.88066
88.803 4.8812
88.8907 4.88173
88.9783 4.88227
89.066 4.88281
89.1537 4.88335
89.2413 4.88388
89.329 4.88442
89.4167 4.88495
89.5045 4.88549
89.5922 4.88602
89.6799 4.88656
89.7677 4.88709
89.8554 4.88762
89.9432 4.88815
90.031 4.88868
90.1188 4.88921
90.2066 4.88974
90.2944 4.89027
90.3822 4.8908
90.47 4.89133
90.5578 4.89186
90.6457 4.89238
90.7336 4.89291
90.8214 4.89343
90.9093 4.89396
90.9972 4.89448
91.0851 4.89501
91.173 4.89553
91.2609 4.89605
91.3489 4.89657
91.4368 4.8971
91.5248 4.89762
91.6128 4.89814
91.7007 4.89866
91.7887 4.89918
91.8767 4.8997
91.9647 4.90021
92.0527 4.90073
92.1408 4.90125
92.2288 4.90176
92.3169 4.90228
92.4049 4.90279
92.493 4.90331
92.5811 4.90382
92.6692 4.90434
92.7572 4.90485
92.8454 4.90536
92.9335 4.90587
93.0216 4.90639
93.1097 4.9069
93.1979 4.90741
93.2861 4.90792
93.3742 4.90843
93.4624 4.90893
93.5506 4.90944
93.6388 4.90995
93.727 4.91046
93.8152 4.91096
93.9035 4.91147
93.9917 4.91197
94.08 4.91248
94.1682 4.91298
94.2565 4.91349
94.3448 4.91399
94.4331 4.91449
94.5214 4.91499
94.6097 4.91549
94.698 4.916
94.7863 4.9165
94.8747 4.917
94.963 4.9175
95.0514 4.91799
95.1398 4.91849
95.2281 4.91899
95.3165 4.91949
95.4049 4.91998
95.4934 4.92048
95.5818 4.92098
95.6702 4.92147
95.7587 4.92197
95.8471 4.92246
95.9356 4.92295
96.024 4.92345
96.1125 4.92394
96.201 4.92443
96.2895 4.92492
96.378 4.92541
96.4665 4.9259
96.5551 4.92639
96.6436 4.92688
96.7322 4.92737
96.8207 4.92786
96.9093 4.92835
96.9979 4.92883
97.0865 4.92932
97.1751 4.92981
97.2637 4.93029
97.3523 4.93078
97.4409 4.93126
97.5295 4.93175
97.6182 4.93223
97.7068 4.93272
97.7955 4.9332
97.8842 4.93368
97.9729 4.93416
98.0616 4.93464
98.1503 4.93512
98.239 4.9356
98.3277 4.93608
98.4164 4.93656
98.5052 4.93704
98.5939 4.93752
98.6827 4.938
98.7715 4.93847
98.8603 4.93895
98.949 4.93943
99.0378 4.9399
99.1266 4.94038
99.2155 4.94085
99.3043 4.94133
99.3931 4.9418
99.482 4.94228
99.5708 4.94275
99.6597 4.94322
99.7486 4.94369
99.8375 4.94417
99.9264 4.94464
100.015 4.94511
100.104 4.94558
100.193 4.94605
100.282 4.94652
100.371 4.94698
100.46 4.94745
100.549 4.94792
100.638 4.94839
100.727 4.94885
100.816 4.94932
100.905 4.94979
100.994 4.95025
101.083 4.95072
101.172 4.95118
101.261 4.95165
101.35 4.95211
101.439 4.95257
101.528 4.95303
101.617 4.9535
101.706 4.95396
101.795 4.95442
101.884 4.95488
101.974 4.95534
102.063 4.9558
102.152 4.95626
102.241 4.95672
102.33 4.95718
102.419 4.95763
102.508 4.95809
102.598 4.95855
102.687 4.959
102.776 4.95946
102.865 4.95992
102.954 4.96037
103.044 4.96083
103.133 4.96128
103.222 4.96173
103.311 4.96219
103.4 4.96264
103.49 4.96309
103.579 4.96355
103.668 4.964
103.758 4.96445
103.847 4.9649
103.936 4.96535
104.026 4.9658
104.115 4.96625
104.204 4.9667
104.294 4.96714
104.383 4.96759
104.472 4.96804
104.562 4.96849
104.651 4.96894
104.74 4.96938
104.83 4.96983
104.919 4.97027
105.009 4.97072
105.098 4.97116
105.187 4.97161
105.277 4.97205
105.366 4.97249
105.456 4.97294
105.545 4.97338
105.635 4.97382
105.724 4.97426
105.814 4.9747
105.903 4.97514
105.993 4.97558
106.082 4.97602
106.172 4.97646
106.261 4.9769
106.351 4.97734
106.44 4.97778
106.53 4.97822
106.62 4.97865
106.709 4.97909
106.799 4.97953
106.888 4.97996
106.978 4.9804
107.068 4.98083
107.157 4.98127
107.247 4.9817
107.336 4.98214
107.426 4.98257
107.516 4.983
107.605 4.98344
107.695 4.98387
107.785 4.9843
107.875 4.98473
107.964 4.98516
108.054 4.98559
108.144 4.98602
108.233 4.98645
108.323 4.98688
108.413 4.98731
108.503 4.98774
108.592 4.98817
108.682 4.9886
108.772 4.98903
108.862 4.98945
108.952 4.98988
109.041 4.99031
109.131 4.99073
109.221 4.99116
109.311 4.99158
109.401 4.99201
109.49 4.99243
109.58 4.99286
109.67 4.99328
109.76 4.9937
109.85 4.99412
109.94 4.99455
110.03 4.99497
110.12 4.99539
110.21 4.99581
110.3 4.99623
110.389 4.99665
110.479 4.99707
110.569 4.99749
110.659 4.99791
110.749 4.99833
110.839 4.99875
110.929 4.99917
111.019 4.99958
111.109 5
111.199 5.00042
111.289 5.00083
111.379 5.00125
111.469 5.00167
111.559 5.00208
111.649 5.0025
111.739 5.00291
111.83 5.00332
111.92 5.00374
112.01 5.00415
112.1 5.00456
112.19 5.00498
112.28 5.00539
112.37 5.0058
112.46 5.00621
112.55 5.00662
112.64 5.00703
112.731 5.00745
112.821 5.00786
112.911 5.00827
113.001 5.00867
113.091 5.00908
113.182 5.00949
113.272 5.0099
113.362 5.01031
113.452 5.01071
113.542 5.01112
113.633 5.01153
113.723 5.01193
113.813 5.01234
113.903 5.01275
113.994 5.01315
114.084 5.01356
114.174 5.01396
114.264 5.01436
114.355 5.01477
114.445 5.01517
114.535 5.01557
114.626 5.01598
114.716 5.01638
114.806 5.01678
114.897 5.01718
114.987 5.01758
115.077 5.01799
115.168 5.01839
115.258 5.01879
115.349 5.01919
115.439 5.01959
115.529 5.01998
115.62 5.02038
115.71 5.02078
115.801 5.02118
115.891 5.02158
115.981 5.02197
116.072 5.02237
116.162 5.02277
116.253 5.02316
116.343 5.02356
116.434 5.02395
116.524 5.02435
116.615 5.02474
116.705 5.02514
116.796 5.02553
116.886 5.02593
116.977 5.02632
117.067 5.02671
117.158 5.02711
117.248 5.0275
117.339 5.02789
117.43 5.02828
117.52 5.02867
117.611 5.02907
117.701 5.02946
117.792 5.02985
117.882 5.03024
117.973 5.03063
118.064 5.03101
118.154 5.0314
118.245 5.03179
118.336 5.03218
118.426 5.03257
118.517 5.03296
118.608 5.03334
118.698 5.03373
118.789 5.03412
118.88 5.0345
118.97 5.03489
119.061 5.03527
119.152 5.03566
119.242 5.03605
119.333 5.03643
119.424 5.03681
119.515 5.0372
119.605 5.03758
119.696 5.03796
119.787 5.03835
119.878 5.03873
119.969 5.03911
120.059 5.03949
120.15 5.03988
120.241 5.04026
120.332 5.04064
120.423 5.04102
120.513 5.0414
120.604 5.04178
120.695 5.04216
120.786 5.04254
120.877 5.04292
120.968 5.0433
121.059 5.04367
121.149 5.04405
121.24 5.04443
121.331 5.04481
121.422 5.04519
121.513 5.04556
121.604 5.04594
121.695 5.04631
121.786 5.04669
121.877 5.04707
121.968 5.04744
122.059 5.04782
122.15 5.04819
122.241 5.04856
122.332 5.04894
122.423 5.04931
122.514 5.04968
122.605 5.05006
122.696 5.05043
122.787 5.0508
122.878 5.05117
122.969 5.05155
123.06 5.05192
123.151 5.05229
123.242 5.05266
123.333 5.05303
123.424 5.0534
123.515 5.05377
123.606 5.05414
123.697 5.05451
123.788 5.05488
123.879 5.05525
123.97 5.05561
124.062 5.05598
124.153 5.05635
124.244 5.05672
124.335 5.05708
124.426 5.05745
124.517 5.05782
124.608 5.05818
124.7 5.05855
124.791 5.05892
124.882 5.05928
124.973 5.05965
125.064 5.06001
125.156 5.06037
125.247 5.06074
125.338 5.0611
125.429 5.06147
125.52 5.06183
125.612 5.06219
125.703 5.06255
125.794 5.06292
125.885 5.06328
125.977 5.06364
126.068 5.064
126.159 5.06436
126.251 5.06472
126.342 5.06508
126.433 5.06544
126.525 5.0658
126.616 5.06616
126.707 5.06652
126.799 5.06688
126.89 5.06724
126.981 5.0676
127.073 5.06796
127.164 5.06831
127.255 5.06867
127.347 5.06903
127.438 5.06939
127.529 5.06974
127.621 5.0701
127.712 5.07046
127.804 5.07081
127.895 5.07117
127.987 5.07152
128.078 5.07188
128.169 5.07223
128.261 5.07259
128.352 5.07294
128.444 5.07329
128.535 5.07365
128.627 5.074
128.718 5.07435
128.81 5.07471
128.901 5.07506
128.993 5.07541
129.084 5.07576
129.176 5.07611
129.267 5.07646
129.359 5.07682
129.45 5.07717
129.542 5.07752
129.633 5.07787
129.725 5.07822
129.817 5.07857
129.908 5.07891
130 5.07926
130.091 5.07961
130.183 5.07996
130.275 5.08031
130.366 5.08066
130.458 5.081
130.549 5.08135
130.641 5.0817
130.733 5.08205
130.824 5.08239
130.916 5.08274
131.008 5.08308
131.099 5.08343
131.191 5.08377
131.283 5.08412
131.374 5.08446
131.466 5.08481
131.558 5.08515
131.649 5.0855
131.741 5.08584
131.833 5.08618
131.925 5.08653
132.016 5.08687
132.108 5.08721
132.2 5.08756
132.292 5.0879
132.383 5.08824
132.475 5.08858
132.567 5.08892
132.659 5.08926
132.751 5.0896
132.842 5.08994
132.934 5.09029
133.026 5.09063
133.118 5.09096
133.21 5.0913
133.301 5.09164
133.393 5.09198
133.485 5.09232
133.577 5.09266
133.669 5.093
133.761 5.09334
133.853 5.09367
133.944 5.09401
134.036 5.09435
134.128 5.09468
134.22 5.09502
134.312 5.09536
134.404 5.09569
134.496 5.09603
134.588 5.09636
134.68 5.0967
134.772 5.09703
134.864 5.09737
134.956 5.0977
135.047 5.09804
135.139 5.09837
135.231 5.09871
135.323 5.09904
135.415 5.09937
135.507 5.09971
135.599 5.10004
135.691 5.10037
135.783 5.1007
135.875 5.10103
135.967 5.10137
136.059 5.1017
136.152 5.10203
136.244 5.10236
136.336 5.10269
136.428 5.10302
136.52 5.10335
136.612 5.10368
136.704 5.10401
136.796 5.10434
136.888 5.10467
136.98 5.105
137.072 5.10533
137.164 5.10565
137.257 5.10598
137.349 5.10631
137.441 5.10664
137.533 5.10697
137.625 5.10729
137.717 5.10762
137.809 5.10795
137.902 5.10827
137.994 5.1086
138.086 5.10892
138.178 5.10925
138.27 5.10958
138.362 5.1099
138.455 5.11023
138.547 5.11055
138.639 5.11087
138.731 5.1112
138.824 5.11152
138.916 5.11185
139.008 5.11217
139.1 5.11249
139.193 5.11282
139.285 5.11314
139.377 5.11346
139.469 5.11378
139.562 5.11411
139.654 5.11443
139.746 5.11475
139.838 5.11507
139.931 5.11539
140.023 5.11571
140.115 5.11603
140.208 5.11635
140.3 5.11667
140.392 5.11699
140.485 5.11731
140.577 5.11763
140.669 5.11795
140.762 5.11827
140.854 5.11859
140.947 5.11891
141.039 5.11922
141.131 5.11954
141.224 5.11986
141.316 5.12018
141.409 5.12049
141.501 5.12081
141.593 5.12113
141.686 5.12145
141.778 5.12176
141.871 5.12208
141.963 5.12239
142.056 5.12271
142.148 5.12302
142.241 5.12334
142.333 5.12365
142.425 5.12397
142.518 5.12428
142.61 5.1246
142.703 5.12491
142.795 5.12522
142.888 5.12554
142.98 5.12585
143.073 5.12616
143.166 5.12648
143.258 5.12679
143.351 5.1271
143.443 5.12741
143.536 5.12773
143.628 5.12804
143.721 5.12835
143.813 5.12866
143.906 5.12897
143.999 5.12928
144.091 5.12959
144.184 5.1299
144.276 5.13021
144.369 5.13052
144.462 5.13083
144.554 5.13114
144.647 5.13145
144.739 5.13176
144.832 5.13207
144.925 5.13238
145.017 5.13269
145.11 5.13299
145.203 5.1333
145.295 5.13361
145.388 5.13392
145.481 5.13422
145.573 5.13453
145.666 5.13484
145.759 5.13515
145.852 5.13545
145.944 5.13576
146.037 5.13606
146.13 5.13637
146.222 5.13667
146.315 5.13698
146.408 5.13728
146.501 5.13759
146.593 5.13789
146.686 5.1382
146.779 5.1385
146.872 5.13881
146.964 5.13911
147.057 5.13941
147.15 5.13972
147.243 5.14002
147.336 5.14032
147.428 5.14063
147.521 5.14093
147.614 5.14123
