0 0
0.206012 0.634037
0.832145 1.2689
1.87631 1.90542
3.33687 2.54435
5.21254 3.18642
7.50238 3.8322
10.2056 4.48213
13.3215 5.13643
16.8495 5.79499
20.7883 6.45736
25.1368 7.1226
29.8929 7.78922
35.0539 8.45513
40.6158 9.11758
46.5737 9.77328
52.9215 10.4185
59.6514 11.0493
66.7544 11.6618
74.2201 12.2526
82.0366 12.8188
90.1911 13.3585
98.6697 13.8704
107.458 14.3542
116.541 14.8102
125.904 15.2392
135.533 15.6424
145.413 16.0213
155.53 16.3773
165.872 16.7122
176.426 17.0273
187.18 17.3244
198.125 17.6047
209.25 17.8697
220.545 18.1204
232.003 18.3581
243.614 18.5838
255.372 18.7984
267.27 19.0027
279.3 19.1975
291.459 19.3836
303.738 19.5614
316.135 19.7318
328.643 19.895
341.258 20.0517
353.977 20.2023
366.794 20.3472
379.707 20.4866
392.712 20.621
405.805 20.7507
418.984 20.876
432.246 20.997
445.588 21.1141
459.007 21.2275
472.501 21.3374
486.068 21.4439
499.705 21.5472
513.411 21.6475
527.183 21.745
541.02 21.8398
554.92 21.932
568.88 22.0217
582.901 22.1091
596.979 22.1943
611.114 22.2773
625.303 22.3583
639.547 22.4374
653.843 22.5145
668.19 22.5899
682.588 22.6635
697.034 22.7355
711.528 22.806
726.069 22.8749
740.656 22.9423
755.287 23.0083
769.962 23.073
784.681 23.1364
799.441 23.1985
814.243 23.2594
829.085 23.3191
843.967 23.3777
858.888 23.4352
873.847 23.4916
888.844 23.547
903.878 23.6014
918.947 23.6549
934.053 23.7074
949.193 23.7591
964.368 23.8098
979.576 23.8598
994.818 23.9089
1010.09 23.9572
1025.4 24.0047
1040.74 24.0515
1056.11 24.0976
1071.51 24.1429
1086.94 24.1876
1102.4 24.2316
1117.89 24.275
1133.4 24.3177
1148.95 24.3598
1164.52 24.4013
1180.13 24.4422
1195.76 24.4825
1211.41 24.5223
1227.09 24.5616
1242.8 24.6003
1258.54 24.6385
1274.3 24.6762
1290.08 24.7134
1305.89 24.7501
1321.73 24.7864
1337.59 24.8222
1353.47 24.8576
1369.37 24.8925
1385.3 24.927
1401.26 24.9611
1417.23 24.9947
1433.23 25.028
1449.25 25.0609
1465.29 25.0934
1481.35 25.1255
1497.44 25.1573
1513.54 25.1887
1529.67 25.2197
1545.82 25.2505
1561.98 25.2808
1578.17 25.3109
1594.38 25.3406
1610.61 25.37
1626.85 25.3991
1643.12 25.4279
1659.41 25.4564
1675.71 25.4845
1692.04 25.5125
1708.38 25.5401
1724.74 25.5674
1741.12 25.5945
1757.51 25.6213
1773.93 25.6478
1790.36 25.6741
1806.81 25.7002
1823.28 25.726
1839.76 25.7515
1856.26 25.7768
1872.78 25.8019
1889.32 25.8267
1905.87 25.8513
1922.44 25.8757
1939.02 25.8999
1955.62 25.9238
1972.24 25.9475
1988.87 25.9711
2005.52 25.9944
2022.18 26.0175
2038.86 26.0404
2055.55 26.0631
2072.26 26.0857
2088.99 26.108
2105.73 26.1302
2122.48 26.1521
2139.25 26.1739
2156.03 26.1955
2172.83 26.2169
2189.64 26.2382
2206.47 26.2593
2223.31 26.2802
2240.16 26.301
2257.03 26.3215
2273.91 26.342
2290.8 26.3622
2307.71 26.3824
2324.63 26.4023
2341.57 26.4221
2358.52 26.4418
2375.48 26.4613
2392.45 26.4807
2409.44 26.4999
2426.44 26.519
2443.45 26.5379
2460.48 26.5567
2477.52 26.5754
2494.57 26.5939
2511.63 26.6123
2528.71 26.6306
2545.79 26.6487
2562.89 26.6667
2580 26.6846
2597.13 26.7024
2614.26 26.72
2631.41 26.7375
2648.57 26.7549
2665.74 26.7722
2682.92 26.7894
2700.11 26.8064
2717.32 26.8234
2734.53 26.8402
2751.76 26.8569
2769 26.8735
2786.25 26.89
2803.51 26.9064
2820.78 26.9227
2838.06 26.9389
2855.35 26.955
2872.66 26.971
2889.97 26.9868
2907.3 27.0026
2924.63 27.0183
2941.98 27.0339
2959.33 27.0494
2976.7 27.0648
2994.08 27.0801
3011.46 27.0953
3028.86 27.1104
3046.27 27.1254
3063.69 27.1404
3081.11 27.1552
3098.55 27.17
3116 27.1846
3133.45 27.1992
3150.92 27.2137
3168.39 27.2281
3185.88 27.2425
3203.38 27.2567
3220.88 27.2709
3238.39 27.285
3255.92 27.299
3273.45 27.313
3290.99 27.3268
3308.54 27.3406
3326.1 27.3543
3343.67 27.3679
3361.25 27.3815
3378.84 27.395
3396.44 27.4084
3414.04 27.4217
3431.66 27.435
3449.28 27.4482
3466.91 27.4613
3484.55 27.4743
3502.2 27.4873
3519.86 27.5002
3537.53 27.5131
3555.2 27.5259
3572.89 27.5386
3590.58 27.5512
3608.28 27.5638
3625.99 27.5763
3643.71 27.5888
3661.44 27.6012
3679.17 27.6135
3696.91 27.6258
3714.66 27.638
3732.42 27.6501
3750.19 27.6622
3767.96 27.6742
3785.75 27.6862
3803.54 27.6981
3821.34 27.71
3839.14 27.7218
3856.96 27.7335
3874.78 27.7452
3892.61 27.7568
3910.45 27.7684
3928.29 27.7799
3946.15 27.7914
3964.01 27.8028
3981.88 27.8141
3999.75 27.8254
4017.64 27.8367
4035.53 27.8479
4053.43 27.859
4071.33 27.8701
4089.25 27.8811
4107.17 27.8921
4125.1 27.9031
4143.03 27.914
4160.97 27.9248
4178.92 27.9356
4196.88 27.9463
4214.85 27.957
4232.82 27.9677
4250.8 27.9783
4268.78 27.9889
4286.77 27.9994
4304.77 28.0098
4322.78 28.0202
4340.79 28.0306
4358.81 28.041
4376.84 28.0512
4394.88 28.0615
4412.92 28.0717
4430.96 28.0818
4449.02 28.0919
4467.08 28.102
4485.15 28.112
4503.22 28.122
4521.31 28.132
4539.39 28.1419
4557.49 28.1517
4575.59 28.1615
4593.7 28.1713
4611.81 28.1811
4629.93 28.1908
4648.06 28.2004
4666.19 28.21
4684.33 28.2196
4702.48 28.2292
4720.63 28.2387
4738.79 28.2481
4756.96 28.2576
4775.13 28.2669
4793.31 28.2763
4811.49 28.2856
4829.68 28.2949
4847.88 28.3041
4866.08 28.3134
4884.29 28.3225
4902.5 28.3317
4920.73 28.3408
4938.95 28.3498
4957.19 28.3589
4975.43 28.3679
4993.67 28.3768
5011.92 28.3858
5030.18 28.3946
5048.44 28.4035
5066.71 28.4123
5084.99 28.4211
5103.27 28.4299
5121.55 28.4386
5139.85 28.4473
5158.15 28.456
5176.45 28.4646
5194.76 28.4732
5213.07 28.4818
5231.4 28.4903
5249.72 28.4988
5268.06 28.5073
5286.39 28.5158
5304.74 28.5242
5323.09 28.5326
5341.44 28.5409
5359.8 28.5492
5378.17 28.5575
5396.54 28.5658
5414.92 28.574
5433.3 28.5823
5451.69 28.5904
5470.08 28.5986
5488.48 28.6067
5506.89 28.6148
5525.3 28.6229
5543.71 28.6309
5562.13 28.6389
5580.56 28.6469
5598.99 28.6549
5617.43 28.6628
5635.87 28.6707
5654.31 28.6786
5672.77 28.6864
5691.23 28.6942
5709.69 28.702
5728.16 28.7098
5746.63 28.7175
5765.11 28.7253
5783.59 28.7329
5802.08 28.7406
5820.57 28.7483
5839.07 28.7559
5857.58 28.7635
5876.09 28.771
5894.6 28.7786
5913.12 28.7861
5931.64 28.7936
5950.17 28.801
5968.71 28.8085
5987.25 28.8159
6005.79 28.8233
6024.34 28.8307
6042.89 28.838
6061.45 28.8453
6080.01 28.8526
6098.58 28.8599
6117.16 28.8672
6135.73 28.8744
6154.32 28.8816
6172.9 28.8888
6191.5 28.896
6210.09 28.9031
6228.7 28.9102
6247.3 28.9173
6265.92 28.9244
6284.53 28.9315
6303.15 28.9385
6321.78 28.9455
6340.41 28.9525
6359.04 28.9595
6377.68 28.9664
6396.33 28.9733
6414.98 28.9802
6433.63 28.9871
6452.29 28.994
6470.95 29.0008
6489.62 29.0076
6508.29 29.0144
6526.97 29.0212
6545.65 29.028
6564.33 29.0347
6583.02 29.0415
6601.72 29.0482
6620.42 29.0548
6639.12 29.0615
6657.83 29.0681
6676.54 29.0748
6695.25 29.0814
6713.98 29.088
6732.7 29.0945
6751.43 29.1011
6770.16 29.1076
6788.9 29.1141
6807.65 29.1206
6826.39 29.1271
6845.14 29.1335
6863.9 29.14
6882.66 29.1464
6901.42 29.1528
6920.19 29.1592
6938.96 29.1655
6957.74 29.1719
6976.52 29.1782
6995.31 29.1845
7014.1 29.1908
7032.89 29.1971
7051.69 29.2033
7070.49 29.2096
7089.3 29.2158
7108.11 29.222
7126.92 29.2282
7145.74 29.2344
7164.57 29.2405
7183.39 29.2467
7202.22 29.2528
7221.06 29.2589
7239.9 29.265
7258.74 29.271
7277.59 29.2771
7296.44 29.2831
7315.3 29.2892
7334.16 29.2952
7353.02 29.3012
7371.89 29.3071
7390.76 29.3131
7409.63 29.319
7428.51 29.325
7447.4 29.3309
7466.28 29.3368
7485.17 29.3427
7504.07 29.3485
7522.97 29.3544
7541.87 29.3602
7560.78 29.366
7579.69 29.3718
7598.6 29.3776
7617.52 29.3834
7636.44 29.3892
7655.37 29.3949
7674.3 29.4006
7693.23 29.4064
7712.17 29.4121
7731.11 29.4177
7750.06 29.4234
7769.01 29.4291
7787.96 29.4347
7806.92 29.4403
7825.88 29.446
7844.84 29.4516
7863.81 29.4571
7882.78 29.4627
7901.76 29.4683
7920.73 29.4738
7939.72 29.4794
7958.7 29.4849
7977.69 29.4904
7996.69 29.4959
8015.68 29.5014
8034.68 29.5068
8053.69 29.5123
8072.7 29.5177
8091.71 29.5231
8110.72 29.5285
8129.74 29.5339
8148.77 29.5393
8167.79 29.5447
8186.82 29.5501
8205.86 29.5554
8224.89 29.5607
8243.93 29.566
8262.98 29.5714
8282.02 29.5767
8301.08 29.5819
8320.13 29.5872
8339.19 29.5925
8358.25 29.5977
8377.32 29.6029
8396.38 29.6082
8415.46 29.6134
8434.53 29.6186
8453.61 29.6237
8472.69 29.6289
8491.78 29.6341
8510.87 29.6392
8529.96 29.6444
8549.06 29.6495
8568.16 29.6546
8587.26 29.6597
8606.37 29.6648
8625.48 29.6698
8644.59 29.6749
8663.71 29.68
8682.83 29.685
8701.95 29.69
8721.08 29.6951
8740.21 29.7001
8759.34 29.7051
8778.48 29.71
8797.62 29.715
8816.76 29.72
8835.91 29.7249
8855.06 29.7299
8874.21 29.7348
8893.37 29.7397
8912.53 29.7446
8931.69 29.7495
8950.86 29.7544
8970.03 29.7593
8989.2 29.7641
9008.38 29.769
9027.55 29.7738
9046.74 29.7786
9065.92 29.7835
9085.11 29.7883
9104.3 29.7931
9123.5 29.7979
9142.7 29.8026
9161.9 29.8074
9181.11 29.8122
9200.31 29.8169
9219.52 29.8216
9238.74 29.8264
9257.96 29.8311
9277.18 29.8358
9296.4 29.8405
9315.63 29.8452
9334.86 29.8499
9354.09 29.8545
9373.33 29.8592
9392.57 29.8638
9411.81 29.8685
9431.06 29.8731
9450.3 29.8777
9469.56 29.8823
9488.81 29.8869
9508.07 29.8915
9527.33 29.8961
9546.59 29.9006
9565.86 29.9052
9585.13 29.9097
9604.41 29.9143
9623.68 29.9188
9642.96 29.9233
9662.24 29.9278
9681.53 29.9323
9700.82 29.9368
9720.11 29.9413
9739.4 29.9458
9758.7 29.9503
9778 29.9547
9797.3 29.9592
9816.61 29.9636
9835.92 29.968
9855.23 29.9725
9874.54 29.9769
9893.86 29.9813
9913.18 29.9857
9932.51 29.99
9951.83 29.9944
9971.17 29.9988
9990.5 30.0031
10009.8 30.0075
10029.2 30.0118
10048.5 30.0162
10067.9 30.0205
10087.2 30.0248
10106.6 30.0291
10125.9 30.0334
10145.3 30.0377
10164.6 30.042
10184 30.0462
10203.3 30.0505
10222.7 30.0548
10242.1 30.059
10261.5 30.0632
10280.8 30.0675
10300.2 30.0717
10319.6 30.0759
10339 30.0801
10358.4 30.0843
10377.7 30.0885
10397.1 30.0927
10416.5 30.0969
10435.9 30.101
10455.3 30.1052
10474.7 30.1093
10494.1 30.1135
10513.6 30.1176
10533 30.1217
10552.4 30.1258
10571.8 30.13
10591.2 30.1341
10610.6 30.1381
10630.1 30.1422
10649.5 30.1463
10668.9 30.1504
10688.4 30.1544
10707.8 30.1585
10727.2 30.1625
10746.7 30.1666
10766.1 30.1706
10785.6 30.1746
10805 30.1787
10824.5 30.1827
10843.9 30.1867
10863.4 30.1907
10882.8 30.1947
10902.3 30.1986
10921.8 30.2026
10941.2 30.2066
10960.7 30.2105
10980.2 30.2145
10999.7 30.2184
11019.1 30.2224
11038.6 30.2263
11058.1 30.2302
11077.6 30.2341
11097.1 30.238
11116.6 30.2419
11136.1 30.2458
11155.6 30.2497
11175.1 30.2536
11194.6 30.2575
11214.1 30.2613
11233.6 30.2652
11253.1 30.269
11272.6 30.2729
11292.1 30.2767
11311.6 30.2806
11331.2 30.2844
11350.7 30.2882
11370.2 30.292
11389.7 30.2958
11409.3 30.2996
11428.8 30.3034
11448.3 30.3072
11467.9 30.311
11487.4 30.3147
11507 30.3185
11526.5 30.3223
11546 30.326
11565.6 30.3297
11585.2 30.3335
11604.7 30.3372
11624.3 30.3409
11643.8 30.3447
11663.4 30.3484
11683 30.3521
11702.5 30.3558
11722.1 30.3595
11741.7 30.3631
11761.2 30.3668
11780.8 30.3705
11800.4 30.3742
11820 30.3778
11839.6 30.3815
11859.2 30.3851
11878.7 30.3888
11898.3 30.3924
11917.9 30.396
11937.5 30.3997
11957.1 30.4033
11976.7 30.4069
11996.3 30.4105
12015.9 30.4141
12035.6 30.4177
12055.2 30.4213
12074.8 30.4248
12094.4 30.4284
12114 30.432
12133.6 30.4356
12153.3 30.4391
12172.9 30.4427
12192.5 30.4462
12212.1 30.4497
12231.8 30.4533
12251.4 30.4568
12271.1 30.4603
12290.7 30.4638
12310.3 30.4673
12330 30.4708
12349.6 30.4743
12369.3 30.4778
12388.9 30.4813
12408.6 30.4848
12428.2 30.4883
12447.9 30.4918
12467.6 30.4952
12487.2 30.4987
12506.9 30.5021
12526.6 30.5056
12546.2 30.509
12565.9 30.5124
12585.6 30.5159
12605.3 30.5193
12624.9 30.5227
12644.6 30.5261
12664.3 30.5295
12684 30.5329
12703.7 30.5363
12723.4 30.5397
12743.1 30.5431
12762.8 30.5465
12782.5 30.5499
12802.2 30.5532
12821.9 30.5566
12841.6 30.56
12861.3 30.5633
12881 30.5667
12900.7 30.57
12920.4 30.5733
12940.1 30.5767
12959.8 30.58
12979.5 30.5833
12999.3 30.5866
13019 30.59
13038.7 30.5933
13058.5 30.5966
13078.2 30.5999
13097.9 30.6031
13117.7 30.6064
13137.4 30.6097
13157.1 30.613
13176.9 30.6163
13196.6 30.6195
13216.4 30.6228
13236.1 30.626
13255.9 30.6293
13275.6 30.6325
13295.4 30.6358
13315.1 30.639
13334.9 30.6422
13354.6 30.6455
13374.4 30.6487
13394.2 30.6519
13413.9 30.6551
13433.7 30.6583
13453.5 30.6615
13473.3 30.6647
13493 30.6679
13512.8 30.6711
13532.6 30.6743
13552.4 30.6775
13572.2 30.6806
13592 30.6838
13611.7 30.687
13631.5 30.6901
13651.3 30.6933
13671.1 30.6964
13690.9 30.6996
13710.7 30.7027
13730.5 30.7058
13750.3 30.709
13770.1 30.7121
13789.9 30.7152
13809.7 30.7183
13829.6 30.7214
13849.4 30.7245
13869.2 30.7276
13889 30.7307
13908.8 30.7338
13928.7 30.7369
13948.5 30.74
13968.3 30.7431
13988.1 30.7461
14008 30.7492
14027.8 30.7523
14047.6 30.7553
14067.5 30.7584
14087.3 30.7614
14107.1 30.7645
14127 30.7675
14146.8 30.7706
14166.7 30.7736
14186.5 30.7766
14206.4 30.7797
14226.2 30.7827
14246.1 30.7857
14265.9 30.7887
14285.8 30.7917
14305.7 30.7947
14325.5 30.7977
14345.4 30.8007
14365.3 30.8037
14385.1 30.8067
14405 30.8097
14424.9 30.8127
14444.8 30.8156
14464.6 30.8186
14484.5 30.8216
14504.4 30.8245
14524.3 30.8275
14544.2 30.8304
14564 30.8334
14583.9 30.8363
14603.8 30.8393
14623.7 30.8422
14643.6 30.8451
14663.5 30.8481
14683.4 30.851
14703.3 30.8539
14723.2 30.8568
14743.1 30.8597
14763 30.8626
14782.9 30.8655
14802.8 30.8684
14822.8 30.8713
14842.7 30.8742
14862.6 30.8771
14882.5 30.88
14902.4 30.8829
14922.3 30.8857
14942.3 30.8886
14962.2 30.8915
14982.1 30.8944
15002 30.8972
15022 30.9001
15041.9 30.9029
15061.8 30.9058
15081.8 30.9086
15101.7 30.9114
15121.7 30.9143
15141.6 30.9171
15161.6 30.9199
15181.5 30.9228
15201.4 30.9256
15221.4 30.9284
15241.3 30.9312
15261.3 30.934
15281.3 30.9368
15301.2 30.9396
15321.2 30.9424
15341.1 30.9452
15361.1 30.948
15381.1 30.9508
15401 30.9536
15421 30.9564
15441 30.9591
15460.9 30.9619
15480.9 30.9647
15500.9 30.9674
15520.9 30.9702
15540.9 30.973
15560.8 30.9757
15580.8 30.9785
15600.8 30.9812
15620.8 30.984
15640.8 30.9867
15660.8 30.9894
15680.8 30.9922
15700.8 30.9949
15720.8 30.9976
15740.8 31.0003
15760.8 31.003
15780.8 31.0058
15800.8 31.0085
15820.8 31.0112
15840.8 31.0139
15860.8 31.0166
15880.8 31.0193
15900.8 31.022
15920.8 31.0247
15940.8 31.0273
15960.9 31.03
15980.9 31.0327
16000.9 31.0354
16020.9 31.038
16041 31.0407
16061 31.0434
16081 31.046
16101 31.0487
16121.1 31.0513
16141.1 31.054
16161.1 31.0566
16181.2 31.0593
16201.2 31.0619
16221.3 31.0646
16241.3 31.0672
16261.3 31.0698
16281.4 31.0725
16301.4 31.0751
16321.5 31.0777
16341.5 31.0803
16361.6 31.0829
16381.7 31.0855
16401.7 31.0882
16421.8 31.0908
16441.8 31.0934
16461.9 31.096
16482 31.0985
16502 31.1011
16522.1 31.1037
16542.2 31.1063
16562.2 31.1089
16582.3 31.1115
16602.4 31.114
16622.5 31.1166
16642.5 31.1192
16662.6 31.1217
16682.7 31.1243
16702.8 31.1269
16722.9 31.1294
16742.9 31.132
16763 31.1345
16783.1 31.1371
16803.2 31.1396
16823.3 31.1421
16843.4 31.1447
16863.5 31.1472
16883.6 31.1497
16903.7 31.1523
16923.8 31.1548
16943.9 31.1573
16964 31.1598
16984.1 31.1623
17004.2 31.1649
17024.3 31.1674
17044.4 31.1699
17064.6 31.1724
17084.7 31.1749
17104.8 31.1774
17124.9 31.1799
17145 31.1824
17165.1 31.1848
17185.3 31.1873
17205.4 31.1898
17225.5 31.1923
17245.7 31.1948
17265.8 31.1972
17285.9 31.1997
17306 31.2022
17326.2 31.2046
17346.3 31.2071
17366.5 31.2095
17386.6 31.212
17406.7 31.2145
17426.9 31.2169
17447 31.2193
17467.2 31.2218
17487.3 31.2242
17507.5 31.2267
17527.6 31.2291
17547.8 31.2315
17567.9 31.234
17588.1 31.2364
17608.2 31.2388
17628.4 31.2412
17648.6 31.2436
17668.7 31.2461
17688.9 31.2485
17709.1 31.2509
17729.2 31.2533
17749.4 31.2557
17769.6 31.2581
17789.7 31.2605
17809.9 31.2629
17830.1 31.2653
17850.3 31.2677
17870.4 31.27
17890.6 31.2724
17910.8 31.2748
17931 31.2772
17951.2 31.2796
17971.4 31.2819
17991.5 31.2843
18011.7 31.2867
18031.9 31.289
18052.1 31.2914
18072.3 31.2937
18092.5 31.2961
18112.7 31.2984
18132.9 31.3008
18153.1 31.3031
18173.3 31.3055
18193.5 31.3078
18213.7 31.3102
18233.9 31.3125
18254.1 31.3148
18274.3 31.3172
18294.5 31.3195
18314.8 31.3218
18335 31.3242
18355.2 31.3265
18375.4 31.3288
18395.6 31.3311
18415.8 31.3334
18436.1 31.3357
18456.3 31.338
18476.5 31.3403
18496.7 31.3426
18517 31.3449
18537.2 31.3472
18557.4 31.3495
18577.7 31.3518
18597.9 31.3541
18618.1 31.3564
18638.4 31.3587
18658.6 31.361
18678.9 31.3632
18699.1 31.3655
18719.3 31.3678
18739.6 31.3701
18759.8 31.3723
18780.1 31.3746
18800.3 31.3769
18820.6 31.3791
18840.8 31.3814
18861.1 31.3836
18881.3 31.3859
18901.6 31.3881
18921.9 31.3904
18942.1 31.3926
18962.4 31.3949
18982.6 31.3971
19002.9 31.3994
19023.2 31.4016
19043.4 31.4038
19063.7 31.4061
19084 31.4083
19104.3 31.4105
19124.5 31.4127
19144.8 31.415
19165.1 31.4172
19185.4 31.4194
19205.6 31.4216
19225.9 31.4238
19246.2 31.426
19266.5 31.4282
19286.8 31.4304
19307.1 31.4326
19327.3 31.4348
19347.6 31.437
19367.9 31.4392
19388.2 31.4414
19408.5 31.4436
19428.8 31.4458
19449.1 31.448
19469.4 31.4502
19489.7 31.4524
19510 31.4545
19530.3 31.4567
19550.6 31.4589
19570.9 31.4611
19591.2 31.4632
19611.5 31.4654
19631.8 31.4676
19652.2 31.4697
19672.5 31.4719
19692.8 31.474
19713.1 31.4762
19733.4 31.4783
19753.7 31.4805
19774.1 31.4826
19794.4 31.4848
19814.7 31.4869
19835 31.4891
19855.4 31.4912
19875.7 31.4934
19896 31.4955
19916.3 31.4976
19936.7 31.4997
19957 31.5019
19977.3 31.504
19997.7 31.5061
20018 31.5082
20038.4 31.5104
20058.7 31.5125
20079 31.5146
20099.4 31.5167
20119.7 31.5188
20140.1 31.5209
20160.4 31.523
20180.8 31.5251
20201.1 31.5272
20221.5 31.5293
20241.8 31.5314
20262.2 31.5335
20282.5 31.5356
20302.9 31.5377
20323.2 31.5398
20343.6 31.5419
20364 31.544
20384.3 31.5461
20404.7 31.5481
20425.1 31.5502
20445.4 31.5523
20465.8 31.5544
20486.2 31.5564
20506.5 31.5585
20526.9 31.5606
20547.3 31.5626
20567.7 31.5647
20588 31.5668
20608.4 31.5688
20628.8 31.5709
20649.2 31.5729
20669.6 31.575
20689.9 31.577
20710.3 31.5791
20730.7 31.5811
20751.1 31.5832
20771.5 31.5852
20791.9 31.5872
20812.3 31.5893
20832.7 31.5913
20853.1 31.5933
20873.4 31.5954
20893.8 31.5974
20914.2 31.5994
20934.6 31.6015
20955 31.6035
20975.4 31.6055
20995.9 31.6075
21016.3 31.6095
21036.7 31.6116
21057.1 31.6136
21077.5 31.6156
21097.9 31.6176
21118.3 31.6196
21138.7 31.6216
21159.1 31.6236
21179.5 31.6256
21200 31.6276
21220.4 31.6296
21240.8 31.6316
21261.2 31.6336
21281.6 31.6356
21302.1 31.6376
21322.5 31.6396
21342.9 31.6415
21363.3 31.6435
21383.8 31.6455
21404.2 31.6475
21424.6 31.6495
21445.1 31.6514
21465.5 31.6534
21485.9 31.6554
21506.4 31.6574
21526.8 31.6593
21547.3 31.6613
21567.7 31.6633
21588.1 31.6652
21608.6 31.6672
21629 31.6691
21649.5 31.6711
21669.9 31.6731
21690.4 31.675
21710.8 31.677
21731.3 31.6789
21751.7 31.6809
21772.2 31.6828
21792.6 31.6847
21813.1 31.6867
21833.5 31.6886
21854 31.6906
21874.5 31.6925
21894.9 31.6944
21915.4 31.6964
21935.9 31.6983
21956.3 31.7002
21976.8 31.7022
21997.3 31.7041
22017.7 31.706
22038.2 31.7079
22058.7 31.7098
22079.1 31.7118
22099.6 31.7137
22120.1 31.7156
22140.6 31.7175
22161 31.7194
22181.5 31.7213
22202 31.7232
22222.5 31.7251
22243 31.727
22263.5 31.7289
22283.9 31.7308
22304.4 31.7327
22324.9 31.7346
22345.4 31.7365
22365.9 31.7384
22386.4 31.7403
22406.9 31.7422
22427.4 31.7441
22447.9 31.7459
22468.4 31.7478
22488.9 31.7497
22509.4 31.7516
22529.9 31.7535
22550.4 31.7553
22570.9 31.7572
22591.4 31.7591
22611.9 31.761
22632.4 31.7628
22652.9 31.7647
22673.4 31.7666
22693.9 31.7684
22714.4 31.7703
22734.9 31.7721
22755.5 31.774
22776 31.7759
22796.5 31.7777
22817 31.7796
22837.5 31.7814
22858.1 31.7833
22878.6 31.7851
22899.1 31.787
22919.6 31.7888
22940.2 31.7906
22960.7 31.7925
22981.2 31.7943
23001.7 31.7962
23022.3 31.798
23042.8 31.7998
23063.3 31.8017
23083.9 31.8035
23104.4 31.8053
23124.9 31.8071
23145.5 31.809
23166 31.8108
23186.6 31.8126
23207.1 31.8144
23227.6 31.8163
23248.2 31.8181
23268.7 31.8199
23289.3 31.8217
23309.8 31.8235
23330.4 31.8253
23350.9 31.8271
23371.5 31.8289
23392 31.8307
23412.6 31.8326
23433.1 31.8344
23453.7 31.8362
23474.3 31.838
23494.8 31.8398
23515.4 31.8415
23535.9 31.8433
23556.5 31.8451
23577.1 31.8469
23597.6 31.8487
23618.2 31.8505
23638.8 31.8523
23659.3 31.8541
23679.9 31.8559
23700.5 31.8576
23721 31.8594
23741.6 31.8612
23762.2 31.863
23782.8 31.8647
23803.3 31.8665
23823.9 31.8683
23844.5 31.8701
23865.1 31.8718
23885.7 31.8736
23906.2 31.8754
23926.8 31.8771
23947.4 31.8789
23968 31.8807
23988.6 31.8824
24009.2 31.8842
24029.8 31.8859
24050.3 31.8877
24070.9 31.8894
24091.5 31.8912
24112.1 31.8929
24132.7 31.8947
24153.3 31.8964
24173.9 31.8982
24194.5 31.8999
24215.1 31.9017
24235.7 31.9034
24256.3 31.9051
24276.9 31.9069
24297.5 31.9086
24318.1 31.9103
24338.7 31.9121
24359.3 31.9138
24380 31.9155
24400.6 31.9173
24421.2 31.919
24441.8 31.9207
24462.4 31.9224
24483 31.9242
24503.6 31.9259
24524.3 31.9276
24544.9 31.9293
24565.5 31.931
24586.1 31.9328
24606.7 31.9345
24627.4 31.9362
24648 31.9379
24668.6 31.9396
24689.2 31.9413
24709.9 31.943
24730.5 31.9447
24751.1 31.9464
24771.7 31.9481
24792.4 31.9498
24813 31.9515
24833.6 31.9532
24854.3 31.9549
24874.9 31.9566
24895.6 31.9583
24916.2 31.96
24936.8 31.9617
24957.5 31.9634
24978.1 31.9651
24998.8 31.9668
25019.4 31.9684
25040.1 31.9701
25060.7 31.9718
25081.3 31.9735
25102 31.9752
25122.6 31.9768
25143.3 31.9785
25164 31.9802
25184.6 31.9819
25205.3 31.9835
25225.9 31.9852
25246.6 31.9869
25267.2 31.9885
25287.9 31.9902
25308.5 31.9919
25329.2 31.9935
25349.9 31.9952
25370.5 31.9969
25391.2 31.9985
25411.9 32.0002
25432.5 32.0018
25453.2 32.0035
25473.9 32.0051
25494.5 32.0068
25515.2 32.0084
25535.9 32.0101
25556.6 32.0117
25577.2 32.0134
25597.9 32.015
25618.6 32.0167
25639.3 32.0183
25659.9 32.02
25680.6 32.0216
25701.3 32.0232
25722 32.0249
25742.7 32.0265
25763.4 32.0281
25784 32.0298
25804.7 32.0314
25825.4 32.033
25846.1 32.0347
25866.8 32.0363
25887.5 32.0379
25908.2 32.0395
25928.9 32.0412
25949.6 32.0428
25970.3 32.0444
25990.9 32.046
26011.6 32.0476
26032.3 32.0493
26053 32.0509
26073.7 32.0525
26094.4 32.0541
26115.2 32.0557
26135.9 32.0573
26156.6 32.0589
26177.3 32.0605
26198 32.0621
26218.7 32.0638
26239.4 32.0654
26260.1 32.067
26280.8 32.0686
26301.5 32.0702
26322.2 32.0718
26343 32.0734
26363.7 32.0749
26384.4 32.0765
26405.1 32.0781
26425.8 32.0797
26446.5 32.0813
26467.3 32.0829
26488 32.0845
26508.7 32.0861
26529.4 32.0877
26550.2 32.0893
26570.9 32.0908
26591.6 32.0924
26612.3 32.094
26633.1 32.0956
26653.8 32.0972
26674.5 32.0987
26695.3 32.1003
26716 32.1019
26736.7 32.1035
26757.5 32.105
26778.2 32.1066
26798.9 32.1082
26819.7 32.1097
26840.4 32.1113
26861.2 32.1129
26881.9 32.1144
26902.6 32.116
26923.4 32.1176
26944.1 32.1191
26964.9 32.1207
26985.6 32.1222
27006.4 32.1238
27027.1 32.1253
27047.9 32.1269
27068.6 32.1284
27089.4 32.13
27110.1 32.1315
27130.9 32.1331
27151.6 32.1346
27172.4 32.1362
27193.2 32.1377
27213.9 32.1393
27234.7 32.1408
27255.4 32.1424
27276.2 32.1439
27297 32.1454
27317.7 32.147
27338.5 32.1485
27359.2 32.1501
27380 32.1516
27400.8 32.1531
27421.6 32.1547
27442.3 32.1562
27463.1 32.1577
27483.9 32.1592
27504.6 32.1608
27525.4 32.1623
27546.2 32.1638
27567 32.1653
27587.7 32.1669
27608.5 32.1684
27629.3 32.1699
27650.1 32.1714
27670.9 32.173
27691.6 32.1745
27712.4 32.176
27733.2 32.1775
27754 32.179
27774.8 32.1805
27795.6 32.182
27816.3 32.1835
27837.1 32.1851
27857.9 32.1866
27878.7 32.1881
27899.5 32.1896
27920.3 32.1911
27941.1 32.1926
27961.9 32.1941
27982.7 32.1956
28003.5 32.1971
28024.3 32.1986
28045.1 32.2001
28065.9 32.2016
28086.7 32.2031
28107.5 32.2046
28128.3 32.2061
28149.1 32.2075
28169.9 32.209
28190.7 32.2105
28211.5 32.212
28232.3 32.2135
28253.1 32.215
28273.9 32.2165
28294.8 32.2179
28315.6 32.2194
28336.4 32.2209
28357.2 32.2224
28378 32.2239
28398.8 32.2253
28419.6 32.2268
28440.5 32.2283
28461.3 32.2298
28482.1 32.2312
28502.9 32.2327
28523.7 32.2342
28544.6 32.2357
28565.4 32.2371
28586.2 32.2386
28607 32.2401
28627.9 32.2415
28648.7 32.243
28669.5 32.2445
28690.4 32.2459
28711.2 32.2474
28732 32.2488
28752.8 32.2503
28773.7 32.2518
28794.5 32.2532
28815.3 32.2547
28836.2 32.2561
28857 32.2576
28877.9 32.259
28898.7 32.2605
28919.5 32.2619
28940.4 32.2634
28961.2 32.2648
28982.1 32.2663
29002.9 32.2677
29023.8 32.2692
29044.6 32.2706
29065.5 32.272
29086.3 32.2735
29107.1 32.2749
29128 32.2764
29148.8 32.2778
29169.7 32.2792
29190.6 32.2807
29211.4 32.2821
29232.3 32.2836
29253.1 32.285
29274 32.2864
29294.8 32.2878
29315.7 32.2893
29336.6 32.2907
29357.4 32.2921
29378.3 32.2936
29399.1 32.295
29420 32.2964
29440.9 32.2978
29461.7 32.2993
29482.6 32.3007
29503.5 32.3021
29524.3 32.3035
29545.2 32.3049
29566.1 32.3064
29586.9 32.3078
29607.8 32.3092
29628.7 32.3106
29649.6 32.312
29670.4 32.3134
29691.3 32.3148
29712.2 32.3163
29733.1 32.3177
29753.9 32.3191
29774.8 32.3205
29795.7 32.3219
29816.6 32.3233
29837.5 32.3247
29858.3 32.3261
29879.2 32.3275
29900.1 32.3289
29921 32.3303
29941.9 32.3317
29962.8 32.3331
29983.7 32.3345
30004.6 32.3359
30025.4 32.3373
30046.3 32.3387
30067.2 32.3401
30088.1 32.3415
30109 32.3429
30129.9 32.3442
30150.8 32.3456
30171.7 32.347
30192.6 32.3484
30213.5 32.3498
30234.4 32.3512
30255.3 32.3526
30276.2 32.354
30297.1 32.3553
30318 32.3567
30338.9 32.3581
30359.8 32.3595
30380.7 32.3609
30401.6 32.3622
30422.5 32.3636
30443.5 32.365
30464.4 32.3664
30485.3 32.3677
30506.2 32.3691
30527.1 32.3705
30548 32.3718
30568.9 32.3732
30589.8 32.3746
30610.8 32.3759
30631.7 32.3773
30652.6 32.3787
30673.5 32.38
30694.4 32.3814
30715.4 32.3828
30736.3 32.3841
30757.2 32.3855
30778.1 32.3869
30799 32.3882
30820 32.3896
30840.9 32.3909
30861.8 32.3923
30882.8 32.3936
30903.7 32.395
30924.6 32.3963
30945.5 32.3977
30966.5 32.399
30987.4 32.4004
31008.3 32.4017
31029.3 32.4031
31050.2 32.4044
31071.2 32.4058
31092.1 32.4071
31113 32.4085
31134 32.4098
31154.9 32.4112
31175.8 32.4125
31196.8 32.4139
31217.7 32.4152
31238.7 32.4165
31259.6 32.4179
31280.6 32.4192
31301.5 32.4205
31322.5 32.4219
31343.4 32.4232
31364.4 32.4245
31385.3 32.4259
31406.3 32.4272
31427.2 32.4285
31448.2 32.4299
31469.1 32.4312
31490.1 32.4325
31511 32.4339
31532 32.4352
31552.9 32.4365
31573.9 32.4378
31594.8 32.4392
31615.8 32.4405
31636.8 32.4418
31657.7 32.4431
31678.7 32.4444
31699.7 32.4458
31720.6 32.4471
31741.6 32.4484
31762.5 32.4497
31783.5 32.451
31804.5 32.4523
31825.5 32.4537
31846.4 32.455
31867.4 32.4563
31888.4 32.4576
31909.3 32.4589
31930.3 32.4602
31951.3 32.4615
31972.3 32.4628
31993.2 32.4641
32014.2 32.4654
32035.2 32.4667
32056.2 32.468
32077.1 32.4694
32098.1 32.4707
32119.1 32.472
32140.1 32.4733
32161.1 32.4746
32182 32.4759
32203 32.4771
32224 32.4784
32245 32.4797
32266 32.481
32287 32.4823
32308 32.4836
32329 32.4849
32349.9 32.4862
32370.9 32.4875
32391.9 32.4888
32412.9 32.4901
32433.9 32.4914
32454.9 32.4927
32475.9 32.4939
32496.9 32.4952
32517.9 32.4965
32538.9 32.4978
32559.9 32.4991
32580.9 32.5004
32601.9 32.5016
32622.9 32.5029
32643.9 32.5042
32664.9 32.5055
32685.9 32.5068
32706.9 32.508
32727.9 32.5093
32748.9 32.5106
32769.9 32.5119
32790.9 32.5131
32811.9 32.5144
32832.9 32.5157
32854 32.517
32875 32.5182
32896 32.5195
32917 32.5208
32938 32.522
32959 32.5233
32980 32.5246
33001.1 32.5258
33022.1 32.5271
33043.1 32.5284
33064.1 32.5296
33085.1 32.5309
33106.1 32.5321
33127.2 32.5334
33148.2 32.5347
33169.2 32.5359
33190.2 32.5372
33211.3 32.5384
33232.3 32.5397
33253.3 32.5409
33274.3 32.5422
33295.4 32.5435
33316.4 32.5447
33337.4 32.546
33358.5 32.5472
33379.5 32.5485
33400.5 32.5497
33421.6 32.551
33442.6 32.5522
33463.6 32.5535
33484.7 32.5547
33505.7 32.556
33526.7 32.5572
33547.8 32.5584
33568.8 32.5597
33589.8 32.5609
33610.9 32.5622
33631.9 32.5634
33653 32.5646
33674 32.5659
33695.1 32.5671
33716.1 32.5684
33737.1 32.5696
33758.2 32.5708
33779.2 32.5721
33800.3 32.5733
33821.3 32.5745
33842.4 32.5758
33863.4 32.577
33884.5 32.5782
33905.5 32.5795
33926.6 32.5807
33947.7 32.5819
33968.7 32.5831
33989.8 32.5844
34010.8 32.5856
34031.9 32.5868
34052.9 32.5881
34074 32.5893
34095.1 32.5905
34116.1 32.5917
34137.2 32.5929
34158.2 32.5942
34179.3 32.5954
34200.4 32.5966
34221.4 32.5978
34242.5 32.599
34263.6 32.6003
34284.6 32.6015
34305.7 32.6027
34326.8 32.6039
34347.8 32.6051
34368.9 32.6063
34390 32.6076
34411 32.6088
34432.1 32.61
34453.2 32.6112
34474.3 32.6124
34495.3 32.6136
34516.4 32.6148
34537.5 32.616
34558.6 32.6172
34579.6 32.6184
34600.7 32.6196
34621.8 32.6208
34642.9 32.622
34664 32.6232
34685 32.6244
34706.1 32.6256
34727.2 32.6268
34748.3 32.628
34769.4 32.6292
34790.5 32.6304
34811.6 32.6316
34832.6 32.6328
34853.7 32.634
34874.8 32.6352
34895.9 32.6364
34917 32.6376
34938.1 32.6388
34959.2 32.64
34980.3 32.6412
35001.4 32.6424
35022.5 32.6436
35043.6 32.6448
35064.7 32.646
35085.8 32.6471
35106.9 32.6483
35128 32.6495
35149.1 32.6507
35170.2 32.6519
35191.3 32.6531
35212.4 32.6543
35233.5 32.6554
35254.6 32.6566
35275.7 32.6578
35296.8 32.659
35317.9 32.6602
35339 32.6613
35360.1 32.6625
35381.2 32.6637
35402.3 32.6649
35423.4 32.666
35444.5 32.6672
35465.6 32.6684
35486.8 32.6696
35507.9 32.6707
35529 32.6719
35550.1 32.6731
35571.2 32.6743
35592.3 32.6754
35613.5 32.6766
35634.6 32.6778
35655.7 32.6789
35676.8 32.6801
35697.9 32.6813
35719.1 32.6824
35740.2 32.6836
35761.3 32.6848
35782.4 32.6859
35803.5 32.6871
35824.7 32.6883
35845.8 32.6894
35866.9 32.6906
35888 32.6917
35909.2 32.6929
35930.3 32.6941
35951.4 32.6952
35972.6 32.6964
35993.7 32.6975
36014.8 32.6987
36036 32.6998
36057.1 32.701
36078.2 32.7022
36099.4 32.7033
36120.5 32.7045
36141.6 32.7056
36162.8 32.7068
36183.9 32.7079
36205 32.7091
36226.2 32.7102
36247.3 32.7114
36268.5 32.7125
36289.6 32.7137
36310.8 32.7148
36331.9 32.716
36353 32.7171
36374.2 32.7182
36395.3 32.7194
36416.5 32.7205
36437.6 32.7217
36458.8 32.7228
36479.9 32.7239
36501.1 32.7251
36522.2 32.7262
36543.4 32.7274
36564.5 32.7285
36585.7 32.7296
36606.8 32.7308
36628 32.7319
36649.1 32.7331
36670.3 32.7342
36691.4 32.7353
36712.6 32.7365
36733.8 32.7376
36754.9 32.7387
36776.1 32.7399
36797.2 32.741
36818.4 32.7421
36839.6 32.7432
36860.7 32.7444
36881.9 32.7455
36903.1 32.7466
36924.2 32.7478
36945.4 32.7489
36966.5 32.75
36987.7 32.7511
37008.9 32.7523
37030 32.7534
37051.2 32.7545
37072.4 32.7556
37093.6 32.7567
37114.7 32.7579
37135.9 32.759
37157.1 32.7601
37178.2 32.7612
37199.4 32.7623
37220.6 32.7635
37241.8 32.7646
37262.9 32.7657
37284.1 32.7668
37305.3 32.7679
37326.5 32.769
37347.7 32.7701
37368.8 32.7713
37390 32.7724
37411.2 32.7735
37432.4 32.7746
37453.6 32.7757
37474.8 32.7768
37495.9 32.7779
37517.1 32.779
37538.3 32.7801
37559.5 32.7813
37580.7 32.7824
37601.9 32.7835
37623.1 32.7846
37644.2 32.7857
37665.4 32.7868
37686.6 32.7879
37707.8 32.789
37729 32.7901
37750.2 32.7912
37771.4 32.7923
37792.6 32.7934
37813.8 32.7945
37835 32.7956
37856.2 32.7967
37877.4 32.7978
37898.6 32.7989
37919.8 32.8
37941 32.8011
37962.2 32.8022
37983.4 32.8033
38004.6 32.8044
38025.8 32.8055
38047 32.8065
38068.2 32.8076
38089.4 32.8087
38110.6 32.8098
38131.8 32.8109
38153 32.812
38174.2 32.8131
38195.4 32.8142
38216.6 32.8153
38237.9 32.8163
38259.1 32.8174
38280.3 32.8185
38301.5 32.8196
38322.7 32.8207
38343.9 32.8218
38365.1 32.8229
38386.4 32.8239
38407.6 32.825
38428.8 32.8261
38450 32.8272
38471.2 32.8283
38492.4 32.8293
38513.7 32.8304
38534.9 32.8315
38556.1 32.8326
38577.3 32.8336
38598.5 32.8347
38619.8 32.8358
38641 32.8369
38662.2 32.838
38683.4 32.839
38704.7 32.8401
38725.9 32.8412
38747.1 32.8422
38768.3 32.8433
38789.6 32.8444
38810.8 32.8455
38832 32.8465
38853.3 32.8476
38874.5 32.8487
38895.7 32.8497
38917 32.8508
38938.2 32.8519
38959.4 32.8529
38980.7 32.854
39001.9 32.8551
39023.1 32.8561
39044.4 32.8572
39065.6 32.8583
39086.9 32.8593
39108.1 32.8604
39129.3 32.8614
39150.6 32.8625
39171.8 32.8636
39193.1 32.8646
39214.3 32.8657
39235.5 32.8667
39256.8 32.8678
39278 32.8689
39299.3 32.8699
39320.5 32.871
39341.8 32.872
39363 32.8731
39384.3 32.8741
39405.5 32.8752
39426.8 32.8762
39448 32.8773
39469.3 32.8783
39490.5 32.8794
39511.8 32.8804
39533 32.8815
39554.3 32.8825
39575.5 32.8836
39596.8 32.8846
39618.1 32.8857
39639.3 32.8867
39660.6 32.8878
39681.8 32.8888
39703.1 32.8899
39724.3 32.8909
39745.6 32.892
39766.9 32.893
39788.1 32.8941
39809.4 32.8951
39830.7 32.8961
39851.9 32.8972
39873.2 32.8982
39894.5 32.8993
39915.7 32.9003
39937 32.9013
39958.3 32.9024
39979.5 32.9034
40000.8 32.9044
40022.1 32.9055
40043.3 32.9065
40064.6 32.9076
40085.9 32.9086
40107.1 32.9096
40128.4 32.9107
40149.7 32.9117
40171 32.9127
40192.2 32.9138
40213.5 32.9148
40234.8 32.9158
40256.1 32.9169
40277.3 32.9179
40298.6 32.9189
40319.9 32.9199
40341.2 32.921
40362.5 32.922
40383.7 32.923
40405 32.9241
40426.3 32.9251
40447.6 32.9261
40468.9 32.9271
40490.2 32.9282
40511.4 32.9292
40532.7 32.9302
40554 32.9312
40575.3 32.9322
40596.6 32.9333
40617.9 32.9343
40639.2 32.9353
40660.5 32.9363
40681.8 32.9374
40703 32.9384
40724.3 32.9394
40745.6 32.9404
40766.9 32.9414
40788.2 32.9424
40809.5 32.9435
40830.8 32.9445
40852.1 32.9455
40873.4 32.9465
40894.7 32.9475
40916 32.9485
40937.3 32.9495
40958.6 32.9506
40979.9 32.9516
41001.2 32.9526
41022.5 32.9536
41043.8 32.9546
41065.1 32.9556
41086.4 32.9566
41107.7 32.9576
41129 32.9586
41150.3 32.9596
41171.6 32.9607
41192.9 32.9617
41214.3 32.9627
41235.6 32.9637
41256.9 32.9647
41278.2 32.9657
41299.5 32.9667
41320.8 32.9677
41342.1 32.9687
41363.4 32.9697
41384.7 32.9707
41406 32.9717
41427.4 32.9727
41448.7 32.9737
41470 32.9747
41491.3 32.9757
41512.6 32.9767
41533.9 32.9777
41555.3 32.9787
41576.6 32.9797
41597.9 32.9807
41619.2 32.9817
41640.5 32.9827
41661.9 32.9837
41683.2 32.9847
41704.5 32.9857
41725.8 32.9866
41747.2 32.9876
41768.5 32.9886
41789.8 32.9896
41811.1 32.9906
41832.5 32.9916
41853.8 32.9926
41875.1 32.9936
41896.5 32.9946
41917.8 32.9956
41939.1 32.9966
41960.4 32.9975
41981.8 32.9985
42003.1 32.9995
42024.4 33.0005
42045.8 33.0015
42067.1 33.0025
42088.4 33.0035
42109.8 33.0044
42131.1 33.0054
42152.5 33.0064
42173.8 33.0074
42195.1 33.0084
42216.5 33.0093
42237.8 33.0103
42259.1 33.0113
42280.5 33.0123
42301.8 33.0133
42323.2 33.0143
42344.5 33.0152
42365.9 33.0162
42387.2 33.0172
42408.5 33.0182
42429.9 33.0191
42451.2 33.0201
42472.6 33.0211
42493.9 33.0221
42515.3 33.023
42536.6 33.024
42558 33.025
42579.3 33.026
42600.7 33.0269
42622 33.0279
42643.4 33.0289
42664.7 33.0298
42686.1 33.0308
42707.4 33.0318
42728.8 33.0327
42750.2 33.0337
42771.5 33.0347
42792.9 33.0357
42814.2 33.0366
42835.6 33.0376
42856.9 33.0386
42878.3 33.0395
42899.7 33.0405
42921 33.0415
42942.4 33.0424
42963.7 33.0434
42985.1 33.0443
43006.5 33.0453
43027.8 33.0463
43049.2 33.0472
43070.6 33.0482
43091.9 33.0492
43113.3 33.0501
43134.7 33.0511
43156 33.052
43177.4 33.053
43198.8 33.0539
43220.1 33.0549
43241.5 33.0559
43262.9 33.0568
43284.2 33.0578
43305.6 33.0587
43327 33.0597
43348.4 33.0606
43369.7 33.0616
43391.1 33.0625
43412.5 33.0635
43433.9 33.0645
43455.2 33.0654
43476.6 33.0664
43498 33.0673
43519.4 33.0683
43540.7 33.0692
43562.1 33.0702
43583.5 33.0711
43604.9 33.0721
43626.3 33.073
43647.6 33.074
43669 33.0749
43690.4 33.0759
43711.8 33.0768
43733.2 33.0777
43754.6 33.0787
43776 33.0796
43797.3 33.0806
43818.7 33.0815
43840.1 33.0825
43861.5 33.0834
43882.9 33.0844
43904.3 33.0853
43925.7 33.0862
43947.1 33.0872
43968.5 33.0881
43989.8 33.0891
44011.2 33.09
44032.6 33.0909
44054 33.0919
44075.4 33.0928
44096.8 33.0938
44118.2 33.0947
44139.6 33.0956
44161 33.0966
44182.4 33.0975
44203.8 33.0984
44225.2 33.0994
44246.6 33.1003
44268 33.1012
44289.4 33.1022
44310.8 33.1031
44332.2 33.1041
44353.6 33.105
44375 33.1059
44396.4 33.1068
44417.8 33.1078
44439.2 33.1087
44460.6 33.1096
44482 33.1106
44503.4 33.1115
44524.8 33.1124
44546.3 33.1134
44567.7 33.1143
44589.1 33.1152
44610.5 33.1161
44631.9 33.1171
44653.3 33.118
44674.7 33.1189
44696.1 33.1198
44717.5 33.1208
44739 33.1217
44760.4 33.1226
44781.8 33.1235
44803.2 33.1245
44824.6 33.1254
44846 33.1263
44867.5 33.1272
44888.9 33.1281
44910.3 33.1291
44931.7 33.13
44953.1 33.1309
44974.6 33.1318
44996 33.1327
45017.4 33.1337
45038.8 33.1346
45060.2 33.1355
45081.7 33.1364
45103.1 33.1373
45124.5 33.1382
45145.9 33.1392
45167.4 33.1401
45188.8 33.141
45210.2 33.1419
45231.6 33.1428
45253.1 33.1437
45274.5 33.1446
45295.9 33.1456
45317.4 33.1465
45338.8 33.1474
45360.2 33.1483
45381.7 33.1492
45403.1 33.1501
45424.5 33.151
45446 33.1519
45467.4 33.1528
45488.8 33.1538
45510.3 33.1547
45531.7 33.1556
45553.1 33.1565
45574.6 33.1574
45596 33.1583
45617.5 33.1592
45638.9 33.1601
45660.3 33.161
45681.8 33.1619
45703.2 33.1628
45724.7 33.1637
45746.1 33.1646
45767.5 33.1655
45789 33.1664
45810.4 33.1673
45831.9 33.1682
45853.3 33.1691
45874.8 33.17
45896.2 33.1709
45917.7 33.1718
45939.1 33.1727
45960.6 33.1736
45982 33.1745
46003.5 33.1754
46024.9 33.1763
46046.4 33.1772
46067.8 33.1781
46089.3 33.179
46110.7 33.1799
46132.2 33.1808
46153.6 33.1817
46175.1 33.1826
46196.5 33.1835
46218 33.1844
46239.4 33.1853
46260.9 33.1862
46282.4 33.1871
46303.8 33.188
46325.3 33.1889
46346.7 33.1897
46368.2 33.1906
46389.7 33.1915
46411.1 33.1924
46432.6 33.1933
46454 33.1942
46475.5 33.1951
46497 33.196
46518.4 33.1969
46539.9 33.1977
46561.4 33.1986
46582.8 33.1995
46604.3 33.2004
46625.8 33.2013
46647.2 33.2022
46668.7 33.2031
46690.2 33.2039
46711.6 33.2048
46733.1 33.2057
46754.6 33.2066
46776 33.2075
46797.5 33.2084
46819 33.2092
46840.5 33.2101
46861.9 33.211
46883.4 33.2119
46904.9 33.2128
46926.4 33.2136
46947.8 33.2145
46969.3 33.2154
46990.8 33.2163
47012.3 33.2172
47033.7 33.218
47055.2 33.2189
47076.7 33.2198
47098.2 33.2207
47119.7 33.2215
47141.1 33.2224
47162.6 33.2233
47184.1 33.2242
47205.6 33.225
47227.1 33.2259
47248.6 33.2268
47270 33.2277
47291.5 33.2285
47313 33.2294
47334.5 33.2303
47356 33.2312
47377.5 33.232
47399 33.2329
47420.4 33.2338
47441.9 33.2346
47463.4 33.2355
47484.9 33.2364
47506.4 33.2372
47527.9 33.2381
47549.4 33.239
47570.9 33.2399
47592.4 33.2407
47613.9 33.2416
47635.4 33.2425
47656.9 33.2433
47678.4 33.2442
47699.9 33.245
47721.3 33.2459
47742.8 33.2468
47764.3 33.2476
47785.8 33.2485
47807.3 33.2494
47828.8 33.2502
47850.3 33.2511
47871.8 33.252
47893.3 33.2528
47914.8 33.2537
47936.3 33.2545
47957.8 33.2554
47979.4 33.2563
48000.9 33.2571
48022.4 33.258
48043.9 33.2588
48065.4 33.2597
48086.9 33.2606
48108.4 33.2614
48129.9 33.2623
48151.4 33.2631
48172.9 33.264
48194.4 33.2648
48215.9 33.2657
48237.4 33.2665
48259 33.2674
48280.5 33.2683
48302 33.2691
48323.5 33.27
48345 33.2708
48366.5 33.2717
48388 33.2725
48409.5 33.2734
48431.1 33.2742
48452.6 33.2751
48474.1 33.2759
48495.6 33.2768
48517.1 33.2776
48538.6 33.2785
48560.2 33.2793
48581.7 33.2802
48603.2 33.281
48624.7 33.2819
48646.2 33.2827
48667.8 33.2836
48689.3 33.2844
48710.8 33.2853
48732.3 33.2861
48753.9 33.287
48775.4 33.2878
48796.9 33.2886
48818.4 33.2895
48840 33.2903
48861.5 33.2912
48883 33.292
48904.5 33.2929
48926.1 33.2937
48947.6 33.2945
48969.1 33.2954
48990.7 33.2962
49012.2 33.2971
49033.7 33.2979
49055.3 33.2988
49076.8 33.2996
49098.3 33.3004
49119.9 33.3013
49141.4 33.3021
49162.9 33.303
49184.5 33.3038
49206 33.3046
49227.5 33.3055
49249.1 33.3063
49270.6 33.3071
49292.1 33.308
49313.7 33.3088
49335.2 33.3096
49356.8 33.3105
49378.3 33.3113
49399.8 33.3122
49421.4 33.313
49442.9 33.3138
49464.5 33.3147
49486 33.3155
49507.6 33.3163
49529.1 33.3172
49550.6 33.318
49572.2 33.3188
49593.7 33.3196
49615.3 33.3205
49636.8 33.3213
49658.4 33.3221
49679.9 33.323
49701.5 33.3238
49723 33.3246
49744.6 33.3255
49766.1 33.3263
49787.7 33.3271
49809.2 33.3279
49830.8 33.3288
49852.3 33.3296
49873.9 33.3304
49895.4 33.3312
49917 33.3321
49938.5 33.3329
49960.1 33.3337
49981.7 33.3345
50003.2 33.3354
50024.8 33.3362
50046.3 33.337
50067.9 33.3378
50089.4 33.3387
50111 33.3395
50132.6 33.3403
50154.1 33.3411
50175.7 33.3419
50197.2 33.3428
50218.8 33.3436
50240.4 33.3444
50261.9 33.3452
50283.5 33.346
50305.1 33.3469
50326.6 33.3477
50348.2 33.3485
50369.8 33.3493
50391.3 33.3501
50412.9 33.351
50434.5 33.3518
50456 33.3526
50477.6 33.3534
50499.2 33.3542
50520.7 33.355
50542.3 33.3559
50563.9 33.3567
50585.4 33.3575
50607 33.3583
50628.6 33.3591
50650.2 33.3599
50671.7 33.3607
50693.3 33.3615
50714.9 33.3624
50736.5 33.3632
50758 33.364
50779.6 33.3648
50801.2 33.3656
50822.8 33.3664
50844.3 33.3672
50865.9 33.368
50887.5 33.3688
50909.1 33.3696
50930.6 33.3705
50952.2 33.3713
50973.8 33.3721
50995.4 33.3729
51017 33.3737
51038.6 33.3745
51060.1 33.3753
51081.7 33.3761
51103.3 33.3769
51124.9 33.3777
51146.5 33.3785
51168.1 33.3793
51189.7 33.3801
51211.2 33.3809
51232.8 33.3817
51254.4 33.3825
51276 33.3834
51297.6 33.3842
51319.2 33.385
51340.8 33.3858
51362.4 33.3866
51383.9 33.3874
51405.5 33.3882
51427.1 33.389
51448.7 33.3898
51470.3 33.3906
51491.9 33.3914
51513.5 33.3922
51535.1 33.393
51556.7 33.3938
51578.3 33.3946
51599.9 33.3953
51621.5 33.3961
51643.1 33.3969
51664.7 33.3977
51686.3 33.3985
51707.9 33.3993
51729.5 33.4001
51751.1 33.4009
51772.7 33.4017
51794.3 33.4025
51815.9 33.4033
51837.5 33.4041
51859.1 33.4049
51880.7 33.4057
51902.3 33.4065
51923.9 33.4073
51945.5 33.4081
51967.1 33.4089
51988.7 33.4097
52010.3 33.4104
52031.9 33.4112
52053.5 33.412
52075.1 33.4128
52096.8 33.4136
52118.4 33.4144
52140 33.4152
52161.6 33.416
52183.2 33.4168
52204.8 33.4176
52226.4 33.4183
52248 33.4191
52269.6 33.4199
52291.3 33.4207
52312.9 33.4215
52334.5 33.4223
52356.1 33.4231
52377.7 33.4238
52399.3 33.4246
52420.9 33.4254
52442.6 33.4262
52464.2 33.427
52485.8 33.4278
52507.4 33.4286
52529 33.4293
52550.7 33.4301
52572.3 33.4309
52593.9 33.4317
52615.5 33.4325
52637.1 33.4332
52658.8 33.434
52680.4 33.4348
52702 33.4356
52723.6 33.4364
52745.3 33.4371
52766.9 33.4379
52788.5 33.4387
52810.1 33.4395
52831.8 33.4403
52853.4 33.441
52875 33.4418
52896.6 33.4426
52918.3 33.4434
52939.9 33.4442
52961.5 33.4449
52983.2 33.4457
53004.8 33.4465
53026.4 33.4473
53048 33.448
53069.7 33.4488
53091.3 33.4496
53112.9 33.4504
53134.6 33.4511
53156.2 33.4519
53177.8 33.4527
53199.5 33.4535
53221.1 33.4542
53242.8 33.455
53264.4 33.4558
53286 33.4565
53307.7 33.4573
53329.3 33.4581
53350.9 33.4589
53372.6 33.4596
53394.2 33.4604
53415.9 33.4612
53437.5 33.4619
53459.1 33.4627
53480.8 33.4635
53502.4 33.4642
53524.1 33.465
53545.7 33.4658
53567.4 33.4665
53589 33.4673
53610.6 33.4681
53632.3 33.4688
53653.9 33.4696
53675.6 33.4704
53697.2 33.4711
53718.9 33.4719
53740.5 33.4727
53762.2 33.4734
53783.8 33.4742
53805.5 33.475
53827.1 33.4757
53848.8 33.4765
53870.4 33.4773
53892.1 33.478
53913.7 33.4788
53935.4 33.4795
53957 33.4803
53978.7 33.4811
54000.3 33.4818
54022 33.4826
54043.7 33.4833
54065.3 33.4841
54087 33.4849
54108.6 33.4856
54130.3 33.4864
54151.9 33.4871
54173.6 33.4879
54195.3 33.4887
54216.9 33.4894
54238.6 33.4902
54260.2 33.4909
54281.9 33.4917
54303.6 33.4925
54325.2 33.4932
54346.9 33.494
54368.5 33.4947
54390.2 33.4955
54411.9 33.4962
54433.5 33.497
54455.2 33.4977
54476.9 33.4985
54498.5 33.4992
54520.2 33.5
54541.9 33.5008
54563.5 33.5015
54585.2 33.5023
54606.9 33.503
54628.5 33.5038
54650.2 33.5045
54671.9 33.5053
54693.5 33.506
54715.2 33.5068
54736.9 33.5075
54758.6 33.5083
54780.2 33.509
54801.9 33.5098
54823.6 33.5105
54845.2 33.5113
54866.9 33.512
54888.6 33.5128
54910.3 33.5135
54931.9 33.5143
54953.6 33.515
54975.3 33.5158
54997 33.5165
55018.6 33.5173
55040.3 33.518
55062 33.5187
55083.7 33.5195
55105.4 33.5202
55127 33.521
55148.7 33.5217
55170.4 33.5225
55192.1 33.5232
55213.8 33.524
55235.5 33.5247
55257.1 33.5254
55278.8 33.5262
55300.5 33.5269
55322.2 33.5277
55343.9 33.5284
55365.6 33.5292
55387.3 33.5299
55408.9 33.5306
55430.6 33.5314
55452.3 33.5321
55474 33.5329
55495.7 33.5336
55517.4 33.5343
55539.1 33.5351
55560.8 33.5358
55582.4 33.5366
55604.1 33.5373
55625.8 33.538
55647.5 33.5388
55669.2 33.5395
55690.9 33.5403
55712.6 33.541
55734.3 33.5417
55756 33.5425
55777.7 33.5432
55799.4 33.5439
55821.1 33.5447
55842.8 33.5454
55864.5 33.5461
55886.2 33.5469
55907.9 33.5476
55929.6 33.5483
55951.3 33.5491
55973 33.5498
55994.7 33.5505
56016.4 33.5513
56038.1 33.552
56059.8 33.5527
56081.5 33.5535
56103.2 33.5542
56124.9 33.5549
56146.6 33.5557
56168.3 33.5564
56190 33.5571
56211.7 33.5579
56233.4 33.5586
56255.1 33.5593
56276.8 33.5601
56298.5 33.5608
56320.2 33.5615
56341.9 33.5622
56363.6 33.563
56385.3 33.5637
56407.1 33.5644
56428.8 33.5652
56450.5 33.5659
56472.2 33.5666
56493.9 33.5673
56515.6 33.5681
56537.3 33.5688
56559 33.5695
56580.7 33.5702
56602.5 33.571
56624.2 33.5717
56645.9 33.5724
56667.6 33.5731
56689.3 33.5739
56711 33.5746
56732.8 33.5753
56754.5 33.576
56776.2 33.5768
56797.9 33.5775
56819.6 33.5782
56841.3 33.5789
56863.1 33.5796
56884.8 33.5804
56906.5 33.5811
56928.2 33.5818
56949.9 33.5825
56971.7 33.5832
56993.4 33.584
57015.1 33.5847
57036.8 33.5854
57058.6 33.5861
57080.3 33.5868
57102 33.5876
57123.7 33.5883
57145.5 33.589
57167.2 33.5897
57188.9 33.5904
57210.6 33.5911
57232.4 33.5919
57254.1 33.5926
57275.8 33.5933
57297.5 33.594
57319.3 33.5947
57341 33.5954
57362.7 33.5962
57384.5 33.5969
57406.2 33.5976
57427.9 33.5983
57449.7 33.599
57471.4 33.5997
57493.1 33.6004
57514.9 33.6012
57536.6 33.6019
57558.3 33.6026
57580.1 33.6033
57601.8 33.604
57623.5 33.6047
57645.3 33.6054
57667 33.6061
57688.8 33.6069
57710.5 33.6076
57732.2 33.6083
57754 33.609
57775.7 33.6097
57797.4 33.6104
57819.2 33.6111
57840.9 33.6118
57862.7 33.6125
57884.4 33.6132
57906.2 33.6139
57927.9 33.6147
57949.6 33.6154
57971.4 33.6161
57993.1 33.6168
58014.9 33.6175
58036.6 33.6182
58058.4 33.6189
58080.1 33.6196
58101.9 33.6203
58123.6 33.621
58145.3 33.6217
58167.1 33.6224
58188.8 33.6231
58210.6 33.6238
58232.3 33.6245
58254.1 33.6252
58275.8 33.6259
58297.6 33.6267
58319.3 33.6274
58341.1 33.6281
58362.8 33.6288
58384.6 33.6295
58406.4 33.6302
58428.1 33.6309
58449.9 33.6316
58471.6 33.6323
58493.4 33.633
58515.1 33.6337
58536.9 33.6344
58558.6 33.6351
58580.4 33.6358
58602.1 33.6365
58623.9 33.6372
58645.7 33.6379
58667.4 33.6386
58689.2 33.6393
58710.9 33.64
58732.7 33.6407
58754.5 33.6414
58776.2 33.6421
58798 33.6428
58819.7 33.6435
58841.5 33.6441
58863.3 33.6448
58885 33.6455
58906.8 33.6462
58928.6 33.6469
58950.3 33.6476
58972.1 33.6483
58993.9 33.649
59015.6 33.6497
59037.4 33.6504
59059.2 33.6511
59080.9 33.6518
59102.7 33.6525
59124.5 33.6532
59146.2 33.6539
59168 33.6546
59189.8 33.6553
59211.5 33.656
59233.3 33.6566
59255.1 33.6573
59276.9 33.658
59298.6 33.6587
59320.4 33.6594
59342.2 33.6601
59363.9 33.6608
59385.7 33.6615
59407.5 33.6622
59429.3 33.6629
59451 33.6636
59472.8 33.6642
59494.6 33.6649
59516.4 33.6656
59538.1 33.6663
59559.9 33.667
59581.7 33.6677
59603.5 33.6684
59625.3 33.6691
59647 33.6697
59668.8 33.6704
59690.6 33.6711
59712.4 33.6718
59734.2 33.6725
59755.9 33.6732
59777.7 33.6739
59799.5 33.6745
59821.3 33.6752
59843.1 33.6759
59864.9 33.6766
59886.6 33.6773
59908.4 33.678
59930.2 33.6786
59952 33.6793
59973.8 33.68
59995.6 33.6807
60017.4 33.6814
60039.1 33.6821
60060.9 33.6827
60082.7 33.6834
60104.5 33.6841
60126.3 33.6848
60148.1 33.6855
60169.9 33.6862
60191.7 33.6868
60213.5 33.6875
60235.3 33.6882
60257.1 33.6889
60278.8 33.6896
60300.6 33.6902
60322.4 33.6909
60344.2 33.6916
60366 33.6923
60387.8 33.6929
60409.6 33.6936
60431.4 33.6943
60453.2 33.695
60475 33.6957
60496.8 33.6963
60518.6 33.697
60540.4 33.6977
60562.2 33.6984
60584 33.699
60605.8 33.6997
60627.6 33.7004
60649.4 33.7011
60671.2 33.7017
60693 33.7024
60714.8 33.7031
60736.6 33.7038
60758.4 33.7044
60780.2 33.7051
60802 33.7058
60823.8 33.7065
60845.6 33.7071
60867.4 33.7078
60889.2 33.7085
60911 33.7092
60932.8 33.7098
60954.6 33.7105
60976.4 33.7112
60998.3 33.7118
61020.1 33.7125
61041.9 33.7132
61063.7 33.7139
61085.5 33.7145
61107.3 33.7152
61129.1 33.7159
61150.9 33.7165
61172.7 33.7172
61194.5 33.7179
61216.4 33.7185
61238.2 33.7192
61260 33.7199
61281.8 33.7205
61303.6 33.7212
61325.4 33.7219
61347.2 33.7225
61369 33.7232
61390.9 33.7239
61412.7 33.7245
61434.5 33.7252
61456.3 33.7259
61478.1 33.7266
61499.9 33.7272
61521.8 33.7279
61543.6 33.7285
61565.4 33.7292
61587.2 33.7299
61609 33.7305
61630.9 33.7312
61652.7 33.7319
61674.5 33.7325
61696.3 33.7332
61718.1 33.7339
61740 33.7345
61761.8 33.7352
61783.6 33.7358
61805.4 33.7365
61827.3 33.7372
61849.1 33.7378
61870.9 33.7385
61892.7 33.7392
61914.6 33.7398
61936.4 33.7405
61958.2 33.7411
61980 33.7418
62001.9 33.7425
62023.7 33.7431
62045.5 33.7438
62067.4 33.7444
62089.2 33.7451
62111 33.7458
62132.8 33.7464
62154.7 33.7471
62176.5 33.7477
62198.3 33.7484
62220.2 33.749
62242 33.7497
62263.8 33.7504
62285.7 33.751
62307.5 33.7517
62329.3 33.7523
62351.2 33.753
62373 33.7536
62394.9 33.7543
62416.7 33.755
62438.5 33.7556
62460.4 33.7563
62482.2 33.7569
62504 33.7576
62525.9 33.7582
62547.7 33.7589
62569.6 33.7595
62591.4 33.7602
62613.2 33.7608
62635.1 33.7615
62656.9 33.7621
62678.8 33.7628
62700.6 33.7635
62722.4 33.7641
62744.3 33.7648
62766.1 33.7654
62788 33.7661
62809.8 33.7667
62831.7 33.7674
62853.5 33.768
62875.3 33.7687
62897.2 33.7693
62919 33.77
62940.9 33.7706
62962.7 33.7713
62984.6 33.7719
63006.4 33.7726
63028.3 33.7732
63050.1 33.7739
63072 33.7745
63093.8 33.7752
63115.7 33.7758
63137.5 33.7765
63159.4 33.7771
63181.2 33.7778
63203.1 33.7784
63224.9 33.779
63246.8 33.7797
63268.6 33.7803
63290.5 33.781
63312.4 33.7816
63334.2 33.7823
63356.1 33.7829
63377.9 33.7836
63399.8 33.7842
63421.6 33.7849
63443.5 33.7855
63465.3 33.7861
63487.2 33.7868
63509.1 33.7874
63530.9 33.7881
63552.8 33.7887
63574.6 33.7894
63596.5 33.79
63618.4 33.7907
63640.2 33.7913
63662.1 33.7919
63683.9 33.7926
63705.8 33.7932
63727.7 33.7939
63749.5 33.7945
63771.4 33.7951
63793.3 33.7958
63815.1 33.7964
63837 33.7971
63858.8 33.7977
63880.7 33.7983
63902.6 33.799
63924.4 33.7996
63946.3 33.8003
63968.2 33.8009
63990 33.8016
64011.9 33.8022
64033.8 33.8028
64055.6 33.8035
64077.5 33.8041
64099.4 33.8047
64121.3 33.8054
64143.1 33.806
64165 33.8066
64186.9 33.8073
64208.7 33.8079
64230.6 33.8086
64252.5 33.8092
64274.3 33.8098
64296.2 33.8105
64318.1 33.8111
64340 33.8117
64361.8 33.8124
64383.7 33.813
64405.6 33.8136
64427.5 33.8143
64449.3 33.8149
64471.2 33.8155
64493.1 33.8162
64515 33.8168
64536.9 33.8174
64558.7 33.8181
64580.6 33.8187
64602.5 33.8193
64624.4 33.82
64646.3 33.8206
64668.1 33.8212
64690 33.8219
64711.9 33.8225
64733.8 33.8231
64755.7 33.8238
64777.5 33.8244
64799.4 33.825
64821.3 33.8257
64843.2 33.8263
64865.1 33.8269
64887 33.8276
64908.8 33.8282
64930.7 33.8288
64952.6 33.8294
64974.5 33.8301
64996.4 33.8307
65018.3 33.8313
65040.2 33.832
65062.1 33.8326
65083.9 33.8332
65105.8 33.8338
65127.7 33.8345
65149.6 33.8351
65171.5 33.8357
65193.4 33.8363
65215.3 33.837
65237.2 33.8376
65259.1 33.8382
65281 33.8389
65302.8 33.8395
65324.7 33.8401
65346.6 33.8407
65368.5 33.8414
65390.4 33.842
65412.3 33.8426
65434.2 33.8432
65456.1 33.8439
65478 33.8445
65499.9 33.8451
65521.8 33.8457
65543.7 33.8464
65565.6 33.847
65587.5 33.8476
65609.4 33.8482
65631.3 33.8488
65653.2 33.8495
65675.1 33.8501
65697 33.8507
65718.9 33.8513
65740.8 33.8519
65762.7 33.8526
65784.6 33.8532
65806.5 33.8538
65828.4 33.8544
65850.3 33.8551
65872.2 33.8557
65894.1 33.8563
65916 33.8569
65937.9 33.8575
65959.8 33.8582
65981.7 33.8588
66003.6 33.8594
66025.5 33.86
66047.4 33.8606
66069.3 33.8612
66091.3 33.8619
66113.2 33.8625
66135.1 33.8631
66157 33.8637
66178.9 33.8643
66200.8 33.865
66222.7 33.8656
66244.6 33.8662
66266.5 33.8668
66288.4 33.8674
66310.3 33.868
66332.3 33.8687
66354.2 33.8693
66376.1 33.8699
66398 33.8705
66419.9 33.8711
66441.8 33.8717
66463.7 33.8723
66485.7 33.873
66507.6 33.8736
66529.5 33.8742
66551.4 33.8748
66573.3 33.8754
66595.2 33.876
66617.1 33.8766
66639.1 33.8773
66661 33.8779
66682.9 33.8785
66704.8 33.8791
66726.7 33.8797
66748.7 33.8803
66770.6 33.8809
66792.5 33.8815
66814.4 33.8821
66836.4 33.8828
66858.3 33.8834
66880.2 33.884
66902.1 33.8846
66924 33.8852
66946 33.8858
66967.9 33.8864
66989.8 33.887
67011.7 33.8876
67033.6 33.8882
67055.6 33.8889
67077.5 33.8895
67099.4 33.8901
67121.4 33.8907
67143.3 33.8913
67165.2 33.8919
67187.1 33.8925
67209.1 33.8931
67231 33.8937
67252.9 33.8943
67274.9 33.8949
67296.8 33.8955
67318.7 33.8961
67340.7 33.8967
67362.6 33.8974
67384.5 33.898
67406.4 33.8986
67428.4 33.8992
67450.3 33.8998
67472.2 33.9004
67494.2 33.901
67516.1 33.9016
67538 33.9022
67560 33.9028
67581.9 33.9034
67603.9 33.904
67625.8 33.9046
67647.7 33.9052
67669.7 33.9058
67691.6 33.9064
67713.5 33.907
67735.5 33.9076
67757.4 33.9082
67779.4 33.9088
67801.3 33.9094
67823.2 33.91
67845.2 33.9106
67867.1 33.9112
67889 33.9118
67911 33.9124
67932.9 33.913
67954.9 33.9136
67976.8 33.9142
67998.8 33.9148
68020.7 33.9154
68042.7 33.916
68064.6 33.9166
68086.5 33.9172
68108.5 33.9178
68130.4 33.9184
68152.4 33.919
68174.3 33.9196
68196.3 33.9202
68218.2 33.9208
68240.2 33.9214
68262.1 33.922
68284.1 33.9226
68306 33.9232
68327.9 33.9238
68349.9 33.9244
68371.8 33.925
68393.8 33.9256
68415.8 33.9262
68437.7 33.9268
68459.7 33.9274
68481.6 33.928
68503.6 33.9286
68525.5 33.9292
68547.5 33.9298
68569.4 33.9304
68591.4 33.931
68613.3 33.9316
68635.3 33.9322
68657.2 33.9328
68679.2 33.9333
68701.1 33.9339
68723.1 33.9345
68745 33.9351
68767 33.9357
68789 33.9363
68810.9 33.9369
68832.9 33.9375
68854.8 33.9381
68876.8 33.9387
68898.8 33.9393
68920.7 33.9399
68942.7 33.9405
68964.6 33.9411
68986.6 33.9416
69008.6 33.9422
69030.5 33.9428
69052.5 33.9434
69074.5 33.944
69096.4 33.9446
69118.4 33.9452
69140.3 33.9458
69162.3 33.9464
69184.3 33.947
69206.2 33.9476
69228.2 33.9481
69250.2 33.9487
69272.1 33.9493
69294.1 33.9499
69316.1 33.9505
69338 33.9511
69360 33.9517
69382 33.9523
69403.9 33.9528
69425.9 33.9534
69447.9 33.954
69469.8 33.9546
69491.8 33.9552
69513.8 33.9558
69535.8 33.9564
69557.7 33.957
69579.7 33.9575
69601.7 33.9581
69623.6 33.9587
69645.6 33.9593
69667.6 33.9599
69689.5 33.9605
69711.5 33.9611
69733.5 33.9616
69755.5 33.9622
69777.5 33.9628
69799.4 33.9634
69821.4 33.964
69843.4 33.9646
69865.4 33.9651
69887.3 33.9657
69909.3 33.9663
69931.3 33.9669
69953.3 33.9675
69975.2 33.9681
69997.2 33.9686
70019.2 33.9692
70041.2 33.9698
70063.1 33.9704
70085.1 33.971
70107.1 33.9716
70129.1 33.9721
70151.1 33.9727
70173.1 33.9733
70195 33.9739
70217 33.9745
70239 33.975
70261 33.9756
70283 33.9762
70305 33.9768
70327 33.9774
70348.9 33.9779
70370.9 33.9785
70392.9 33.9791
70414.9 33.9797
70436.9 33.9803
70458.9 33.9808
70480.8 33.9814
70502.8 33.982
70524.8 33.9826
70546.8 33.9832
70568.8 33.9837
70590.8 33.9843
70612.8 33.9849
70634.8 33.9855
70656.8 33.986
70678.8 33.9866
70700.8 33.9872
70722.7 33.9878
70744.7 33.9883
70766.7 33.9889
70788.7 33.9895
70810.7 33.9901
70832.7 33.9906
70854.7 33.9912
70876.7 33.9918
70898.7 33.9924
70920.7 33.9929
70942.7 33.9935
70964.7 33.9941
70986.6 33.9947
71008.6 33.9952
71030.6 33.9958
71052.6 33.9964
71074.6 33.997
71096.6 33.9975
71118.6 33.9981
71140.6 33.9987
71162.6 33.9992
71184.6 33.9998
71206.6 34.0004
71228.6 34.001
71250.6 34.0015
71272.6 34.0021
71294.6 34.0027
71316.6 34.0033
71338.6 34.0038
71360.6 34.0044
71382.6 34.005
71404.6 34.0055
71426.6 34.0061
71448.7 34.0067
71470.7 34.0073
71492.7 34.0078
71514.7 34.0084
71536.7 34.009
71558.7 34.0095
71580.7 34.0101
71602.7 34.0107
71624.7 34.0112
71646.7 34.0118
71668.7 34.0124
71690.7 34.0129
71712.8 34.0135
71734.8 34.0141
71756.8 34.0146
71778.8 34.0152
71800.8 34.0158
71822.8 34.0163
71844.8 34.0169
71866.8 34.0175
71888.8 34.0181
71910.8 34.0186
71932.8 34.0192
71954.9 34.0198
71976.9 34.0203
71998.9 34.0209
72020.9 34.0214
72042.9 34.022
72064.9 34.0226
72087 34.0231
72109 34.0237
72131 34.0243
72153 34.0248
72175 34.0254
72197 34.026
72219 34.0265
72241.1 34.0271
72263.1 34.0277
72285.1 34.0282
72307.1 34.0288
72329.1 34.0294
72351.1 34.0299
72373.2 34.0305
72395.2 34.031
72417.2 34.0316
72439.2 34.0322
72461.3 34.0327
72483.3 34.0333
72505.3 34.0338
72527.3 34.0344
72549.4 34.035
72571.4 34.0355
72593.4 34.0361
72615.4 34.0366
72637.5 34.0372
72659.5 34.0378
72681.5 34.0383
72703.5 34.0389
72725.5 34.0395
72747.6 34.04
72769.6 34.0406
72791.6 34.0411
72813.6 34.0417
72835.7 34.0423
72857.7 34.0428
72879.7 34.0434
72901.8 34.0439
72923.8 34.0445
72945.8 34.045
72967.9 34.0456
72989.9 34.0462
73011.9 34.0467
73034 34.0473
73056 34.0478
73078 34.0484
73100.1 34.0489
73122.1 34.0495
73144.1 34.0501
73166.1 34.0506
73188.2 34.0512
73210.2 34.0517
73232.2 34.0523
73254.3 34.0528
73276.3 34.0534
73298.4 34.054
73320.4 34.0545
73342.4 34.0551
73364.5 34.0556
73386.5 34.0562
73408.5 34.0567
73430.6 34.0573
73452.6 34.0578
73474.7 34.0584
73496.7 34.0589
73518.7 34.0595
73540.8 34.06
73562.8 34.0606
73584.9 34.0612
73606.9 34.0617
73628.9 34.0623
73651 34.0628
73673 34.0634
73695.1 34.0639
73717.1 34.0645
73739.1 34.065
73761.2 34.0656
73783.2 34.0661
73805.3 34.0667
73827.3 34.0672
73849.4 34.0678
73871.4 34.0683
73893.5 34.0689
73915.5 34.0694
73937.6 34.07
73959.6 34.0705
73981.7 34.0711
74003.7 34.0716
74025.8 34.0722
74047.8 34.0727
74069.8 34.0733
74091.9 34.0738
74113.9 34.0744
74136 34.0749
74158 34.0755
74180.1 34.076
74202.1 34.0766
74224.2 34.0771
74246.2 34.0777
74268.3 34.0782
74290.3 34.0788
74312.4 34.0793
74334.5 34.0799
74356.5 34.0804
74378.6 34.081
74400.6 34.0815
74422.7 34.0821
74444.7 34.0826
74466.8 34.0831
74488.8 34.0837
74510.9 34.0842
74532.9 34.0848
74555 34.0853
74577.1 34.0859
74599.1 34.0864
74621.2 34.087
74643.2 34.0875
74665.3 34.0881
74687.3 34.0886
74709.4 34.0891
74731.5 34.0897
74753.5 34.0902
74775.6 34.0908
74797.6 34.0913
74819.7 34.0919
74841.8 34.0924
74863.8 34.093
74885.9 34.0935
74908 34.094
74930 34.0946
74952.1 34.0951
74974.1 34.0957
74996.2 34.0962
75018.3 34.0968
75040.3 34.0973
75062.4 34.0978
75084.5 34.0984
75106.5 34.0989
75128.6 34.0995
75150.6 34.1
75172.7 34.1005
75194.8 34.1011
75216.9 34.1016
75238.9 34.1022
75261 34.1027
75283.1 34.1033
75305.1 34.1038
75327.2 34.1043
75349.3 34.1049
75371.4 34.1054
75393.4 34.106
75415.5 34.1065
75437.6 34.107
75459.6 34.1076
75481.7 34.1081
75503.8 34.1086
75525.8 34.1092
75547.9 34.1097
75570 34.1103
75592.1 34.1108
75614.1 34.1113
75636.2 34.1119
75658.3 34.1124
75680.4 34.1129
75702.4 34.1135
75724.5 34.114
75746.6 34.1146
75768.7 34.1151
75790.8 34.1156
75812.8 34.1162
75834.9 34.1167
75857 34.1173
75879.1 34.1178
75901.1 34.1183
75923.2 34.1189
75945.3 34.1194
75967.4 34.1199
75989.5 34.1205
76011.5 34.121
76033.6 34.1215
76055.7 34.1221
76077.8 34.1226
76099.8 34.1231
76121.9 34.1237
76144 34.1242
76166.1 34.1247
76188.2 34.1253
76210.3 34.1258
76232.4 34.1263
76254.4 34.1269
76276.5 34.1274
76298.6 34.1279
76320.7 34.1285
76342.8 34.129
76364.9 34.1295
76387 34.1301
76409 34.1306
76431.1 34.1311
76453.2 34.1317
76475.3 34.1322
76497.4 34.1327
76519.5 34.1333
76541.6 34.1338
76563.6 34.1343
76585.7 34.1348
76607.8 34.1354
76629.9 34.1359
76652 34.1364
76674.1 34.137
76696.2 34.1375
76718.3 34.138
76740.4 34.1386
76762.5 34.1391
76784.6 34.1396
76806.7 34.1402
76828.8 34.1407
76850.9 34.1412
76873 34.1417
76895 34.1423
76917.1 34.1428
76939.2 34.1433
76961.3 34.1439
76983.4 34.1444
77005.5 34.1449
77027.6 34.1454
77049.7 34.146
77071.8 34.1465
77093.9 34.147
77116 34.1475
77138.1 34.1481
77160.2 34.1486
77182.3 34.1491
77204.4 34.1497
77226.5 34.1502
77248.6 34.1507
77270.7 34.1512
77292.8 34.1518
77314.9 34.1523
77337 34.1528
77359.1 34.1533
77381.2 34.1539
77403.3 34.1544
77425.4 34.1549
77447.5 34.1554
77469.6 34.156
77491.7 34.1565
77513.8 34.157
77535.9 34.1575
77558 34.1581
77580.1 34.1586
77602.2 34.1591
77624.4 34.1596
77646.5 34.1602
77668.6 34.1607
77690.7 34.1612
77712.8 34.1617
77734.9 34.1622
77757 34.1628
77779.1 34.1633
77801.2 34.1638
77823.3 34.1643
77845.4 34.1649
77867.6 34.1654
77889.7 34.1659
77911.8 34.1664
77933.9 34.1669
77956 34.1675
77978.1 34.168
78000.2 34.1685
78022.3 34.169
78044.4 34.1696
78066.5 34.1701
78088.7 34.1706
78110.8 34.1711
78132.9 34.1716
78155 34.1722
78177.1 34.1727
78199.2 34.1732
78221.4 34.1737
78243.5 34.1742
78265.6 34.1747
78287.7 34.1753
78309.8 34.1758
78331.9 34.1763
78354.1 34.1768
78376.2 34.1773
78398.3 34.1779
78420.4 34.1784
78442.5 34.1789
78464.6 34.1794
78486.8 34.1799
78508.9 34.1805
78531 34.181
78553.1 34.1815
78575.2 34.182
78597.4 34.1825
78619.5 34.183
78641.6 34.1836
78663.7 34.1841
78685.9 34.1846
78708 34.1851
78730.1 34.1856
78752.2 34.1861
78774.4 34.1866
78796.5 34.1872
78818.6 34.1877
78840.7 34.1882
78862.9 34.1887
78885 34.1892
78907.1 34.1897
78929.2 34.1903
78951.4 34.1908
78973.5 34.1913
78995.6 34.1918
79017.7 34.1923
79039.9 34.1928
79062 34.1933
79084.1 34.1939
79106.2 34.1944
79128.4 34.1949
79150.5 34.1954
79172.6 34.1959
79194.8 34.1964
79216.9 34.1969
79239 34.1975
79261.2 34.198
79283.3 34.1985
79305.4 34.199
79327.6 34.1995
79349.7 34.2
79371.8 34.2005
79394 34.201
79416.1 34.2015
79438.2 34.2021
79460.4 34.2026
79482.5 34.2031
79504.6 34.2036
79526.8 34.2041
79548.9 34.2046
79571 34.2051
79593.2 34.2056
79615.3 34.2061
79637.5 34.2067
79659.6 34.2072
79681.7 34.2077
79703.9 34.2082
79726 34.2087
79748.2 34.2092
79770.3 34.2097
79792.4 34.2102
79814.6 34.2107
79836.7 34.2112
79858.9 34.2117
79881 34.2123
79903.1 34.2128
79925.3 34.2133
79947.4 34.2138
79969.6 34.2143
79991.7 34.2148
80013.8 34.2153
80036 34.2158
80058.1 34.2163
80080.3 34.2168
80102.4 34.2173
80124.6 34.2178
80146.7 34.2183
80168.9 34.2188
80191 34.2194
80213.2 34.2199
80235.3 34.2204
80257.5 34.2209
80279.6 34.2214
80301.8 34.2219
80323.9 34.2224
80346 34.2229
80368.2 34.2234
80390.3 34.2239
80412.5 34.2244
80434.6 34.2249
80456.8 34.2254
80478.9 34.2259
80501.1 34.2264
80523.2 34.2269
80545.4 34.2274
80567.5 34.2279
80589.7 34.2284
80611.8 34.2289
80634 34.2295
80656.1 34.23
80678.3 34.2305
80700.5 34.231
80722.6 34.2315
80744.8 34.232
80766.9 34.2325
80789.1 34.233
80811.2 34.2335
80833.4 34.234
80855.5 34.2345
80877.7 34.235
80899.9 34.2355
80922 34.236
80944.2 34.2365
80966.3 34.237
80988.5 34.2375
81010.6 34.238
81032.8 34.2385
81055 34.239
81077.1 34.2395
81099.3 34.24
81121.4 34.2405
81143.6 34.241
81165.8 34.2415
81187.9 34.242
81210.1 34.2425
81232.2 34.243
81254.4 34.2435
81276.6 34.244
81298.7 34.2445
81320.9 34.245
81343.1 34.2455
81365.2 34.246
81387.4 34.2465
81409.6 34.247
81431.7 34.2475
81453.9 34.248
81476 34.2485
81498.2 34.249
81520.4 34.2495
81542.5 34.25
81564.7 34.2505
81586.9 34.251
81609 34.2515
81631.2 34.252
81653.4 34.2525
81675.5 34.253
81697.7 34.2535
81719.9 34.254
81742.1 34.2544
81764.2 34.2549
81786.4 34.2554
81808.6 34.2559
81830.7 34.2564
81852.9 34.2569
81875.1 34.2574
81897.3 34.2579
81919.4 34.2584
81941.6 34.2589
81963.8 34.2594
81985.9 34.2599
82008.1 34.2604
82030.3 34.2609
82052.5 34.2614
82074.6 34.2619
82096.8 34.2624
82119 34.2629
82141.1 34.2634
82163.3 34.2639
82185.5 34.2644
82207.7 34.2648
82229.9 34.2653
82252 34.2658
82274.2 34.2663
82296.4 34.2668
82318.6 34.2673
82340.8 34.2678
82362.9 34.2683
82385.1 34.2688
82407.3 34.2693
82429.5 34.2698
82451.7 34.2703
82473.8 34.2708
82496 34.2712
82518.2 34.2717
82540.4 34.2722
82562.6 34.2727
82584.7 34.2732
82606.9 34.2737
82629.1 34.2742
82651.3 34.2747
82673.5 34.2752
82695.6 34.2757
82717.8 34.2762
82740 34.2767
82762.2 34.2771
82784.4 34.2776
82806.6 34.2781
82828.8 34.2786
82850.9 34.2791
82873.1 34.2796
82895.3 34.2801
82917.5 34.2806
82939.7 34.2811
82961.9 34.2815
82984.1 34.282
83006.3 34.2825
83028.4 34.283
83050.6 34.2835
83072.8 34.284
83095 34.2845
83117.2 34.285
83139.4 34.2854
83161.6 34.2859
83183.8 34.2864
83205.9 34.2869
83228.1 34.2874
83250.3 34.2879
83272.5 34.2884
83294.7 34.2889
83316.9 34.2894
83339.1 34.2898
83361.3 34.2903
83383.5 34.2908
83405.7 34.2913
83427.9 34.2918
83450.1 34.2923
83472.3 34.2928
83494.5 34.2932
83516.7 34.2937
83538.9 34.2942
83561.1 34.2947
83583.3 34.2952
83605.5 34.2957
83627.6 34.2961
83649.8 34.2966
83672 34.2971
83694.2 34.2976
83716.4 34.2981
83738.6 34.2986
83760.8 34.2991
83783 34.2995
83805.2 34.3
83827.4 34.3005
83849.6 34.301
83871.8 34.3015
83894 34.302
83916.2 34.3024
83938.4 34.3029
83960.6 34.3034
83982.9 34.3039
84005.1 34.3044
84027.3 34.3049
84049.5 34.3053
84071.7 34.3058
84093.9 34.3063
84116.1 34.3068
84138.3 34.3073
84160.5 34.3078
84182.7 34.3082
84204.9 34.3087
84227.1 34.3092
84249.3 34.3097
84271.5 34.3102
84293.7 34.3106
84315.9 34.3111
84338.1 34.3116
84360.3 34.3121
84382.5 34.3126
84404.8 34.313
84427 34.3135
84449.2 34.314
84471.4 34.3145
84493.6 34.315
84515.8 34.3154
84538 34.3159
84560.2 34.3164
84582.4 34.3169
84604.6 34.3174
84626.9 34.3178
84649.1 34.3183
84671.3 34.3188
84693.5 34.3193
84715.7 34.3198
84737.9 34.3202
84760.1 34.3207
84782.3 34.3212
84804.5 34.3217
84826.8 34.3221
84849 34.3226
84871.2 34.3231
84893.4 34.3236
84915.6 34.3241
84937.8 34.3245
84960.1 34.325
84982.3 34.3255
85004.5 34.326
85026.7 34.3264
85048.9 34.3269
85071.2 34.3274
85093.4 34.3279
85115.6 34.3283
85137.8 34.3288
85160 34.3293
85182.3 34.3298
85204.5 34.3302
85226.7 34.3307
85248.9 34.3312
85271.1 34.3317
85293.3 34.3322
85315.6 34.3326
85337.8 34.3331
85360 34.3336
85382.2 34.3341
85404.4 34.3345
85426.7 34.335
85448.9 34.3355
85471.1 34.3359
85493.4 34.3364
85515.6 34.3369
85537.8 34.3374
85560 34.3378
85582.3 34.3383
85604.5 34.3388
85626.7 34.3393
85648.9 34.3397
85671.2 34.3402
85693.4 34.3407
85715.6 34.3412
85737.8 34.3416
85760.1 34.3421
85782.3 34.3426
85804.5 34.343
85826.8 34.3435
85849 34.344
85871.2 34.3445
85893.4 34.3449
85915.7 34.3454
85937.9 34.3459
85960.1 34.3464
85982.4 34.3468
86004.6 34.3473
86026.8 34.3478
86049.1 34.3482
86071.3 34.3487
86093.5 34.3492
86115.8 34.3496
86138 34.3501
86160.2 34.3506
86182.5 34.3511
86204.7 34.3515
86226.9 34.352
86249.2 34.3525
86271.4 34.3529
86293.6 34.3534
86315.9 34.3539
86338.1 34.3543
86360.3 34.3548
86382.6 34.3553
86404.8 34.3557
86427 34.3562
86449.3 34.3567
86471.5 34.3572
86493.7 34.3576
86516 34.3581
86538.2 34.3586
86560.5 34.359
86582.7 34.3595
86605 34.36
86627.2 34.3604
86649.4 34.3609
86671.7 34.3614
86693.9 34.3618
86716.2 34.3623
86738.4 34.3628
86760.6 34.3632
86782.9 34.3637
86805.1 34.3642
86827.4 34.3646
86849.6 34.3651
86871.9 34.3656
86894.1 34.366
86916.3 34.3665
86938.6 34.367
86960.8 34.3674
86983.1 34.3679
87005.3 34.3684
87027.6 34.3688
87049.8 34.3693
87072 34.3698
87094.3 34.3702
87116.5 34.3707
87138.8 34.3712
87161 34.3716
87183.3 34.3721
87205.5 34.3725
87227.8 34.373
87250 34.3735
87272.3 34.3739
87294.5 34.3744
87316.8 34.3749
87339 34.3753
87361.3 34.3758
87383.5 34.3763
87405.8 34.3767
87428 34.3772
87450.3 34.3777
87472.5 34.3781
87494.8 34.3786
87517 34.379
87539.3 34.3795
87561.5 34.38
87583.8 34.3804
87606 34.3809
87628.3 34.3813
87650.6 34.3818
87672.8 34.3823
87695.1 34.3827
87717.3 34.3832
87739.6 34.3837
87761.9 34.3841
87784.1 34.3846
87806.4 34.385
87828.6 34.3855
87850.9 34.386
87873.1 34.3864
87895.4 34.3869
87917.7 34.3873
87939.9 34.3878
87962.2 34.3883
87984.4 34.3887
88006.7 34.3892
88028.9 34.3897
88051.2 34.3901
88073.5 34.3906
88095.7 34.391
88118 34.3915
88140.2 34.3919
88162.5 34.3924
88184.8 34.3929
88207 34.3933
88229.3 34.3938
88251.5 34.3942
88273.8 34.3947
88296.1 34.3952
88318.3 34.3956
88340.6 34.3961
88362.9 34.3965
88385.1 34.397
88407.4 34.3974
88429.7 34.3979
88451.9 34.3984
88474.2 34.3988
88496.5 34.3993
88518.7 34.3997
88541 34.4002
88563.3 34.4006
88585.5 34.4011
88607.8 34.4016
88630.1 34.402
88652.3 34.4025
88674.6 34.4029
88696.9 34.4034
88719.1 34.4039
88741.4 34.4043
88763.7 34.4048
88785.9 34.4052
88808.2 34.4057
88830.5 34.4061
88852.8 34.4066
88875 34.407
88897.3 34.4075
88919.6 34.4079
88941.9 34.4084
88964.1 34.4089
88986.4 34.4093
89008.7 34.4098
89030.9 34.4102
89053.2 34.4107
89075.5 34.4111
89097.8 34.4116
89120 34.412
89142.3 34.4125
89164.6 34.4129
89186.9 34.4134
89209.1 34.4138
89231.4 34.4143
89253.7 34.4148
89276 34.4152
89298.2 34.4157
89320.5 34.4161
89342.8 34.4166
89365.1 34.417
89387.3 34.4175
89409.6 34.4179
89431.9 34.4184
89454.2 34.4188
89476.5 34.4193
89498.8 34.4198
89521 34.4202
89543.3 34.4207
89565.6 34.4211
89587.9 34.4216
89610.2 34.422
89632.4 34.4225
89654.7 34.4229
89677 34.4234
89699.3 34.4238
89721.6 34.4243
89743.8 34.4247
89766.1 34.4252
89788.4 34.4256
89810.7 34.4261
89833 34.4265
89855.3 34.427
89877.5 34.4274
89899.8 34.4279
89922.1 34.4283
89944.4 34.4288
89966.7 34.4292
89989 34.4297
90011.3 34.4301
90033.5 34.4306
90055.8 34.431
90078.1 34.4315
90100.4 34.4319
90122.7 34.4324
90145 34.4328
90167.3 34.4333
90189.6 34.4337
90211.9 34.4342
90234.1 34.4346
90256.4 34.4351
90278.7 34.4355
90301 34.436
90323.3 34.4364
90345.6 34.4368
90367.9 34.4373
90390.2 34.4377
90412.5 34.4382
90434.8 34.4386
90457 34.4391
90479.3 34.4395
90501.6 34.44
90523.9 34.4404
90546.2 34.4409
90568.5 34.4413
90590.8 34.4418
90613.1 34.4422
90635.4 34.4426
90657.7 34.4431
90680 34.4435
90702.3 34.444
90724.6 34.4444
90746.9 34.4449
90769.2 34.4453
90791.5 34.4458
90813.8 34.4462
90836.1 34.4467
90858.4 34.4471
90880.7 34.4476
90903 34.448
90925.3 34.4484
90947.6 34.4489
90969.9 34.4493
90992.2 34.4498
91014.5 34.4502
91036.8 34.4507
91059 34.4511
91081.3 34.4516
91103.6 34.452
91126 34.4524
91148.3 34.4529
91170.6 34.4533
91192.9 34.4538
91215.2 34.4542
91237.5 34.4547
91259.8 34.4551
91282.1 34.4555
91304.4 34.456
91326.7 34.4564
91349 34.4569
91371.3 34.4573
91393.6 34.4578
91415.9 34.4582
91438.2 34.4586
91460.5 34.4591
91482.8 34.4595
91505.1 34.46
91527.4 34.4604
91549.7 34.4609
91572 34.4613
91594.4 34.4617
91616.7 34.4622
91639 34.4626
91661.3 34.4631
91683.6 34.4635
91705.9 34.464
91728.2 34.4644
91750.5 34.4648
91772.8 34.4653
91795.1 34.4657
91817.5 34.4662
91839.8 34.4666
91862.1 34.467
91884.4 34.4675
91906.7 34.4679
91929 34.4683
91951.3 34.4688
91973.6 34.4692
91996 34.4697
92018.3 34.4701
92040.6 34.4705
92062.9 34.471
92085.2 34.4714
92107.5 34.4719
92129.8 34.4723
92152.1 34.4727
92174.5 34.4732
92196.8 34.4736
92219.1 34.4741
92241.4 34.4745
92263.7 34.4749
92286 34.4754
92308.3 34.4758
92330.7 34.4762
92353 34.4767
92375.3 34.4771
92397.6 34.4776
92419.9 34.478
92442.3 34.4784
92464.6 34.4789
92486.9 34.4793
92509.2 34.4798
92531.5 34.4802
92553.9 34.4806
92576.2 34.4811
92598.5 34.4815
92620.8 34.4819
92643.1 34.4824
92665.5 34.4828
92687.8 34.4832
92710.1 34.4837
92732.4 34.4841
92754.8 34.4845
92777.1 34.485
92799.4 34.4854
92821.7 34.4859
92844 34.4863
92866.4 34.4867
92888.7 34.4872
92911 34.4876
92933.3 34.488
92955.7 34.4885
92978 34.4889
93000.3 34.4893
93022.6 34.4898
93045 34.4902
93067.3 34.4906
93089.6 34.4911
93112 34.4915
93134.3 34.4919
93156.6 34.4924
93178.9 34.4928
93201.3 34.4932
93223.6 34.4937
93245.9 34.4941
93268.3 34.4945
93290.6 34.495
93312.9 34.4954
93335.2 34.4959
93357.6 34.4963
93379.9 34.4967
93402.2 34.4971
93424.6 34.4976
93446.9 34.498
93469.2 34.4984
93491.5 34.4989
93513.9 34.4993
93536.2 34.4997
93558.6 34.5002
93580.9 34.5006
93603.2 34.501
93625.6 34.5015
93647.9 34.5019
93670.2 34.5023
93692.6 34.5028
93714.9 34.5032
93737.2 34.5036
93759.6 34.504
93781.9 34.5045
93804.3 34.5049
93826.6 34.5053
93848.9 34.5058
93871.3 34.5062
93893.6 34.5066
93915.9 34.5071
93938.3 34.5075
93960.6 34.5079
93982.9 34.5084
94005.3 34.5088
94027.6 34.5092
94049.9 34.5096
94072.3 34.5101
94094.6 34.5105
94117 34.5109
94139.3 34.5114
94161.7 34.5118
94184 34.5122
94206.3 34.5127
94228.7 34.5131
94251 34.5135
94273.4 34.5139
94295.7 34.5144
94318.1 34.5148
94340.4 34.5152
94362.8 34.5156
94385.1 34.5161
94407.4 34.5165
94429.8 34.5169
94452.1 34.5174
94474.5 34.5178
94496.8 34.5182
94519.2 34.5186
94541.5 34.5191
94563.8 34.5195
94586.2 34.5199
94608.5 34.5203
94630.9 34.5208
94653.2 34.5212
94675.6 34.5216
94697.9 34.5221
94720.3 34.5225
94742.6 34.5229
94765 34.5233
94787.3 34.5238
94809.7 34.5242
94832 34.5246
94854.4 34.525
94876.7 34.5255
94899.1 34.5259
94921.4 34.5263
94943.8 34.5268
94966.1 34.5272
94988.5 34.5276
95010.8 34.528
95033.2 34.5285
95055.5 34.5289
95077.9 34.5293
95100.2 34.5297
95122.6 34.5301
95144.9 34.5306
95167.3 34.531
95189.6 34.5314
95212 34.5318
95234.4 34.5323
95256.7 34.5327
95279.1 34.5331
95301.4 34.5335
95323.8 34.534
95346.1 34.5344
95368.5 34.5348
95390.8 34.5352
95413.2 34.5356
95435.6 34.5361
95457.9 34.5365
95480.3 34.5369
95502.6 34.5373
95525 34.5378
95547.4 34.5382
95569.7 34.5386
95592.1 34.539
95614.4 34.5395
95636.8 34.5399
95659.2 34.5403
95681.5 34.5407
95703.9 34.5412
95726.2 34.5416
95748.6 34.542
95771 34.5424
95793.3 34.5428
95815.7 34.5433
95838 34.5437
95860.4 34.5441
95882.8 34.5445
95905.1 34.5449
95927.5 34.5454
95949.8 34.5458
95972.2 34.5462
95994.6 34.5466
96016.9 34.547
96039.3 34.5475
96061.7 34.5479
96084 34.5483
96106.4 34.5487
96128.8 34.5491
96151.1 34.5496
96173.5 34.55
96195.9 34.5504
96218.3 34.5508
96240.6 34.5512
96263 34.5517
96285.4 34.5521
96307.7 34.5525
96330.1 34.5529
96352.5 34.5533
96374.8 34.5538
96397.2 34.5542
96419.6 34.5546
96441.9 34.555
96464.3 34.5554
96486.7 34.5559
96509 34.5563
96531.4 34.5567
96553.8 34.5571
96576.1 34.5575
96598.5 34.558
96620.9 34.5584
96643.3 34.5588
96665.6 34.5592
96688 34.5596
96710.4 34.56
96732.8 34.5605
96755.1 34.5609
96777.5 34.5613
96799.9 34.5617
96822.3 34.5621
96844.6 34.5625
96867 34.563
96889.4 34.5634
96911.8 34.5638
96934.1 34.5642
96956.5 34.5646
96978.9 34.565
97001.3 34.5654
97023.6 34.5659
97046 34.5663
97068.4 34.5667
97090.8 34.5671
97113.1 34.5675
97135.5 34.5679
97157.9 34.5684
97180.3 34.5688
97202.6 34.5692
97225 34.5696
97247.4 34.57
97269.8 34.5704
97292.2 34.5709
97314.6 34.5713
97336.9 34.5717
97359.3 34.5721
97381.7 34.5725
97404.1 34.5729
97426.5 34.5733
97448.9 34.5738
97471.2 34.5742
97493.6 34.5746
97516 34.575
97538.4 34.5754
97560.8 34.5758
97583.2 34.5762
97605.5 34.5767
97627.9 34.5771
97650.3 34.5775
97672.7 34.5779
97695.1 34.5783
97717.5 34.5787
97739.8 34.5791
97762.2 34.5795
97784.6 34.58
97807 34.5804
97829.4 34.5808
97851.8 34.5812
97874.2 34.5816
97896.5 34.582
97918.9 34.5824
97941.3 34.5828
97963.7 34.5832
97986.1 34.5837
98008.5 34.5841
98030.9 34.5845
98053.3 34.5849
98075.7 34.5853
98098.1 34.5857
98120.5 34.5861
98142.8 34.5865
98165.2 34.587
98187.6 34.5874
98210 34.5878
98232.4 34.5882
98254.8 34.5886
98277.2 34.589
98299.6 34.5894
98322 34.5898
98344.4 34.5903
98366.8 34.5907
98389.1 34.5911
98411.5 34.5915
98433.9 34.5919
98456.3 34.5923
98478.7 34.5927
98501.1 34.5931
98523.5 34.5935
98545.9 34.5939
98568.3 34.5943
98590.7 34.5947
98613.1 34.5952
98635.5 34.5956
98657.9 34.596
98680.3 34.5964
98702.7 34.5968
98725.1 34.5972
98747.5 34.5976
98769.9 34.598
98792.3 34.5984
98814.7 34.5988
98837.1 34.5992
98859.5 34.5996
98881.9 34.6001
98904.3 34.6005
98926.7 34.6009
98949.1 34.6013
98971.5 34.6017
98993.9 34.6021
99016.3 34.6025
99038.7 34.6029
99061.1 34.6033
99083.5 34.6037
99105.9 34.6041
99128.3 34.6045
99150.7 34.605
99173.1 34.6054
99195.5 34.6058
99217.9 34.6062
99240.3 34.6066
99262.7 34.607
99285.1 34.6074
99307.5 34.6078
99329.9 34.6082
99352.4 34.6086
99374.8 34.609
99397.2 34.6094
99419.6 34.6098
99442 34.6102
99464.4 34.6106
99486.8 34.611
99509.2 34.6114
99531.6 34.6119
99554 34.6123
99576.4 34.6127
99598.8 34.6131
99621.2 34.6135
99643.6 34.6139
99666 34.6143
99688.4 34.6147
99710.9 34.6151
99733.3 34.6155
99755.7 34.6159
99778.1 34.6163
99800.5 34.6167
99822.9 34.6171
99845.3 34.6175
99867.7 34.6179
99890.2 34.6183
99912.6 34.6187
99935 34.6191
99957.4 34.6195
99979.8 34.6199
100002 34.6203
100025 34.6207
100047 34.6212
100069 34.6216
100092 34.622
100114 34.6224
100137 34.6228
100159 34.6232
100182 34.6236
100204 34.624
100226 34.6244
100249 34.6248
100271 34.6252
100294 34.6256
100316 34.626
100338 34.6264
100361 34.6268
100383 34.6272
100406 34.6276
100428 34.628
100451 34.6284
100473 34.6288
100495 34.6292
100518 34.6296
100540 34.63
100563 34.6304
100585 34.6308
100607 34.6312
100630 34.6316
100652 34.632
100675 34.6324
100697 34.6328
100720 34.6332
100742 34.6336
100764 34.634
100787 34.6344
100809 34.6348
100832 34.6352
100854 34.6356
100877 34.636
100899 34.6364
100921 34.6368
100944 34.6372
100966 34.6376
100989 34.638
101011 34.6384
101034 34.6388
101056 34.6392
101078 34.6396
101101 34.64
101123 34.6404
101146 34.6408
101168 34.6412
101191 34.6416
101213 34.642
101235 34.6424
101258 34.6428
101280 34.6432
101303 34.6436
101325 34.644
101348 34.6444
101370 34.6448
101392 34.6452
101415 34.6456
101437 34.646
101460 34.6464
101482 34.6468
101505 34.6472
101527 34.6475
101549 34.6479
101572 34.6483
101594 34.6487
101617 34.6491
101639 34.6495
101662 34.6499
101684 34.6503
101706 34.6507
101729 34.6511
101751 34.6515
101774 34.6519
101796 34.6523
101819 34.6527
101841 34.6531
101863 34.6535
101886 34.6539
101908 34.6543
101931 34.6547
101953 34.6551
101976 34.6555
101998 34.6559
102021 34.6563
102043 34.6567
102065 34.6571
102088 34.6575
102110 34.6579
102133 34.6583
102155 34.6586
102178 34.659
102200 34.6594
102222 34.6598
102245 34.6602
102267 34.6606
102290 34.661
102312 34.6614
102335 34.6618
102357 34.6622
102380 34.6626
102402 34.663
102424 34.6634
102447 34.6638
102469 34.6641
102492 34.6645
102514 34.6649
102537 34.6653
102559 34.6657
102582 34.6661
102604 34.6665
102626 34.6669
102649 34.6673
102671 34.6677
102694 34.6681
102716 34.6685
102739 34.6689
102761 34.6693
102784 34.6696
102806 34.67
102828 34.6704
102851 34.6708
102873 34.6712
102896 34.6716
102918 34.672
102941 34.6724
102963 34.6728
102986 34.6732
103008 34.6736
103030 34.674
103053 34.6744
103075 34.6748
103098 34.6751
103120 34.6755
103143 34.6759
103165 34.6763
103188 34.6767
103210 34.6771
103233 34.6775
103255 34.6779
103277 34.6783
103300 34.6786
103322 34.679
103345 34.6794
103367 34.6798
103390 34.6802
103412 34.6806
103435 34.681
103457 34.6814
103480 34.6818
103502 34.6821
103524 34.6825
103547 34.6829
103569 34.6833
103592 34.6837
103614 34.6841
103637 34.6845
103659 34.6849
103682 34.6853
103704 34.6856
103726 34.686
103749 34.6864
103771 34.6868
103794 34.6872
103816 34.6876
103839 34.688
103861 34.6884
103884 34.6888
103906 34.6891
103929 34.6895
103951 34.6899
103974 34.6903
103996 34.6907
104018 34.6911
104041 34.6915
104063 34.6919
104086 34.6923
104108 34.6926
104131 34.693
104153 34.6934
104176 34.6938
104198 34.6942
104221 34.6946
104243 34.695
104266 34.6953
104288 34.6957
104310 34.6961
104333 34.6965
104355 34.6969
104378 34.6973
104400 34.6976
104423 34.698
104445 34.6984
104468 34.6988
104490 34.6992
104513 34.6996
104535 34.7
104558 34.7003
104580 34.7007
104603 34.7011
104625 34.7015
104647 34.7019
104670 34.7023
104692 34.7027
104715 34.703
104737 34.7034
104760 34.7038
104782 34.7042
