0 0
-0.283852 0.603218
-0.167762 1.20539
0.345379 1.80546
1.25202 2.40232
2.54796 2.99481
4.22836 3.58175
6.28778 4.16191
8.72013 4.73402
11.5188 5.2968
14.6764 5.84898
18.1853 6.38934
22.037 6.91674
26.2229 7.43013
30.7337 7.92862
35.5597 8.41145
40.6912 8.87807
46.1181 9.3281
51.8301 9.76135
57.8171 10.1778
64.0687 10.5775
70.575 10.9608
77.3258 11.3281
84.3116 11.6799
91.5227 12.0165
98.9501 12.3388
106.585 12.6472
114.419 12.9424
122.443 13.2251
130.651 13.4958
139.034 13.7553
147.585 14.004
156.299 14.2427
165.168 14.4717
174.187 14.6918
183.349 14.9033
192.649 15.1067
202.083 15.3025
211.646 15.4911
221.332 15.673
231.137 15.8483
241.058 16.0176
251.09 16.1812
261.23 16.3392
271.474 16.4921
281.818 16.6401
292.261 16.7834
302.798 16.9222
313.426 17.0569
324.144 17.1876
334.948 17.3144
345.835 17.4376
356.805 17.5574
367.853 17.6738
378.979 17.7871
390.179 17.8974
401.453 18.0048
412.798 18.1094
424.212 18.2114
435.694 18.3109
447.241 18.408
458.853 18.5027
470.528 18.5952
482.264 18.6855
494.061 18.7738
505.916 18.8602
517.828 18.9446
529.796 19.0272
541.819 19.108
553.896 19.1871
566.025 19.2646
578.206 19.3405
590.437 19.4149
602.717 19.4878
615.046 19.5593
627.423 19.6294
639.846 19.6982
652.315 19.7657
664.829 19.8319
677.386 19.897
689.987 19.9608
702.631 20.0236
715.316 20.0853
728.042 20.1458
740.809 20.2054
753.615 20.264
766.46 20.3216
779.344 20.3782
792.265 20.434
805.223 20.4888
818.218 20.5428
831.249 20.596
844.315 20.6483
857.416 20.6998
870.551 20.7506
883.72 20.8006
896.922 20.8499
910.157 20.8985
923.424 20.9463
936.724 20.9935
950.054 21.04
963.416 21.0859
976.808 21.1312
990.23 21.1758
1003.68 21.2198
1017.16 21.2633
1030.67 21.3062
1044.21 21.3485
1057.78 21.3903
1071.37 21.4315
1085 21.4722
1098.65 21.5125
1112.32 21.5522
1126.02 21.5914
1139.75 21.6302
1153.51 21.6685
1167.29 21.7063
1181.09 21.7437
1194.92 21.7806
1208.78 21.8172
1222.66 21.8533
1236.56 21.889
1250.49 21.9243
1264.44 21.9592
1278.41 21.9937
1292.41 22.0278
1306.43 22.0616
1320.47 22.095
1334.53 22.1281
1348.62 22.1608
1362.73 22.1931
1376.86 22.2251
1391.01 22.2568
1405.18 22.2882
1419.37 22.3192
1433.59 22.35
1447.82 22.3804
1462.07 22.4105
1476.35 22.4404
1490.64 22.4699
1504.96 22.4992
1519.29 22.5282
1533.64 22.5569
1548.02 22.5853
1562.41 22.6135
1576.82 22.6414
1591.24 22.669
1605.69 22.6964
1620.16 22.7236
1634.64 22.7505
1649.14 22.7771
1663.66 22.8035
1678.19 22.8297
1692.75 22.8557
1707.32 22.8814
1721.91 22.9069
1736.51 22.9322
1751.13 22.9573
1765.77 22.9822
1780.43 23.0068
1795.1 23.0313
1809.79 23.0555
1824.49 23.0796
1839.21 23.1035
1853.95 23.1271
1868.7 23.1506
1883.47 23.1739
1898.25 23.197
1913.05 23.2199
1927.86 23.2426
1942.69 23.2652
1957.53 23.2876
1972.39 23.3098
1987.27 23.3318
2002.15 23.3537
2017.06 23.3754
2031.97 23.397
2046.91 23.4183
2061.85 23.4396
2076.81 23.4606
2091.79 23.4816
2106.77 23.5023
2121.78 23.5229
2136.79 23.5434
2151.82 23.5637
2166.86 23.5839
2181.92 23.6039
2196.99 23.6238
2212.07 23.6436
2227.17 23.6632
2242.28 23.6827
2257.4 23.702
2272.53 23.7213
2287.68 23.7403
2302.84 23.7593
2318.02 23.7781
2333.2 23.7968
2348.4 23.8154
2363.61 23.8339
2378.83 23.8522
2394.07 23.8704
2409.32 23.8885
2424.58 23.9065
2439.85 23.9244
2455.13 23.9421
2470.42 23.9598
2485.73 23.9773
2501.05 23.9947
2516.38 24.012
2531.72 24.0292
2547.07 24.0463
2562.44 24.0633
2577.81 24.0802
2593.2 24.097
2608.6 24.1137
2624.01 24.1303
2639.43 24.1468
2654.86 24.1631
2670.3 24.1794
2685.76 24.1956
2701.22 24.2117
2716.69 24.2277
2732.18 24.2436
2747.68 24.2595
2763.18 24.2752
2778.7 24.2908
2794.23 24.3064
2809.76 24.3218
2825.31 24.3372
2840.87 24.3525
2856.44 24.3677
2872.02 24.3828
2887.61 24.3978
2903.21 24.4128
2918.81 24.4276
2934.43 24.4424
2950.06 24.4571
2965.7 24.4718
2981.35 24.4863
2997.01 24.5008
3012.67 24.5152
3028.35 24.5295
3044.04 24.5437
3059.73 24.5579
3075.44 24.572
3091.15 24.586
3106.88 24.5999
3122.61 24.6138
3138.35 24.6276
3154.1 24.6413
3169.87 24.655
3185.64 24.6686
3201.41 24.6821
3217.2 24.6955
3233 24.7089
3248.81 24.7222
3264.62 24.7355
3280.44 24.7487
3296.28 24.7618
3312.12 24.7749
3327.97 24.7878
3343.83 24.8008
3359.69 24.8136
3375.57 24.8264
3391.46 24.8392
3407.35 24.8519
3423.25 24.8645
3439.16 24.877
3455.08 24.8895
3471 24.902
3486.94 24.9144
3502.88 24.9267
3518.83 24.939
3534.79 24.9512
3550.76 24.9633
3566.74 24.9754
3582.72 24.9875
3598.71 24.9995
3614.71 25.0114
3630.72 25.0233
3646.73 25.0351
3662.76 25.0469
3678.79 25.0586
3694.83 25.0702
3710.87 25.0819
3726.93 25.0934
3742.99 25.1049
3759.06 25.1164
3775.14 25.1278
3791.22 25.1392
3807.32 25.1505
3823.42 25.1617
3839.53 25.173
3855.64 25.1841
3871.76 25.1952
3887.89 25.2063
3904.03 25.2173
3920.18 25.2283
3936.33 25.2392
3952.49 25.2501
3968.66 25.261
3984.83 25.2718
4001.01 25.2825
4017.2 25.2932
4033.4 25.3039
4049.6 25.3145
4065.81 25.3251
4082.02 25.3356
4098.25 25.3461
4114.48 25.3565
4130.72 25.3669
4146.96 25.3773
4163.21 25.3876
4179.47 25.3979
4195.74 25.4081
4212.01 25.4183
4228.29 25.4284
4244.57 25.4386
4260.87 25.4486
4277.16 25.4587
4293.47 25.4687
4309.78 25.4786
4326.1 25.4885
4342.43 25.4984
4358.76 25.5083
4375.1 25.5181
4391.44 25.5278
4407.8 25.5375
4424.15 25.5472
4440.52 25.5569
4456.89 25.5665
4473.27 25.5761
4489.65 25.5856
4506.04 25.5951
4522.44 25.6046
4538.84 25.6141
4555.25 25.6235
4571.67 25.6328
4588.09 25.6422
4604.52 25.6515
4620.95 25.6607
4637.39 25.67
4653.84 25.6792
4670.29 25.6883
4686.75 25.6975
4703.22 25.7066
4719.69 25.7156
4736.17 25.7246
4752.65 25.7337
4769.14 25.7426
4785.63 25.7516
4802.13 25.7605
4818.64 25.7693
4835.15 25.7782
4851.67 25.787
4868.2 25.7958
4884.73 25.8045
4901.27 25.8132
4917.81 25.8219
4934.36 25.8306
4950.91 25.8392
4967.47 25.8478
4984.03 25.8564
5000.6 25.8649
5017.18 25.8734
5033.76 25.8819
5050.35 25.8904
5066.95 25.8988
5083.54 25.9072
5100.15 25.9156
5116.76 25.9239
5133.38 25.9322
5150 25.9405
5166.63 25.9488
5183.26 25.957
5199.9 25.9652
5216.54 25.9734
5233.19 25.9815
5249.84 25.9897
5266.5 25.9978
5283.17 26.0058
5299.84 26.0139
5316.51 26.0219
5333.19 26.0299
5349.88 26.0379
5366.57 26.0458
5383.27 26.0537
5399.97 26.0616
5416.68 26.0695
5433.39 26.0773
5450.11 26.0851
5466.84 26.0929
5483.56 26.1007
5500.3 26.1084
5517.04 26.1161
5533.78 26.1238
5550.53 26.1315
5567.28 26.1391
5584.04 26.1468
5600.81 26.1544
5617.58 26.1619
5634.35 26.1695
5651.13 26.177
5667.92 26.1845
5684.71 26.192
5701.5 26.1995
5718.3 26.2069
5735.11 26.2143
5751.92 26.2217
5768.73 26.2291
5785.55 26.2364
5802.37 26.2438
5819.2 26.2511
5836.04 26.2584
5852.88 26.2656
5869.72 26.2729
5886.57 26.2801
5903.42 26.2873
5920.28 26.2944
5937.14 26.3016
5954.01 26.3087
5970.88 26.3158
5987.76 26.3229
6004.64 26.33
6021.53 26.3371
6038.42 26.3441
6055.32 26.3511
6072.22 26.3581
6089.12 26.3651
6106.03 26.372
6122.95 26.3789
6139.87 26.3859
6156.79 26.3928
6173.72 26.3996
6190.65 26.4065
6207.59 26.4133
6224.53 26.4201
6241.48 26.4269
6258.43 26.4337
6275.39 26.4405
6292.35 26.4472
6309.31 26.4539
6326.28 26.4606
6343.25 26.4673
6360.23 26.474
6377.22 26.4806
6394.2 26.4872
6411.19 26.4938
6428.19 26.5004
6445.19 26.507
6462.2 26.5136
6479.21 26.5201
6496.22 26.5266
6513.24 26.5331
6530.26 26.5396
6547.29 26.5461
6564.32 26.5525
6581.35 26.559
6598.39 26.5654
6615.43 26.5718
6632.48 26.5782
6649.53 26.5845
6666.59 26.5909
6683.65 26.5972
6700.72 26.6035
6717.78 26.6098
6734.86 26.6161
6751.94 26.6224
6769.02 26.6286
6786.1 26.6348
6803.19 26.6411
6820.29 26.6473
6837.39 26.6535
6854.49 26.6596
6871.59 26.6658
6888.7 26.6719
6905.82 26.678
6922.94 26.6841
6940.06 26.6902
6957.19 26.6963
6974.32 26.7024
6991.45 26.7084
7008.59 26.7144
7025.74 26.7204
7042.88 26.7264
7060.03 26.7324
7077.19 26.7384
7094.35 26.7444
7111.51 26.7503
7128.68 26.7562
7145.85 26.7621
7163.02 26.768
7180.2 26.7739
7197.38 26.7798
7214.57 26.7856
7231.76 26.7915
7248.96 26.7973
7266.15 26.8031
7283.36 26.8089
7300.56 26.8147
7317.77 26.8204
7334.99 26.8262
7352.2 26.8319
7369.42 26.8376
7386.65 26.8433
7403.88 26.849
7421.11 26.8547
7438.35 26.8604
7455.59 26.8661
7472.83 26.8717
7490.08 26.8773
7507.33 26.8829
7524.59 26.8885
7541.85 26.8941
7559.11 26.8997
7576.38 26.9053
7593.65 26.9108
7610.92 26.9164
7628.2 26.9219
7645.48 26.9274
7662.76 26.9329
7680.05 26.9384
7697.34 26.9438
7714.64 26.9493
7731.94 26.9548
7749.24 26.9602
7766.55 26.9656
7783.86 26.971
7801.17 26.9764
7818.49 26.9818
7835.81 26.9872
7853.14 26.9925
7870.47 26.9979
7887.8 27.0032
7905.13 27.0085
7922.47 27.0139
7939.82 27.0192
7957.16 27.0244
7974.51 27.0297
7991.87 27.035
8009.22 27.0402
8026.58 27.0455
8043.95 27.0507
8061.31 27.0559
8078.68 27.0611
8096.06 27.0663
8113.44 27.0715
8130.82 27.0767
8148.2 27.0818
8165.59 27.087
8182.98 27.0921
8200.37 27.0973
8217.77 27.1024
8235.17 27.1075
8252.58 27.1126
8269.99 27.1176
8287.4 27.1227
8304.81 27.1278
8322.23 27.1328
8339.66 27.1379
8357.08 27.1429
8374.51 27.1479
8391.94 27.1529
8409.38 27.1579
8426.81 27.1629
8444.26 27.1679
8461.7 27.1728
8479.15 27.1778
8496.6 27.1827
8514.06 27.1877
8531.52 27.1926
8548.98 27.1975
8566.44 27.2024
8583.91 27.2073
8601.38 27.2122
8618.86 27.217
8636.34 27.2219
8653.82 27.2267
8671.3 27.2316
8688.79 27.2364
8706.28 27.2412
8723.77 27.246
8741.27 27.2508
8758.77 27.2556
8776.28 27.2604
8793.78 27.2652
8811.29 27.2699
8828.81 27.2747
8846.32 27.2794
8863.84 27.2841
8881.37 27.2889
8898.89 27.2936
8916.42 27.2983
8933.95 27.303
8951.49 27.3077
8969.03 27.3123
8986.57 27.317
9004.11 27.3216
9021.66 27.3263
9039.21 27.3309
9056.77 27.3356
9074.32 27.3402
9091.88 27.3448
9109.45 27.3494
9127.01 27.354
9144.58 27.3585
9162.15 27.3631
9179.73 27.3677
9197.31 27.3722
9214.89 27.3768
9232.47 27.3813
9250.06 27.3858
9267.65 27.3904
9285.25 27.3949
9302.84 27.3994
9320.44 27.4039
9338.04 27.4083
9355.65 27.4128
9373.26 27.4173
9390.87 27.4217
9408.48 27.4262
9426.1 27.4306
9443.72 27.4351
9461.34 27.4395
9478.97 27.4439
9496.6 27.4483
9514.23 27.4527
9531.87 27.4571
9549.5 27.4615
9567.14 27.4658
9584.79 27.4702
9602.43 27.4745
9620.08 27.4789
9637.74 27.4832
9655.39 27.4876
9673.05 27.4919
9690.71 27.4962
9708.38 27.5005
9726.04 27.5048
9743.71 27.5091
9761.38 27.5134
9779.06 27.5177
9796.74 27.5219
9814.42 27.5262
9832.11 27.5304
9849.79 27.5347
9867.48 27.5389
9885.17 27.5431
9902.87 27.5473
9920.57 27.5516
9938.27 27.5558
9955.97 27.56
9973.68 27.5641
9991.39 27.5683
10009.1 27.5725
10026.8 27.5767
10044.5 27.5808
10062.3 27.585
10080 27.5891
10097.7 27.5933
10115.4 27.5974
10133.2 27.6015
10150.9 27.6056
10168.6 27.6097
10186.4 27.6138
10204.1 27.6179
10221.9 27.622
10239.6 27.6261
10257.4 27.6301
10275.1 27.6342
10292.9 27.6382
10310.6 27.6423
10328.4 27.6463
10346.2 27.6504
10363.9 27.6544
10381.7 27.6584
10399.5 27.6624
10417.2 27.6664
10435 27.6704
10452.8 27.6744
10470.6 27.6784
10488.4 27.6824
10506.2 27.6863
10523.9 27.6903
10541.7 27.6942
10559.5 27.6982
10577.3 27.7021
10595.1 27.7061
10612.9 27.71
10630.7 27.7139
10648.6 27.7178
10666.4 27.7217
10684.2 27.7256
10702 27.7295
10719.8 27.7334
10737.6 27.7373
10755.5 27.7412
10773.3 27.745
10791.1 27.7489
10809 27.7527
10826.8 27.7566
10844.6 27.7604
10862.5 27.7643
10880.3 27.7681
10898.2 27.7719
10916 27.7757
10933.9 27.7795
10951.7 27.7833
10969.6 27.7871
10987.4 27.7909
11005.3 27.7947
11023.1 27.7985
11041 27.8023
11058.9 27.806
11076.8 27.8098
11094.6 27.8135
11112.5 27.8173
11130.4 27.821
11148.3 27.8247
11166.1 27.8285
11184 27.8322
11201.9 27.8359
11219.8 27.8396
11237.7 27.8433
11255.6 27.847
11273.5 27.8507
11291.4 27.8544
11309.3 27.8581
11327.2 27.8617
11345.1 27.8654
11363 27.8691
11380.9 27.8727
11398.8 27.8764
11416.8 27.88
11434.7 27.8836
11452.6 27.8873
11470.5 27.8909
11488.5 27.8945
11506.4 27.8981
11524.3 27.9017
11542.3 27.9053
11560.2 27.9089
11578.1 27.9125
11596.1 27.9161
11614 27.9197
11632 27.9233
11649.9 27.9268
11667.9 27.9304
11685.8 27.9339
11703.8 27.9375
11721.7 27.941
11739.7 27.9446
11757.7 27.9481
11775.6 27.9516
11793.6 27.9552
11811.6 27.9587
11829.5 27.9622
11847.5 27.9657
11865.5 27.9692
11883.5 27.9727
11901.4 27.9762
11919.4 27.9797
11937.4 27.9831
11955.4 27.9866
11973.4 27.9901
11991.4 27.9935
12009.4 27.997
12027.4 28.0004
12045.4 28.0039
12063.4 28.0073
12081.4 28.0108
12099.4 28.0142
12117.4 28.0176
12135.4 28.021
12153.4 28.0244
12171.5 28.0279
12189.5 28.0313
12207.5 28.0347
12225.5 28.0381
12243.5 28.0414
12261.6 28.0448
12279.6 28.0482
12297.6 28.0516
12315.7 28.0549
12333.7 28.0583
12351.7 28.0617
12369.8 28.065
12387.8 28.0684
12405.9 28.0717
12423.9 28.075
12442 28.0784
12460 28.0817
12478.1 28.085
12496.1 28.0883
12514.2 28.0917
12532.3 28.095
12550.3 28.0983
12568.4 28.1016
12586.4 28.1049
12604.5 28.1081
12622.6 28.1114
12640.7 28.1147
12658.7 28.118
12676.8 28.1212
12694.9 28.1245
12713 28.1278
12731.1 28.131
12749.2 28.1343
12767.2 28.1375
12785.3 28.1408
12803.4 28.144
12821.5 28.1472
12839.6 28.1504
12857.7 28.1537
12875.8 28.1569
12893.9 28.1601
12912 28.1633
12930.1 28.1665
12948.3 28.1697
12966.4 28.1729
12984.5 28.1761
13002.6 28.1793
13020.7 28.1824
13038.8 28.1856
13057 28.1888
13075.1 28.192
13093.2 28.1951
13111.4 28.1983
13129.5 28.2014
13147.6 28.2046
13165.8 28.2077
13183.9 28.2109
13202 28.214
13220.2 28.2171
13238.3 28.2203
13256.5 28.2234
13274.6 28.2265
13292.8 28.2296
13310.9 28.2327
13329.1 28.2358
13347.2 28.2389
13365.4 28.242
13383.6 28.2451
13401.7 28.2482
13419.9 28.2513
13438.1 28.2543
13456.2 28.2574
13474.4 28.2605
13492.6 28.2635
13510.7 28.2666
13528.9 28.2697
13547.1 28.2727
13565.3 28.2758
13583.5 28.2788
13601.7 28.2818
13619.8 28.2849
13638 28.2879
13656.2 28.2909
13674.4 28.294
13692.6 28.297
13710.8 28.3
13729 28.303
13747.2 28.306
13765.4 28.309
13783.6 28.312
13801.8 28.315
13820 28.318
13838.3 28.321
13856.5 28.324
13874.7 28.3269
13892.9 28.3299
13911.1 28.3329
13929.3 28.3358
13947.6 28.3388
13965.8 28.3418
13984 28.3447
14002.2 28.3477
14020.5 28.3506
14038.7 28.3535
14056.9 28.3565
14075.2 28.3594
14093.4 28.3624
14111.7 28.3653
14129.9 28.3682
14148.2 28.3711
14166.4 28.374
14184.6 28.3769
14202.9 28.3798
14221.2 28.3828
14239.4 28.3857
14257.7 28.3885
14275.9 28.3914
14294.2 28.3943
14312.4 28.3972
14330.7 28.4001
14349 28.403
14367.2 28.4058
14385.5 28.4087
14403.8 28.4116
14422.1 28.4144
14440.3 28.4173
14458.6 28.4201
14476.9 28.423
14495.2 28.4258
14513.5 28.4287
14531.8 28.4315
14550 28.4344
14568.3 28.4372
14586.6 28.44
14604.9 28.4428
14623.2 28.4457
14641.5 28.4485
14659.8 28.4513
14678.1 28.4541
14696.4 28.4569
14714.7 28.4597
14733 28.4625
14751.3 28.4653
14769.6 28.4681
14788 28.4709
14806.3 28.4737
14824.6 28.4764
14842.9 28.4792
14861.2 28.482
14879.5 28.4848
14897.9 28.4875
14916.2 28.4903
14934.5 28.493
14952.8 28.4958
14971.2 28.4986
14989.5 28.5013
15007.8 28.504
15026.2 28.5068
15044.5 28.5095
15062.9 28.5123
15081.2 28.515
15099.5 28.5177
15117.9 28.5204
15136.2 28.5232
15154.6 28.5259
15172.9 28.5286
15191.3 28.5313
15209.6 28.534
15228 28.5367
15246.3 28.5394
15264.7 28.5421
15283.1 28.5448
15301.4 28.5475
15319.8 28.5502
15338.2 28.5529
15356.5 28.5556
15374.9 28.5582
15393.3 28.5609
15411.7 28.5636
15430 28.5662
15448.4 28.5689
15466.8 28.5716
15485.2 28.5742
15503.5 28.5769
15521.9 28.5795
15540.3 28.5822
15558.7 28.5848
15577.1 28.5875
15595.5 28.5901
15613.9 28.5927
15632.3 28.5954
15650.7 28.598
15669.1 28.6006
15687.5 28.6033
15705.9 28.6059
15724.3 28.6085
15742.7 28.6111
15761.1 28.6137
15779.5 28.6163
15797.9 28.6189
15816.3 28.6215
15834.7 28.6241
15853.2 28.6267
15871.6 28.6293
15890 28.6319
15908.4 28.6345
15926.8 28.6371
15945.3 28.6396
15963.7 28.6422
15982.1 28.6448
16000.5 28.6474
16019 28.6499
16037.4 28.6525
16055.8 28.6551
16074.3 28.6576
16092.7 28.6602
16111.2 28.6627
16129.6 28.6653
16148 28.6678
16166.5 28.6703
16184.9 28.6729
16203.4 28.6754
16221.8 28.678
16240.3 28.6805
16258.7 28.683
16277.2 28.6855
16295.7 28.6881
16314.1 28.6906
16332.6 28.6931
16351 28.6956
16369.5 28.6981
16388 28.7006
16406.4 28.7031
16424.9 28.7056
16443.4 28.7081
16461.8 28.7106
16480.3 28.7131
16498.8 28.7156
16517.3 28.7181
16535.7 28.7206
16554.2 28.7231
16572.7 28.7255
16591.2 28.728
16609.7 28.7305
16628.2 28.733
16646.7 28.7354
16665.1 28.7379
16683.6 28.7403
16702.1 28.7428
16720.6 28.7453
16739.1 28.7477
16757.6 28.7502
16776.1 28.7526
16794.6 28.755
16813.1 28.7575
16831.6 28.7599
16850.1 28.7624
16868.6 28.7648
16887.2 28.7672
16905.7 28.7697
16924.2 28.7721
16942.7 28.7745
16961.2 28.7769
16979.7 28.7793
16998.3 28.7818
17016.8 28.7842
17035.3 28.7866
17053.8 28.789
17072.3 28.7914
17090.9 28.7938
17109.4 28.7962
17127.9 28.7986
17146.5 28.801
17165 28.8034
17183.5 28.8057
17202.1 28.8081
17220.6 28.8105
17239.2 28.8129
17257.7 28.8153
17276.2 28.8176
17294.8 28.82
17313.3 28.8224
17331.9 28.8247
17350.4 28.8271
17369 28.8295
17387.5 28.8318
17406.1 28.8342
17424.6 28.8365
17443.2 28.8389
17461.8 28.8412
17480.3 28.8436
17498.9 28.8459
17517.4 28.8483
17536 28.8506
17554.6 28.8529
17573.1 28.8553
17591.7 28.8576
17610.3 28.8599
17628.9 28.8622
17647.4 28.8646
17666 28.8669
17684.6 28.8692
17703.2 28.8715
17721.8 28.8738
17740.3 28.8761
17758.9 28.8784
17777.5 28.8807
17796.1 28.8831
17814.7 28.8854
17833.3 28.8876
17851.9 28.8899
17870.5 28.8922
17889.1 28.8945
17907.6 28.8968
17926.2 28.8991
17944.8 28.9014
17963.4 28.9037
17982 28.9059
18000.7 28.9082
18019.3 28.9105
18037.9 28.9128
18056.5 28.915
18075.1 28.9173
18093.7 28.9195
18112.3 28.9218
18130.9 28.9241
18149.5 28.9263
18168.2 28.9286
18186.8 28.9308
18205.4 28.9331
18224 28.9353
18242.6 28.9376
18261.3 28.9398
18279.9 28.942
18298.5 28.9443
18317.1 28.9465
18335.8 28.9487
18354.4 28.951
18373 28.9532
18391.7 28.9554
18410.3 28.9577
18429 28.9599
18447.6 28.9621
18466.2 28.9643
18484.9 28.9665
18503.5 28.9687
18522.2 28.9709
18540.8 28.9732
18559.5 28.9754
18578.1 28.9776
18596.8 28.9798
18615.4 28.982
18634.1 28.9841
18652.7 28.9863
18671.4 28.9885
18690 28.9907
18708.7 28.9929
18727.4 28.9951
18746 28.9973
18764.7 28.9995
18783.4 29.0016
18802 29.0038
18820.7 29.006
18839.4 29.0081
18858 29.0103
18876.7 29.0125
18895.4 29.0146
18914.1 29.0168
18932.7 29.019
18951.4 29.0211
18970.1 29.0233
18988.8 29.0254
19007.5 29.0276
19026.2 29.0297
19044.8 29.0319
19063.5 29.034
19082.2 29.0362
19100.9 29.0383
19119.6 29.0404
19138.3 29.0426
19157 29.0447
19175.7 29.0468
19194.4 29.049
19213.1 29.0511
19231.8 29.0532
19250.5 29.0553
19269.2 29.0575
19287.9 29.0596
19306.6 29.0617
19325.3 29.0638
19344 29.0659
19362.7 29.068
19381.4 29.0701
19400.2 29.0722
19418.9 29.0744
19437.6 29.0765
19456.3 29.0786
19475 29.0807
19493.7 29.0827
19512.5 29.0848
19531.2 29.0869
19549.9 29.089
19568.6 29.0911
19587.4 29.0932
19606.1 29.0953
19624.8 29.0974
19643.6 29.0994
19662.3 29.1015
19681 29.1036
19699.8 29.1057
19718.5 29.1077
19737.2 29.1098
19756 29.1119
19774.7 29.1139
19793.5 29.116
19812.2 29.118
19831 29.1201
19849.7 29.1222
19868.4 29.1242
19887.2 29.1263
19905.9 29.1283
19924.7 29.1304
19943.5 29.1324
19962.2 29.1345
19981 29.1365
19999.7 29.1385
20018.5 29.1406
20037.2 29.1426
20056 29.1447
20074.8 29.1467
20093.5 29.1487
20112.3 29.1507
20131.1 29.1528
20149.8 29.1548
20168.6 29.1568
20187.4 29.1588
20206.1 29.1609
20224.9 29.1629
20243.7 29.1649
20262.5 29.1669
20281.3 29.1689
20300 29.1709
20318.8 29.1729
20337.6 29.1749
20356.4 29.1769
20375.2 29.1789
20393.9 29.1809
20412.7 29.1829
20431.5 29.1849
20450.3 29.1869
20469.1 29.1889
20487.9 29.1909
20506.7 29.1929
20525.5 29.1949
20544.3 29.1969
20563.1 29.1989
20581.9 29.2008
20600.7 29.2028
20619.5 29.2048
20638.3 29.2068
20657.1 29.2087
20675.9 29.2107
20694.7 29.2127
20713.5 29.2147
20732.3 29.2166
20751.1 29.2186
20769.9 29.2205
20788.8 29.2225
20807.6 29.2245
20826.4 29.2264
20845.2 29.2284
20864 29.2303
20882.8 29.2323
20901.7 29.2342
20920.5 29.2362
20939.3 29.2381
20958.1 29.2401
20977 29.242
20995.8 29.2439
21014.6 29.2459
21033.5 29.2478
21052.3 29.2498
21071.1 29.2517
21090 29.2536
21108.8 29.2556
21127.6 29.2575
21146.5 29.2594
21165.3 29.2613
21184.2 29.2633
21203 29.2652
21221.8 29.2671
21240.7 29.269
21259.5 29.2709
21278.4 29.2728
21297.2 29.2748
21316.1 29.2767
21334.9 29.2786
21353.8 29.2805
21372.6 29.2824
21391.5 29.2843
21410.3 29.2862
21429.2 29.2881
21448.1 29.29
21466.9 29.2919
21485.8 29.2938
21504.6 29.2957
21523.5 29.2976
21542.4 29.2995
21561.2 29.3013
21580.1 29.3032
21599 29.3051
21617.8 29.307
21636.7 29.3089
21655.6 29.3108
21674.5 29.3126
21693.3 29.3145
21712.2 29.3164
21731.1 29.3183
21750 29.3201
21768.8 29.322
21787.7 29.3239
21806.6 29.3257
21825.5 29.3276
21844.4 29.3295
21863.3 29.3313
21882.2 29.3332
21901 29.335
21919.9 29.3369
21938.8 29.3388
21957.7 29.3406
21976.6 29.3425
21995.5 29.3443
22014.4 29.3462
22033.3 29.348
22052.2 29.3498
22071.1 29.3517
22090 29.3535
22108.9 29.3554
22127.8 29.3572
22146.7 29.359
22165.6 29.3609
22184.5 29.3627
22203.4 29.3645
22222.3 29.3664
22241.3 29.3682
22260.2 29.37
22279.1 29.3719
22298 29.3737
22316.9 29.3755
22335.8 29.3773
22354.7 29.3791
22373.7 29.381
22392.6 29.3828
22411.5 29.3846
22430.4 29.3864
22449.4 29.3882
22468.3 29.39
22487.2 29.3918
22506.1 29.3936
22525.1 29.3954
22544 29.3972
22562.9 29.399
22581.9 29.4008
22600.8 29.4026
22619.7 29.4044
22638.7 29.4062
22657.6 29.408
22676.5 29.4098
22695.5 29.4116
22714.4 29.4134
22733.4 29.4152
22752.3 29.417
22771.3 29.4188
22790.2 29.4205
22809.1 29.4223
22828.1 29.4241
22847 29.4259
22866 29.4277
22884.9 29.4294
22903.9 29.4312
22922.8 29.433
22941.8 29.4347
22960.8 29.4365
22979.7 29.4383
22998.7 29.44
23017.6 29.4418
23036.6 29.4436
23055.6 29.4453
23074.5 29.4471
23093.5 29.4489
23112.5 29.4506
23131.4 29.4524
23150.4 29.4541
23169.4 29.4559
23188.3 29.4576
23207.3 29.4594
23226.3 29.4611
23245.3 29.4629
23264.2 29.4646
23283.2 29.4664
23302.2 29.4681
23321.2 29.4698
23340.1 29.4716
23359.1 29.4733
23378.1 29.4751
23397.1 29.4768
23416.1 29.4785
23435.1 29.4803
23454 29.482
23473 29.4837
23492 29.4854
23511 29.4872
23530 29.4889
23549 29.4906
23568 29.4923
23587 29.4941
23606 29.4958
23625 29.4975
23644 29.4992
23663 29.5009
23682 29.5026
23701 29.5044
23720 29.5061
23739 29.5078
23758 29.5095
23777 29.5112
23796 29.5129
23815 29.5146
23834 29.5163
23853 29.518
23872 29.5197
23891.1 29.5214
23910.1 29.5231
23929.1 29.5248
23948.1 29.5265
23967.1 29.5282
23986.1 29.5299
24005.2 29.5316
24024.2 29.5332
24043.2 29.5349
24062.2 29.5366
24081.3 29.5383
24100.3 29.54
24119.3 29.5417
24138.3 29.5434
24157.4 29.545
24176.4 29.5467
24195.4 29.5484
24214.5 29.5501
24233.5 29.5517
24252.5 29.5534
24271.6 29.5551
24290.6 29.5567
24309.6 29.5584
24328.7 29.5601
24347.7 29.5617
24366.8 29.5634
24385.8 29.5651
24404.8 29.5667
24423.9 29.5684
24442.9 29.57
24462 29.5717
24481 29.5734
24500.1 29.575
24519.1 29.5767
24538.2 29.5783
24557.2 29.58
24576.3 29.5816
24595.3 29.5833
24614.4 29.5849
24633.4 29.5866
24652.5 29.5882
24671.6 29.5898
24690.6 29.5915
24709.7 29.5931
24728.7 29.5948
24747.8 29.5964
24766.9 29.598
24785.9 29.5997
24805 29.6013
24824.1 29.6029
24843.1 29.6046
24862.2 29.6062
24881.3 29.6078
24900.4 29.6095
24919.4 29.6111
24938.5 29.6127
24957.6 29.6143
24976.6 29.6159
24995.7 29.6176
25014.8 29.6192
25033.9 29.6208
25053 29.6224
25072 29.624
25091.1 29.6257
25110.2 29.6273
25129.3 29.6289
25148.4 29.6305
25167.5 29.6321
25186.6 29.6337
25205.6 29.6353
25224.7 29.6369
25243.8 29.6385
25262.9 29.6401
25282 29.6417
25301.1 29.6433
25320.2 29.6449
25339.3 29.6465
25358.4 29.6481
25377.5 29.6497
25396.6 29.6513
25415.7 29.6529
25434.8 29.6545
25453.9 29.6561
25473 29.6577
25492.1 29.6593
25511.2 29.6609
25530.3 29.6624
25549.4 29.664
25568.5 29.6656
25587.7 29.6672
25606.8 29.6688
25625.9 29.6703
25645 29.6719
25664.1 29.6735
25683.2 29.6751
25702.3 29.6767
25721.5 29.6782
25740.6 29.6798
25759.7 29.6814
25778.8 29.6829
25797.9 29.6845
25817.1 29.6861
25836.2 29.6876
25855.3 29.6892
25874.4 29.6908
25893.6 29.6923
25912.7 29.6939
25931.8 29.6955
25951 29.697
25970.1 29.6986
25989.2 29.7001
26008.3 29.7017
26027.5 29.7032
26046.6 29.7048
26065.8 29.7063
26084.9 29.7079
26104 29.7094
26123.2 29.711
26142.3 29.7125
26161.5 29.7141
26180.6 29.7156
26199.7 29.7172
26218.9 29.7187
26238 29.7203
26257.2 29.7218
26276.3 29.7233
26295.5 29.7249
26314.6 29.7264
26333.8 29.7279
26352.9 29.7295
26372.1 29.731
26391.2 29.7325
26410.4 29.7341
26429.5 29.7356
26448.7 29.7371
26467.9 29.7387
26487 29.7402
26506.2 29.7417
26525.3 29.7432
26544.5 29.7448
26563.7 29.7463
26582.8 29.7478
26602 29.7493
26621.2 29.7508
26640.3 29.7524
26659.5 29.7539
26678.7 29.7554
26697.8 29.7569
26717 29.7584
26736.2 29.7599
26755.4 29.7614
26774.5 29.7629
26793.7 29.7645
26812.9 29.766
26832.1 29.7675
26851.2 29.769
26870.4 29.7705
26889.6 29.772
26908.8 29.7735
26928 29.775
26947.1 29.7765
26966.3 29.778
26985.5 29.7795
27004.7 29.781
27023.9 29.7825
27043.1 29.784
27062.3 29.7855
27081.5 29.7869
27100.6 29.7884
27119.8 29.7899
27139 29.7914
27158.2 29.7929
27177.4 29.7944
27196.6 29.7959
27215.8 29.7974
27235 29.7988
27254.2 29.8003
27273.4 29.8018
27292.6 29.8033
27311.8 29.8048
27331 29.8062
27350.2 29.8077
27369.4 29.8092
27388.6 29.8107
27407.8 29.8121
27427 29.8136
27446.3 29.8151
27465.5 29.8166
27484.7 29.818
27503.9 29.8195
27523.1 29.821
27542.3 29.8224
27561.5 29.8239
27580.8 29.8254
27600 29.8268
27619.2 29.8283
27638.4 29.8297
27657.6 29.8312
27676.8 29.8327
27696.1 29.8341
27715.3 29.8356
27734.5 29.837
27753.7 29.8385
27773 29.8399
27792.2 29.8414
27811.4 29.8428
27830.7 29.8443
27849.9 29.8457
27869.1 29.8472
27888.3 29.8486
27907.6 29.8501
27926.8 29.8515
27946 29.853
27965.3 29.8544
27984.5 29.8559
28003.8 29.8573
28023 29.8587
28042.2 29.8602
28061.5 29.8616
28080.7 29.8631
28099.9 29.8645
28119.2 29.8659
28138.4 29.8674
28157.7 29.8688
28176.9 29.8702
28196.2 29.8717
28215.4 29.8731
28234.7 29.8745
28253.9 29.8759
28273.2 29.8774
28292.4 29.8788
28311.7 29.8802
28330.9 29.8816
28350.2 29.8831
28369.4 29.8845
28388.7 29.8859
28407.9 29.8873
28427.2 29.8887
28446.5 29.8902
28465.7 29.8916
28485 29.893
28504.3 29.8944
28523.5 29.8958
28542.8 29.8972
28562 29.8986
28581.3 29.9001
28600.6 29.9015
28619.8 29.9029
28639.1 29.9043
28658.4 29.9057
28677.7 29.9071
28696.9 29.9085
28716.2 29.9099
28735.5 29.9113
28754.7 29.9127
28774 29.9141
28793.3 29.9155
28812.6 29.9169
28831.8 29.9183
28851.1 29.9197
28870.4 29.9211
28889.7 29.9225
28909 29.9239
28928.3 29.9253
28947.5 29.9267
28966.8 29.9281
28986.1 29.9295
29005.4 29.9309
29024.7 29.9322
29044 29.9336
29063.3 29.935
29082.5 29.9364
29101.8 29.9378
29121.1 29.9392
29140.4 29.9406
29159.7 29.9419
29179 29.9433
29198.3 29.9447
29217.6 29.9461
29236.9 29.9475
29256.2 29.9488
29275.5 29.9502
29294.8 29.9516
29314.1 29.953
29333.4 29.9543
29352.7 29.9557
29372 29.9571
29391.3 29.9585
29410.6 29.9598
29429.9 29.9612
29449.2 29.9626
29468.5 29.9639
29487.8 29.9653
29507.2 29.9667
29526.5 29.968
29545.8 29.9694
29565.1 29.9708
29584.4 29.9721
29603.7 29.9735
29623 29.9748
29642.4 29.9762
29661.7 29.9776
29681 29.9789
29700.3 29.9803
29719.6 29.9816
29739 29.983
29758.3 29.9843
29777.6 29.9857
29796.9 29.987
29816.2 29.9884
29835.6 29.9897
29854.9 29.9911
29874.2 29.9924
29893.6 29.9938
29912.9 29.9951
29932.2 29.9965
29951.5 29.9978
29970.9 29.9992
29990.2 30.0005
30009.5 30.0018
30028.9 30.0032
30048.2 30.0045
30067.5 30.0059
30086.9 30.0072
30106.2 30.0085
30125.6 30.0099
30144.9 30.0112
30164.2 30.0125
30183.6 30.0139
30202.9 30.0152
30222.3 30.0165
30241.6 30.0179
30261 30.0192
30280.3 30.0205
30299.7 30.0219
30319 30.0232
30338.3 30.0245
30357.7 30.0258
30377 30.0272
30396.4 30.0285
30415.8 30.0298
30435.1 30.0311
30454.5 30.0325
30473.8 30.0338
30493.2 30.0351
30512.5 30.0364
30531.9 30.0377
30551.2 30.039
30570.6 30.0404
30590 30.0417
30609.3 30.043
30628.7 30.0443
30648 30.0456
30667.4 30.0469
30686.8 30.0482
30706.1 30.0496
30725.5 30.0509
30744.9 30.0522
30764.2 30.0535
30783.6 30.0548
30803 30.0561
30822.4 30.0574
30841.7 30.0587
30861.1 30.06
30880.5 30.0613
30899.8 30.0626
30919.2 30.0639
30938.6 30.0652
30958 30.0665
30977.3 30.0678
30996.7 30.0691
31016.1 30.0704
31035.5 30.0717
31054.9 30.073
31074.3 30.0743
31093.6 30.0756
31113 30.0769
31132.4 30.0782
31151.8 30.0795
31171.2 30.0807
31190.6 30.082
31209.9 30.0833
31229.3 30.0846
31248.7 30.0859
31268.1 30.0872
31287.5 30.0885
31306.9 30.0898
31326.3 30.091
31345.7 30.0923
31365.1 30.0936
31384.5 30.0949
31403.9 30.0962
31423.3 30.0974
31442.7 30.0987
31462.1 30.1
31481.5 30.1013
31500.9 30.1026
31520.3 30.1038
31539.7 30.1051
31559.1 30.1064
31578.5 30.1076
31597.9 30.1089
31617.3 30.1102
31636.7 30.1115
31656.1 30.1127
31675.5 30.114
31694.9 30.1153
31714.3 30.1165
31733.7 30.1178
31753.2 30.1191
31772.6 30.1203
31792 30.1216
31811.4 30.1229
31830.8 30.1241
31850.2 30.1254
31869.6 30.1266
31889.1 30.1279
31908.5 30.1292
31927.9 30.1304
31947.3 30.1317
31966.7 30.1329
31986.2 30.1342
32005.6 30.1355
32025 30.1367
32044.4 30.138
32063.9 30.1392
32083.3 30.1405
32102.7 30.1417
32122.1 30.143
32141.6 30.1442
32161 30.1455
32180.4 30.1467
32199.9 30.148
32219.3 30.1492
32238.7 30.1505
32258.2 30.1517
32277.6 30.1529
32297 30.1542
32316.5 30.1554
32335.9 30.1567
32355.3 30.1579
32374.8 30.1592
32394.2 30.1604
32413.7 30.1616
32433.1 30.1629
32452.5 30.1641
32472 30.1653
32491.4 30.1666
32510.9 30.1678
32530.3 30.1691
32549.8 30.1703
32569.2 30.1715
32588.7 30.1727
32608.1 30.174
32627.6 30.1752
32647 30.1764
32666.5 30.1777
32685.9 30.1789
32705.4 30.1801
32724.8 30.1814
32744.3 30.1826
32763.7 30.1838
32783.2 30.185
32802.6 30.1863
32822.1 30.1875
32841.6 30.1887
32861 30.1899
32880.5 30.1911
32899.9 30.1924
32919.4 30.1936
32938.9 30.1948
32958.3 30.196
32977.8 30.1972
32997.3 30.1985
33016.7 30.1997
33036.2 30.2009
33055.7 30.2021
33075.1 30.2033
33094.6 30.2045
33114.1 30.2057
33133.5 30.2069
33153 30.2082
33172.5 30.2094
33191.9 30.2106
33211.4 30.2118
33230.9 30.213
33250.4 30.2142
33269.8 30.2154
33289.3 30.2166
33308.8 30.2178
33328.3 30.219
33347.8 30.2202
33367.2 30.2214
33386.7 30.2226
33406.2 30.2238
33425.7 30.225
33445.2 30.2262
33464.7 30.2274
33484.1 30.2286
33503.6 30.2298
33523.1 30.231
33542.6 30.2322
33562.1 30.2334
33581.6 30.2346
33601.1 30.2358
33620.6 30.237
33640 30.2382
33659.5 30.2394
33679 30.2406
33698.5 30.2418
33718 30.2429
33737.5 30.2441
33757 30.2453
33776.5 30.2465
33796 30.2477
33815.5 30.2489
33835 30.2501
33854.5 30.2512
33874 30.2524
33893.5 30.2536
33913 30.2548
33932.5 30.256
33952 30.2572
33971.5 30.2583
33991 30.2595
34010.5 30.2607
34030 30.2619
34049.5 30.2631
34069.1 30.2642
34088.6 30.2654
34108.1 30.2666
34127.6 30.2678
34147.1 30.2689
34166.6 30.2701
34186.1 30.2713
34205.6 30.2725
34225.2 30.2736
34244.7 30.2748
34264.2 30.276
34283.7 30.2771
34303.2 30.2783
34322.7 30.2795
34342.3 30.2806
34361.8 30.2818
34381.3 30.283
34400.8 30.2841
34420.3 30.2853
34439.9 30.2865
34459.4 30.2876
34478.9 30.2888
34498.4 30.2899
34518 30.2911
34537.5 30.2923
34557 30.2934
34576.6 30.2946
34596.1 30.2957
34615.6 30.2969
34635.1 30.2981
34654.7 30.2992
34674.2 30.3004
34693.7 30.3015
34713.3 30.3027
34732.8 30.3038
34752.3 30.305
34771.9 30.3061
34791.4 30.3073
34811 30.3084
34830.5 30.3096
34850 30.3107
34869.6 30.3119
34889.1 30.313
34908.7 30.3142
34928.2 30.3153
34947.8 30.3165
34967.3 30.3176
34986.8 30.3188
35006.4 30.3199
35025.9 30.3211
35045.5 30.3222
35065 30.3233
35084.6 30.3245
35104.1 30.3256
35123.7 30.3268
35143.2 30.3279
35162.8 30.3291
35182.3 30.3302
35201.9 30.3313
35221.4 30.3325
35241 30.3336
35260.6 30.3347
35280.1 30.3359
35299.7 30.337
35319.2 30.3381
35338.8 30.3393
35358.3 30.3404
35377.9 30.3415
35397.5 30.3427
35417 30.3438
35436.6 30.3449
35456.1 30.3461
35475.7 30.3472
35495.3 30.3483
35514.8 30.3494
35534.4 30.3506
35554 30.3517
35573.5 30.3528
35593.1 30.3539
35612.7 30.3551
35632.3 30.3562
35651.8 30.3573
35671.4 30.3584
35691 30.3596
35710.5 30.3607
35730.1 30.3618
35749.7 30.3629
35769.3 30.364
35788.8 30.3652
35808.4 30.3663
35828 30.3674
35847.6 30.3685
35867.2 30.3696
35886.7 30.3707
35906.3 30.3719
35925.9 30.373
35945.5 30.3741
35965.1 30.3752
35984.6 30.3763
36004.2 30.3774
36023.8 30.3785
36043.4 30.3796
36063 30.3807
36082.6 30.3819
36102.2 30.383
36121.8 30.3841
36141.3 30.3852
36160.9 30.3863
36180.5 30.3874
36200.1 30.3885
36219.7 30.3896
36239.3 30.3907
36258.9 30.3918
36278.5 30.3929
36298.1 30.394
36317.7 30.3951
36337.3 30.3962
36356.9 30.3973
36376.5 30.3984
36396.1 30.3995
36415.7 30.4006
36435.3 30.4017
36454.9 30.4028
36474.5 30.4039
36494.1 30.405
36513.7 30.4061
36533.3 30.4072
36552.9 30.4083
36572.5 30.4094
36592.1 30.4105
36611.7 30.4116
36631.3 30.4127
36650.9 30.4138
36670.5 30.4148
36690.1 30.4159
36709.8 30.417
36729.4 30.4181
36749 30.4192
36768.6 30.4203
36788.2 30.4214
36807.8 30.4225
36827.4 30.4236
36847 30.4246
36866.7 30.4257
36886.3 30.4268
36905.9 30.4279
36925.5 30.429
36945.1 30.4301
36964.8 30.4311
36984.4 30.4322
37004 30.4333
37023.6 30.4344
37043.2 30.4355
37062.9 30.4365
37082.5 30.4376
37102.1 30.4387
37121.7 30.4398
37141.4 30.4408
37161 30.4419
37180.6 30.443
37200.3 30.4441
37219.9 30.4451
37239.5 30.4462
37259.1 30.4473
37278.8 30.4484
37298.4 30.4494
37318 30.4505
37337.7 30.4516
37357.3 30.4526
37376.9 30.4537
37396.6 30.4548
37416.2 30.4559
37435.9 30.4569
37455.5 30.458
37475.1 30.4591
37494.8 30.4601
37514.4 30.4612
37534 30.4623
37553.7 30.4633
37573.3 30.4644
37593 30.4654
37612.6 30.4665
37632.3 30.4676
37651.9 30.4686
37671.6 30.4697
37691.2 30.4707
37710.8 30.4718
37730.5 30.4729
37750.1 30.4739
37769.8 30.475
37789.4 30.476
37809.1 30.4771
37828.7 30.4782
37848.4 30.4792
37868 30.4803
37887.7 30.4813
37907.4 30.4824
37927 30.4834
37946.7 30.4845
37966.3 30.4855
37986 30.4866
38005.6 30.4876
38025.3 30.4887
38045 30.4897
38064.6 30.4908
38084.3 30.4918
38103.9 30.4929
38123.6 30.4939
38143.3 30.495
38162.9 30.496
38182.6 30.4971
38202.3 30.4981
38221.9 30.4992
38241.6 30.5002
38261.3 30.5013
38280.9 30.5023
38300.6 30.5033
38320.3 30.5044
38339.9 30.5054
38359.6 30.5065
38379.3 30.5075
38398.9 30.5085
38418.6 30.5096
38438.3 30.5106
38458 30.5117
38477.6 30.5127
38497.3 30.5137
38517 30.5148
38536.7 30.5158
38556.3 30.5168
38576 30.5179
38595.7 30.5189
38615.4 30.5199
38635.1 30.521
38654.7 30.522
38674.4 30.523
38694.1 30.5241
38713.8 30.5251
38733.5 30.5261
38753.1 30.5272
38772.8 30.5282
38792.5 30.5292
38812.2 30.5303
38831.9 30.5313
38851.6 30.5323
38871.3 30.5333
38890.9 30.5344
38910.6 30.5354
38930.3 30.5364
38950 30.5374
38969.7 30.5385
38989.4 30.5395
39009.1 30.5405
39028.8 30.5415
39048.5 30.5426
39068.2 30.5436
39087.9 30.5446
39107.6 30.5456
39127.3 30.5466
39147 30.5477
39166.7 30.5487
39186.4 30.5497
39206.1 30.5507
39225.8 30.5517
39245.5 30.5528
39265.2 30.5538
39284.9 30.5548
39304.6 30.5558
39324.3 30.5568
39344 30.5578
39363.7 30.5588
39383.4 30.5599
39403.1 30.5609
39422.8 30.5619
39442.5 30.5629
39462.2 30.5639
39481.9 30.5649
39501.6 30.5659
39521.4 30.5669
39541.1 30.5679
39560.8 30.569
39580.5 30.57
39600.2 30.571
39619.9 30.572
39639.6 30.573
39659.3 30.574
39679.1 30.575
39698.8 30.576
39718.5 30.577
39738.2 30.578
39757.9 30.579
39777.7 30.58
39797.4 30.581
39817.1 30.582
39836.8 30.583
39856.5 30.584
39876.3 30.585
39896 30.586
39915.7 30.587
39935.4 30.588
39955.2 30.589
39974.9 30.59
39994.6 30.591
40014.3 30.592
40034.1 30.593
40053.8 30.594
40073.5 30.595
40093.3 30.596
40113 30.597
40132.7 30.598
40152.4 30.599
40172.2 30.6
40191.9 30.601
40211.6 30.6019
40231.4 30.6029
40251.1 30.6039
40270.9 30.6049
40290.6 30.6059
40310.3 30.6069
40330.1 30.6079
40349.8 30.6089
40369.5 30.6099
40389.3 30.6109
40409 30.6118
40428.8 30.6128
40448.5 30.6138
40468.3 30.6148
40488 30.6158
40507.7 30.6168
40527.5 30.6178
40547.2 30.6187
40567 30.6197
40586.7 30.6207
40606.5 30.6217
40626.2 30.6227
40646 30.6236
40665.7 30.6246
40685.5 30.6256
40705.2 30.6266
40725 30.6276
40744.7 30.6285
40764.5 30.6295
40784.2 30.6305
40804 30.6315
40823.7 30.6324
40843.5 30.6334
40863.2 30.6344
40883 30.6354
40902.8 30.6363
40922.5 30.6373
40942.3 30.6383
40962 30.6393
40981.8 30.6402
41001.5 30.6412
41021.3 30.6422
41041.1 30.6432
41060.8 30.6441
41080.6 30.6451
41100.4 30.6461
41120.1 30.647
41139.9 30.648
41159.6 30.649
41179.4 30.6499
41199.2 30.6509
41218.9 30.6519
41238.7 30.6528
41258.5 30.6538
41278.3 30.6548
41298 30.6557
41317.8 30.6567
41337.6 30.6577
41357.3 30.6586
41377.1 30.6596
41396.9 30.6606
41416.7 30.6615
41436.4 30.6625
41456.2 30.6634
41476 30.6644
41495.8 30.6654
41515.5 30.6663
41535.3 30.6673
41555.1 30.6682
41574.9 30.6692
41594.6 30.6701
41614.4 30.6711
41634.2 30.6721
41654 30.673
41673.8 30.674
41693.6 30.6749
41713.3 30.6759
41733.1 30.6768
41752.9 30.6778
41772.7 30.6787
41792.5 30.6797
41812.3 30.6807
41832.1 30.6816
41851.8 30.6826
41871.6 30.6835
41891.4 30.6845
41911.2 30.6854
41931 30.6864
41950.8 30.6873
41970.6 30.6883
41990.4 30.6892
42010.2 30.6902
42030 30.6911
42049.8 30.692
42069.5 30.693
42089.3 30.6939
42109.1 30.6949
42128.9 30.6958
42148.7 30.6968
42168.5 30.6977
42188.3 30.6987
42208.1 30.6996
42227.9 30.7005
42247.7 30.7015
42267.5 30.7024
42287.3 30.7034
42307.1 30.7043
42326.9 30.7053
42346.7 30.7062
42366.5 30.7071
42386.3 30.7081
42406.2 30.709
42426 30.71
42445.8 30.7109
42465.6 30.7118
42485.4 30.7128
42505.2 30.7137
42525 30.7146
42544.8 30.7156
42564.6 30.7165
42584.4 30.7174
42604.2 30.7184
42624.1 30.7193
42643.9 30.7202
42663.7 30.7212
42683.5 30.7221
42703.3 30.723
42723.1 30.724
42742.9 30.7249
42762.8 30.7258
42782.6 30.7268
42802.4 30.7277
42822.2 30.7286
42842 30.7296
42861.8 30.7305
42881.7 30.7314
42901.5 30.7323
42921.3 30.7333
42941.1 30.7342
42961 30.7351
42980.8 30.736
43000.6 30.737
43020.4 30.7379
43040.3 30.7388
43060.1 30.7397
43079.9 30.7407
43099.7 30.7416
43119.6 30.7425
43139.4 30.7434
43159.2 30.7444
43179 30.7453
43198.9 30.7462
43218.7 30.7471
43238.5 30.748
43258.4 30.749
43278.2 30.7499
43298 30.7508
43317.9 30.7517
43337.7 30.7526
43357.5 30.7535
43377.4 30.7545
43397.2 30.7554
43417 30.7563
43436.9 30.7572
43456.7 30.7581
43476.6 30.759
43496.4 30.76
43516.2 30.7609
43536.1 30.7618
43555.9 30.7627
43575.8 30.7636
43595.6 30.7645
43615.5 30.7654
43635.3 30.7663
43655.1 30.7673
43675 30.7682
43694.8 30.7691
43714.7 30.77
43734.5 30.7709
43754.4 30.7718
43774.2 30.7727
43794.1 30.7736
43813.9 30.7745
43833.8 30.7754
43853.6 30.7763
43873.5 30.7773
43893.3 30.7782
43913.2 30.7791
43933 30.78
43952.9 30.7809
43972.7 30.7818
43992.6 30.7827
44012.4 30.7836
44032.3 30.7845
44052.2 30.7854
44072 30.7863
44091.9 30.7872
44111.7 30.7881
44131.6 30.789
44151.4 30.7899
44171.3 30.7908
44191.2 30.7917
44211 30.7926
44230.9 30.7935
44250.8 30.7944
44270.6 30.7953
44290.5 30.7962
44310.3 30.7971
44330.2 30.798
44350.1 30.7989
44369.9 30.7998
44389.8 30.8007
44409.7 30.8016
44429.5 30.8025
44449.4 30.8034
44469.3 30.8042
44489.1 30.8051
44509 30.806
44528.9 30.8069
44548.8 30.8078
44568.6 30.8087
44588.5 30.8096
44608.4 30.8105
44628.3 30.8114
44648.1 30.8123
44668 30.8132
44687.9 30.8141
44707.8 30.8149
44727.6 30.8158
44747.5 30.8167
44767.4 30.8176
44787.3 30.8185
44807.1 30.8194
44827 30.8203
44846.9 30.8212
44866.8 30.822
44886.7 30.8229
44906.5 30.8238
44926.4 30.8247
44946.3 30.8256
44966.2 30.8265
44986.1 30.8273
45006 30.8282
45025.8 30.8291
45045.7 30.83
45065.6 30.8309
45085.5 30.8318
45105.4 30.8326
45125.3 30.8335
45145.2 30.8344
45165.1 30.8353
45185 30.8362
45204.8 30.837
45224.7 30.8379
45244.6 30.8388
45264.5 30.8397
45284.4 30.8405
45304.3 30.8414
45324.2 30.8423
45344.1 30.8432
45364 30.844
45383.9 30.8449
45403.8 30.8458
45423.7 30.8467
45443.6 30.8475
45463.5 30.8484
45483.4 30.8493
45503.3 30.8502
45523.2 30.851
45543.1 30.8519
45563 30.8528
45582.9 30.8537
45602.8 30.8545
45622.7 30.8554
45642.6 30.8563
45662.5 30.8571
45682.4 30.858
45702.3 30.8589
45722.2 30.8597
45742.1 30.8606
45762 30.8615
45781.9 30.8623
45801.8 30.8632
45821.7 30.8641
45841.7 30.8649
45861.6 30.8658
45881.5 30.8667
45901.4 30.8675
45921.3 30.8684
45941.2 30.8693
45961.1 30.8701
45981 30.871
46001 30.8719
46020.9 30.8727
46040.8 30.8736
46060.7 30.8744
46080.6 30.8753
46100.5 30.8762
46120.4 30.877
46140.4 30.8779
46160.3 30.8788
46180.2 30.8796
46200.1 30.8805
46220 30.8813
46240 30.8822
46259.9 30.883
46279.8 30.8839
46299.7 30.8848
46319.7 30.8856
46339.6 30.8865
46359.5 30.8873
46379.4 30.8882
46399.4 30.889
46419.3 30.8899
46439.2 30.8908
46459.1 30.8916
46479.1 30.8925
46499 30.8933
46518.9 30.8942
46538.8 30.895
46558.8 30.8959
46578.7 30.8967
46598.6 30.8976
46618.6 30.8984
46638.5 30.8993
46658.4 30.9001
46678.4 30.901
46698.3 30.9018
46718.2 30.9027
46738.2 30.9035
46758.1 30.9044
46778 30.9052
46798 30.9061
46817.9 30.9069
46837.9 30.9078
46857.8 30.9086
46877.7 30.9095
46897.7 30.9103
46917.6 30.9112
46937.6 30.912
46957.5 30.9128
46977.4 30.9137
46997.4 30.9145
47017.3 30.9154
47037.3 30.9162
47057.2 30.9171
47077.2 30.9179
47097.1 30.9188
47117.1 30.9196
47137 30.9204
47156.9 30.9213
47176.9 30.9221
47196.8 30.923
47216.8 30.9238
47236.7 30.9246
47256.7 30.9255
47276.6 30.9263
47296.6 30.9272
47316.5 30.928
47336.5 30.9288
47356.4 30.9297
47376.4 30.9305
47396.4 30.9313
47416.3 30.9322
47436.3 30.933
47456.2 30.9339
47476.2 30.9347
47496.1 30.9355
47516.1 30.9364
47536 30.9372
47556 30.938
47576 30.9389
47595.9 30.9397
47615.9 30.9405
47635.8 30.9414
47655.8 30.9422
47675.8 30.943
47695.7 30.9439
47715.7 30.9447
47735.6 30.9455
47755.6 30.9463
47775.6 30.9472
47795.5 30.948
47815.5 30.9488
47835.5 30.9497
47855.4 30.9505
47875.4 30.9513
47895.4 30.9521
47915.3 30.953
47935.3 30.9538
47955.3 30.9546
47975.3 30.9555
47995.2 30.9563
48015.2 30.9571
48035.2 30.9579
48055.1 30.9588
48075.1 30.9596
48095.1 30.9604
48115.1 30.9612
48135 30.9621
48155 30.9629
48175 30.9637
48195 30.9645
48214.9 30.9653
48234.9 30.9662
48254.9 30.967
48274.9 30.9678
48294.8 30.9686
48314.8 30.9695
48334.8 30.9703
48354.8 30.9711
48374.8 30.9719
48394.7 30.9727
48414.7 30.9735
48434.7 30.9744
48454.7 30.9752
48474.7 30.976
48494.7 30.9768
48514.6 30.9776
48534.6 30.9785
48554.6 30.9793
48574.6 30.9801
48594.6 30.9809
48614.6 30.9817
48634.6 30.9825
48654.6 30.9833
48674.5 30.9842
48694.5 30.985
48714.5 30.9858
48734.5 30.9866
48754.5 30.9874
48774.5 30.9882
48794.5 30.989
48814.5 30.9899
48834.5 30.9907
48854.5 30.9915
48874.5 30.9923
48894.5 30.9931
48914.4 30.9939
48934.4 30.9947
48954.4 30.9955
48974.4 30.9963
48994.4 30.9971
49014.4 30.998
49034.4 30.9988
49054.4 30.9996
49074.4 31.0004
49094.4 31.0012
49114.4 31.002
49134.4 31.0028
49154.4 31.0036
49174.4 31.0044
49194.4 31.0052
49214.4 31.006
49234.4 31.0068
49254.5 31.0076
49274.5 31.0084
49294.5 31.0092
49314.5 31.01
49334.5 31.0108
49354.5 31.0116
49374.5 31.0124
49394.5 31.0132
49414.5 31.014
49434.5 31.0148
49454.5 31.0156
49474.5 31.0165
49494.6 31.0173
49514.6 31.0181
49534.6 31.0189
49554.6 31.0196
49574.6 31.0204
49594.6 31.0212
49614.6 31.022
49634.6 31.0228
49654.7 31.0236
49674.7 31.0244
49694.7 31.0252
49714.7 31.026
49734.7 31.0268
49754.7 31.0276
49774.8 31.0284
49794.8 31.0292
49814.8 31.03
49834.8 31.0308
49854.8 31.0316
49874.9 31.0324
49894.9 31.0332
49914.9 31.034
49934.9 31.0348
49954.9 31.0356
49975 31.0364
49995 31.0371
50015 31.0379
50035 31.0387
50055.1 31.0395
50075.1 31.0403
50095.1 31.0411
50115.2 31.0419
50135.2 31.0427
50155.2 31.0435
50175.2 31.0443
50195.3 31.0451
50215.3 31.0458
50235.3 31.0466
50255.4 31.0474
50275.4 31.0482
50295.4 31.049
50315.5 31.0498
50335.5 31.0506
50355.5 31.0514
50375.6 31.0521
50395.6 31.0529
50415.6 31.0537
50435.7 31.0545
50455.7 31.0553
50475.7 31.0561
50495.8 31.0568
50515.8 31.0576
50535.8 31.0584
50555.9 31.0592
50575.9 31.06
50596 31.0608
50616 31.0615
50636 31.0623
50656.1 31.0631
50676.1 31.0639
50696.2 31.0647
50716.2 31.0654
50736.3 31.0662
50756.3 31.067
50776.3 31.0678
50796.4 31.0686
50816.4 31.0693
50836.5 31.0701
50856.5 31.0709
50876.6 31.0717
50896.6 31.0725
50916.7 31.0732
50936.7 31.074
50956.8 31.0748
50976.8 31.0756
50996.9 31.0763
51016.9 31.0771
51037 31.0779
51057 31.0787
51077.1 31.0794
51097.1 31.0802
51117.2 31.081
51137.2 31.0818
51157.3 31.0825
51177.4 31.0833
51197.4 31.0841
51217.5 31.0849
51237.5 31.0856
51257.6 31.0864
51277.6 31.0872
51297.7 31.0879
51317.8 31.0887
51337.8 31.0895
51357.9 31.0903
51377.9 31.091
51398 31.0918
51418.1 31.0926
51438.1 31.0933
51458.2 31.0941
51478.2 31.0949
51498.3 31.0956
51518.4 31.0964
51538.4 31.0972
51558.5 31.0979
51578.6 31.0987
51598.6 31.0995
51618.7 31.1002
51638.8 31.101
51658.8 31.1018
51678.9 31.1025
51699 31.1033
51719 31.1041
51739.1 31.1048
51759.2 31.1056
51779.2 31.1064
51799.3 31.1071
51819.4 31.1079
51839.4 31.1086
51859.5 31.1094
51879.6 31.1102
51899.7 31.1109
51919.7 31.1117
51939.8 31.1125
51959.9 31.1132
51980 31.114
52000 31.1147
52020.1 31.1155
52040.2 31.1163
52060.3 31.117
52080.4 31.1178
52100.4 31.1185
52120.5 31.1193
52140.6 31.1201
52160.7 31.1208
52180.8 31.1216
52200.8 31.1223
52220.9 31.1231
52241 31.1238
52261.1 31.1246
52281.2 31.1254
52301.2 31.1261
52321.3 31.1269
52341.4 31.1276
52361.5 31.1284
52381.6 31.1291
52401.7 31.1299
52421.8 31.1306
52441.8 31.1314
52461.9 31.1321
52482 31.1329
52502.1 31.1337
52522.2 31.1344
52542.3 31.1352
52562.4 31.1359
52582.5 31.1367
52602.6 31.1374
52622.6 31.1382
52642.7 31.1389
52662.8 31.1397
52682.9 31.1404
52703 31.1412
52723.1 31.1419
52743.2 31.1427
52763.3 31.1434
52783.4 31.1442
52803.5 31.1449
52823.6 31.1457
52843.7 31.1464
52863.8 31.1472
52883.9 31.1479
52904 31.1487
52924.1 31.1494
52944.2 31.1501
52964.3 31.1509
52984.4 31.1516
53004.5 31.1524
53024.6 31.1531
53044.7 31.1539
53064.8 31.1546
53084.9 31.1554
53105 31.1561
53125.1 31.1568
53145.2 31.1576
53165.3 31.1583
53185.4 31.1591
53205.5 31.1598
53225.6 31.1606
53245.7 31.1613
53265.8 31.162
53286 31.1628
53306.1 31.1635
53326.2 31.1643
53346.3 31.165
53366.4 31.1658
53386.5 31.1665
53406.6 31.1672
53426.7 31.168
53446.8 31.1687
53466.9 31.1695
53487.1 31.1702
53507.2 31.1709
53527.3 31.1717
53547.4 31.1724
53567.5 31.1731
53587.6 31.1739
53607.8 31.1746
53627.9 31.1754
53648 31.1761
53668.1 31.1768
53688.2 31.1776
53708.3 31.1783
53728.5 31.179
53748.6 31.1798
53768.7 31.1805
53788.8 31.1812
53808.9 31.182
53829.1 31.1827
53849.2 31.1834
53869.3 31.1842
53889.4 31.1849
53909.5 31.1856
53929.7 31.1864
53949.8 31.1871
53969.9 31.1878
53990 31.1886
54010.2 31.1893
54030.3 31.19
54050.4 31.1908
54070.6 31.1915
54090.7 31.1922
54110.8 31.1929
54130.9 31.1937
54151.1 31.1944
54171.2 31.1951
54191.3 31.1959
54211.5 31.1966
54231.6 31.1973
54251.7 31.198
54271.9 31.1988
54292 31.1995
54312.1 31.2002
54332.3 31.201
54352.4 31.2017
54372.5 31.2024
54392.7 31.2031
54412.8 31.2039
54432.9 31.2046
54453.1 31.2053
54473.2 31.206
54493.3 31.2068
54513.5 31.2075
54533.6 31.2082
54553.8 31.2089
54573.9 31.2097
54594 31.2104
54614.2 31.2111
54634.3 31.2118
54654.5 31.2125
54674.6 31.2133
54694.7 31.214
54714.9 31.2147
54735 31.2154
54755.2 31.2162
54775.3 31.2169
54795.5 31.2176
54815.6 31.2183
54835.7 31.219
54855.9 31.2198
54876 31.2205
54896.2 31.2212
54916.3 31.2219
54936.5 31.2226
54956.6 31.2234
54976.8 31.2241
54996.9 31.2248
55017.1 31.2255
55037.2 31.2262
55057.4 31.2269
55077.5 31.2277
55097.7 31.2284
55117.8 31.2291
55138 31.2298
55158.1 31.2305
55178.3 31.2312
55198.4 31.2319
55218.6 31.2327
55238.8 31.2334
55258.9 31.2341
55279.1 31.2348
55299.2 31.2355
55319.4 31.2362
55339.5 31.2369
55359.7 31.2377
55379.9 31.2384
55400 31.2391
55420.2 31.2398
55440.3 31.2405
55460.5 31.2412
55480.7 31.2419
55500.8 31.2426
55521 31.2434
55541.1 31.2441
55561.3 31.2448
55581.5 31.2455
55601.6 31.2462
55621.8 31.2469
55642 31.2476
55662.1 31.2483
55682.3 31.249
55702.5 31.2497
55722.6 31.2504
55742.8 31.2512
55763 31.2519
55783.1 31.2526
55803.3 31.2533
55823.5 31.254
55843.6 31.2547
55863.8 31.2554
55884 31.2561
55904.1 31.2568
55924.3 31.2575
55944.5 31.2582
55964.7 31.2589
55984.8 31.2596
56005 31.2603
56025.2 31.261
56045.4 31.2617
56065.5 31.2624
56085.7 31.2631
56105.9 31.2639
56126.1 31.2646
56146.2 31.2653
56166.4 31.266
56186.6 31.2667
56206.8 31.2674
56226.9 31.2681
56247.1 31.2688
56267.3 31.2695
56287.5 31.2702
56307.7 31.2709
56327.8 31.2716
56348 31.2723
56368.2 31.273
56388.4 31.2737
56408.6 31.2744
56428.8 31.2751
56448.9 31.2758
56469.1 31.2765
56489.3 31.2772
56509.5 31.2779
56529.7 31.2786
56549.9 31.2793
56570 31.28
56590.2 31.2806
56610.4 31.2813
56630.6 31.282
56650.8 31.2827
56671 31.2834
56691.2 31.2841
56711.4 31.2848
56731.5 31.2855
56751.7 31.2862
56771.9 31.2869
56792.1 31.2876
56812.3 31.2883
56832.5 31.289
56852.7 31.2897
56872.9 31.2904
56893.1 31.2911
56913.3 31.2918
56933.5 31.2925
56953.7 31.2931
56973.9 31.2938
56994.1 31.2945
57014.3 31.2952
57034.4 31.2959
57054.6 31.2966
57074.8 31.2973
57095 31.298
57115.2 31.2987
57135.4 31.2994
57155.6 31.3001
57175.8 31.3008
57196 31.3014
57216.2 31.3021
57236.4 31.3028
57256.6 31.3035
57276.9 31.3042
57297.1 31.3049
57317.3 31.3056
57337.5 31.3063
57357.7 31.3069
57377.9 31.3076
57398.1 31.3083
57418.3 31.309
57438.5 31.3097
57458.7 31.3104
57478.9 31.3111
57499.1 31.3117
57519.3 31.3124
57539.5 31.3131
57559.7 31.3138
57579.9 31.3145
57600.2 31.3152
57620.4 31.3159
57640.6 31.3165
57660.8 31.3172
57681 31.3179
57701.2 31.3186
57721.4 31.3193
57741.6 31.32
57761.8 31.3206
57782.1 31.3213
57802.3 31.322
57822.5 31.3227
57842.7 31.3234
57862.9 31.324
57883.1 31.3247
57903.3 31.3254
57923.6 31.3261
57943.8 31.3268
57964 31.3274
57984.2 31.3281
58004.4 31.3288
58024.7 31.3295
58044.9 31.3302
58065.1 31.3308
58085.3 31.3315
58105.5 31.3322
58125.8 31.3329
58146 31.3336
58166.2 31.3342
58186.4 31.3349
58206.7 31.3356
58226.9 31.3363
58247.1 31.3369
58267.3 31.3376
58287.6 31.3383
58307.8 31.339
58328 31.3396
58348.2 31.3403
58368.5 31.341
58388.7 31.3417
58408.9 31.3423
58429.1 31.343
58449.4 31.3437
58469.6 31.3444
58489.8 31.345
58510.1 31.3457
58530.3 31.3464
58550.5 31.3471
58570.8 31.3477
58591 31.3484
58611.2 31.3491
58631.4 31.3497
58651.7 31.3504
58671.9 31.3511
58692.1 31.3518
58712.4 31.3524
58732.6 31.3531
58752.9 31.3538
58773.1 31.3544
58793.3 31.3551
58813.6 31.3558
58833.8 31.3565
58854 31.3571
58874.3 31.3578
58894.5 31.3585
58914.8 31.3591
58935 31.3598
58955.2 31.3605
58975.5 31.3611
58995.7 31.3618
59016 31.3625
59036.2 31.3631
59056.4 31.3638
59076.7 31.3645
59096.9 31.3651
59117.2 31.3658
59137.4 31.3665
59157.7 31.3671
59177.9 31.3678
59198.1 31.3685
59218.4 31.3691
59238.6 31.3698
59258.9 31.3705
59279.1 31.3711
59299.4 31.3718
59319.6 31.3725
59339.9 31.3731
59360.1 31.3738
59380.4 31.3744
59400.6 31.3751
59420.9 31.3758
59441.1 31.3764
59461.4 31.3771
59481.6 31.3778
59501.9 31.3784
59522.1 31.3791
59542.4 31.3797
59562.6 31.3804
59582.9 31.3811
59603.1 31.3817
59623.4 31.3824
59643.6 31.383
59663.9 31.3837
59684.2 31.3844
59704.4 31.385
59724.7 31.3857
59744.9 31.3863
59765.2 31.387
59785.4 31.3877
59805.7 31.3883
59826 31.389
59846.2 31.3896
59866.5 31.3903
59886.7 31.3909
59907 31.3916
59927.3 31.3923
59947.5 31.3929
59967.8 31.3936
59988 31.3942
60008.3 31.3949
60028.6 31.3955
60048.8 31.3962
60069.1 31.3969
60089.4 31.3975
60109.6 31.3982
60129.9 31.3988
60150.2 31.3995
60170.4 31.4001
60190.7 31.4008
60211 31.4014
60231.2 31.4021
60251.5 31.4027
60271.8 31.4034
60292 31.404
60312.3 31.4047
60332.6 31.4053
60352.8 31.406
60373.1 31.4067
60393.4 31.4073
60413.7 31.408
60433.9 31.4086
60454.2 31.4093
60474.5 31.4099
60494.8 31.4106
60515 31.4112
60535.3 31.4119
60555.6 31.4125
60575.8 31.4132
60596.1 31.4138
60616.4 31.4145
60636.7 31.4151
60657 31.4158
60677.2 31.4164
60697.5 31.4171
60717.8 31.4177
60738.1 31.4184
60758.3 31.419
60778.6 31.4196
60798.9 31.4203
60819.2 31.4209
60839.5 31.4216
60859.8 31.4222
60880 31.4229
60900.3 31.4235
60920.6 31.4242
60940.9 31.4248
60961.2 31.4255
60981.4 31.4261
61001.7 31.4268
61022 31.4274
61042.3 31.428
61062.6 31.4287
61082.9 31.4293
61103.2 31.43
61123.4 31.4306
61143.7 31.4313
61164 31.4319
61184.3 31.4325
61204.6 31.4332
61224.9 31.4338
61245.2 31.4345
61265.5 31.4351
61285.8 31.4358
61306 31.4364
61326.3 31.437
61346.6 31.4377
61366.9 31.4383
61387.2 31.439
61407.5 31.4396
61427.8 31.4402
61448.1 31.4409
61468.4 31.4415
61488.7 31.4422
61509 31.4428
61529.3 31.4434
61549.6 31.4441
61569.9 31.4447
61590.2 31.4454
61610.4 31.446
61630.7 31.4466
61651 31.4473
61671.3 31.4479
61691.6 31.4485
61711.9 31.4492
61732.2 31.4498
61752.5 31.4505
61772.8 31.4511
61793.1 31.4517
61813.4 31.4524
61833.7 31.453
61854 31.4536
61874.3 31.4543
61894.6 31.4549
61915 31.4555
61935.3 31.4562
61955.6 31.4568
61975.9 31.4575
61996.2 31.4581
62016.5 31.4587
62036.8 31.4594
62057.1 31.46
62077.4 31.4606
62097.7 31.4613
62118 31.4619
62138.3 31.4625
62158.6 31.4632
62178.9 31.4638
62199.2 31.4644
62219.6 31.465
62239.9 31.4657
62260.2 31.4663
62280.5 31.4669
62300.8 31.4676
62321.1 31.4682
62341.4 31.4688
62361.7 31.4695
62382 31.4701
62402.4 31.4707
62422.7 31.4714
62443 31.472
62463.3 31.4726
62483.6 31.4732
62503.9 31.4739
62524.3 31.4745
62544.6 31.4751
62564.9 31.4758
62585.2 31.4764
62605.5 31.477
62625.8 31.4776
62646.2 31.4783
62666.5 31.4789
62686.8 31.4795
62707.1 31.4802
62727.4 31.4808
62747.8 31.4814
62768.1 31.482
62788.4 31.4827
62808.7 31.4833
62829 31.4839
62849.4 31.4845
62869.7 31.4852
62890 31.4858
62910.3 31.4864
62930.7 31.487
62951 31.4877
62971.3 31.4883
62991.6 31.4889
63012 31.4895
63032.3 31.4902
63052.6 31.4908
63072.9 31.4914
63093.3 31.492
63113.6 31.4926
63133.9 31.4933
63154.3 31.4939
63174.6 31.4945
63194.9 31.4951
63215.2 31.4958
63235.6 31.4964
63255.9 31.497
63276.2 31.4976
63296.6 31.4982
63316.9 31.4989
63337.2 31.4995
63357.6 31.5001
63377.9 31.5007
63398.2 31.5013
63418.6 31.502
63438.9 31.5026
63459.2 31.5032
63479.6 31.5038
63499.9 31.5044
63520.2 31.5051
63540.6 31.5057
63560.9 31.5063
63581.3 31.5069
63601.6 31.5075
63621.9 31.5081
63642.3 31.5088
63662.6 31.5094
63682.9 31.51
63703.3 31.5106
63723.6 31.5112
63744 31.5118
63764.3 31.5125
63784.6 31.5131
63805 31.5137
63825.3 31.5143
63845.7 31.5149
63866 31.5155
63886.4 31.5162
63906.7 31.5168
63927.1 31.5174
63947.4 31.518
63967.7 31.5186
63988.1 31.5192
64008.4 31.5198
64028.8 31.5205
64049.1 31.5211
64069.5 31.5217
64089.8 31.5223
64110.2 31.5229
64130.5 31.5235
64150.9 31.5241
64171.2 31.5247
64191.6 31.5254
64211.9 31.526
64232.3 31.5266
64252.6 31.5272
64273 31.5278
64293.3 31.5284
64313.7 31.529
64334 31.5296
64354.4 31.5302
64374.7 31.5309
64395.1 31.5315
64415.4 31.5321
64435.8 31.5327
64456.2 31.5333
64476.5 31.5339
64496.9 31.5345
64517.2 31.5351
64537.6 31.5357
64557.9 31.5363
64578.3 31.5369
64598.7 31.5375
64619 31.5382
64639.4 31.5388
64659.7 31.5394
64680.1 31.54
64700.4 31.5406
64720.8 31.5412
64741.2 31.5418
64761.5 31.5424
64781.9 31.543
64802.3 31.5436
64822.6 31.5442
64843 31.5448
64863.3 31.5454
64883.7 31.546
64904.1 31.5466
64924.4 31.5472
64944.8 31.5479
64965.2 31.5485
64985.5 31.5491
65005.9 31.5497
65026.3 31.5503
65046.6 31.5509
65067 31.5515
65087.4 31.5521
65107.7 31.5527
65128.1 31.5533
65148.5 31.5539
65168.8 31.5545
65189.2 31.5551
65209.6 31.5557
65230 31.5563
65250.3 31.5569
65270.7 31.5575
65291.1 31.5581
65311.4 31.5587
65331.8 31.5593
65352.2 31.5599
65372.6 31.5605
65392.9 31.5611
65413.3 31.5617
65433.7 31.5623
65454.1 31.5629
65474.4 31.5635
65494.8 31.5641
65515.2 31.5647
65535.6 31.5653
65555.9 31.5659
65576.3 31.5665
65596.7 31.5671
65617.1 31.5677
65637.4 31.5683
65657.8 31.5689
65678.2 31.5695
65698.6 31.5701
65719 31.5707
65739.3 31.5713
65759.7 31.5719
65780.1 31.5725
65800.5 31.5731
65820.9 31.5737
65841.3 31.5743
65861.6 31.5749
65882 31.5755
65902.4 31.5761
65922.8 31.5766
65943.2 31.5772
65963.5 31.5778
65983.9 31.5784
66004.3 31.579
66024.7 31.5796
66045.1 31.5802
66065.5 31.5808
66085.9 31.5814
66106.3 31.582
66126.6 31.5826
66147 31.5832
66167.4 31.5838
66187.8 31.5844
66208.2 31.585
66228.6 31.5856
66249 31.5861
66269.4 31.5867
66289.8 31.5873
66310.2 31.5879
66330.5 31.5885
66350.9 31.5891
66371.3 31.5897
66391.7 31.5903
66412.1 31.5909
66432.5 31.5915
66452.9 31.5921
66473.3 31.5927
66493.7 31.5932
66514.1 31.5938
66534.5 31.5944
66554.9 31.595
66575.3 31.5956
66595.7 31.5962
66616.1 31.5968
66636.5 31.5974
66656.9 31.598
66677.3 31.5985
66697.7 31.5991
66718.1 31.5997
66738.5 31.6003
66758.9 31.6009
66779.3 31.6015
66799.7 31.6021
66820.1 31.6027
66840.5 31.6032
66860.9 31.6038
66881.3 31.6044
66901.7 31.605
66922.1 31.6056
66942.5 31.6062
66962.9 31.6068
66983.3 31.6073
67003.7 31.6079
67024.1 31.6085
67044.5 31.6091
67064.9 31.6097
67085.3 31.6103
67105.7 31.6109
67126.1 31.6114
67146.5 31.612
67167 31.6126
67187.4 31.6132
67207.8 31.6138
67228.2 31.6144
67248.6 31.6149
67269 31.6155
67289.4 31.6161
67309.8 31.6167
67330.2 31.6173
67350.6 31.6179
67371.1 31.6184
67391.5 31.619
67411.9 31.6196
67432.3 31.6202
67452.7 31.6208
67473.1 31.6213
67493.5 31.6219
67514 31.6225
67534.4 31.6231
67554.8 31.6237
67575.2 31.6242
67595.6 31.6248
67616 31.6254
67636.4 31.626
67656.9 31.6266
67677.3 31.6271
67697.7 31.6277
67718.1 31.6283
67738.5 31.6289
67759 31.6295
67779.4 31.63
67799.8 31.6306
67820.2 31.6312
67840.6 31.6318
67861.1 31.6324
67881.5 31.6329
67901.9 31.6335
67922.3 31.6341
67942.8 31.6347
67963.2 31.6352
67983.6 31.6358
68004 31.6364
68024.4 31.637
68044.9 31.6375
68065.3 31.6381
68085.7 31.6387
68106.1 31.6393
68126.6 31.6398
68147 31.6404
68167.4 31.641
68187.9 31.6416
68208.3 31.6421
68228.7 31.6427
68249.1 31.6433
68269.6 31.6439
68290 31.6444
68310.4 31.645
68330.9 31.6456
68351.3 31.6462
68371.7 31.6467
68392.1 31.6473
68412.6 31.6479
68433 31.6485
68453.4 31.649
68473.9 31.6496
68494.3 31.6502
68514.7 31.6507
68535.2 31.6513
68555.6 31.6519
68576 31.6525
68596.5 31.653
68616.9 31.6536
68637.4 31.6542
68657.8 31.6547
68678.2 31.6553
68698.7 31.6559
68719.1 31.6565
68739.5 31.657
68760 31.6576
68780.4 31.6582
68800.9 31.6587
68821.3 31.6593
68841.7 31.6599
68862.2 31.6604
68882.6 31.661
68903 31.6616
68923.5 31.6622
68943.9 31.6627
68964.4 31.6633
68984.8 31.6639
69005.3 31.6644
69025.7 31.665
69046.1 31.6656
69066.6 31.6661
69087 31.6667
69107.5 31.6673
69127.9 31.6678
69148.4 31.6684
69168.8 31.669
69189.3 31.6695
69209.7 31.6701
69230.2 31.6707
69250.6 31.6712
69271 31.6718
69291.5 31.6724
69311.9 31.6729
69332.4 31.6735
69352.8 31.6741
69373.3 31.6746
69393.7 31.6752
69414.2 31.6757
69434.6 31.6763
69455.1 31.6769
69475.5 31.6774
69496 31.678
69516.5 31.6786
69536.9 31.6791
69557.4 31.6797
69577.8 31.6803
69598.3 31.6808
69618.7 31.6814
69639.2 31.6819
69659.6 31.6825
69680.1 31.6831
69700.5 31.6836
69721 31.6842
69741.4 31.6848
69761.9 31.6853
69782.3 31.6859
69802.8 31.6864
69823.3 31.687
69843.7 31.6876
69864.2 31.6881
69884.6 31.6887
69905.1 31.6892
69925.6 31.6898
69946 31.6904
69966.5 31.6909
69987 31.6915
70007.4 31.692
70027.9 31.6926
70048.3 31.6932
70068.8 31.6937
70089.3 31.6943
70109.7 31.6948
70130.2 31.6954
70150.6 31.696
70171.1 31.6965
70191.6 31.6971
70212 31.6976
70232.5 31.6982
70253 31.6987
70273.4 31.6993
70293.9 31.6999
70314.4 31.7004
70334.8 31.701
70355.3 31.7015
70375.8 31.7021
70396.2 31.7026
70416.7 31.7032
70437.2 31.7038
70457.6 31.7043
70478.1 31.7049
70498.6 31.7054
70519.1 31.706
70539.5 31.7065
70560 31.7071
70580.5 31.7076
70600.9 31.7082
70621.4 31.7087
70641.9 31.7093
70662.3 31.7099
70682.8 31.7104
70703.3 31.711
70723.8 31.7115
70744.3 31.7121
70764.7 31.7126
70785.2 31.7132
70805.7 31.7137
70826.2 31.7143
70846.6 31.7148
70867.1 31.7154
70887.6 31.7159
70908.1 31.7165
70928.5 31.717
70949 31.7176
70969.5 31.7181
70990 31.7187
71010.4 31.7192
71030.9 31.7198
71051.4 31.7204
71071.9 31.7209
71092.4 31.7215
71112.8 31.722
71133.3 31.7226
71153.8 31.7231
71174.3 31.7237
71194.8 31.7242
71215.3 31.7248
71235.8 31.7253
71256.2 31.7259
71276.7 31.7264
71297.2 31.727
71317.7 31.7275
71338.2 31.7281
71358.7 31.7286
71379.1 31.7291
71399.6 31.7297
71420.1 31.7302
71440.6 31.7308
71461.1 31.7313
71481.6 31.7319
71502 31.7324
71522.5 31.733
71543 31.7335
71563.5 31.7341
71584 31.7346
71604.5 31.7352
71625 31.7357
71645.5 31.7363
71666 31.7368
71686.5 31.7374
71707 31.7379
71727.5 31.7384
71748 31.739
71768.4 31.7395
71788.9 31.7401
71809.4 31.7406
71829.9 31.7412
71850.4 31.7417
71870.9 31.7423
71891.4 31.7428
71911.9 31.7433
71932.4 31.7439
71952.9 31.7444
71973.4 31.745
71993.9 31.7455
72014.4 31.7461
72034.9 31.7466
72055.4 31.7472
72075.9 31.7477
72096.4 31.7482
72116.9 31.7488
72137.4 31.7493
72157.9 31.7499
72178.4 31.7504
72198.9 31.7509
72219.4 31.7515
72239.9 31.752
72260.4 31.7526
72280.9 31.7531
72301.4 31.7537
72321.9 31.7542
72342.4 31.7547
72362.9 31.7553
72383.4 31.7558
72403.9 31.7564
72424.4 31.7569
72444.9 31.7574
72465.4 31.758
72485.9 31.7585
72506.4 31.7591
72526.9 31.7596
72547.4 31.7601
72567.9 31.7607
72588.4 31.7612
72609 31.7618
72629.5 31.7623
72650 31.7628
72670.5 31.7634
72691 31.7639
72711.5 31.7644
72732 31.765
72752.5 31.7655
72773 31.7661
72793.5 31.7666
72814 31.7671
72834.5 31.7677
72855.1 31.7682
72875.6 31.7687
72896.1 31.7693
72916.6 31.7698
72937.1 31.7704
72957.6 31.7709
72978.1 31.7714
72998.7 31.772
73019.2 31.7725
73039.7 31.773
73060.2 31.7736
73080.7 31.7741
73101.2 31.7746
73121.8 31.7752
73142.3 31.7757
73162.8 31.7762
73183.3 31.7768
73203.8 31.7773
73224.3 31.7778
73244.9 31.7784
73265.4 31.7789
73285.9 31.7795
73306.4 31.78
73326.9 31.7805
73347.5 31.7811
73368 31.7816
73388.5 31.7821
73409 31.7826
73429.5 31.7832
73450.1 31.7837
73470.6 31.7842
73491.1 31.7848
73511.6 31.7853
73532.2 31.7858
73552.7 31.7864
73573.2 31.7869
73593.7 31.7874
73614.3 31.788
73634.8 31.7885
73655.3 31.789
73675.8 31.7896
73696.4 31.7901
73716.9 31.7906
73737.4 31.7912
73757.9 31.7917
73778.5 31.7922
73799 31.7927
73819.5 31.7933
73840.1 31.7938
73860.6 31.7943
73881.1 31.7949
73901.6 31.7954
73922.2 31.7959
73942.7 31.7964
73963.2 31.797
73983.8 31.7975
74004.3 31.798
74024.8 31.7986
74045.4 31.7991
74065.9 31.7996
74086.4 31.8001
74107 31.8007
74127.5 31.8012
74148 31.8017
74168.6 31.8023
74189.1 31.8028
74209.6 31.8033
74230.2 31.8038
74250.7 31.8044
74271.2 31.8049
74291.8 31.8054
74312.3 31.8059
74332.9 31.8065
74353.4 31.807
74373.9 31.8075
74394.5 31.808
74415 31.8086
74435.6 31.8091
74456.1 31.8096
74476.6 31.8101
74497.2 31.8107
74517.7 31.8112
74538.3 31.8117
74558.8 31.8122
74579.3 31.8128
74599.9 31.8133
74620.4 31.8138
74640.9 31.8143
74661.5 31.8149
74682 31.8154
74702.6 31.8159
74723.1 31.8164
74743.7 31.817
74764.2 31.8175
74784.8 31.818
74805.3 31.8185
74825.9 31.819
74846.4 31.8196
74867 31.8201
74887.5 31.8206
74908 31.8211
74928.6 31.8217
74949.1 31.8222
74969.7 31.8227
74990.2 31.8232
75010.8 31.8237
75031.3 31.8243
75051.9 31.8248
75072.4 31.8253
75093 31.8258
75113.5 31.8263
75134.1 31.8269
75154.6 31.8274
75175.2 31.8279
75195.7 31.8284
75216.3 31.8289
75236.8 31.8295
75257.4 31.83
75278 31.8305
75298.5 31.831
75319.1 31.8315
75339.6 31.8321
75360.2 31.8326
75380.7 31.8331
75401.3 31.8336
75421.8 31.8341
75442.4 31.8346
75462.9 31.8352
75483.5 31.8357
75504.1 31.8362
75524.6 31.8367
75545.2 31.8372
75565.7 31.8377
75586.3 31.8383
75606.8 31.8388
75627.4 31.8393
75648 31.8398
75668.5 31.8403
75689.1 31.8409
75709.6 31.8414
75730.2 31.8419
75750.8 31.8424
75771.3 31.8429
75791.9 31.8434
75812.5 31.8439
75833 31.8445
75853.6 31.845
75874.1 31.8455
75894.7 31.846
75915.3 31.8465
75935.8 31.847
75956.4 31.8475
75977 31.8481
75997.5 31.8486
76018.1 31.8491
76038.6 31.8496
76059.2 31.8501
76079.8 31.8506
76100.4 31.8511
76120.9 31.8517
76141.5 31.8522
76162.1 31.8527
76182.6 31.8532
76203.2 31.8537
76223.8 31.8542
76244.3 31.8547
76264.9 31.8552
76285.5 31.8558
76306.1 31.8563
76326.6 31.8568
76347.2 31.8573
76367.8 31.8578
76388.3 31.8583
76408.9 31.8588
76429.5 31.8593
76450 31.8598
76470.6 31.8604
76491.2 31.8609
76511.8 31.8614
76532.3 31.8619
76552.9 31.8624
76573.5 31.8629
76594.1 31.8634
76614.6 31.8639
76635.2 31.8644
76655.8 31.865
76676.4 31.8655
76697 31.866
76717.5 31.8665
76738.1 31.867
76758.7 31.8675
76779.3 31.868
76799.9 31.8685
76820.4 31.869
76841 31.8695
76861.6 31.87
76882.2 31.8705
76902.7 31.8711
76923.3 31.8716
76943.9 31.8721
76964.5 31.8726
76985.1 31.8731
77005.6 31.8736
77026.2 31.8741
77046.8 31.8746
77067.4 31.8751
77088 31.8756
77108.6 31.8761
77129.2 31.8766
77149.7 31.8771
77170.3 31.8776
77190.9 31.8781
77211.5 31.8787
77232.1 31.8792
77252.7 31.8797
77273.3 31.8802
77293.8 31.8807
77314.4 31.8812
77335 31.8817
77355.6 31.8822
77376.2 31.8827
77396.8 31.8832
77417.4 31.8837
77437.9 31.8842
77458.5 31.8847
77479.1 31.8852
77499.7 31.8857
77520.3 31.8862
77540.9 31.8867
77561.5 31.8872
77582.1 31.8877
77602.7 31.8882
77623.3 31.8887
77643.9 31.8892
77664.5 31.8897
77685.1 31.8902
77705.6 31.8908
77726.2 31.8913
77746.8 31.8918
77767.4 31.8923
77788 31.8928
77808.6 31.8933
77829.2 31.8938
77849.8 31.8943
77870.4 31.8948
77891 31.8953
77911.6 31.8958
77932.2 31.8963
77952.8 31.8968
77973.4 31.8973
77994 31.8978
78014.6 31.8983
78035.2 31.8988
78055.8 31.8993
78076.4 31.8998
78097 31.9003
78117.6 31.9008
78138.2 31.9013
78158.8 31.9018
78179.4 31.9023
78200 31.9028
78220.6 31.9033
78241.2 31.9038
78261.8 31.9043
78282.4 31.9048
78303 31.9053
78323.6 31.9058
78344.2 31.9063
78364.8 31.9068
78385.4 31.9073
78406 31.9077
78426.6 31.9082
78447.2 31.9087
78467.8 31.9092
78488.4 31.9097
78509 31.9102
78529.7 31.9107
78550.3 31.9112
78570.9 31.9117
78591.5 31.9122
78612.1 31.9127
78632.7 31.9132
78653.3 31.9137
78673.9 31.9142
78694.5 31.9147
78715.1 31.9152
78735.8 31.9157
78756.4 31.9162
78777 31.9167
78797.6 31.9172
78818.2 31.9177
78838.8 31.9182
78859.4 31.9187
78880 31.9192
78900.6 31.9197
78921.2 31.9202
78941.9 31.9206
78962.5 31.9211
78983.1 31.9216
79003.7 31.9221
79024.3 31.9226
79044.9 31.9231
79065.6 31.9236
79086.2 31.9241
79106.8 31.9246
79127.4 31.9251
79148 31.9256
79168.6 31.9261
79189.3 31.9266
79209.9 31.9271
79230.5 31.9276
79251.1 31.928
79271.7 31.9285
79292.3 31.929
79313 31.9295
79333.6 31.93
79354.2 31.9305
79374.8 31.931
79395.4 31.9315
79416 31.932
79436.7 31.9325
79457.3 31.933
79477.9 31.9335
79498.5 31.9339
79519.2 31.9344
79539.8 31.9349
79560.4 31.9354
79581 31.9359
79601.7 31.9364
79622.3 31.9369
79642.9 31.9374
79663.5 31.9379
79684.2 31.9384
79704.8 31.9388
79725.4 31.9393
79746 31.9398
79766.7 31.9403
79787.3 31.9408
79807.9 31.9413
79828.5 31.9418
79849.2 31.9423
79869.8 31.9428
79890.4 31.9432
79911 31.9437
79931.7 31.9442
79952.3 31.9447
79972.9 31.9452
79993.6 31.9457
80014.2 31.9462
80034.8 31.9467
80055.5 31.9471
80076.1 31.9476
80096.7 31.9481
80117.4 31.9486
80138 31.9491
80158.6 31.9496
80179.3 31.9501
80199.9 31.9505
80220.5 31.951
80241.2 31.9515
80261.8 31.952
80282.4 31.9525
80303.1 31.953
80323.7 31.9535
80344.3 31.954
80365 31.9544
80385.6 31.9549
80406.2 31.9554
80426.9 31.9559
80447.5 31.9564
80468.2 31.9569
80488.8 31.9573
80509.4 31.9578
80530.1 31.9583
80550.7 31.9588
80571.4 31.9593
80592 31.9598
80612.6 31.9602
80633.3 31.9607
80653.9 31.9612
80674.6 31.9617
80695.2 31.9622
80715.8 31.9627
80736.5 31.9631
80757.1 31.9636
80777.8 31.9641
80798.4 31.9646
80819 31.9651
80839.7 31.9656
80860.3 31.966
80881 31.9665
80901.6 31.967
80922.3 31.9675
80942.9 31.968
80963.6 31.9685
80984.2 31.9689
81004.9 31.9694
81025.5 31.9699
81046.1 31.9704
81066.8 31.9709
81087.4 31.9713
81108.1 31.9718
81128.7 31.9723
81149.4 31.9728
81170 31.9733
81190.7 31.9737
81211.3 31.9742
81232 31.9747
81252.6 31.9752
81273.3 31.9757
81293.9 31.9761
81314.6 31.9766
81335.2 31.9771
81355.9 31.9776
81376.5 31.9781
81397.2 31.9785
81417.8 31.979
81438.5 31.9795
81459.1 31.98
81479.8 31.9804
81500.5 31.9809
81521.1 31.9814
81541.8 31.9819
81562.4 31.9824
81583.1 31.9828
81603.7 31.9833
81624.4 31.9838
81645 31.9843
81665.7 31.9847
81686.4 31.9852
81707 31.9857
81727.7 31.9862
81748.3 31.9867
81769 31.9871
81789.6 31.9876
81810.3 31.9881
81831 31.9886
81851.6 31.989
81872.3 31.9895
81892.9 31.99
81913.6 31.9905
81934.2 31.9909
81954.9 31.9914
81975.6 31.9919
81996.2 31.9924
82016.9 31.9928
82037.6 31.9933
82058.2 31.9938
82078.9 31.9943
82099.6 31.9947
82120.2 31.9952
82140.9 31.9957
82161.5 31.9962
82182.2 31.9966
82202.9 31.9971
82223.5 31.9976
82244.2 31.9981
82264.9 31.9985
82285.5 31.999
82306.2 31.9995
82326.9 32
82347.5 32.0004
82368.2 32.0009
82388.9 32.0014
82409.5 32.0018
82430.2 32.0023
82450.9 32.0028
82471.5 32.0033
82492.2 32.0037
82512.9 32.0042
82533.5 32.0047
82554.2 32.0052
82574.9 32.0056
82595.6 32.0061
82616.2 32.0066
82636.9 32.007
82657.6 32.0075
82678.2 32.008
82698.9 32.0085
82719.6 32.0089
82740.3 32.0094
82760.9 32.0099
82781.6 32.0103
82802.3 32.0108
82822.9 32.0113
82843.6 32.0118
82864.3 32.0122
82885 32.0127
82905.6 32.0132
82926.3 32.0136
82947 32.0141
82967.7 32.0146
82988.3 32.015
83009 32.0155
83029.7 32.016
83050.4 32.0164
83071.1 32.0169
83091.7 32.0174
83112.4 32.0179
83133.1 32.0183
83153.8 32.0188
83174.5 32.0193
83195.1 32.0197
83215.8 32.0202
83236.5 32.0207
83257.2 32.0211
83277.9 32.0216
83298.5 32.0221
83319.2 32.0225
83339.9 32.023
83360.6 32.0235
83381.3 32.0239
83401.9 32.0244
83422.6 32.0249
83443.3 32.0253
83464 32.0258
83484.7 32.0263
83505.3 32.0267
83526 32.0272
83546.7 32.0277
83567.4 32.0281
83588.1 32.0286
83608.8 32.0291
83629.5 32.0295
83650.2 32.03
83670.8 32.0305
83691.5 32.0309
83712.2 32.0314
83732.9 32.0319
83753.6 32.0323
83774.3 32.0328
83795 32.0333
83815.7 32.0337
83836.3 32.0342
83857 32.0346
83877.7 32.0351
83898.4 32.0356
83919.1 32.036
83939.8 32.0365
83960.5 32.037
83981.2 32.0374
84001.9 32.0379
84022.5 32.0384
84043.2 32.0388
84063.9 32.0393
84084.6 32.0398
84105.3 32.0402
84126 32.0407
84146.7 32.0411
84167.4 32.0416
84188.1 32.0421
84208.8 32.0425
84229.5 32.043
84250.2 32.0434
84270.9 32.0439
84291.6 32.0444
84312.3 32.0448
84333 32.0453
84353.7 32.0458
84374.4 32.0462
84395.1 32.0467
84415.8 32.0471
84436.5 32.0476
84457.1 32.0481
84477.8 32.0485
84498.5 32.049
84519.2 32.0494
84539.9 32.0499
84560.6 32.0504
84581.4 32.0508
84602.1 32.0513
84622.8 32.0518
84643.5 32.0522
84664.2 32.0527
84684.9 32.0531
84705.6 32.0536
84726.3 32.0541
84747 32.0545
84767.7 32.055
84788.4 32.0554
84809.1 32.0559
84829.8 32.0563
84850.5 32.0568
84871.2 32.0573
84891.9 32.0577
84912.6 32.0582
84933.3 32.0586
84954 32.0591
84974.7 32.0595
84995.4 32.06
85016.1 32.0605
85036.8 32.0609
85057.5 32.0614
85078.2 32.0618
85099 32.0623
85119.7 32.0628
85140.4 32.0632
85161.1 32.0637
85181.8 32.0641
85202.5 32.0646
85223.2 32.065
85243.9 32.0655
85264.6 32.066
85285.4 32.0664
85306.1 32.0669
85326.8 32.0673
85347.5 32.0678
85368.2 32.0682
85388.9 32.0687
85409.6 32.0692
85430.3 32.0696
85451 32.0701
85471.8 32.0705
85492.5 32.071
85513.2 32.0714
85533.9 32.0719
85554.6 32.0723
85575.3 32.0728
85596 32.0732
85616.8 32.0737
85637.5 32.0741
85658.2 32.0746
85678.9 32.0751
85699.6 32.0755
85720.3 32.076
85741.1 32.0764
85761.8 32.0769
85782.5 32.0773
85803.2 32.0778
85823.9 32.0782
85844.7 32.0787
85865.4 32.0791
85886.1 32.0796
85906.8 32.08
85927.5 32.0805
85948.3 32.081
85969 32.0814
85989.7 32.0819
86010.4 32.0823
86031.1 32.0828
86051.8 32.0832
86072.6 32.0837
86093.3 32.0841
86114 32.0846
86134.7 32.085
86155.5 32.0855
86176.2 32.0859
86196.9 32.0864
86217.6 32.0868
86238.4 32.0873
86259.1 32.0877
86279.8 32.0882
86300.5 32.0886
86321.3 32.0891
86342 32.0895
86362.7 32.09
86383.5 32.0904
86404.2 32.0909
86424.9 32.0913
86445.6 32.0918
86466.4 32.0922
86487.1 32.0927
86507.8 32.0931
86528.5 32.0936
86549.3 32.094
86570 32.0945
86590.7 32.0949
86611.4 32.0954
86632.2 32.0958
86652.9 32.0963
86673.6 32.0967
86694.4 32.0972
86715.1 32.0976
86735.8 32.0981
86756.6 32.0985
86777.3 32.099
86798 32.0994
86818.8 32.0999
86839.5 32.1003
86860.3 32.1008
86881 32.1012
86901.7 32.1017
86922.5 32.1021
86943.2 32.1026
86963.9 32.103
86984.7 32.1034
87005.4 32.1039
87026.1 32.1043
87046.9 32.1048
87067.6 32.1052
87088.3 32.1057
87109.1 32.1061
87129.8 32.1066
87150.5 32.107
87171.3 32.1075
87192 32.1079
87212.8 32.1084
87233.5 32.1088
87254.2 32.1092
87275 32.1097
87295.7 32.1101
87316.5 32.1106
87337.2 32.111
87357.9 32.1115
87378.7 32.1119
87399.4 32.1124
87420.2 32.1128
87440.9 32.1133
87461.7 32.1137
87482.4 32.1142
87503.1 32.1146
87523.9 32.115
87544.6 32.1155
87565.4 32.1159
87586.1 32.1164
87606.9 32.1168
87627.6 32.1173
87648.3 32.1177
87669.1 32.1181
87689.8 32.1186
87710.6 32.119
87731.3 32.1195
87752.1 32.1199
87772.8 32.1204
87793.6 32.1208
87814.3 32.1212
87835.1 32.1217
87855.8 32.1221
87876.6 32.1226
87897.3 32.123
87918.1 32.1235
87938.8 32.1239
87959.6 32.1243
87980.3 32.1248
88001.1 32.1252
88021.8 32.1257
88042.6 32.1261
88063.3 32.1266
88084.1 32.127
88104.8 32.1274
88125.6 32.1279
88146.3 32.1283
88167.1 32.1288
88187.8 32.1292
88208.6 32.1297
88229.3 32.1301
88250.1 32.1305
88270.8 32.131
88291.6 32.1314
88312.3 32.1318
88333.1 32.1323
88353.8 32.1327
88374.6 32.1332
88395.4 32.1336
88416.1 32.134
88436.9 32.1345
88457.6 32.1349
88478.4 32.1354
88499.1 32.1358
88519.9 32.1362
88540.7 32.1367
88561.4 32.1371
88582.2 32.1376
88602.9 32.138
88623.7 32.1384
88644.4 32.1389
88665.2 32.1393
88686 32.1397
88706.7 32.1402
88727.5 32.1406
88748.2 32.1411
88769 32.1415
88789.8 32.1419
88810.5 32.1424
88831.3 32.1428
88852 32.1433
88872.8 32.1437
88893.6 32.1441
88914.3 32.1446
88935.1 32.145
88955.9 32.1454
88976.6 32.1459
88997.4 32.1463
89018.2 32.1468
89038.9 32.1472
89059.7 32.1476
89080.5 32.1481
89101.2 32.1485
89122 32.1489
89142.8 32.1494
89163.5 32.1498
89184.3 32.1502
89205 32.1507
89225.8 32.1511
89246.6 32.1515
89267.3 32.152
89288.1 32.1524
89308.9 32.1528
89329.6 32.1533
89350.4 32.1537
89371.2 32.1541
89391.9 32.1546
89412.7 32.155
89433.5 32.1555
89454.3 32.1559
89475 32.1563
89495.8 32.1568
89516.6 32.1572
89537.4 32.1576
89558.1 32.1581
89578.9 32.1585
89599.7 32.1589
89620.4 32.1594
89641.2 32.1598
89662 32.1602
89682.8 32.1607
89703.5 32.1611
89724.3 32.1615
89745.1 32.162
89765.9 32.1624
89786.6 32.1628
89807.4 32.1633
89828.2 32.1637
89849 32.1641
89869.7 32.1646
89890.5 32.165
89911.3 32.1654
89932 32.1659
89952.8 32.1663
89973.6 32.1667
89994.4 32.1671
90015.2 32.1676
90035.9 32.168
90056.7 32.1684
90077.5 32.1689
90098.3 32.1693
90119.1 32.1697
90139.9 32.1702
90160.6 32.1706
90181.4 32.171
90202.2 32.1715
90223 32.1719
90243.8 32.1723
90264.5 32.1728
90285.3 32.1732
90306.1 32.1736
90326.9 32.174
90347.7 32.1745
90368.4 32.1749
90389.2 32.1753
90410 32.1758
90430.8 32.1762
90451.6 32.1766
90472.4 32.1771
90493.1 32.1775
90513.9 32.1779
90534.7 32.1784
90555.5 32.1788
90576.3 32.1792
90597.1 32.1796
90617.9 32.1801
90638.6 32.1805
90659.4 32.1809
90680.2 32.1813
90701 32.1818
90721.8 32.1822
90742.6 32.1826
90763.4 32.1831
90784.2 32.1835
90805 32.1839
90825.8 32.1843
90846.5 32.1848
90867.3 32.1852
90888.1 32.1856
90908.9 32.186
90929.7 32.1865
90950.5 32.1869
90971.3 32.1873
90992.1 32.1878
91012.9 32.1882
91033.6 32.1886
91054.4 32.189
91075.2 32.1895
91096 32.1899
91116.8 32.1903
91137.6 32.1907
91158.4 32.1912
91179.2 32.1916
91200 32.192
91220.8 32.1925
91241.6 32.1929
91262.4 32.1933
91283.2 32.1937
91304 32.1942
91324.8 32.1946
91345.6 32.195
91366.4 32.1954
91387.2 32.1959
91408 32.1963
91428.8 32.1967
91449.6 32.1971
91470.4 32.1975
91491.2 32.198
91512 32.1984
91532.8 32.1988
91553.5 32.1992
91574.3 32.1997
91595.1 32.2001
91615.9 32.2005
91636.7 32.2009
91657.5 32.2014
91678.3 32.2018
91699.1 32.2022
91719.9 32.2026
91740.8 32.2031
91761.6 32.2035
91782.4 32.2039
91803.2 32.2043
91824 32.2047
91844.8 32.2052
91865.6 32.2056
91886.4 32.206
91907.2 32.2064
91928 32.2069
91948.8 32.2073
91969.6 32.2077
91990.4 32.2081
92011.2 32.2086
92032 32.209
92052.8 32.2094
92073.6 32.2098
92094.4 32.2103
92115.2 32.2107
92136 32.2111
92156.8 32.2115
92177.6 32.2119
92198.5 32.2124
92219.3 32.2128
92240.1 32.2132
92260.9 32.2136
92281.7 32.214
92302.5 32.2145
92323.3 32.2149
92344.1 32.2153
92364.9 32.2157
92385.8 32.2161
92406.6 32.2165
92427.4 32.217
92448.2 32.2174
92469 32.2178
92489.8 32.2182
92510.6 32.2186
92531.4 32.2191
92552.3 32.2195
92573.1 32.2199
92593.9 32.2203
92614.7 32.2207
92635.5 32.2212
92656.3 32.2216
92677.1 32.222
92697.9 32.2224
92718.8 32.2228
92739.6 32.2233
92760.4 32.2237
92781.2 32.2241
92802 32.2245
92822.8 32.2249
92843.6 32.2254
92864.5 32.2258
92885.3 32.2262
92906.1 32.2266
92926.9 32.227
92947.7 32.2275
92968.6 32.2279
92989.4 32.2283
93010.2 32.2287
93031 32.2291
93051.8 32.2295
93072.7 32.2299
93093.5 32.2304
93114.3 32.2308
93135.1 32.2312
93155.9 32.2316
93176.8 32.232
93197.6 32.2324
93218.4 32.2329
93239.2 32.2333
93260 32.2337
93280.9 32.2341
93301.7 32.2345
93322.5 32.2349
93343.3 32.2354
93364.1 32.2358
93385 32.2362
93405.8 32.2366
93426.6 32.237
93447.4 32.2374
93468.3 32.2379
93489.1 32.2383
93509.9 32.2387
93530.8 32.2391
93551.6 32.2395
93572.4 32.2399
93593.2 32.2403
93614.1 32.2408
93634.9 32.2412
93655.7 32.2416
93676.5 32.242
93697.4 32.2424
93718.2 32.2428
93739 32.2433
93759.9 32.2437
93780.7 32.2441
93801.5 32.2445
93822.3 32.2449
93843.2 32.2453
93864 32.2457
93884.8 32.2461
93905.7 32.2466
93926.5 32.247
93947.3 32.2474
93968.1 32.2478
93989 32.2482
94009.8 32.2486
94030.6 32.249
94051.5 32.2494
94072.3 32.2499
94093.1 32.2503
94114 32.2507
94134.8 32.2511
94155.7 32.2515
94176.5 32.2519
94197.3 32.2523
94218.2 32.2527
94239 32.2531
94259.8 32.2536
94280.7 32.254
94301.5 32.2544
94322.3 32.2548
94343.2 32.2552
94364 32.2556
94384.9 32.256
94405.7 32.2564
94426.5 32.2569
94447.4 32.2573
94468.2 32.2577
94489 32.2581
94509.9 32.2585
94530.7 32.2589
94551.5 32.2593
94572.4 32.2597
94593.2 32.2602
94614.1 32.2606
94634.9 32.261
94655.7 32.2614
94676.6 32.2618
94697.4 32.2622
94718.3 32.2626
94739.1 32.263
94760 32.2634
94780.8 32.2638
94801.6 32.2642
94822.5 32.2646
94843.3 32.265
94864.2 32.2655
94885 32.2659
94905.9 32.2663
94926.7 32.2667
94947.6 32.2671
94968.4 32.2675
94989.2 32.2679
95010.1 32.2683
95030.9 32.2687
95051.8 32.2691
95072.6 32.2695
95093.5 32.2699
95114.3 32.2704
95135.1 32.2708
95156 32.2712
95176.8 32.2716
95197.7 32.272
95218.5 32.2724
95239.4 32.2728
95260.2 32.2732
95281.1 32.2736
95301.9 32.274
95322.8 32.2744
95343.6 32.2748
95364.5 32.2753
95385.4 32.2757
95406.2 32.2761
95427.1 32.2765
95447.9 32.2769
95468.8 32.2773
95489.6 32.2777
95510.5 32.2781
95531.3 32.2785
95552.2 32.2789
95573 32.2793
95593.9 32.2797
95614.7 32.2801
95635.6 32.2805
95656.4 32.2809
95677.3 32.2813
95698.1 32.2817
95719 32.2821
95739.8 32.2826
95760.7 32.283
95781.5 32.2834
95802.4 32.2838
95823.3 32.2842
95844.1 32.2846
95865 32.285
95885.8 32.2854
95906.7 32.2858
95927.5 32.2862
95948.4 32.2866
95969.3 32.287
95990.1 32.2874
96011 32.2878
96031.8 32.2882
96052.7 32.2886
96073.6 32.289
96094.4 32.2894
96115.3 32.2898
96136.1 32.2902
96157 32.2906
96177.9 32.291
96198.7 32.2914
96219.6 32.2919
96240.4 32.2923
96261.3 32.2927
96282.2 32.2931
96303 32.2935
