0 0
0.0206012 0.0634038
0.0454037 0.126816
0.0743819 0.190245
0.10751 0.253699
0.144764 0.317187
0.186118 0.380717
0.231547 0.444298
0.281025 0.507938
0.334527 0.571646
0.392028 0.635431
0.453502 0.699299
0.518923 0.76326
0.588265 0.82732
0.661501 0.891488
0.738603 0.95577
0.819545 1.02017
0.904297 1.0847
0.992831 1.14937
1.08512 1.21417
1.18112 1.27911
1.28082 1.3442
1.38417 1.40944
1.49114 1.47482
1.6017 1.54035
1.71581 1.60604
1.83344 1.67186
1.95453 1.73783
2.07906 1.80393
2.20698 1.87015
2.33824 1.93649
2.4728 2.00294
2.61062 2.06946
2.75164 2.13606
2.89582 2.2027
3.0431 2.26937
3.19343 2.33603
3.34676 2.40265
3.50304 2.4692
3.6622 2.53565
3.8242 2.60194
3.98898 2.66804
4.15649 2.7339
4.32667 2.79946
4.49947 2.86468
4.67484 2.92949
4.85273 2.99385
5.0331 3.05768
5.2159 3.12094
5.40109 3.18356
5.58864 3.24548
5.7785 3.30665
5.97064 3.36702
6.16504 3.42652
6.36166 3.4851
6.56049 3.54273
6.7615 3.59937
6.96467 3.65497
7.16998 3.7095
7.37742 3.76293
7.58697 3.81526
7.79861 3.86645
8.01234 3.9165
8.22813 3.9654
8.44597 4.01315
8.66584 4.05976
8.88773 4.10522
9.11162 4.14955
9.33749 4.19276
9.56532 4.23487
9.7951 4.2759
10.0268 4.31586
10.2604 4.35478
10.4959 4.39268
10.7332 4.42959
10.9724 4.46553
11.2133 4.50052
11.456 4.5346
11.7005 4.56779
11.9468 4.60012
12.1947 4.63161
12.4443 4.66229
12.6955 4.69218
12.9483 4.72131
13.2028 4.74971
13.4588 4.77739
13.7163 4.80439
13.9754 4.83072
14.2359 4.85641
14.4979 4.88148
14.7613 4.90594
15.0261 4.92983
15.2923 4.95316
15.5599 4.97594
15.8288 4.9982
16.099 5.01995
16.3704 5.04122
16.6432 5.06201
16.9171 5.08234
17.1923 5.10223
17.4687 5.1217
17.7463 5.14074
18.025 5.15939
18.3048 5.17765
18.5858 5.19554
18.8678 5.21306
19.151 5.23022
19.4351 5.24705
19.7203 5.26355
20.0066 5.27972
20.2938 5.29559
20.582 5.31115
20.8712 5.32642
21.1613 5.34141
21.4524 5.35612
21.7444 5.37056
22.0373 5.38475
22.3311 5.39868
22.6257 5.41237
22.9213 5.42582
23.2177 5.43903
23.5149 5.45203
23.8129 5.4648
24.1118 5.47736
24.4114 5.48972
24.7118 5.50187
25.013 5.51383
25.315 5.52559
25.6177 5.53717
25.9212 5.54857
26.2254 5.55979
26.5303 5.57085
26.8359 5.58173
27.1422 5.59245
27.4492 5.60301
27.7569 5.61341
28.0653 5.62366
28.3743 5.63377
28.6839 5.64372
28.9942 5.65354
29.3052 5.66322
29.6168 5.67277
29.9289 5.68218
30.2417 5.69147
30.5551 5.70063
30.8691 5.70967
31.1837 5.71858
31.4989 5.72738
31.8146 5.73607
32.1309 5.74464
32.4477 5.75311
32.7651 5.76146
33.0831 5.76971
33.4015 5.77786
33.7206 5.78591
34.0401 5.79386
34.3601 5.80171
34.6807 5.80947
35.0018 5.81713
35.3234 5.82471
35.6454 5.83219
35.968 5.83959
36.291 5.8469
36.6146 5.85413
36.9385 5.86128
37.263 5.86834
37.5879 5.87533
37.9133 5.88224
38.2391 5.88907
38.5654 5.89583
38.8922 5.90251
39.2193 5.90913
39.5469 5.91567
39.8749 5.92214
40.2034 5.92854
40.5323 5.93488
40.8615 5.94115
41.1912 5.94736
41.5214 5.95351
41.8519 5.95959
42.1828 5.96561
42.5141 5.97157
42.8458 5.97747
43.1779 5.98331
43.5104 5.9891
43.8432 5.99483
44.1764 6.0005
44.51 6.00613
44.844 6.01169
45.1784 6.01721
45.5131 6.02267
45.8481 6.02808
46.1835 6.03344
46.5193 6.03876
46.8554 6.04402
47.1919 6.04924
47.5287 6.0544
47.8659 6.05953
48.2034 6.06461
48.5412 6.06964
48.8794 6.07463
49.2179 6.07957
49.5567 6.08447
49.8958 6.08933
50.2353 6.09415
50.5751 6.09893
50.9152 6.10367
51.2556 6.10836
51.5963 6.11302
51.9373 6.11764
52.2787 6.12222
52.6203 6.12677
52.9622 6.13127
53.3045 6.13574
53.647 6.14018
53.9898 6.14458
54.3329 6.14894
54.6763 6.15327
55.02 6.15757
55.364 6.16183
55.7083 6.16606
56.0528 6.17025
56.3976 6.17442
56.7427 6.17855
57.0881 6.18265
57.4337 6.18672
57.7796 6.19076
58.1258 6.19477
58.4722 6.19875
58.8189 6.2027
59.1659 6.20662
59.5131 6.21051
59.8606 6.21438
60.2083 6.21821
60.5563 6.22202
60.9045 6.2258
61.253 6.22956
61.6018 6.23329
61.9508 6.23699
62.3 6.24066
62.6495 6.24432
62.9992 6.24794
63.3492 6.25154
63.6994 6.25512
64.0498 6.25867
64.4005 6.2622
64.7514 6.2657
65.1025 6.26918
65.4539 6.27264
65.8055 6.27607
66.1573 6.27948
66.5093 6.28287
66.8616 6.28623
67.2141 6.28958
67.5668 6.2929
67.9198 6.2962
68.273 6.29948
68.6263 6.30274
68.9799 6.30598
69.3337 6.3092
69.6878 6.3124
70.042 6.31558
70.3964 6.31873
70.7511 6.32187
71.106 6.32499
71.461 6.32809
71.8163 6.33117
72.1718 6.33423
72.5275 6.33728
72.8834 6.3403
73.2395 6.34331
73.5957 6.3463
73.9522 6.34927
74.3089 6.35222
74.6658 6.35516
75.0229 6.35808
75.3801 6.36098
75.7376 6.36386
76.0952 6.36673
76.4531 6.36958
76.8111 6.37242
77.1693 6.37524
77.5277 6.37804
77.8863 6.38083
78.2451 6.3836
78.6041 6.38636
78.9632 6.3891
79.3226 6.39182
79.6821 6.39453
80.0418 6.39723
80.4016 6.39991
80.7617 6.40257
81.1219 6.40522
81.4823 6.40786
81.8429 6.41048
82.2036 6.41309
82.5645 6.41568
82.9256 6.41826
83.2869 6.42083
83.6483 6.42338
84.0099 6.42592
84.3717 6.42845
84.7337 6.43096
85.0958 6.43346
85.4581 6.43595
85.8205 6.43842
86.1831 6.44088
86.5459 6.44333
86.9088 6.44577
87.2719 6.44819
87.6352 6.4506
87.9986 6.453
88.3622 6.45539
88.7259 6.45776
89.0898 6.46013
89.4538 6.46248
89.818 6.46482
90.1824 6.46715
90.5469 6.46946
90.9116 6.47177
91.2764 6.47406
91.6414 6.47635
92.0065 6.47862
92.3718 6.48088
92.7372 6.48313
93.1028 6.48537
93.4685 6.4876
93.8344 6.48982
94.2004 6.49202
94.5666 6.49422
94.9329 6.49641
95.2994 6.49858
95.666 6.50075
96.0328 6.50291
96.3997 6.50505
96.7667 6.50719
97.1339 6.50932
97.5012 6.51143
97.8687 6.51354
98.2363 6.51564
98.604 6.51772
98.9719 6.5198
99.3399 6.52187
99.7081 6.52393
100.076 6.52598
100.445 6.52802
100.813 6.53006
101.182 6.53208
101.551 6.53409
101.92 6.5361
102.289 6.5381
102.658 6.54008
103.028 6.54206
103.397 6.54403
103.767 6.546
104.136 6.54795
104.506 6.5499
104.876 6.55183
105.247 6.55376
105.617 6.55568
105.987 6.55759
106.358 6.5595
106.728 6.5614
107.099 6.56328
107.47 6.56516
107.841 6.56704
108.212 6.5689
108.584 6.57076
108.955 6.57261
109.327 6.57445
109.698 6.57629
110.07 6.57811
110.442 6.57993
110.814 6.58174
111.186 6.58355
111.558 6.58534
111.931 6.58713
112.303 6.58892
112.676 6.59069
113.049 6.59246
113.421 6.59422
113.794 6.59598
114.167 6.59773
114.541 6.59947
114.914 6.6012
115.287 6.60293
115.661 6.60465
116.035 6.60636
116.408 6.60807
116.782 6.60977
117.156 6.61146
117.53 6.61315
117.905 6.61483
118.279 6.61651
118.653 6.61817
119.028 6.61984
119.403 6.62149
119.777 6.62314
120.152 6.62478
120.527 6.62642
120.902 6.62805
121.278 6.62968
121.653 6.63129
122.028 6.63291
122.404 6.63451
122.78 6.63611
123.155 6.63771
123.531 6.6393
123.907 6.64088
124.283 6.64246
124.66 6.64403
125.036 6.6456
125.412 6.64716
125.789 6.64871
126.165 6.65026
126.542 6.6518
126.919 6.65334
127.296 6.65487
127.673 6.6564
128.05 6.65792
128.427 6.65944
128.804 6.66095
129.182 6.66245
129.559 6.66395
129.937 6.66545
130.315 6.66694
130.692 6.66842
131.07 6.6699
131.448 6.67138
131.826 6.67285
132.205 6.67431
132.583 6.67577
132.961 6.67722
133.34 6.67867
133.718 6.68012
134.097 6.68156
134.476 6.68299
134.855 6.68442
135.234 6.68584
135.613 6.68726
135.992 6.68868
136.371 6.69009
136.751 6.6915
137.13 6.6929
137.51 6.69429
137.889 6.69568
138.269 6.69707
138.649 6.69845
139.029 6.69983
139.409 6.70121
139.789 6.70258
140.169 6.70394
140.549 6.7053
140.93 6.70666
141.31 6.70801
141.691 6.70935
142.071 6.7107
142.452 6.71204
142.833 6.71337
143.214 6.7147
143.595 6.71603
143.976 6.71735
144.357 6.71866
144.738 6.71998
145.12 6.72129
145.501 6.72259
145.883 6.72389
146.264 6.72519
146.646 6.72648
147.028 6.72777
147.41 6.72905
147.791 6.73034
148.174 6.73161
148.556 6.73288
148.938 6.73415
149.32 6.73542
149.702 6.73668
150.085 6.73794
150.467 6.73919
150.85 6.74044
151.233 6.74169
151.616 6.74293
151.999 6.74417
152.381 6.7454
152.764 6.74663
153.148 6.74786
153.531 6.74908
153.914 6.7503
154.297 6.75152
154.681 6.75273
155.064 6.75394
155.448 6.75515
155.832 6.75635
156.215 6.75755
156.599 6.75874
156.983 6.75993
157.367 6.76112
157.751 6.76231
158.136 6.76349
158.52 6.76467
158.904 6.76584
159.288 6.76701
159.673 6.76818
160.058 6.76934
160.442 6.7705
160.827 6.77166
161.212 6.77281
161.596 6.77396
161.981 6.77511
162.366 6.77626
162.752 6.7774
163.137 6.77853
163.522 6.77967
163.907 6.7808
164.293 6.78193
164.678 6.78305
165.064 6.78418
165.449 6.7853
165.835 6.78641
166.221 6.78752
166.607 6.78863
166.993 6.78974
167.378 6.79084
167.765 6.79194
168.151 6.79304
168.537 6.79414
168.923 6.79523
169.31 6.79632
169.696 6.7974
170.082 6.79848
170.469 6.79956
170.856 6.80064
171.242 6.80171
171.629 6.80278
172.016 6.80385
172.403 6.80492
172.79 6.80598
173.177 6.80704
173.564 6.8081
173.951 6.80915
174.339 6.8102
174.726 6.81125
175.114 6.81229
175.501 6.81334
175.889 6.81438
176.276 6.81541
176.664 6.81645
177.052 6.81748
177.44 6.81851
177.827 6.81954
178.215 6.82056
178.603 6.82158
178.992 6.8226
179.38 6.82362
179.768 6.82463
180.156 6.82564
180.545 6.82665
180.933 6.82765
181.322 6.82866
181.71 6.82966
182.099 6.83066
182.488 6.83165
182.876 6.83264
183.265 6.83364
183.654 6.83462
184.043 6.83561
184.432 6.83659
184.821 6.83757
185.21 6.83855
185.6 6.83953
185.989 6.8405
186.378 6.84147
186.768 6.84244
187.157 6.8434
187.547 6.84437
187.937 6.84533
188.326 6.84629
188.716 6.84724
189.106 6.8482
189.496 6.84915
189.886 6.8501
190.276 6.85105
190.666 6.85199
191.056 6.85293
191.446 6.85387
191.836 6.85481
192.227 6.85575
192.617 6.85668
193.008 6.85761
193.398 6.85854
193.789 6.85947
194.179 6.86039
194.57 6.86132
194.961 6.86224
195.352 6.86315
195.742 6.86407
196.133 6.86498
196.524 6.86589
196.915 6.8668
197.307 6.86771
197.698 6.86862
198.089 6.86952
198.48 6.87042
198.872 6.87132
199.263 6.87221
199.655 6.87311
200.046 6.874
200.438 6.87489
200.829 6.87578
201.221 6.87667
201.613 6.87755
202.005 6.87843
202.397 6.87931
202.789 6.88019
203.181 6.88107
203.573 6.88194
203.965 6.88281
204.357 6.88368
204.749 6.88455
205.142 6.88542
205.534 6.88628
205.926 6.88714
206.319 6.888
206.711 6.88886
207.104 6.88972
207.497 6.89057
207.889 6.89142
208.282 6.89227
208.675 6.89312
209.068 6.89397
209.461 6.89481
209.854 6.89566
210.247 6.8965
210.64 6.89734
211.033 6.89818
211.426 6.89901
211.82 6.89985
212.213 6.90068
212.606 6.90151
213 6.90234
213.393 6.90316
213.787 6.90399
214.18 6.90481
214.574 6.90563
214.968 6.90645
215.362 6.90727
215.755 6.90808
216.149 6.9089
216.543 6.90971
216.937 6.91052
217.331 6.91133
217.725 6.91214
218.119 6.91294
218.514 6.91374
218.908 6.91455
219.302 6.91535
219.697 6.91614
220.091 6.91694
220.485 6.91774
220.88 6.91853
221.275 6.91932
221.669 6.92011
222.064 6.9209
222.459 6.92169
222.853 6.92247
223.248 6.92325
223.643 6.92404
224.038 6.92482
224.433 6.9256
224.828 6.92637
225.223 6.92715
225.618 6.92792
226.013 6.92869
226.409 6.92946
226.804 6.93023
227.199 6.931
227.595 6.93177
227.99 6.93253
228.386 6.93329
228.781 6.93405
229.177 6.93481
229.573 6.93557
229.968 6.93633
230.364 6.93708
230.76 6.93784
231.156 6.93859
231.552 6.93934
231.948 6.94009
232.344 6.94083
232.74 6.94158
233.136 6.94232
233.532 6.94307
233.928 6.94381
234.324 6.94455
234.721 6.94529
235.117 6.94602
235.513 6.94676
235.91 6.94749
236.306 6.94822
236.703 6.94895
237.1 6.94968
237.496 6.95041
237.893 6.95114
238.29 6.95186
238.686 6.95259
239.083 6.95331
239.48 6.95403
239.877 6.95475
240.274 6.95547
240.671 6.95619
241.068 6.9569
241.465 6.95761
241.863 6.95833
242.26 6.95904
242.657 6.95975
243.054 6.96046
243.452 6.96116
243.849 6.96187
244.247 6.96257
244.644 6.96328
245.042 6.96398
245.439 6.96468
245.837 6.96538
246.235 6.96608
246.632 6.96677
247.03 6.96747
247.428 6.96816
247.826 6.96885
248.224 6.96954
248.622 6.97023
249.02 6.97092
249.418 6.97161
249.816 6.97229
250.214 6.97298
250.612 6.97366
251.011 6.97434
251.409 6.97503
251.807 6.9757
252.206 6.97638
252.604 6.97706
253.003 6.97774
253.401 6.97841
253.8 6.97908
254.198 6.97975
254.597 6.98043
254.996 6.98109
255.394 6.98176
255.793 6.98243
256.192 6.9831
256.591 6.98376
256.99 6.98442
257.389 6.98509
257.788 6.98575
258.187 6.98641
258.586 6.98706
258.985 6.98772
259.384 6.98838
259.783 6.98903
260.183 6.98969
260.582 6.99034
260.981 6.99099
261.381 6.99164
261.78 6.99229
262.18 6.99294
262.579 6.99358
262.979 6.99423
263.378 6.99487
263.778 6.99552
264.178 6.99616
264.577 6.9968
264.977 6.99744
265.377 6.99808
265.777 6.99871
266.177 6.99935
266.577 6.99999
266.977 7.00062
267.377 7.00125
267.777 7.00188
268.177 7.00252
268.577 7.00314
268.977 7.00377
269.378 7.0044
269.778 7.00503
270.178 7.00565
270.579 7.00628
270.979 7.0069
271.38 7.00752
271.78 7.00814
272.181 7.00876
272.581 7.00938
272.982 7.01
273.383 7.01061
273.783 7.01123
274.184 7.01185
274.585 7.01246
274.986 7.01307
275.387 7.01368
275.787 7.01429
276.188 7.0149
276.589 7.01551
276.99 7.01612
277.392 7.01672
277.793 7.01733
278.194 7.01793
278.595 7.01854
278.996 7.01914
279.397 7.01974
279.799 7.02034
280.2 7.02094
280.602 7.02153
281.003 7.02213
281.404 7.02273
281.806 7.02332
282.208 7.02392
282.609 7.02451
283.011 7.0251
283.412 7.02569
283.814 7.02628
284.216 7.02687
284.618 7.02746
285.02 7.02805
285.421 7.02863
285.823 7.02922
286.225 7.0298
286.627 7.03038
287.029 7.03097
287.431 7.03155
287.833 7.03213
288.236 7.03271
288.638 7.03329
289.04 7.03386
289.442 7.03444
289.845 7.03502
290.247 7.03559
290.649 7.03616
291.052 7.03674
291.454 7.03731
291.857 7.03788
292.259 7.03845
292.662 7.03902
293.064 7.03959
293.467 7.04015
293.87 7.04072
294.272 7.04128
294.675 7.04185
295.078 7.04241
295.481 7.04297
295.884 7.04354
296.287 7.0441
296.69 7.04466
297.092 7.04522
297.496 7.04577
297.899 7.04633
298.302 7.04689
298.705 7.04744
299.108 7.048
299.511 7.04855
299.914 7.0491
300.318 7.04966
300.721 7.05021
301.124 7.05076
301.528 7.05131
301.931 7.05186
302.335 7.0524
302.738 7.05295
303.142 7.0535
303.545 7.05404
303.949 7.05458
304.352 7.05513
304.756 7.05567
305.16 7.05621
305.564 7.05675
305.967 7.05729
306.371 7.05783
306.775 7.05837
307.179 7.05891
307.583 7.05944
307.987 7.05998
308.391 7.06051
308.795 7.06105
309.199 7.06158
309.603 7.06211
310.007 7.06265
310.411 7.06318
310.816 7.06371
311.22 7.06424
311.624 7.06476
312.028 7.06529
312.433 7.06582
312.837 7.06635
313.242 7.06687
313.646 7.0674
314.051 7.06792
314.455 7.06844
314.86 7.06896
315.264 7.06949
315.669 7.07001
316.074 7.07053
316.478 7.07104
316.883 7.07156
317.288 7.07208
317.693 7.0726
318.097 7.07311
318.502 7.07363
318.907 7.07414
319.312 7.07466
319.717 7.07517
320.122 7.07568
320.527 7.07619
320.932 7.0767
321.337 7.07721
321.743 7.07772
322.148 7.07823
322.553 7.07874
322.958 7.07924
323.363 7.07975
323.769 7.08026
324.174 7.08076
324.579 7.08126
324.985 7.08177
325.39 7.08227
325.796 7.08277
326.201 7.08327
326.607 7.08377
327.013 7.08427
327.418 7.08477
327.824 7.08527
328.229 7.08576
328.635 7.08626
329.041 7.08676
329.447 7.08725
329.853 7.08775
330.258 7.08824
330.664 7.08873
331.07 7.08922
331.476 7.08972
331.882 7.09021
332.288 7.0907
332.694 7.09119
333.1 7.09167
333.506 7.09216
333.913 7.09265
334.319 7.09314
334.725 7.09362
335.131 7.09411
335.537 7.09459
335.944 7.09508
336.35 7.09556
336.757 7.09604
337.163 7.09652
337.569 7.097
337.976 7.09748
338.382 7.09796
338.789 7.09844
339.195 7.09892
339.602 7.0994
340.009 7.09988
340.415 7.10035
340.822 7.10083
341.229 7.1013
341.635 7.10178
342.042 7.10225
342.449 7.10272
342.856 7.1032
343.263 7.10367
343.67 7.10414
344.077 7.10461
344.484 7.10508
344.891 7.10555
345.298 7.10602
345.705 7.10648
346.112 7.10695
346.519 7.10742
346.926 7.10788
347.333 7.10835
347.741 7.10881
348.148 7.10928
348.555 7.10974
348.962 7.1102
349.37 7.11067
349.777 7.11113
350.185 7.11159
350.592 7.11205
351 7.11251
351.407 7.11297
351.815 7.11342
352.222 7.11388
352.63 7.11434
353.037 7.1148
353.445 7.11525
353.853 7.11571
354.26 7.11616
354.668 7.11662
355.076 7.11707
355.484 7.11752
355.892 7.11797
356.299 7.11842
356.707 7.11888
357.115 7.11933
357.523 7.11978
357.931 7.12022
358.339 7.12067
358.747 7.12112
359.155 7.12157
359.563 7.12202
359.972 7.12246
360.38 7.12291
360.788 7.12335
361.196 7.1238
361.604 7.12424
362.013 7.12468
362.421 7.12513
362.829 7.12557
363.238 7.12601
363.646 7.12645
364.055 7.12689
364.463 7.12733
364.872 7.12777
365.28 7.12821
365.689 7.12865
366.097 7.12908
366.506 7.12952
366.914 7.12996
367.323 7.13039
367.732 7.13083
368.141 7.13126
368.549 7.13169
368.958 7.13213
369.367 7.13256
369.776 7.13299
370.185 7.13343
370.593 7.13386
371.002 7.13429
371.411 7.13472
371.82 7.13515
372.229 7.13558
372.638 7.136
373.047 7.13643
373.457 7.13686
373.866 7.13729
374.275 7.13771
374.684 7.13814
375.093 7.13856
375.502 7.13899
375.912 7.13941
376.321 7.13983
376.73 7.14026
377.14 7.14068
377.549 7.1411
377.958 7.14152
378.368 7.14194
378.777 7.14236
379.187 7.14278
379.596 7.1432
380.006 7.14362
380.415 7.14404
380.825 7.14446
381.235 7.14487
381.644 7.14529
382.054 7.14571
382.464 7.14612
382.874 7.14654
383.283 7.14695
383.693 7.14737
384.103 7.14778
384.513 7.14819
384.923 7.1486
385.333 7.14902
385.743 7.14943
386.152 7.14984
386.563 7.15025
386.973 7.15066
387.383 7.15107
387.793 7.15148
388.203 7.15188
388.613 7.15229
389.023 7.1527
389.433 7.15311
389.843 7.15351
390.254 7.15392
390.664 7.15432
391.074 7.15473
391.484 7.15513
391.895 7.15554
392.305 7.15594
392.716 7.15634
393.126 7.15675
393.536 7.15715
393.947 7.15755
394.357 7.15795
394.768 7.15835
395.179 7.15875
395.589 7.15915
396 7.15955
396.41 7.15995
396.821 7.16035
397.232 7.16074
397.642 7.16114
398.053 7.16154
398.464 7.16193
398.875 7.16233
399.286 7.16272
399.696 7.16312
400.107 7.16351
400.518 7.16391
400.929 7.1643
401.34 7.16469
401.751 7.16508
402.162 7.16548
402.573 7.16587
402.984 7.16626
403.395 7.16665
403.806 7.16704
404.217 7.16743
404.629 7.16782
405.04 7.16821
405.451 7.16859
405.862 7.16898
406.274 7.16937
406.685 7.16976
407.096 7.17014
407.508 7.17053
407.919 7.17091
408.33 7.1713
408.742 7.17168
409.153 7.17207
409.565 7.17245
409.976 7.17283
410.388 7.17322
410.799 7.1736
411.211 7.17398
411.622 7.17436
412.034 7.17474
412.446 7.17512
412.857 7.1755
413.269 7.17588
413.681 7.17626
414.092 7.17664
414.504 7.17702
414.916 7.17739
415.328 7.17777
415.74 7.17815
416.152 7.17852
416.564 7.1789
416.975 7.17928
417.387 7.17965
417.799 7.18003
418.211 7.1804
418.623 7.18077
419.035 7.18115
419.448 7.18152
419.86 7.18189
420.272 7.18226
420.684 7.18264
421.096 7.18301
421.508 7.18338
421.921 7.18375
422.333 7.18412
422.745 7.18449
423.157 7.18486
423.57 7.18523
423.982 7.18559
424.394 7.18596
424.807 7.18633
425.219 7.1867
425.632 7.18706
426.044 7.18743
426.457 7.18779
426.869 7.18816
427.282 7.18852
427.694 7.18889
428.107 7.18925
428.52 7.18962
428.932 7.18998
429.345 7.19034
429.757 7.19071
430.17 7.19107
430.583 7.19143
430.996 7.19179
431.408 7.19215
431.821 7.19251
432.234 7.19287
432.647 7.19323
433.06 7.19359
433.473 7.19395
433.886 7.19431
434.299 7.19467
434.712 7.19502
435.125 7.19538
435.538 7.19574
435.951 7.19609
436.364 7.19645
436.777 7.19681
437.19 7.19716
437.603 7.19752
438.016 7.19787
438.43 7.19823
438.843 7.19858
439.256 7.19893
439.669 7.19929
440.083 7.19964
440.496 7.19999
440.909 7.20034
441.323 7.20069
441.736 7.20104
442.149 7.20139
442.563 7.20174
442.976 7.20209
443.39 7.20244
443.803 7.20279
444.217 7.20314
444.63 7.20349
445.044 7.20384
445.457 7.20419
445.871 7.20453
446.285 7.20488
446.698 7.20523
447.112 7.20557
447.526 7.20592
447.939 7.20626
448.353 7.20661
448.767 7.20695
449.181 7.2073
449.595 7.20764
450.008 7.20798
450.422 7.20833
450.836 7.20867
451.25 7.20901
451.664 7.20935
452.078 7.2097
452.492 7.21004
452.906 7.21038
453.32 7.21072
453.734 7.21106
454.148 7.2114
454.562 7.21174
454.976 7.21208
455.39 7.21242
455.805 7.21275
456.219 7.21309
456.633 7.21343
457.047 7.21377
457.461 7.2141
457.876 7.21444
458.29 7.21478
458.704 7.21511
459.119 7.21545
459.533 7.21578
459.947 7.21612
460.362 7.21645
460.776 7.21679
461.191 7.21712
461.605 7.21745
462.02 7.21779
462.434 7.21812
462.849 7.21845
463.263 7.21878
463.678 7.21912
464.093 7.21945
464.507 7.21978
464.922 7.22011
465.337 7.22044
465.751 7.22077
466.166 7.2211
466.581 7.22143
466.995 7.22176
467.41 7.22209
467.825 7.22241
468.24 7.22274
468.655 7.22307
469.07 7.2234
469.484 7.22372
469.899 7.22405
470.314 7.22438
470.729 7.2247
471.144 7.22503
471.559 7.22535
471.974 7.22568
472.389 7.226
472.804 7.22633
473.22 7.22665
473.635 7.22697
474.05 7.2273
474.465 7.22762
474.88 7.22794
475.295 7.22827
475.711 7.22859
476.126 7.22891
476.541 7.22923
476.956 7.22955
477.372 7.22987
477.787 7.23019
478.202 7.23051
478.618 7.23083
479.033 7.23115
479.448 7.23147
479.864 7.23179
480.279 7.23211
480.695 7.23242
481.11 7.23274
481.526 7.23306
481.941 7.23338
482.357 7.23369
482.772 7.23401
483.188 7.23433
483.604 7.23464
484.019 7.23496
484.435 7.23527
484.851 7.23559
485.266 7.2359
485.682 7.23622
486.098 7.23653
486.514 7.23684
486.929 7.23716
487.345 7.23747
487.761 7.23778
488.177 7.2381
488.593 7.23841
489.009 7.23872
489.425 7.23903
489.841 7.23934
490.257 7.23965
490.672 7.23996
491.088 7.24027
491.504 7.24058
491.921 7.24089
492.337 7.2412
492.753 7.24151
493.169 7.24182
493.585 7.24213
494.001 7.24243
494.417 7.24274
494.833 7.24305
495.25 7.24336
495.666 7.24366
496.082 7.24397
496.498 7.24428
496.915 7.24458
497.331 7.24489
497.747 7.24519
498.164 7.2455
498.58 7.2458
498.996 7.24611
499.413 7.24641
499.829 7.24672
500.246 7.24702
500.662 7.24732
501.079 7.24763
501.495 7.24793
501.912 7.24823
502.328 7.24853
502.745 7.24883
503.161 7.24914
503.578 7.24944
503.995 7.24974
504.411 7.25004
504.828 7.25034
505.245 7.25064
505.661 7.25094
506.078 7.25124
506.495 7.25154
506.912 7.25184
507.328 7.25213
507.745 7.25243
508.162 7.25273
508.579 7.25303
508.996 7.25333
509.413 7.25362
509.829 7.25392
510.246 7.25422
510.663 7.25451
511.08 7.25481
511.497 7.2551
511.914 7.2554
512.331 7.2557
512.748 7.25599
513.166 7.25628
513.583 7.25658
514 7.25687
514.417 7.25717
514.834 7.25746
515.251 7.25775
515.668 7.25805
516.086 7.25834
516.503 7.25863
516.92 7.25892
517.337 7.25922
517.755 7.25951
518.172 7.2598
518.589 7.26009
519.007 7.26038
519.424 7.26067
519.841 7.26096
520.259 7.26125
520.676 7.26154
521.094 7.26183
521.511 7.26212
521.928 7.26241
522.346 7.2627
522.763 7.26299
523.181 7.26327
523.599 7.26356
524.016 7.26385
524.434 7.26414
524.851 7.26442
525.269 7.26471
525.687 7.265
526.104 7.26528
526.522 7.26557
526.94 7.26585
527.357 7.26614
527.775 7.26642
528.193 7.26671
528.611 7.26699
529.028 7.26728
529.446 7.26756
529.864 7.26785
530.282 7.26813
530.7 7.26841
531.118 7.2687
531.536 7.26898
531.954 7.26926
532.372 7.26954
532.789 7.26983
533.207 7.27011
533.625 7.27039
534.044 7.27067
534.462 7.27095
534.88 7.27123
535.298 7.27151
535.716 7.27179
536.134 7.27207
536.552 7.27235
536.97 7.27263
537.388 7.27291
537.807 7.27319
538.225 7.27347
538.643 7.27375
539.061 7.27403
539.48 7.2743
539.898 7.27458
540.316 7.27486
540.734 7.27514
541.153 7.27541
541.571 7.27569
541.99 7.27597
542.408 7.27624
542.826 7.27652
543.245 7.27679
543.663 7.27707
544.082 7.27734
544.5 7.27762
544.919 7.27789
545.337 7.27817
545.756 7.27844
546.174 7.27872
546.593 7.27899
547.012 7.27926
547.43 7.27954
547.849 7.27981
548.267 7.28008
548.686 7.28036
549.105 7.28063
549.524 7.2809
549.942 7.28117
550.361 7.28144
550.78 7.28171
551.199 7.28199
551.617 7.28226
552.036 7.28253
552.455 7.2828
552.874 7.28307
553.293 7.28334
553.712 7.28361
554.13 7.28388
554.549 7.28414
554.968 7.28441
555.387 7.28468
555.806 7.28495
556.225 7.28522
556.644 7.28549
557.063 7.28575
557.482 7.28602
557.901 7.28629
558.321 7.28656
558.74 7.28682
559.159 7.28709
559.578 7.28736
559.997 7.28762
560.416 7.28789
560.835 7.28815
561.255 7.28842
561.674 7.28868
562.093 7.28895
562.512 7.28921
562.932 7.28948
563.351 7.28974
563.77 7.29001
564.19 7.29027
564.609 7.29053
565.028 7.2908
565.448 7.29106
565.867 7.29132
566.287 7.29159
566.706 7.29185
567.125 7.29211
567.545 7.29237
567.964 7.29263
568.384 7.2929
568.804 7.29316
569.223 7.29342
569.643 7.29368
570.062 7.29394
570.482 7.2942
570.901 7.29446
571.321 7.29472
571.741 7.29498
572.16 7.29524
572.58 7.2955
573 7.29576
573.419 7.29602
573.839 7.29628
574.259 7.29653
574.679 7.29679
575.099 7.29705
575.518 7.29731
575.938 7.29757
576.358 7.29782
576.778 7.29808
577.198 7.29834
577.618 7.29859
578.038 7.29885
578.457 7.29911
578.877 7.29936
579.297 7.29962
579.717 7.29987
580.137 7.30013
580.557 7.30038
580.977 7.30064
581.397 7.30089
581.817 7.30115
582.238 7.3014
582.658 7.30166
583.078 7.30191
583.498 7.30216
583.918 7.30242
584.338 7.30267
584.758 7.30292
585.179 7.30318
585.599 7.30343
586.019 7.30368
586.439 7.30393
586.859 7.30419
587.28 7.30444
587.7 7.30469
588.12 7.30494
588.541 7.30519
588.961 7.30544
589.381 7.30569
589.802 7.30594
590.222 7.30619
590.643 7.30644
591.063 7.30669
591.484 7.30694
591.904 7.30719
592.324 7.30744
592.745 7.30769
593.165 7.30794
593.586 7.30819
594.007 7.30844
594.427 7.30869
594.848 7.30893
595.268 7.30918
595.689 7.30943
596.11 7.30968
596.53 7.30992
596.951 7.31017
597.372 7.31042
597.792 7.31066
598.213 7.31091
598.634 7.31116
599.054 7.3114
599.475 7.31165
599.896 7.31189
600.317 7.31214
600.738 7.31238
601.158 7.31263
601.579 7.31287
602 7.31312
602.421 7.31336
602.842 7.31361
603.263 7.31385
603.684 7.3141
604.105 7.31434
604.526 7.31458
604.947 7.31483
605.367 7.31507
605.789 7.31531
606.21 7.31555
606.631 7.3158
607.052 7.31604
607.473 7.31628
607.894 7.31652
608.315 7.31676
608.736 7.31701
609.157 7.31725
609.578 7.31749
609.999 7.31773
610.421 7.31797
610.842 7.31821
611.263 7.31845
611.684 7.31869
612.106 7.31893
612.527 7.31917
612.948 7.31941
613.369 7.31965
613.791 7.31989
614.212 7.32013
614.633 7.32037
615.055 7.3206
615.476 7.32084
615.897 7.32108
616.319 7.32132
616.74 7.32156
617.162 7.32179
617.583 7.32203
618.005 7.32227
618.426 7.32251
618.848 7.32274
619.269 7.32298
619.691 7.32322
620.112 7.32345
620.534 7.32369
620.955 7.32393
621.377 7.32416
621.799 7.3244
622.22 7.32463
622.642 7.32487
623.063 7.3251
623.485 7.32534
623.907 7.32557
624.329 7.32581
624.75 7.32604
625.172 7.32627
625.594 7.32651
626.016 7.32674
626.437 7.32698
626.859 7.32721
627.281 7.32744
627.703 7.32768
628.125 7.32791
628.546 7.32814
628.968 7.32837
629.39 7.32861
629.812 7.32884
630.234 7.32907
630.656 7.3293
631.078 7.32953
631.5 7.32976
631.922 7.33
632.344 7.33023
632.766 7.33046
633.188 7.33069
633.61 7.33092
634.032 7.33115
634.454 7.33138
634.876 7.33161
635.298 7.33184
635.721 7.33207
636.143 7.3323
636.565 7.33253
636.987 7.33276
637.409 7.33298
637.831 7.33321
638.254 7.33344
638.676 7.33367
639.098 7.3339
639.52 7.33413
639.943 7.33435
640.365 7.33458
640.787 7.33481
641.21 7.33504
641.632 7.33526
642.054 7.33549
642.477 7.33572
642.899 7.33594
643.321 7.33617
643.744 7.3364
644.166 7.33662
644.589 7.33685
645.011 7.33707
645.434 7.3373
645.856 7.33752
646.279 7.33775
646.701 7.33797
647.124 7.3382
647.546 7.33842
647.969 7.33865
648.391 7.33887
648.814 7.3391
649.237 7.33932
649.659 7.33955
650.082 7.33977
650.505 7.33999
650.927 7.34022
651.35 7.34044
651.773 7.34066
652.195 7.34088
652.618 7.34111
653.041 7.34133
653.463 7.34155
653.886 7.34177
654.309 7.342
654.732 7.34222
655.155 7.34244
655.577 7.34266
656 7.34288
656.423 7.3431
656.846 7.34333
657.269 7.34355
657.692 7.34377
658.115 7.34399
658.538 7.34421
658.961 7.34443
659.384 7.34465
659.807 7.34487
660.23 7.34509
660.653 7.34531
661.076 7.34553
661.499 7.34575
661.922 7.34596
662.345 7.34618
662.768 7.3464
663.191 7.34662
663.614 7.34684
664.037 7.34706
664.46 7.34727
664.883 7.34749
665.307 7.34771
665.73 7.34793
666.153 7.34815
666.576 7.34836
666.999 7.34858
667.423 7.3488
667.846 7.34901
668.269 7.34923
668.692 7.34945
669.116 7.34966
669.539 7.34988
669.962 7.3501
670.386 7.35031
670.809 7.35053
671.232 7.35074
671.656 7.35096
672.079 7.35117
672.503 7.35139
672.926 7.3516
673.349 7.35182
673.773 7.35203
674.196 7.35225
674.62 7.35246
675.043 7.35267
675.467 7.35289
675.89 7.3531
676.314 7.35332
676.738 7.35353
677.161 7.35374
677.585 7.35396
678.008 7.35417
678.432 7.35438
678.856 7.35459
679.279 7.35481
679.703 7.35502
680.126 7.35523
680.55 7.35544
680.974 7.35566
681.398 7.35587
681.821 7.35608
682.245 7.35629
682.669 7.3565
683.093 7.35671
683.516 7.35692
683.94 7.35713
684.364 7.35735
684.788 7.35756
685.212 7.35777
685.635 7.35798
686.059 7.35819
686.483 7.3584
686.907 7.35861
687.331 7.35882
687.755 7.35903
688.179 7.35924
688.603 7.35944
689.027 7.35965
689.451 7.35986
689.875 7.36007
690.299 7.36028
690.723 7.36049
691.147 7.3607
691.571 7.3609
691.995 7.36111
692.419 7.36132
692.843 7.36153
693.267 7.36174
693.691 7.36194
694.115 7.36215
694.54 7.36236
694.964 7.36256
695.388 7.36277
695.812 7.36298
696.236 7.36318
696.66 7.36339
697.085 7.3636
697.509 7.3638
697.933 7.36401
698.357 7.36422
698.782 7.36442
699.206 7.36463
699.63 7.36483
700.055 7.36504
700.479 7.36524
700.903 7.36545
701.328 7.36565
701.752 7.36586
702.177 7.36606
702.601 7.36627
703.025 7.36647
703.45 7.36667
703.874 7.36688
704.299 7.36708
704.723 7.36728
705.148 7.36749
705.572 7.36769
705.997 7.36789
706.421 7.3681
706.846 7.3683
707.27 7.3685
707.695 7.36871
708.119 7.36891
708.544 7.36911
708.969 7.36931
709.393 7.36952
709.818 7.36972
710.242 7.36992
710.667 7.37012
711.092 7.37032
711.517 7.37052
711.941 7.37073
712.366 7.37093
712.791 7.37113
713.215 7.37133
713.64 7.37153
714.065 7.37173
714.49 7.37193
714.915 7.37213
715.339 7.37233
715.764 7.37253
716.189 7.37273
716.614 7.37293
717.039 7.37313
717.464 7.37333
717.888 7.37353
718.313 7.37373
718.738 7.37393
719.163 7.37413
719.588 7.37432
720.013 7.37452
720.438 7.37472
720.863 7.37492
721.288 7.37512
721.713 7.37532
722.138 7.37551
722.563 7.37571
722.988 7.37591
723.413 7.37611
723.838 7.3763
724.263 7.3765
724.689 7.3767
725.114 7.3769
725.539 7.37709
725.964 7.37729
726.389 7.37749
726.814 7.37768
727.239 7.37788
727.665 7.37807
728.09 7.37827
728.515 7.37847
728.94 7.37866
729.365 7.37886
729.791 7.37905
730.216 7.37925
730.641 7.37944
731.067 7.37964
731.492 7.37983
731.917 7.38003
732.343 7.38022
732.768 7.38042
733.193 7.38061
733.619 7.38081
734.044 7.381
734.469 7.3812
734.895 7.38139
735.32 7.38158
735.746 7.38178
736.171 7.38197
736.597 7.38216
737.022 7.38236
737.448 7.38255
737.873 7.38274
738.299 7.38294
738.724 7.38313
739.15 7.38332
739.575 7.38351
740.001 7.38371
740.426 7.3839
740.852 7.38409
741.278 7.38428
741.703 7.38448
742.129 7.38467
742.555 7.38486
742.98 7.38505
743.406 7.38524
743.831 7.38543
744.257 7.38562
744.683 7.38582
745.109 7.38601
745.534 7.3862
745.96 7.38639
746.386 7.38658
746.812 7.38677
747.237 7.38696
747.663 7.38715
748.089 7.38734
748.515 7.38753
748.941 7.38772
749.367 7.38791
749.792 7.3881
750.218 7.38829
750.644 7.38848
751.07 7.38867
751.496 7.38885
751.922 7.38904
752.348 7.38923
752.774 7.38942
753.2 7.38961
753.626 7.3898
754.052 7.38999
754.478 7.39017
754.904 7.39036
755.33 7.39055
755.756 7.39074
756.182 7.39093
756.608 7.39111
757.034 7.3913
757.46 7.39149
757.886 7.39167
758.312 7.39186
758.738 7.39205
759.165 7.39224
759.591 7.39242
760.017 7.39261
760.443 7.3928
760.869 7.39298
761.295 7.39317
761.722 7.39335
762.148 7.39354
762.574 7.39373
763 7.39391
763.427 7.3941
763.853 7.39428
764.279 7.39447
764.705 7.39465
765.132 7.39484
765.558 7.39502
765.984 7.39521
766.411 7.39539
766.837 7.39558
767.263 7.39576
767.69 7.39595
768.116 7.39613
768.543 7.39631
768.969 7.3965
769.395 7.39668
769.822 7.39687
770.248 7.39705
770.675 7.39723
771.101 7.39742
771.528 7.3976
771.954 7.39778
772.381 7.39797
772.807 7.39815
773.234 7.39833
773.66 7.39851
774.087 7.3987
774.514 7.39888
774.94 7.39906
775.367 7.39924
775.793 7.39943
776.22 7.39961
