0 0
0.0309018 0.0951056
0.0712272 0.190239
0.12089 0.28543
0.179805 0.380706
0.247886 0.476097
0.325048 0.571631
0.411204 0.667335
0.506266 0.763239
0.610147 0.859367
0.722755 0.955744
0.843996 1.05239
0.973774 1.14934
1.11199 1.24659
1.25853 1.34417
1.4133 1.44207
1.57617 1.54032
1.74702 1.63889
1.92572 1.73779
2.11214 1.83699
2.30614 1.93645
2.50756 2.03615
2.71624 2.13602
2.93201 2.236
3.15471 2.336
3.38416 2.43591
3.62017 2.53562
3.86257 2.635
4.11117 2.73388
4.3658 2.8321
4.62628 2.92949
4.89245 3.02584
5.16416 3.12095
5.44127 3.21463
5.72366 3.30668
6.01122 3.39691
6.30385 3.48515
6.60148 3.57123
6.90402 3.65502
7.21143 3.73642
7.52364 3.81533
7.84061 3.89169
8.16229 3.96548
8.48862 4.03668
8.81955 4.1053
9.15502 4.17138
9.49497 4.23496
9.83933 4.2961
10.188 4.35487
10.541 4.41134
10.8981 4.46561
11.2594 4.51776
11.6246 4.56788
11.9938 4.61605
12.3668 4.66237
12.7435 4.70692
13.1238 4.74979
13.5077 4.79106
13.895 4.8308
14.2857 4.8691
14.6797 4.90602
15.0769 4.94164
15.4771 4.97601
15.8804 5.00921
16.2866 5.04129
16.6957 5.0723
17.1075 5.1023
17.5221 5.13134
17.9392 5.15946
18.3589 5.18671
18.7812 5.21312
19.2058 5.23874
19.6328 5.26361
20.0622 5.28776
20.4937 5.31121
20.9275 5.33401
21.3634 5.35618
21.8013 5.37775
22.2413 5.39874
22.6833 5.41918
23.1272 5.43909
23.5731 5.4585
24.0207 5.47742
24.4702 5.49587
24.9214 5.51388
25.3743 5.53146
25.829 5.54862
26.2852 5.56539
26.7431 5.58178
27.2026 5.5978
27.6636 5.61346
28.1261 5.62878
28.5902 5.64377
29.0556 5.65845
29.5225 5.67282
29.9908 5.68689
30.4604 5.70068
30.9314 5.71419
31.4037 5.72743
31.8773 5.74042
32.3521 5.75315
32.8282 5.76565
33.3056 5.77791
33.7841 5.78994
34.2638 5.80175
34.7446 5.81336
35.2266 5.82475
35.7097 5.83594
36.1939 5.84694
36.6792 5.85776
37.1655 5.86838
37.6529 5.87883
38.1413 5.88911
38.6308 5.89922
39.1212 5.90917
39.6126 5.91895
40.1049 5.92858
40.5982 5.93807
41.0925 5.9474
41.5876 5.95659
42.0837 5.96565
42.5807 5.97457
43.0785 5.98335
43.5772 5.99201
44.0768 6.00054
44.5772 6.00895
45.0784 6.01724
45.5805 6.02542
46.0834 6.03348
46.587 6.04143
47.0915 6.04927
47.5967 6.05701
48.1027 6.06464
48.6095 6.07218
49.117 6.07961
49.6252 6.08695
50.1341 6.09419
50.6438 6.10134
51.1542 6.1084
51.6653 6.11537
52.1771 6.12226
52.6895 6.12906
53.2027 6.13578
53.7164 6.14242
54.2309 6.14898
54.746 6.15546
55.2618 6.16186
55.7782 6.16819
56.2952 6.17445
56.8128 6.18064
57.3311 6.18676
57.8499 6.1928
58.3694 6.19878
58.8894 6.2047
59.4101 6.21055
59.9313 6.21633
60.4531 6.22206
60.9754 6.22772
61.4984 6.23332
62.0219 6.23886
62.5459 6.24435
63.0705 6.24978
63.5956 6.25515
64.1213 6.26047
64.6474 6.26573
65.1742 6.27094
65.7014 6.2761
66.2291 6.28121
66.7574 6.28627
67.2861 6.29128
67.8154 6.29624
68.3451 6.30115
68.8754 6.30601
69.4061 6.31083
69.9373 6.31561
70.4689 6.32034
71.0011 6.32502
71.5337 6.32966
72.0668 6.33426
72.6003 6.33882
73.1343 6.34334
73.6687 6.34782
74.2036 6.35225
74.7389 6.35665
75.2747 6.36101
75.8109 6.36533
76.3475 6.36961
76.8846 6.37386
77.422 6.37807
77.9599 6.38225
78.4982 6.38639
79.0369 6.39049
79.5761 6.39456
80.1156 6.3986
80.6556 6.4026
81.1959 6.40657
81.7366 6.41051
82.2778 6.41442
82.8193 6.41829
83.3612 6.42214
83.9035 6.42595
84.4461 6.42974
84.9892 6.43349
85.5326 6.43722
86.0764 6.44091
86.6205 6.44458
87.1651 6.44822
87.71 6.45183
88.2552 6.45542
88.8008 6.45898
89.3468 6.46251
89.8931 6.46601
90.4397 6.46949
90.9868 6.47295
91.5341 6.47638
92.0818 6.47978
92.6298 6.48316
93.1782 6.48651
93.7269 6.48984
94.276 6.49315
94.8253 6.49644
95.375 6.4997
95.925 6.50293
96.4754 6.50615
97.0261 6.50934
97.577 6.51251
98.1283 6.51566
98.68 6.51879
99.2319 6.5219
99.7841 6.52499
100.337 6.52805
100.89 6.5311
101.443 6.53412
101.996 6.53713
102.55 6.54011
103.104 6.54308
103.658 6.54602
104.213 6.54895
104.768 6.55186
105.323 6.55475
105.879 6.55762
106.434 6.56047
106.991 6.56331
107.547 6.56613
108.104 6.56893
108.66 6.57171
109.218 6.57448
109.775 6.57722
110.333 6.57996
110.891 6.58267
111.449 6.58537
112.008 6.58805
112.567 6.59072
113.126 6.59337
113.685 6.596
114.245 6.59862
114.805 6.60123
115.365 6.60381
115.925 6.60639
116.486 6.60894
117.047 6.61149
117.608 6.61402
118.169 6.61653
118.731 6.61903
119.293 6.62152
119.855 6.62399
120.418 6.62644
120.98 6.62889
121.543 6.63132
122.106 6.63373
122.67 6.63614
123.233 6.63853
123.797 6.6409
124.361 6.64327
124.926 6.64562
125.49 6.64796
126.055 6.65028
126.62 6.6526
127.186 6.6549
127.751 6.65718
128.317 6.65946
128.883 6.66172
129.449 6.66398
130.015 6.66622
130.582 6.66845
131.149 6.67066
131.716 6.67287
132.283 6.67506
132.851 6.67725
133.419 6.67942
133.987 6.68158
134.555 6.68373
135.123 6.68587
135.692 6.688
136.261 6.69011
136.83 6.69222
137.399 6.69432
137.968 6.6964
138.538 6.69848
139.108 6.70054
139.678 6.7026
140.248 6.70464
140.819 6.70668
141.389 6.7087
141.96 6.71072
142.531 6.71273
143.103 6.71472
143.674 6.71671
144.246 6.71869
144.818 6.72066
145.39 6.72261
145.962 6.72456
146.535 6.7265
147.107 6.72844
147.68 6.73036
148.253 6.73227
148.826 6.73418
149.4 6.73607
149.973 6.73796
150.547 6.73984
151.121 6.74171
151.695 6.74357
152.27 6.74542
152.844 6.74727
153.419 6.74911
153.994 6.75093
154.569 6.75275
155.144 6.75457
155.72 6.75637
156.296 6.75817
156.871 6.75996
157.447 6.76174
158.024 6.76351
158.6 6.76527
159.176 6.76703
159.753 6.76878
160.33 6.77052
160.907 6.77226
161.484 6.77399
162.062 6.77571
162.639 6.77742
163.217 6.77912
163.795 6.78082
164.373 6.78251
164.951 6.7842
165.53 6.78588
166.108 6.78755
166.687 6.78921
167.266 6.79087
167.845 6.79252
168.425 6.79416
169.004 6.79579
169.584 6.79742
170.163 6.79905
170.743 6.80066
171.323 6.80227
171.904 6.80387
172.484 6.80547
173.065 6.80706
173.645 6.80865
174.226 6.81022
174.807 6.8118
175.388 6.81336
175.97 6.81492
176.551 6.81647
177.133 6.81802
177.715 6.81956
178.297 6.8211
178.879 6.82262
179.461 6.82415
180.043 6.82566
180.626 6.82718
181.209 6.82868
181.792 6.83018
182.375 6.83168
182.958 6.83316
183.541 6.83465
184.125 6.83612
184.708 6.83759
185.292 6.83906
185.876 6.84052
186.46 6.84198
187.044 6.84343
187.629 6.84487
188.213 6.84631
188.798 6.84774
189.383 6.84917
189.967 6.8506
190.553 6.85201
191.138 6.85343
191.723 6.85483
192.309 6.85624
192.894 6.85764
193.48 6.85903
194.066 6.86041
194.652 6.8618
195.238 6.86317
195.824 6.86455
196.411 6.86592
196.998 6.86728
197.584 6.86864
198.171 6.86999
198.758 6.87134
199.345 6.87268
199.933 6.87402
200.52 6.87536
201.107 6.87669
201.695 6.87801
202.283 6.87933
202.871 6.88065
203.459 6.88196
204.047 6.88327
204.636 6.88457
205.224 6.88587
205.813 6.88716
206.401 6.88845
206.99 6.88974
207.579 6.89102
208.168 6.8923
208.758 6.89357
209.347 6.89484
209.936 6.8961
210.526 6.89736
211.116 6.89862
211.706 6.89987
212.296 6.90111
212.886 6.90236
213.476 6.9036
214.066 6.90483
214.657 6.90606
215.247 6.90729
215.838 6.90851
216.429 6.90973
217.02 6.91095
217.611 6.91216
218.202 6.91336
218.794 6.91457
219.385 6.91577
219.977 6.91696
220.568 6.91816
221.16 6.91934
221.752 6.92053
222.344 6.92171
222.936 6.92289
223.529 6.92406
224.121 6.92523
224.714 6.92639
225.306 6.92756
225.899 6.92872
226.492 6.92987
227.085 6.93102
227.678 6.93217
228.271 6.93331
228.865 6.93446
229.458 6.93559
230.052 6.93673
230.645 6.93786
231.239 6.93898
231.833 6.94011
232.427 6.94123
233.021 6.94235
233.615 6.94346
234.21 6.94457
234.804 6.94568
235.399 6.94678
235.993 6.94788
236.588 6.94898
237.183 6.95007
237.778 6.95116
238.373 6.95225
238.968 6.95333
239.564 6.95441
240.159 6.95549
240.755 6.95656
241.35 6.95764
241.946 6.9587
242.542 6.95977
243.138 6.96083
243.734 6.96189
244.33 6.96295
244.927 6.964
245.523 6.96505
246.12 6.9661
246.716 6.96714
247.313 6.96818
247.91 6.96922
248.507 6.97025
249.104 6.97129
249.701 6.97232
250.298 6.97334
250.895 6.97437
251.493 6.97539
252.09 6.9764
252.688 6.97742
253.286 6.97843
253.884 6.97944
254.482 6.98045
255.08 6.98145
255.678 6.98245
256.276 6.98345
256.874 6.98444
257.473 6.98544
258.071 6.98643
258.67 6.98741
259.269 6.9884
259.868 6.98938
260.467 6.99036
261.066 6.99133
261.665 6.99231
262.264 6.99328
262.863 6.99425
263.463 6.99521
264.062 6.99618
264.662 6.99714
265.262 6.9981
265.861 6.99905
266.461 7.00001
267.061 7.00096
267.661 7.0019
268.262 7.00285
268.862 7.00379
269.462 7.00473
270.063 7.00567
270.663 7.00661
271.264 7.00754
271.865 7.00847
272.466 7.0094
273.067 7.01033
273.668 7.01125
274.269 7.01217
274.87 7.01309
275.471 7.01401
276.073 7.01492
276.674 7.01583
277.276 7.01674
277.878 7.01765
278.479 7.01855
279.081 7.01946
279.683 7.02036
280.285 7.02125
280.887 7.02215
281.49 7.02304
282.092 7.02393
282.694 7.02482
283.297 7.02571
283.899 7.0266
284.502 7.02748
285.105 7.02836
285.708 7.02924
286.31 7.03011
286.913 7.03098
287.517 7.03186
288.12 7.03273
288.723 7.03359
289.326 7.03446
289.93 7.03532
290.533 7.03618
291.137 7.03704
291.741 7.0379
292.344 7.03875
292.948 7.0396
293.552 7.04045
294.156 7.0413
294.76 7.04215
295.365 7.04299
295.969 7.04384
296.573 7.04468
297.178 7.04551
297.782 7.04635
298.387 7.04718
298.992 7.04802
299.597 7.04885
300.202 7.04967
300.806 7.0505
301.412 7.05133
302.017 7.05215
302.622 7.05297
303.227 7.05379
303.833 7.0546
304.438 7.05542
305.044 7.05623
305.649 7.05704
306.255 7.05785
306.861 7.05866
307.467 7.05946
308.073 7.06027
308.679 7.06107
309.285 7.06187
309.891 7.06267
310.497 7.06346
311.103 7.06426
311.71 7.06505
312.316 7.06584
312.923 7.06663
313.53 7.06742
314.136 7.0682
314.743 7.06898
315.35 7.06977
315.957 7.07055
316.564 7.07132
317.171 7.0721
317.779 7.07288
318.386 7.07365
318.993 7.07442
319.601 7.07519
320.208 7.07596
320.816 7.07672
321.423 7.07749
322.031 7.07825
322.639 7.07901
323.247 7.07977
323.855 7.08053
324.463 7.08128
325.071 7.08204
325.679 7.08279
326.288 7.08354
326.896 7.08429
327.504 7.08504
328.113 7.08578
328.721 7.08653
329.33 7.08727
329.939 7.08801
330.548 7.08875
331.156 7.08949
331.765 7.09023
332.374 7.09096
332.984 7.09169
333.593 7.09243
334.202 7.09316
334.811 7.09388
335.421 7.09461
336.03 7.09534
336.64 7.09606
337.249 7.09678
337.859 7.0975
338.469 7.09822
339.079 7.09894
339.688 7.09966
340.298 7.10037
340.908 7.10108
341.519 7.1018
342.129 7.10251
342.739 7.10322
343.349 7.10392
343.96 7.10463
344.57 7.10533
345.181 7.10604
345.791 7.10674
346.402 7.10744
347.013 7.10814
347.624 7.10883
348.234 7.10953
348.845 7.11022
349.456 7.11092
350.068 7.11161
350.679 7.1123
351.29 7.11299
351.901 7.11367
352.513 7.11436
353.124 7.11504
353.736 7.11573
354.347 7.11641
354.959 7.11709
355.57 7.11777
356.182 7.11844
356.794 7.11912
357.406 7.11979
358.018 7.12047
358.63 7.12114
359.242 7.12181
359.854 7.12248
360.467 7.12315
361.079 7.12381
361.691 7.12448
362.304 7.12514
362.916 7.12581
363.529 7.12647
364.142 7.12713
364.754 7.12779
365.367 7.12844
365.98 7.1291
366.593 7.12976
367.206 7.13041
367.819 7.13106
368.432 7.13171
369.045 7.13236
369.658 7.13301
370.272 7.13366
370.885 7.1343
371.498 7.13495
372.112 7.13559
372.725 7.13624
373.339 7.13688
373.953 7.13752
374.566 7.13815
375.18 7.13879
375.794 7.13943
376.408 7.14006
377.022 7.1407
377.636 7.14133
378.25 7.14196
378.865 7.14259
379.479 7.14322
380.093 7.14385
380.708 7.14447
381.322 7.1451
381.936 7.14572
382.551 7.14635
383.166 7.14697
383.78 7.14759
384.395 7.14821
385.01 7.14883
385.625 7.14945
386.24 7.15006
386.855 7.15068
387.47 7.15129
388.085 7.1519
388.7 7.15251
389.316 7.15312
389.931 7.15373
390.546 7.15434
391.162 7.15495
391.777 7.15556
392.393 7.15616
393.008 7.15676
393.624 7.15737
394.24 7.15797
394.856 7.15857
395.471 7.15917
396.087 7.15977
396.703 7.16036
397.319 7.16096
397.935 7.16155
398.552 7.16215
399.168 7.16274
399.784 7.16333
400.4 7.16392
401.017 7.16451
401.633 7.1651
402.25 7.16569
402.866 7.16627
403.483 7.16686
404.1 7.16744
404.716 7.16803
405.333 7.16861
405.95 7.16919
406.567 7.16977
407.184 7.17035
407.801 7.17093
408.418 7.1715
409.035 7.17208
409.652 7.17266
410.27 7.17323
410.887 7.1738
411.504 7.17438
412.122 7.17495
412.739 7.17552
413.357 7.17608
413.975 7.17665
414.592 7.17722
415.21 7.17779
415.828 7.17835
416.446 7.17891
417.063 7.17948
417.681 7.18004
418.299 7.1806
418.917 7.18116
419.536 7.18172
420.154 7.18228
420.772 7.18284
421.39 7.18339
422.009 7.18395
422.627 7.1845
423.245 7.18506
423.864 7.18561
424.483 7.18616
425.101 7.18671
425.72 7.18726
426.339 7.18781
426.957 7.18836
427.576 7.18891
428.195 7.18945
428.814 7.19
429.433 7.19054
430.052 7.19108
430.671 7.19163
431.29 7.19217
431.91 7.19271
432.529 7.19325
433.148 7.19379
433.768 7.19432
434.387 7.19486
435.006 7.1954
435.626 7.19593
436.246 7.19647
436.865 7.197
437.485 7.19753
438.105 7.19806
438.724 7.19859
439.344 7.19912
439.964 7.19965
440.584 7.20018
441.204 7.20071
441.824 7.20123
442.444 7.20176
443.065 7.20228
443.685 7.20281
444.305 7.20333
444.925 7.20385
445.546 7.20437
446.166 7.2049
446.787 7.20541
447.407 7.20593
448.028 7.20645
448.649 7.20697
449.269 7.20748
449.89 7.208
450.511 7.20851
451.132 7.20903
451.753 7.20954
452.374 7.21005
452.995 7.21056
453.616 7.21107
454.237 7.21158
454.858 7.21209
455.479 7.2126
456.1 7.21311
456.722 7.21361
457.343 7.21412
457.964 7.21462
458.586 7.21513
459.207 7.21563
459.829 7.21613
460.451 7.21664
461.072 7.21714
461.694 7.21764
462.316 7.21814
462.938 7.21863
463.559 7.21913
464.181 7.21963
464.803 7.22012
465.425 7.22062
466.047 7.22111
466.669 7.22161
467.292 7.2221
467.914 7.22259
468.536 7.22308
469.158 7.22358
469.781 7.22407
470.403 7.22455
471.026 7.22504
471.648 7.22553
472.271 7.22602
472.893 7.2265
473.516 7.22699
474.139 7.22747
474.761 7.22796
475.384 7.22844
476.007 7.22892
476.63 7.2294
477.253 7.22989
477.876 7.23037
478.499 7.23085
479.122 7.23132
479.745 7.2318
480.368 7.23228
480.991 7.23276
481.615 7.23323
482.238 7.23371
482.861 7.23418
483.485 7.23466
484.108 7.23513
484.732 7.2356
485.355 7.23607
485.979 7.23655
486.603 7.23702
487.226 7.23748
487.85 7.23795
488.474 7.23842
489.098 7.23889
489.722 7.23936
490.346 7.23982
490.97 7.24029
491.594 7.24075
492.218 7.24122
492.842 7.24168
493.466 7.24214
494.09 7.2426
494.714 7.24306
495.339 7.24353
495.963 7.24399
496.588 7.24444
497.212 7.2449
497.836 7.24536
498.461 7.24582
499.086 7.24627
499.71 7.24673
500.335 7.24719
500.96 7.24764
501.584 7.24809
502.209 7.24855
502.834 7.249
503.459 7.24945
504.084 7.2499
504.709 7.25035
505.334 7.2508
505.959 7.25125
506.584 7.2517
507.209 7.25215
507.835 7.2526
508.46 7.25304
509.085 7.25349
509.71 7.25393
510.336 7.25438
510.961 7.25482
511.587 7.25527
512.212 7.25571
512.838 7.25615
513.463 7.25659
514.089 7.25703
514.715 7.25747
515.341 7.25791
515.966 7.25835
516.592 7.25879
517.218 7.25923
517.844 7.25967
518.47 7.2601
519.096 7.26054
519.722 7.26098
520.348 7.26141
520.974 7.26184
521.6 7.26228
522.227 7.26271
522.853 7.26314
523.479 7.26358
524.106 7.26401
524.732 7.26444
525.359 7.26487
525.985 7.2653
526.612 7.26573
527.238 7.26615
527.865 7.26658
528.491 7.26701
529.118 7.26743
529.745 7.26786
530.372 7.26829
530.998 7.26871
531.625 7.26913
532.252 7.26956
532.879 7.26998
533.506 7.2704
534.133 7.27082
534.76 7.27125
535.387 7.27167
536.015 7.27209
536.642 7.27251
537.269 7.27292
537.896 7.27334
538.524 7.27376
539.151 7.27418
539.779 7.27459
540.406 7.27501
541.033 7.27543
541.661 7.27584
542.289 7.27626
542.916 7.27667
543.544 7.27708
544.172 7.2775
544.799 7.27791
545.427 7.27832
546.055 7.27873
546.683 7.27914
547.311 7.27955
547.939 7.27996
548.567 7.28037
549.195 7.28078
549.823 7.28118
550.451 7.28159
551.079 7.282
551.707 7.2824
552.335 7.28281
552.964 7.28322
553.592 7.28362
554.22 7.28402
554.849 7.28443
555.477 7.28483
556.106 7.28523
556.734 7.28563
557.363 7.28604
557.991 7.28644
558.62 7.28684
559.249 7.28724
559.877 7.28764
560.506 7.28803
561.135 7.28843
561.764 7.28883
562.393 7.28923
563.022 7.28962
563.651 7.29002
564.28 7.29042
564.909 7.29081
565.538 7.29121
566.167 7.2916
566.796 7.29199
567.425 7.29239
568.055 7.29278
568.684 7.29317
569.313 7.29356
569.942 7.29395
570.572 7.29434
571.201 7.29473
571.831 7.29512
572.46 7.29551
573.09 7.2959
573.719 7.29629
574.349 7.29668
574.979 7.29706
575.608 7.29745
576.238 7.29784
576.868 7.29822
577.498 7.29861
578.128 7.29899
578.758 7.29938
579.387 7.29976
580.017 7.30014
580.647 7.30053
581.278 7.30091
581.908 7.30129
582.538 7.30167
583.168 7.30205
583.798 7.30243
584.428 7.30281
585.059 7.30319
585.689 7.30357
586.319 7.30395
586.95 7.30432
587.58 7.3047
588.211 7.30508
588.841 7.30545
589.472 7.30583
590.102 7.30621
590.733 7.30658
591.364 7.30696
591.994 7.30733
592.625 7.3077
593.256 7.30808
593.887 7.30845
594.517 7.30882
595.148 7.3092
595.779 7.30957
596.41 7.30994
597.041 7.31031
597.672 7.31068
598.303 7.31105
598.934 7.31142
599.565 7.31179
600.197 7.31215
600.828 7.31252
601.459 7.31289
602.09 7.31326
602.722 7.31362
603.353 7.31399
603.984 7.31435
604.616 7.31472
605.247 7.31508
605.879 7.31545
606.51 7.31581
607.142 7.31617
607.774 7.31654
608.405 7.3169
609.037 7.31726
609.669 7.31762
610.3 7.31798
610.932 7.31834
611.564 7.3187
612.196 7.31906
612.828 7.31942
613.46 7.31978
614.092 7.32014
614.724 7.3205
615.356 7.32086
615.988 7.32121
616.62 7.32157
617.252 7.32193
617.884 7.32228
618.517 7.32264
619.149 7.32299
619.781 7.32335
620.414 7.3237
621.046 7.32406
621.678 7.32441
622.311 7.32476
622.943 7.32512
623.576 7.32547
624.208 7.32582
624.841 7.32617
625.474 7.32652
626.106 7.32687
626.739 7.32722
627.372 7.32757
628.004 7.32792
628.637 7.32827
629.27 7.32862
629.903 7.32897
630.536 7.32931
631.169 7.32966
631.802 7.33001
632.435 7.33035
633.068 7.3307
633.701 7.33105
634.334 7.33139
634.967 7.33174
635.6 7.33208
636.233 7.33242
636.867 7.33277
637.5 7.33311
638.133 7.33345
638.767 7.3338
639.4 7.33414
640.033 7.33448
640.667 7.33482
641.3 7.33516
641.934 7.3355
642.567 7.33584
643.201 7.33618
643.835 7.33652
644.468 7.33686
645.102 7.3372
645.736 7.33754
646.369 7.33788
647.003 7.33821
647.637 7.33855
648.271 7.33889
648.905 7.33922
649.539 7.33956
650.173 7.33989
650.807 7.34023
651.441 7.34056
652.075 7.3409
652.709 7.34123
653.343 7.34157
653.977 7.3419
654.611 7.34223
655.245 7.34256
655.88 7.3429
656.514 7.34323
657.148 7.34356
657.783 7.34389
658.417 7.34422
659.052 7.34455
659.686 7.34488
660.32 7.34521
660.955 7.34554
661.59 7.34587
662.224 7.3462
662.859 7.34652
663.493 7.34685
664.128 7.34718
664.763 7.34751
665.398 7.34783
666.032 7.34816
666.667 7.34848
667.302 7.34881
667.937 7.34914
668.572 7.34946
669.207 7.34978
669.842 7.35011
670.477 7.35043
671.112 7.35076
671.747 7.35108
672.382 7.3514
673.017 7.35172
673.652 7.35205
674.287 7.35237
674.923 7.35269
675.558 7.35301
676.193 7.35333
676.829 7.35365
677.464 7.35397
678.099 7.35429
678.735 7.35461
679.37 7.35493
680.006 7.35525
680.641 7.35556
681.277 7.35588
681.912 7.3562
682.548 7.35652
683.184 7.35683
683.819 7.35715
684.455 7.35746
685.091 7.35778
685.727 7.3581
686.362 7.35841
686.998 7.35873
687.634 7.35904
688.27 7.35935
688.906 7.35967
689.542 7.35998
690.178 7.36029
690.814 7.36061
691.45 7.36092
692.086 7.36123
692.722 7.36154
693.358 7.36185
693.995 7.36216
694.631 7.36247
695.267 7.36278
695.903 7.36309
696.54 7.3634
697.176 7.36371
697.812 7.36402
698.449 7.36433
699.085 7.36464
699.722 7.36495
700.358 7.36526
700.995 7.36556
701.631 7.36587
702.268 7.36618
702.904 7.36648
703.541 7.36679
704.178 7.36709
704.814 7.3674
705.451 7.36771
706.088 7.36801
706.725 7.36831
707.362 7.36862
707.998 7.36892
708.635 7.36923
709.272 7.36953
709.909 7.36983
710.546 7.37013
711.183 7.37044
711.82 7.37074
712.457 7.37104
713.094 7.37134
713.732 7.37164
714.369 7.37194
715.006 7.37224
715.643 7.37254
716.28 7.37284
716.918 7.37314
717.555 7.37344
718.192 7.37374
718.83 7.37404
719.467 7.37434
720.104 7.37464
720.742 7.37493
721.379 7.37523
722.017 7.37553
722.655 7.37582
723.292 7.37612
723.93 7.37642
724.567 7.37671
725.205 7.37701
725.843 7.3773
726.481 7.3776
727.118 7.37789
727.756 7.37819
728.394 7.37848
729.032 7.37877
729.67 7.37907
730.308 7.37936
730.945 7.37965
731.583 7.37995
732.221 7.38024
732.859 7.38053
733.497 7.38082
734.136 7.38111
734.774 7.3814
735.412 7.38169
736.05 7.38198
736.688 7.38227
737.326 7.38256
737.965 7.38285
738.603 7.38314
739.241 7.38343
739.88 7.38372
740.518 7.38401
741.156 7.3843
741.795 7.38458
742.433 7.38487
743.072 7.38516
743.71 7.38545
744.349 7.38573
744.987 7.38602
745.626 7.38631
746.265 7.38659
746.903 7.38688
747.542 7.38716
748.181 7.38745
748.819 7.38773
749.458 7.38802
750.097 7.3883
750.736 7.38858
751.375 7.38887
752.014 7.38915
752.653 7.38943
753.292 7.38972
753.93 7.39
754.569 7.39028
755.208 7.39056
755.848 7.39084
756.487 7.39113
757.126 7.39141
757.765 7.39169
758.404 7.39197
759.043 7.39225
759.682 7.39253
760.322 7.39281
760.961 7.39309
761.6 7.39337
762.24 7.39365
762.879 7.39392
763.518 7.3942
764.158 7.39448
764.797 7.39476
765.437 7.39504
766.076 7.39531
766.716 7.39559
767.355 7.39587
767.995 7.39614
768.635 7.39642
769.274 7.3967
769.914 7.39697
770.554 7.39725
771.193 7.39752
771.833 7.3978
772.473 7.39807
773.113 7.39834
773.753 7.39862
774.392 7.39889
775.032 7.39917
775.672 7.39944
776.312 7.39971
776.952 7.39999
777.592 7.40026
778.232 7.40053
778.872 7.4008
779.512 7.40107
780.152 7.40135
780.793 7.40162
781.433 7.40189
782.073 7.40216
782.713 7.40243
783.353 7.4027
783.994 7.40297
784.634 7.40324
785.274 7.40351
785.915 7.40378
786.555 7.40405
787.195 7.40431
787.836 7.40458
788.476 7.40485
789.117 7.40512
789.757 7.40539
790.398 7.40565
791.038 7.40592
791.679 7.40619
792.32 7.40645
792.96 7.40672
793.601 7.40699
794.242 7.40725
794.882 7.40752
795.523 7.40778
796.164 7.40805
796.805 7.40831
797.445 7.40858
798.086 7.40884
798.727 7.40911
799.368 7.40937
800.009 7.40963
800.65 7.4099
801.291 7.41016
801.932 7.41042
802.573 7.41069
803.214 7.41095
803.855 7.41121
804.496 7.41147
805.138 7.41173
805.779 7.41199
806.42 7.41226
807.061 7.41252
807.702 7.41278
808.344 7.41304
808.985 7.4133
809.626 7.41356
810.268 7.41382
810.909 7.41408
811.55 7.41434
812.192 7.4146
812.833 7.41486
813.475 7.41511
814.116 7.41537
814.758 7.41563
815.399 7.41589
816.041 7.41615
816.683 7.4164
817.324 7.41666
817.966 7.41692
818.608 7.41717
819.249 7.41743
819.891 7.41769
820.533 7.41794
821.175 7.4182
821.817 7.41845
822.458 7.41871
823.1 7.41896
823.742 7.41922
824.384 7.41947
825.026 7.41973
825.668 7.41998
826.31 7.42024
826.952 7.42049
827.594 7.42074
828.236 7.421
828.878 7.42125
829.52 7.4215
830.163 7.42175
830.805 7.42201
831.447 7.42226
832.089 7.42251
832.731 7.42276
833.374 7.42301
834.016 7.42326
834.658 7.42352
835.301 7.42377
835.943 7.42402
836.585 7.42427
837.228 7.42452
837.87 7.42477
838.513 7.42502
839.155 7.42527
839.798 7.42552
840.44 7.42576
841.083 7.42601
841.726 7.42626
842.368 7.42651
843.011 7.42676
843.654 7.42701
844.296 7.42725
844.939 7.4275
845.582 7.42775
846.224 7.428
846.867 7.42824
847.51 7.42849
848.153 7.42874
848.796 7.42898
849.439 7.42923
850.082 7.42947
850.725 7.42972
851.367 7.42996
852.01 7.43021
852.654 7.43045
853.297 7.4307
853.94 7.43094
854.583 7.43119
855.226 7.43143
855.869 7.43167
856.512 7.43192
857.155 7.43216
857.799 7.4324
858.442 7.43265
859.085 7.43289
859.728 7.43313
860.372 7.43337
861.015 7.43362
861.658 7.43386
862.302 7.4341
862.945 7.43434
863.589 7.43458
864.232 7.43482
864.875 7.43507
865.519 7.43531
866.163 7.43555
866.806 7.43579
867.45 7.43603
868.093 7.43627
868.737 7.43651
869.381 7.43675
870.024 7.43698
870.668 7.43722
871.312 7.43746
871.955 7.4377
872.599 7.43794
873.243 7.43818
873.887 7.43842
874.531 7.43865
875.174 7.43889
875.818 7.43913
876.462 7.43936
877.106 7.4396
877.75 7.43984
878.394 7.44007
879.038 7.44031
879.682 7.44055
880.326 7.44078
880.97 7.44102
881.614 7.44125
882.259 7.44149
882.903 7.44173
883.547 7.44196
884.191 7.44219
884.835 7.44243
885.48 7.44266
886.124 7.4429
886.768 7.44313
887.412 7.44337
888.057 7.4436
888.701 7.44383
889.346 7.44407
889.99 7.4443
890.634 7.44453
891.279 7.44476
891.923 7.445
892.568 7.44523
893.212 7.44546
893.857 7.44569
894.501 7.44592
895.146 7.44616
895.791 7.44639
896.435 7.44662
897.08 7.44685
897.725 7.44708
898.369 7.44731
899.014 7.44754
899.659 7.44777
900.304 7.448
900.948 7.44823
901.593 7.44846
902.238 7.44869
902.883 7.44892
903.528 7.44915
904.173 7.44938
904.818 7.4496
905.463 7.44983
906.108 7.45006
906.753 7.45029
907.398 7.45052
908.043 7.45074
908.688 7.45097
909.333 7.4512
909.978 7.45143
910.623 7.45165
911.268 7.45188
911.914 7.45211
912.559 7.45233
913.204 7.45256
913.849 7.45279
914.495 7.45301
915.14 7.45324
915.785 7.45346
916.43 7.45369
917.076 7.45391
917.721 7.45414
918.367 7.45436
919.012 7.45459
919.658 7.45481
920.303 7.45503
920.949 7.45526
921.594 7.45548
922.24 7.45571
922.885 7.45593
923.531 7.45615
924.176 7.45638
924.822 7.4566
925.468 7.45682
926.113 7.45704
926.759 7.45727
927.405 7.45749
928.051 7.45771
928.696 7.45793
929.342 7.45815
929.988 7.45837
930.634 7.4586
931.28 7.45882
931.925 7.45904
932.571 7.45926
933.217 7.45948
933.863 7.4597
934.509 7.45992
935.155 7.46014
935.801 7.46036
936.447 7.46058
937.093 7.4608
937.739 7.46102
938.385 7.46124
939.032 7.46146
939.678 7.46167
940.324 7.46189
940.97 7.46211
941.616 7.46233
942.263 7.46255
942.909 7.46277
943.555 7.46298
944.201 7.4632
944.848 7.46342
945.494 7.46364
946.14 7.46385
946.787 7.46407
947.433 7.46429
948.08 7.4645
948.726 7.46472
949.373 7.46493
950.019 7.46515
950.666 7.46537
951.312 7.46558
951.959 7.4658
952.605 7.46601
953.252 7.46623
953.898 7.46644
954.545 7.46666
955.192 7.46687
955.839 7.46709
956.485 7.4673
957.132 7.46752
957.779 7.46773
958.425 7.46794
959.072 7.46816
959.719 7.46837
960.366 7.46858
961.013 7.4688
961.66 7.46901
962.307 7.46922
962.953 7.46944
963.6 7.46965
964.247 7.46986
964.894 7.47007
965.541 7.47028
966.188 7.4705
966.835 7.47071
967.483 7.47092
968.13 7.47113
968.777 7.47134
969.424 7.47155
970.071 7.47176
970.718 7.47198
971.365 7.47219
972.013 7.4724
972.66 7.47261
973.307 7.47282
973.954 7.47303
974.602 7.47324
975.249 7.47344
975.896 7.47365
976.544 7.47386
977.191 7.47407
977.839 7.47428
978.486 7.47449
979.133 7.4747
979.781 7.47491
980.428 7.47512
981.076 7.47532
981.723 7.47553
982.371 7.47574
983.018 7.47595
983.666 7.47615
984.314 7.47636
984.961 7.47657
985.609 7.47678
986.257 7.47698
986.904 7.47719
987.552 7.4774
988.2 7.4776
988.848 7.47781
989.495 7.47801
990.143 7.47822
990.791 7.47843
991.439 7.47863
992.087 7.47884
992.735 7.47904
993.383 7.47925
994.031 7.47945
994.678 7.47966
995.326 7.47986
995.974 7.48007
996.622 7.48027
997.27 7.48047
997.919 7.48068
998.567 7.48088
999.215 7.48109
999.863 7.48129
1000.51 7.48149
1001.16 7.4817
1001.81 7.4819
1002.46 7.4821
1003.1 7.48231
1003.75 7.48251
1004.4 7.48271
1005.05 7.48291
1005.7 7.48311
1006.35 7.48332
1006.99 7.48352
1007.64 7.48372
1008.29 7.48392
1008.94 7.48412
1009.59 7.48432
1010.24 7.48453
1010.88 7.48473
1011.53 7.48493
1012.18 7.48513
1012.83 7.48533
1013.48 7.48553
1014.13 7.48573
1014.77 7.48593
1015.42 7.48613
1016.07 7.48633
1016.72 7.48653
1017.37 7.48673
1018.02 7.48693
1018.67 7.48713
1019.32 7.48733
1019.96 7.48753
1020.61 7.48772
1021.26 7.48792
1021.91 7.48812
1022.56 7.48832
1023.21 7.48852
1023.86 7.48872
1024.51 7.48891
1025.15 7.48911
1025.8 7.48931
1026.45 7.48951
1027.1 7.4897
1027.75 7.4899
1028.4 7.4901
1029.05 7.4903
1029.7 7.49049
1030.35 7.49069
1031 7.49089
1031.64 7.49108
1032.29 7.49128
1032.94 7.49147
1033.59 7.49167
1034.24 7.49187
1034.89 7.49206
1035.54 7.49226
1036.19 7.49245
1036.84 7.49265
1037.49 7.49284
1038.14 7.49304
1038.79 7.49323
1039.44 7.49343
1040.08 7.49362
1040.73 7.49382
1041.38 7.49401
1042.03 7.4942
1042.68 7.4944
1043.33 7.49459
1043.98 7.49479
1044.63 7.49498
1045.28 7.49517
1045.93 7.49537
1046.58 7.49556
1047.23 7.49575
1047.88 7.49594
1048.53 7.49614
1049.18 7.49633
1049.83 7.49652
1050.48 7.49671
1051.13 7.49691
1051.78 7.4971
1052.43 7.49729
1053.08 7.49748
1053.73 7.49767
1054.38 7.49787
1055.03 7.49806
1055.67 7.49825
1056.32 7.49844
1056.97 7.49863
1057.62 7.49882
1058.27 7.49901
1058.92 7.4992
1059.57 7.49939
1060.22 7.49958
1060.87 7.49977
1061.52 7.49996
1062.17 7.50015
1062.82 7.50034
1063.47 7.50053
1064.12 7.50072
1064.77 7.50091
1065.42 7.5011
1066.07 7.50129
1066.72 7.50148
1067.37 7.50167
1068.02 7.50186
1068.67 7.50204
1069.33 7.50223
1069.98 7.50242
1070.63 7.50261
1071.28 7.5028
1071.93 7.50298
1072.58 7.50317
1073.23 7.50336
1073.88 7.50355
1074.53 7.50373
1075.18 7.50392
1075.83 7.50411
1076.48 7.5043
1077.13 7.50448
1077.78 7.50467
1078.43 7.50486
1079.08 7.50504
1079.73 7.50523
1080.38 7.50541
1081.03 7.5056
1081.68 7.50579
1082.33 7.50597
1082.98 7.50616
1083.63 7.50634
1084.29 7.50653
1084.94 7.50671
1085.59 7.5069
1086.24 7.50708
1086.89 7.50727
1087.54 7.50745
1088.19 7.50764
1088.84 7.50782
1089.49 7.50801
1090.14 7.50819
1090.79 7.50837
1091.44 7.50856
1092.09 7.50874
1092.74 7.50893
1093.4 7.50911
1094.05 7.50929
1094.7 7.50948
1095.35 7.50966
1096 7.50984
1096.65 7.51003
1097.3 7.51021
1097.95 7.51039
1098.6 7.51057
1099.25 7.51076
1099.91 7.51094
1100.56 7.51112
1101.21 7.5113
1101.86 7.51149
1102.51 7.51167
1103.16 7.51185
1103.81 7.51203
1104.46 7.51221
1105.12 7.51239
1105.77 7.51257
1106.42 7.51276
1107.07 7.51294
1107.72 7.51312
1108.37 7.5133
1109.02 7.51348
1109.67 7.51366
1110.33 7.51384
1110.98 7.51402
1111.63 7.5142
1112.28 7.51438
1112.93 7.51456
1113.58 7.51474
1114.23 7.51492
1114.89 7.5151
1115.54 7.51528
1116.19 7.51546
1116.84 7.51564
1117.49 7.51581
1118.14 7.51599
1118.79 7.51617
1119.45 7.51635
1120.1 7.51653
1120.75 7.51671
1121.4 7.51689
1122.05 7.51706
1122.7 7.51724
1123.36 7.51742
1124.01 7.5176
1124.66 7.51778
1125.31 7.51795
1125.96 7.51813
1126.62 7.51831
1127.27 7.51849
1127.92 7.51866
1128.57 7.51884
1129.22 7.51902
1129.87 7.51919
1130.53 7.51937
1131.18 7.51955
1131.83 7.51972
1132.48 7.5199
1133.13 7.52007
1133.79 7.52025
1134.44 7.52043
1135.09 7.5206
1135.74 7.52078
1136.39 7.52095
1137.05 7.52113
1137.7 7.5213
1138.35 7.52148
1139 7.52165
1139.66 7.52183
1140.31 7.522
1140.96 7.52218
1141.61 7.52235
1142.26 7.52253
1142.92 7.5227
1143.57 7.52288
1144.22 7.52305
1144.87 7.52322
1145.53 7.5234
1146.18 7.52357
1146.83 7.52375
1147.48 7.52392
1148.14 7.52409
1148.79 7.52427
1149.44 7.52444
1150.09 7.52461
1150.75 7.52479
1151.4 7.52496
1152.05 7.52513
1152.7 7.5253
1153.36 7.52548
1154.01 7.52565
1154.66 7.52582
1155.31 7.52599
1155.97 7.52617
1156.62 7.52634
1157.27 7.52651
1157.92 7.52668
1158.58 7.52685
1159.23 7.52703
1159.88 7.5272
1160.53 7.52737
1161.19 7.52754
1161.84 7.52771
1162.49 7.52788
1163.15 7.52805
1163.8 7.52822
1164.45 7.52839
1165.1 7.52856
1165.76 7.52874
1166.41 7.52891
1167.06 7.52908
1167.72 7.52925
1168.37 7.52942
1169.02 7.52959
1169.67 7.52976
1170.33 7.52993
1170.98 7.5301
1171.63 7.53026
1172.29 7.53043
1172.94 7.5306
1173.59 7.53077
1174.25 7.53094
1174.9 7.53111
1175.55 7.53128
1176.2 7.53145
1176.86 7.53162
1177.51 7.53178
1178.16 7.53195
1178.82 7.53212
1179.47 7.53229
1180.12 7.53246
1180.78 7.53263
1181.43 7.53279
1182.08 7.53296
1182.74 7.53313
1183.39 7.5333
1184.04 7.53346
1184.7 7.53363
1185.35 7.5338
1186 7.53397
1186.66 7.53413
1187.31 7.5343
1187.96 7.53447
1188.62 7.53463
1189.27 7.5348
1189.92 7.53497
1190.58 7.53513
1191.23 7.5353
1191.88 7.53546
1192.54 7.53563
1193.19 7.5358
1193.85 7.53596
1194.5 7.53613
1195.15 7.53629
1195.81 7.53646
1196.46 7.53662
1197.11 7.53679
1197.77 7.53695
1198.42 7.53712
1199.07 7.53728
1199.73 7.53745
1200.38 7.53761
1201.04 7.53778
1201.69 7.53794
1202.34 7.53811
1203 7.53827
1203.65 7.53844
1204.3 7.5386
1204.96 7.53876
1205.61 7.53893
1206.27 7.53909
1206.92 7.53926
1207.57 7.53942
