0 0
0.0206012 0.0634038
0.0832145 0.12689
0.187631 0.190542
0.333687 0.254435
0.521254 0.318642
0.750238 0.38322
1.02056 0.448213
1.33215 0.513643
1.68495 0.579499
2.07883 0.645736
2.51368 0.71226
2.98929 0.778922
3.50539 0.845513
4.06158 0.911758
4.65737 0.977328
5.29215 1.04185
5.96514 1.10493
6.67544 1.16618
7.42201 1.22526
8.20366 1.28188
9.01911 1.33585
9.86697 1.38704
10.7458 1.43542
11.6541 1.48102
12.5904 1.52392
13.5533 1.56424
14.5413 1.60213
15.553 1.63773
16.5872 1.67122
17.6426 1.70273
18.718 1.73244
19.8125 1.76047
20.925 1.78697
22.0545 1.81204
23.2003 1.83581
24.3614 1.85838
25.5372 1.87984
26.727 1.90027
27.9301 1.91975
29.1459 1.93836
30.3739 1.95614
31.6135 1.97318
32.8643 1.9895
34.1259 2.00517
35.3977 2.02023
36.6794 2.03471
37.9707 2.04866
39.2712 2.0621
40.5805 2.07507
41.8984 2.0876
43.2246 2.0997
44.5588 2.11141
45.9007 2.12275
47.2501 2.13373
48.6068 2.14439
49.9705 2.15472
51.3411 2.16475
52.7183 2.1745
54.102 2.18398
55.492 2.1932
56.888 2.20217
58.29 2.21091
59.6979 2.21943
61.1113 2.22773
62.5303 2.23583
63.9547 2.24373
65.3843 2.25145
66.819 2.25899
68.2588 2.26635
69.7034 2.27355
71.1528 2.2806
72.6069 2.28749
74.0655 2.29423
75.5287 2.30083
76.9962 2.3073
78.4681 2.31364
79.9441 2.31985
81.4243 2.32594
82.9085 2.33191
84.3967 2.33777
85.8888 2.34351
87.3847 2.34916
88.8844 2.3547
90.3877 2.36014
91.8947 2.36549
93.4052 2.37074
94.9193 2.37591
96.4367 2.38098
97.9576 2.38598
99.4817 2.39089
101.009 2.39572
102.54 2.40047
104.074 2.40515
105.611 2.40976
107.151 2.41429
108.694 2.41876
110.24 2.42316
111.788 2.4275
113.34 2.43177
114.895 2.43598
116.452 2.44013
118.013 2.44422
119.576 2.44825
121.141 2.45223
122.709 2.45616
124.28 2.46003
125.854 2.46385
127.43 2.46762
129.008 2.47134
130.589 2.47501
132.173 2.47864
133.759 2.48222
135.347 2.48576
136.937 2.48925
138.53 2.4927
140.126 2.49611
141.723 2.49947
143.323 2.5028
144.925 2.50609
146.529 2.50934
148.135 2.51255
149.744 2.51573
151.354 2.51887
152.967 2.52197
154.582 2.52504
156.198 2.52808
157.817 2.53109
159.438 2.53406
161.061 2.537
162.685 2.53991
164.312 2.54279
165.941 2.54563
167.571 2.54845
169.203 2.55124
170.838 2.55401
172.474 2.55674
174.112 2.55945
175.751 2.56213
177.393 2.56478
179.036 2.56741
180.681 2.57002
182.328 2.57259
183.976 2.57515
185.626 2.57768
187.278 2.58019
188.932 2.58267
190.587 2.58513
192.244 2.58757
193.902 2.58998
195.562 2.59238
197.224 2.59475
198.887 2.59711
200.552 2.59944
202.218 2.60175
203.886 2.60404
205.555 2.60631
207.226 2.60857
208.899 2.6108
210.573 2.61301
212.248 2.61521
213.925 2.61739
215.603 2.61955
217.283 2.62169
218.964 2.62382
220.647 2.62593
222.331 2.62802
224.016 2.63009
225.703 2.63215
227.391 2.6342
229.08 2.63622
230.771 2.63823
232.463 2.64023
234.157 2.64221
235.852 2.64418
237.548 2.64613
239.245 2.64806
240.944 2.64999
242.644 2.6519
244.345 2.65379
246.048 2.65567
247.752 2.65754
249.457 2.65939
251.163 2.66123
252.871 2.66306
254.579 2.66487
256.289 2.66667
258 2.66846
259.713 2.67024
261.426 2.672
263.141 2.67375
264.857 2.67549
266.574 2.67722
268.292 2.67894
270.011 2.68064
271.732 2.68234
273.453 2.68402
275.176 2.68569
276.9 2.68735
278.625 2.689
280.351 2.69064
282.078 2.69227
283.806 2.69389
285.535 2.6955
287.266 2.6971
288.997 2.69868
290.73 2.70026
292.463 2.70183
294.198 2.70339
295.933 2.70494
297.67 2.70648
299.408 2.70801
301.146 2.70953
302.886 2.71104
304.627 2.71254
306.368 2.71404
308.111 2.71552
309.855 2.717
311.599 2.71846
313.345 2.71992
315.092 2.72137
316.839 2.72282
318.588 2.72425
320.337 2.72567
322.088 2.72709
323.839 2.7285
325.592 2.7299
327.345 2.7313
329.099 2.73268
330.854 2.73406
332.61 2.73543
334.367 2.73679
336.125 2.73815
337.884 2.7395
339.644 2.74084
341.404 2.74217
343.166 2.7435
344.928 2.74482
346.691 2.74613
348.455 2.74743
350.22 2.74873
351.986 2.75002
353.753 2.75131
355.52 2.75259
357.289 2.75386
359.058 2.75512
360.828 2.75638
362.599 2.75763
364.371 2.75888
366.143 2.76012
367.917 2.76135
369.691 2.76258
371.466 2.7638
373.242 2.76501
375.019 2.76622
376.796 2.76743
378.574 2.76862
380.353 2.76981
382.133 2.771
383.914 2.77218
385.695 2.77335
387.478 2.77452
389.261 2.77568
391.044 2.77684
392.829 2.77799
394.614 2.77914
396.401 2.78028
398.187 2.78141
399.975 2.78254
401.763 2.78367
403.552 2.78479
405.342 2.7859
407.133 2.78701
408.924 2.78811
410.716 2.78921
412.509 2.79031
414.303 2.7914
416.097 2.79248
417.892 2.79356
419.688 2.79463
421.484 2.7957
423.281 2.79677
425.079 2.79783
426.878 2.79889
428.677 2.79994
430.477 2.80098
432.278 2.80202
434.079 2.80306
435.881 2.8041
437.684 2.80512
439.487 2.80615
441.291 2.80717
443.096 2.80818
444.902 2.80919
446.708 2.8102
448.514 2.8112
450.322 2.8122
452.13 2.8132
453.939 2.81419
455.748 2.81517
457.558 2.81615
459.369 2.81713
461.181 2.81811
462.993 2.81908
464.805 2.82004
466.619 2.821
468.433 2.82196
470.247 2.82292
472.063 2.82387
473.879 2.82481
475.695 2.82576
477.512 2.82669
479.33 2.82763
481.149 2.82856
482.968 2.82949
484.787 2.83041
486.608 2.83134
488.428 2.83225
490.25 2.83317
492.072 2.83408
493.895 2.83498
495.718 2.83589
497.542 2.83679
499.367 2.83768
501.192 2.83858
503.017 2.83946
504.844 2.84035
506.671 2.84123
508.498 2.84211
510.326 2.84299
512.155 2.84386
513.984 2.84473
515.814 2.8456
517.644 2.84646
519.475 2.84732
521.307 2.84818
523.139 2.84903
524.972 2.84988
526.805 2.85073
528.639 2.85158
530.473 2.85242
532.308 2.85326
534.144 2.85409
535.98 2.85492
537.816 2.85575
539.654 2.85658
541.491 2.8574
543.33 2.85823
545.168 2.85904
547.008 2.85986
548.848 2.86067
550.688 2.86148
552.529 2.86229
554.371 2.86309
556.213 2.86389
558.055 2.86469
559.898 2.86549
561.742 2.86628
563.586 2.86707
565.431 2.86786
567.276 2.86864
569.122 2.86942
570.968 2.8702
572.815 2.87098
574.662 2.87175
576.51 2.87253
578.359 2.87329
580.207 2.87406
582.057 2.87483
583.907 2.87559
585.757 2.87635
587.608 2.8771
589.459 2.87786
591.311 2.87861
593.164 2.87936
595.017 2.8801
596.87 2.88085
598.724 2.88159
600.578 2.88233
602.433 2.88307
604.289 2.8838
606.145 2.88453
608.001 2.88526
609.858 2.88599
611.715 2.88672
613.573 2.88744
615.431 2.88816
617.29 2.88888
619.149 2.8896
621.009 2.89031
622.869 2.89102
624.73 2.89173
626.591 2.89244
628.453 2.89315
630.315 2.89385
632.177 2.89455
634.04 2.89525
635.904 2.89595
637.768 2.89664
639.632 2.89733
641.497 2.89802
643.362 2.89871
645.228 2.8994
647.095 2.90008
648.961 2.90077
650.828 2.90145
652.696 2.90212
654.564 2.9028
656.433 2.90347
658.302 2.90415
660.171 2.90482
662.041 2.90548
663.911 2.90615
665.782 2.90682
667.653 2.90748
669.525 2.90814
671.397 2.9088
673.27 2.90945
675.143 2.91011
677.016 2.91076
678.89 2.91141
680.764 2.91206
682.639 2.91271
684.514 2.91335
686.389 2.914
688.265 2.91464
690.142 2.91528
692.019 2.91592
693.896 2.91655
695.774 2.91719
697.652 2.91782
699.53 2.91845
701.409 2.91908
703.289 2.91971
705.168 2.92033
707.049 2.92096
708.929 2.92158
710.81 2.9222
712.692 2.92282
714.574 2.92344
716.456 2.92405
718.339 2.92467
720.222 2.92528
722.105 2.92589
723.989 2.9265
725.874 2.92711
727.758 2.92771
729.643 2.92831
731.529 2.92892
733.415 2.92952
735.301 2.93012
737.188 2.93071
739.075 2.93131
740.963 2.9319
742.851 2.9325
744.739 2.93309
746.628 2.93368
748.517 2.93427
750.406 2.93485
752.296 2.93544
754.187 2.93602
756.077 2.9366
757.968 2.93718
759.86 2.93776
761.752 2.93834
763.644 2.93892
765.536 2.93949
767.43 2.94006
769.323 2.94064
771.217 2.94121
773.111 2.94177
775.005 2.94234
776.9 2.94291
778.795 2.94347
780.691 2.94403
782.587 2.9446
784.484 2.94516
786.38 2.94571
788.277 2.94627
790.175 2.94683
792.073 2.94738
793.971 2.94794
795.87 2.94849
797.769 2.94904
799.668 2.94959
801.568 2.95013
803.468 2.95068
805.368 2.95123
807.269 2.95177
809.17 2.95231
811.072 2.95285
812.974 2.95339
814.876 2.95393
816.779 2.95447
818.682 2.955
820.585 2.95554
822.489 2.95607
824.393 2.9566
826.297 2.95713
828.202 2.95766
830.107 2.95819
832.013 2.95872
833.918 2.95925
835.825 2.95977
837.731 2.96029
839.638 2.96081
841.545 2.96134
843.453 2.96185
845.361 2.96237
847.269 2.96289
849.177 2.96341
851.086 2.96392
852.996 2.96443
854.905 2.96495
856.815 2.96546
858.725 2.96597
860.636 2.96648
862.547 2.96698
864.458 2.96749
866.37 2.968
868.282 2.9685
870.194 2.969
872.107 2.9695
874.02 2.97001
875.933 2.9705
877.847 2.971
879.761 2.9715
881.675 2.972
883.59 2.97249
885.505 2.97299
887.42 2.97348
889.336 2.97397
891.252 2.97446
893.168 2.97495
895.085 2.97544
897.002 2.97593
898.919 2.97641
900.837 2.9769
902.755 2.97738
904.673 2.97786
906.592 2.97835
908.51 2.97883
910.43 2.97931
912.349 2.97979
914.269 2.98026
916.189 2.98074
918.11 2.98122
920.031 2.98169
921.952 2.98216
923.873 2.98264
925.795 2.98311
927.717 2.98358
929.639 2.98405
931.562 2.98452
933.485 2.98499
935.408 2.98545
937.332 2.98592
939.256 2.98638
941.18 2.98685
943.105 2.98731
945.03 2.98777
946.955 2.98823
948.88 2.98869
950.806 2.98915
952.732 2.98961
954.659 2.99006
956.585 2.99052
958.512 2.99097
960.44 2.99143
962.367 2.99188
964.295 2.99233
966.223 2.99278
968.152 2.99323
970.081 2.99368
972.01 2.99413
973.939 2.99458
975.869 2.99503
977.799 2.99547
979.729 2.99592
981.66 2.99636
983.591 2.9968
985.522 2.99725
987.454 2.99769
989.385 2.99813
991.317 2.99857
993.25 2.999
995.182 2.99944
997.115 2.99988
999.049 3.00031
1000.98 3.00075
1002.92 3.00118
1004.85 3.00162
1006.78 3.00205
1008.72 3.00248
1010.65 3.00291
1012.59 3.00334
1014.53 3.00377
1016.46 3.0042
1018.4 3.00462
1020.33 3.00505
1022.27 3.00548
1024.21 3.0059
1026.14 3.00632
1028.08 3.00675
1030.02 3.00717
1031.96 3.00759
1033.9 3.00801
1035.84 3.00843
1037.77 3.00885
1039.71 3.00927
1041.65 3.00969
1043.59 3.0101
1045.53 3.01052
1047.47 3.01093
1049.41 3.01135
1051.35 3.01176
1053.3 3.01217
1055.24 3.01258
1057.18 3.013
1059.12 3.01341
1061.06 3.01381
1063.01 3.01422
1064.95 3.01463
1066.89 3.01504
1068.83 3.01544
1070.78 3.01585
1072.72 3.01626
1074.67 3.01666
1076.61 3.01706
1078.56 3.01746
1080.5 3.01787
1082.45 3.01827
1084.39 3.01867
1086.34 3.01907
1088.28 3.01947
1090.23 3.01986
1092.18 3.02026
1094.12 3.02066
1096.07 3.02105
1098.02 3.02145
1099.97 3.02184
1101.91 3.02224
1103.86 3.02263
1105.81 3.02302
1107.76 3.02341
1109.71 3.0238
1111.66 3.02419
1113.61 3.02458
1115.56 3.02497
1117.51 3.02536
1119.46 3.02575
1121.41 3.02613
1123.36 3.02652
1125.31 3.0269
1127.26 3.02729
1129.21 3.02767
1131.16 3.02806
1133.11 3.02844
1135.07 3.02882
1137.02 3.0292
1138.97 3.02958
1140.93 3.02996
1142.88 3.03034
1144.83 3.03072
1146.79 3.0311
1148.74 3.03147
1150.69 3.03185
1152.65 3.03223
1154.6 3.0326
1156.56 3.03297
1158.51 3.03335
1160.47 3.03372
1162.43 3.03409
1164.38 3.03447
1166.34 3.03484
1168.29 3.03521
1170.25 3.03558
1172.21 3.03595
1174.17 3.03632
1176.12 3.03668
1178.08 3.03705
1180.04 3.03742
1182 3.03778
1183.96 3.03815
1185.91 3.03851
1187.87 3.03888
1189.83 3.03924
1191.79 3.0396
1193.75 3.03997
1195.71 3.04033
1197.67 3.04069
1199.63 3.04105
1201.59 3.04141
1203.55 3.04177
1205.52 3.04213
1207.48 3.04249
1209.44 3.04284
1211.4 3.0432
1213.36 3.04356
1215.32 3.04391
1217.29 3.04427
1219.25 3.04462
1221.21 3.04498
1223.18 3.04533
1225.14 3.04568
1227.1 3.04603
1229.07 3.04638
1231.03 3.04674
1233 3.04709
1234.96 3.04744
1236.93 3.04778
1238.89 3.04813
1240.86 3.04848
1242.82 3.04883
1244.79 3.04918
1246.75 3.04952
1248.72 3.04987
1250.69 3.05021
1252.65 3.05056
1254.62 3.0509
1256.59 3.05125
1258.56 3.05159
1260.52 3.05193
1262.49 3.05227
1264.46 3.05261
1266.43 3.05295
1268.4 3.0533
1270.37 3.05363
1272.34 3.05397
1274.3 3.05431
1276.27 3.05465
1278.24 3.05499
1280.21 3.05533
1282.18 3.05566
1284.15 3.056
1286.13 3.05633
1288.1 3.05667
1290.07 3.057
1292.04 3.05734
1294.01 3.05767
1295.98 3.058
1297.95 3.05833
1299.93 3.05867
1301.9 3.059
1303.87 3.05933
1305.84 3.05966
1307.82 3.05999
1309.79 3.06032
1311.76 3.06064
1313.74 3.06097
1315.71 3.0613
1317.69 3.06163
1319.66 3.06195
1321.63 3.06228
1323.61 3.06261
1325.58 3.06293
1327.56 3.06325
1329.54 3.06358
1331.51 3.0639
1333.49 3.06423
1335.46 3.06455
1337.44 3.06487
1339.42 3.06519
1341.39 3.06551
1343.37 3.06583
1345.35 3.06615
1347.32 3.06647
1349.3 3.06679
1351.28 3.06711
1353.26 3.06743
1355.24 3.06775
1357.22 3.06806
1359.19 3.06838
1361.17 3.0687
1363.15 3.06901
1365.13 3.06933
1367.11 3.06964
1369.09 3.06996
1371.07 3.07027
1373.05 3.07058
1375.03 3.0709
1377.01 3.07121
1378.99 3.07152
1380.97 3.07183
1382.95 3.07214
1384.94 3.07245
1386.92 3.07276
1388.9 3.07307
1390.88 3.07338
1392.86 3.07369
1394.85 3.074
1396.83 3.07431
1398.81 3.07462
1400.8 3.07492
1402.78 3.07523
1404.76 3.07553
1406.75 3.07584
1408.73 3.07615
1410.71 3.07645
1412.7 3.07675
1414.68 3.07706
1416.67 3.07736
1418.65 3.07766
1420.64 3.07797
1422.62 3.07827
1424.61 3.07857
1426.59 3.07887
1428.58 3.07917
1430.57 3.07947
1432.55 3.07977
1434.54 3.08007
1436.53 3.08037
1438.51 3.08067
1440.5 3.08097
1442.49 3.08127
1444.47 3.08156
1446.46 3.08186
1448.45 3.08216
1450.44 3.08245
1452.43 3.08275
1454.41 3.08304
1456.4 3.08334
1458.39 3.08363
1460.38 3.08393
1462.37 3.08422
1464.36 3.08451
1466.35 3.08481
1468.34 3.0851
1470.33 3.08539
1472.32 3.08568
1474.31 3.08597
1476.3 3.08626
1478.29 3.08655
1480.28 3.08684
1482.27 3.08713
1484.27 3.08742
1486.26 3.08771
1488.25 3.088
1490.24 3.08829
1492.23 3.08858
1494.23 3.08886
1496.22 3.08915
1498.21 3.08944
1500.2 3.08972
1502.2 3.09001
1504.19 3.09029
1506.18 3.09058
1508.18 3.09086
1510.17 3.09115
1512.17 3.09143
1514.16 3.09171
1516.15 3.092
1518.15 3.09228
1520.14 3.09256
1522.14 3.09284
1524.13 3.09312
1526.13 3.0934
1528.13 3.09368
1530.12 3.09396
1532.12 3.09424
1534.11 3.09452
1536.11 3.0948
1538.11 3.09508
1540.1 3.09536
1542.1 3.09564
1544.1 3.09591
1546.09 3.09619
1548.09 3.09647
1550.09 3.09675
1552.09 3.09702
1554.08 3.0973
1556.08 3.09757
1558.08 3.09785
1560.08 3.09812
1562.08 3.0984
1564.08 3.09867
1566.08 3.09894
1568.08 3.09922
1570.08 3.09949
1572.08 3.09976
1574.08 3.10003
1576.08 3.10031
1578.08 3.10058
1580.08 3.10085
1582.08 3.10112
1584.08 3.10139
1586.08 3.10166
1588.08 3.10193
1590.08 3.1022
1592.08 3.10247
1594.08 3.10274
1596.09 3.103
1598.09 3.10327
1600.09 3.10354
1602.09 3.10381
1604.09 3.10407
1606.1 3.10434
1608.1 3.1046
1610.1 3.10487
1612.11 3.10514
1614.11 3.1054
1616.11 3.10567
1618.12 3.10593
1620.12 3.10619
1622.13 3.10646
1624.13 3.10672
1626.13 3.10698
1628.14 3.10725
1630.14 3.10751
1632.15 3.10777
1634.15 3.10803
1636.16 3.10829
1638.16 3.10856
1640.17 3.10882
1642.18 3.10908
1644.18 3.10934
1646.19 3.1096
1648.19 3.10986
1650.2 3.11011
1652.21 3.11037
1654.22 3.11063
1656.22 3.11089
1658.23 3.11115
1660.24 3.1114
1662.24 3.11166
1664.25 3.11192
1666.26 3.11218
1668.27 3.11243
1670.28 3.11269
1672.29 3.11294
1674.29 3.1132
1676.3 3.11345
1678.31 3.11371
1680.32 3.11396
1682.33 3.11422
1684.34 3.11447
1686.35 3.11472
1688.36 3.11498
1690.37 3.11523
1692.38 3.11548
1694.39 3.11573
1696.4 3.11598
1698.41 3.11624
1700.42 3.11649
1702.43 3.11674
1704.44 3.11699
1706.45 3.11724
1708.47 3.11749
1710.48 3.11774
1712.49 3.11799
1714.5 3.11824
1716.51 3.11848
1718.53 3.11873
1720.54 3.11898
1722.55 3.11923
1724.56 3.11948
1726.58 3.11972
1728.59 3.11997
1730.6 3.12022
1732.62 3.12046
1734.63 3.12071
1736.64 3.12096
1738.66 3.1212
1740.67 3.12145
1742.69 3.12169
1744.7 3.12194
1746.72 3.12218
1748.73 3.12242
1750.75 3.12267
1752.76 3.12291
1754.78 3.12315
1756.79 3.1234
1758.81 3.12364
1760.82 3.12388
1762.84 3.12412
1764.85 3.12437
1766.87 3.12461
1768.89 3.12485
1770.9 3.12509
1772.92 3.12533
1774.94 3.12557
1776.95 3.12581
1778.97 3.12605
1780.99 3.12629
1783.01 3.12653
1785.02 3.12677
1787.04 3.127
1789.06 3.12724
1791.08 3.12748
1793.1 3.12772
1795.12 3.12796
1797.13 3.12819
1799.15 3.12843
1801.17 3.12867
1803.19 3.1289
1805.21 3.12914
1807.23 3.12937
1809.25 3.12961
1811.27 3.12985
1813.29 3.13008
